nodenumber     x-coordinate     y-coordinate           udm-11 
         1  0.000000000E+00  0.000000000E+00  1.000884238E+01 
         2  1.007701384E+00  0.000000000E+00  1.000847259E+01 
         3  2.007247274E+00  0.000000000E+00  1.000349289E+01 
         4  2.998703673E+00  0.000000000E+00  9.999061321E+00 
         5  3.982136051E+00  0.000000000E+00  9.999286739E+00 
         6  4.957609346E+00  0.000000000E+00  9.999428139E+00 
         7  5.925187975E+00  0.000000000E+00  9.999527833E+00 
         8  6.884935829E+00  0.000000000E+00  9.999593797E+00 
         9  7.836916284E+00  0.000000000E+00  9.999632704E+00 
        10  8.781192203E+00  0.000000000E+00  9.999649985E+00 
        11  9.717825941E+00  0.000000000E+00  9.999650050E+00 
        12  1.064687935E+01  0.000000000E+00  9.999636442E+00 
        13  1.156841377E+01  0.000000000E+00  9.999612000E+00 
        14  1.248249006E+01  0.000000000E+00  9.999578980E+00 
        15  1.338916858E+01  0.000000000E+00  9.999539160E+00 
        16  1.428850920E+01  0.000000000E+00  9.999493933E+00 
        17  1.518057130E+01  0.000000000E+00  9.999444376E+00 
        18  1.606541380E+01  0.000000000E+00  9.999391320E+00 
        19  1.694309512E+01  0.000000000E+00  9.999335397E+00 
        20  1.781367322E+01  0.000000000E+00  9.999277091E+00 
        21  1.867720559E+01  0.000000000E+00  9.999216761E+00 
        22  1.953374925E+01  0.000000000E+00  9.999154682E+00 
        23  2.038336076E+01  0.000000000E+00  9.999091056E+00 
        24  2.122609622E+01  0.000000000E+00  9.999026036E+00 
        25  2.206201128E+01  0.000000000E+00  9.998959737E+00 
        26  2.289116114E+01  0.000000000E+00  9.998892247E+00 
        27  2.371360056E+01  0.000000000E+00  9.998823632E+00 
        28  2.452938383E+01  0.000000000E+00  9.998753948E+00 
        29  2.533856484E+01  0.000000000E+00  9.998683239E+00 
        30  2.614119701E+01  0.000000000E+00  9.998611545E+00 
        31  2.693733335E+01  0.000000000E+00  9.998538899E+00 
        32  2.772702642E+01  0.000000000E+00  9.998465336E+00 
        33  2.851032837E+01  0.000000000E+00  9.998390887E+00 
        34  2.928729093E+01  0.000000000E+00  9.998315587E+00 
        35  3.005796541E+01  0.000000000E+00  9.998239467E+00 
        36  3.082240268E+01  0.000000000E+00  9.998162563E+00 
        37  3.158065324E+01  0.000000000E+00  9.998084910E+00 
        38  3.233276716E+01  0.000000000E+00  9.998006548E+00 
        39  3.307879409E+01  0.000000000E+00  9.997927514E+00 
        40  3.381878330E+01  0.000000000E+00  9.997847851E+00 
        41  3.455278365E+01  0.000000000E+00  9.997767602E+00 
        42  3.528084362E+01  0.000000000E+00  9.997686812E+00 
        43  3.600301127E+01  0.000000000E+00  9.997605528E+00 
        44  3.671933431E+01  0.000000000E+00  9.997523798E+00 
        45  3.742986002E+01  0.000000000E+00  9.997441674E+00 
        46  3.813463533E+01  0.000000000E+00  9.997359206E+00 
        47  3.883370678E+01  0.000000000E+00  9.997276450E+00 
        48  3.952712052E+01  0.000000000E+00  9.997193461E+00 
        49  4.021492235E+01  0.000000000E+00  9.997110295E+00 
        50  4.089715769E+01  0.000000000E+00  9.997027013E+00 
        51  4.157387159E+01  0.000000000E+00  9.996943674E+00 
        52  4.224510872E+01  0.000000000E+00  9.996860341E+00 
        53  4.291091342E+01  0.000000000E+00  9.996777076E+00 
        54  4.357132966E+01  0.000000000E+00  9.996693945E+00 
        55  4.422640104E+01  0.000000000E+00  9.996611013E+00 
        56  4.487617081E+01  0.000000000E+00  9.996528349E+00 
        57  4.552068189E+01  0.000000000E+00  9.996446022E+00 
        58  4.615997684E+01  0.000000000E+00  9.996364100E+00 
        59  4.679409786E+01  0.000000000E+00  9.996282656E+00 
        60  4.742308684E+01  0.000000000E+00  9.996201760E+00 
        61  4.804698530E+01  0.000000000E+00  9.996121485E+00 
        62  4.866583446E+01  0.000000000E+00  9.996041904E+00 
        63  4.927967516E+01  0.000000000E+00  9.995963090E+00 
        64  4.988854795E+01  0.000000000E+00  9.995885116E+00 
        65  5.049249303E+01  0.000000000E+00  9.995808054E+00 
        66  5.109155028E+01  0.000000000E+00  9.995731976E+00 
        67  5.168575926E+01  0.000000000E+00  9.995656951E+00 
        68  5.227515921E+01  0.000000000E+00  9.995583048E+00 
        69  5.285978905E+01  0.000000000E+00  9.995510333E+00 
        70  5.343968738E+01  0.000000000E+00  9.995438866E+00 
        71  5.401489250E+01  0.000000000E+00  9.995368706E+00 
        72  5.458544238E+01  0.000000000E+00  9.995299907E+00 
        73  5.515137472E+01  0.000000000E+00  9.995232515E+00 
        74  5.571272686E+01  0.000000000E+00  9.995166569E+00 
        75  5.626953590E+01  0.000000000E+00  9.995102102E+00 
        76  5.682183858E+01  0.000000000E+00  9.995039136E+00 
        77  5.736967139E+01  0.000000000E+00  9.994977683E+00 
        78  5.791307049E+01  0.000000000E+00  9.994917742E+00 
        79  5.845207178E+01  0.000000000E+00  9.994859299E+00 
        80  5.898671083E+01  0.000000000E+00  9.994802325E+00 
        81  5.951702297E+01  0.000000000E+00  9.994746776E+00 
        82  6.004304320E+01  0.000000000E+00  9.994692587E+00 
        83  6.056480627E+01  0.000000000E+00  9.994639678E+00 
        84  6.108234661E+01  0.000000000E+00  9.994587943E+00 
        85  6.159569842E+01  0.000000000E+00  9.994537258E+00 
        86  6.210489559E+01  0.000000000E+00  9.994487473E+00 
        87  6.260997174E+01  0.000000000E+00  9.994438414E+00 
        88  6.311096022E+01  0.000000000E+00  9.994389879E+00 
        89  6.360789412E+01  0.000000000E+00  9.994341640E+00 
        90  6.410080625E+01  0.000000000E+00  9.994293441E+00 
        91  6.458972916E+01  0.000000000E+00  9.994244996E+00 
        92  6.507469514E+01  0.000000000E+00  9.994195990E+00 
        93  6.555573621E+01  0.000000000E+00  9.994146076E+00 
        94  6.603288413E+01  0.000000000E+00  9.994094878E+00 
        95  6.650617042E+01  0.000000000E+00  9.994041987E+00 
        96  6.697562632E+01  0.000000000E+00  9.993986966E+00 
        97  6.744128283E+01  0.000000000E+00  9.993929345E+00 
        98  6.790317071E+01  0.000000000E+00  9.993868624E+00 
        99  6.836132046E+01  0.000000000E+00  9.993804276E+00 
       100  6.881576232E+01  0.000000000E+00  9.993735739E+00 
       101  6.926652631E+01  0.000000000E+00  9.993662429E+00 
       102  6.971364219E+01  0.000000000E+00  9.993583730E+00 
       103  7.015713949E+01  0.000000000E+00  9.993499001E+00 
       104  7.059704749E+01  0.000000000E+00  9.993407574E+00 
       105  7.103339524E+01  0.000000000E+00  9.993308757E+00 
       106  7.146621156E+01  0.000000000E+00  9.993201832E+00 
       107  7.189552503E+01  0.000000000E+00  9.993086058E+00 
       108  7.232136399E+01  0.000000000E+00  9.992960670E+00 
       109  7.274375656E+01  0.000000000E+00  9.992824879E+00 
       110  7.316273064E+01  0.000000000E+00  9.992677871E+00 
       111  7.357831389E+01  0.000000000E+00  9.992518809E+00 
       112  7.399053376E+01  0.000000000E+00  9.992346827E+00 
       113  7.439941746E+01  0.000000000E+00  9.992161034E+00 
       114  7.480499201E+01  0.000000000E+00  9.991960507E+00 
       115  7.520728416E+01  0.000000000E+00  9.991744289E+00 
       116  7.560632051E+01  0.000000000E+00  9.991511387E+00 
       117  7.600212738E+01  0.000000000E+00  9.991260763E+00 
       118  7.639473092E+01  0.000000000E+00  9.990991334E+00 
       119  7.678415706E+01  0.000000000E+00  9.990701961E+00 
       120  7.717043151E+01  0.000000000E+00  9.990391443E+00 
       121  7.755357977E+01  0.000000000E+00  9.990058508E+00 
       122  7.793362715E+01  0.000000000E+00  9.989701803E+00 
       123  7.831059875E+01  0.000000000E+00  9.989319882E+00 
       124  7.868451945E+01  0.000000000E+00  9.988911195E+00 
       125  7.905541395E+01  0.000000000E+00  9.988474073E+00 
       126  7.942330674E+01  0.000000000E+00  9.988006714E+00 
       127  7.978822211E+01  0.000000000E+00  9.987507163E+00 
       128  8.015018416E+01  0.000000000E+00  9.986973299E+00 
       129  8.050921679E+01  0.000000000E+00  9.986402811E+00 
       130  8.086534371E+01  0.000000000E+00  9.985793178E+00 
       131  8.121858844E+01  0.000000000E+00  9.985141646E+00 
       132  8.156897429E+01  0.000000000E+00  9.984445203E+00 
       133  8.191652442E+01  0.000000000E+00  9.983700553E+00 
       134  8.226126177E+01  0.000000000E+00  9.982904088E+00 
       135  8.260320909E+01  0.000000000E+00  9.982051856E+00 
       136  8.294238899E+01  0.000000000E+00  9.981139533E+00 
       137  8.327882384E+01  0.000000000E+00  9.980162384E+00 
       138  8.361253587E+01  0.000000000E+00  9.979115231E+00 
       139  8.394354712E+01  0.000000000E+00  9.977992415E+00 
       140  8.427187943E+01  0.000000000E+00  9.976787753E+00 
       141  8.459755450E+01  0.000000000E+00  9.975494502E+00 
       142  8.492059382E+01  0.000000000E+00  9.974105307E+00 
       143  8.524101873E+01  0.000000000E+00  9.972612162E+00 
       144  8.555885039E+01  0.000000000E+00  9.971006358E+00 
       145  8.587410979E+01  0.000000000E+00  9.969278433E+00 
       146  8.618681774E+01  0.000000000E+00  9.967418119E+00 
       147  8.649699489E+01  0.000000000E+00  9.965414286E+00 
       148  8.680466173E+01  0.000000000E+00  9.963254886E+00 
       149  8.710983857E+01  0.000000000E+00  9.960926890E+00 
       150  8.741254556E+01  0.000000000E+00  9.958416229E+00 
       151  8.771280270E+01  0.000000000E+00  9.955707725E+00 
       152  8.801062980E+01  0.000000000E+00  9.952785028E+00 
       153  8.830604654E+01  0.000000000E+00  9.949630539E+00 
       154  8.859907242E+01  0.000000000E+00  9.946225346E+00 
       155  8.888972679E+01  0.000000000E+00  9.942549142E+00 
       156  8.917802885E+01  0.000000000E+00  9.938580149E+00 
       157  8.946399764E+01  0.000000000E+00  9.934295039E+00 
       158  8.974765203E+01  0.000000000E+00  9.929668854E+00 
       159  9.002901076E+01  0.000000000E+00  9.924674914E+00 
       160  9.030809241E+01  0.000000000E+00  9.919284740E+00 
       161  9.058491540E+01  0.000000000E+00  9.913467958E+00 
       162  9.085949802E+01  0.000000000E+00  9.907192215E+00 
       163  9.113185839E+01  0.000000000E+00  9.900423084E+00 
       164  9.140201451E+01  0.000000000E+00  9.893123976E+00 
       165  9.166998421E+01  0.000000000E+00  9.885256049E+00 
       166  9.193578518E+01  0.000000000E+00  9.876778115E+00 
       167  9.219943499E+01  0.000000000E+00  9.867646553E+00 
       168  9.246095103E+01  0.000000000E+00  9.857815217E+00 
       169  9.272035058E+01  0.000000000E+00  9.847235155E+00 
       170  9.297765077E+01  0.000000000E+00  9.835855914E+00 
       171  9.323286858E+01  0.000000000E+00  9.823624338E+00 
       172  9.348602087E+01  0.000000000E+00  9.810481806E+00 
       173  9.373712436E+01  0.000000000E+00  9.795989212E+00 
       174  9.398619563E+01  0.000000000E+00  9.780346620E+00 
       175  9.423325112E+01  0.000000000E+00  9.763821613E+00 
       176  9.447830715E+01  0.000000000E+00  9.764144936E+00 
       177  9.472137990E+01  0.000000000E+00  9.763660513E+00 
       178  9.496248543E+01  0.000000000E+00  9.745574398E+00 
       179  9.520163964E+01  0.000000000E+00  9.725002875E+00 
       180  9.543885834E+01  0.000000000E+00  9.699073749E+00 
       181  9.567415720E+01  0.000000000E+00  9.672613762E+00 
       182  9.590755173E+01  0.000000000E+00  9.648152665E+00 
       183  9.613905737E+01  0.000000000E+00  9.622905677E+00 
       184  9.636868940E+01  0.000000000E+00  9.595971775E+00 
       185  9.659646297E+01  0.000000000E+00  9.567257725E+00 
       186  9.682239314E+01  0.000000000E+00  9.536667266E+00 
       187  9.704649481E+01  0.000000000E+00  9.502798765E+00 
       188  9.726878279E+01  0.000000000E+00  9.466765527E+00 
       189  9.748927176E+01  0.000000000E+00  9.428333234E+00 
       190  9.770797628E+01  0.000000000E+00  9.387507137E+00 
       191  9.792491078E+01  0.000000000E+00  9.344041229E+00 
       192  9.814008960E+01  0.000000000E+00  9.297940923E+00 
       193  9.835352693E+01  0.000000000E+00  9.250572386E+00 
       194  9.856523689E+01  0.000000000E+00  9.200416822E+00 
       195  9.877523344E+01  0.000000000E+00  9.149327340E+00 
       196  9.898353045E+01  0.000000000E+00  9.095325310E+00 
       197  9.919014168E+01  0.000000000E+00  9.036354103E+00 
       198  9.939508077E+01  0.000000000E+00  8.974126477E+00 
       199  9.959836126E+01  0.000000000E+00  8.908522432E+00 
       200  9.979999657E+01  0.000000000E+00  8.839217252E+00 
       201  1.000000000E+02  0.000000000E+00  9.028081880E+00 
       202  1.002500000E+02  0.000000000E+00  9.302117515E+00 
       203  1.005000000E+02  0.000000000E+00  9.292941158E+00 
       204  1.007500000E+02  0.000000000E+00  9.289260715E+00 
       205  1.010000000E+02  0.000000000E+00  9.288779431E+00 
       206  1.012500000E+02  0.000000000E+00  9.290663389E+00 
       207  1.015000000E+02  0.000000000E+00  9.294365625E+00 
       208  1.017500000E+02  0.000000000E+00  9.299500468E+00 
       209  1.020000000E+02  0.000000000E+00  9.305782407E+00 
       210  1.022500000E+02  0.000000000E+00  9.312992827E+00 
       211  1.025000000E+02  0.000000000E+00  9.320960183E+00 
       212  1.027500000E+02  0.000000000E+00  9.329547359E+00 
       213  1.030000000E+02  0.000000000E+00  9.338643147E+00 
       214  1.032500000E+02  0.000000000E+00  9.348156290E+00 
       215  1.035000000E+02  0.000000000E+00  9.358011154E+00 
       216  1.037500000E+02  0.000000000E+00  9.368144528E+00 
       217  1.040000000E+02  0.000000000E+00  9.378503185E+00 
       218  1.042500000E+02  0.000000000E+00  9.389042004E+00 
       219  1.045000000E+02  0.000000000E+00  9.399722502E+00 
       220  1.047500000E+02  0.000000000E+00  9.410511663E+00 
       221  1.050000000E+02  0.000000000E+00  9.421381008E+00 
       222  1.052500000E+02  0.000000000E+00  9.432305843E+00 
       223  1.055000000E+02  0.000000000E+00  9.443264640E+00 
       224  1.057500000E+02  0.000000000E+00  9.454238542E+00 
       225  1.060000000E+02  0.000000000E+00  9.465210947E+00 
       226  1.062500000E+02  0.000000000E+00  9.476167168E+00 
       227  1.065000000E+02  0.000000000E+00  9.487094148E+00 
       228  1.067500000E+02  0.000000000E+00  9.497980229E+00 
       229  1.070000000E+02  0.000000000E+00  9.508814952E+00 
       230  1.072500000E+02  0.000000000E+00  9.519588896E+00 
       231  1.075000000E+02  0.000000000E+00  9.530293538E+00 
       232  1.077500000E+02  0.000000000E+00  9.540921141E+00 
       233  1.080000000E+02  0.000000000E+00  9.551464654E+00 
       234  1.082500000E+02  0.000000000E+00  9.561917632E+00 
       235  1.085000000E+02  0.000000000E+00  9.572274170E+00 
       236  1.087500000E+02  0.000000000E+00  9.582528842E+00 
       237  1.090000000E+02  0.000000000E+00  9.592676655E+00 
       238  1.092500000E+02  0.000000000E+00  9.602713007E+00 
       239  1.095000000E+02  0.000000000E+00  9.612633654E+00 
       240  1.097500000E+02  0.000000000E+00  9.622434678E+00 
       241  1.100000000E+02  0.000000000E+00  9.632112465E+00 
       242  1.102500000E+02  0.000000000E+00  9.641663685E+00 
       243  1.105000000E+02  0.000000000E+00  9.651085270E+00 
       244  1.107500000E+02  0.000000000E+00  9.660374403E+00 
       245  1.110000000E+02  0.000000000E+00  9.669528503E+00 
       246  1.112500000E+02  0.000000000E+00  9.678545214E+00 
       247  1.115000000E+02  0.000000000E+00  9.687422396E+00 
       248  1.117500000E+02  0.000000000E+00  9.696158115E+00 
       249  1.120000000E+02  0.000000000E+00  9.704750637E+00 
       250  1.122500000E+02  0.000000000E+00  9.713198421E+00 
       251  1.125000000E+02  0.000000000E+00  9.721500110E+00 
       252  1.127500000E+02  0.000000000E+00  9.729654531E+00 
       253  1.130000000E+02  0.000000000E+00  9.737660684E+00 
       254  1.132500000E+02  0.000000000E+00  9.745517740E+00 
       255  1.135000000E+02  0.000000000E+00  9.753225035E+00 
       256  1.137500000E+02  0.000000000E+00  9.760782067E+00 
       257  1.140000000E+02  0.000000000E+00  9.768188491E+00 
       258  1.142500000E+02  0.000000000E+00  9.775444112E+00 
       259  1.145000000E+02  0.000000000E+00  9.782548885E+00 
       260  1.147500000E+02  0.000000000E+00  9.789502906E+00 
       261  1.150000000E+02  0.000000000E+00  9.796306411E+00 
       262  1.152500000E+02  0.000000000E+00  9.802959771E+00 
       263  1.155000000E+02  0.000000000E+00  9.809463486E+00 
       264  1.157500000E+02  0.000000000E+00  9.815818182E+00 
       265  1.160000000E+02  0.000000000E+00  9.822024607E+00 
       266  1.162500000E+02  0.000000000E+00  9.828083623E+00 
       267  1.165000000E+02  0.000000000E+00  9.833996207E+00 
       268  1.167500000E+02  0.000000000E+00  9.839763440E+00 
       269  1.170000000E+02  0.000000000E+00  9.845386508E+00 
       270  1.172500000E+02  0.000000000E+00  9.850866694E+00 
       271  1.175000000E+02  0.000000000E+00  9.856205376E+00 
       272  1.177500000E+02  0.000000000E+00  9.861404017E+00 
       273  1.180000000E+02  0.000000000E+00  9.866464166E+00 
       274  1.182500000E+02  0.000000000E+00  9.871387453E+00 
       275  1.185000000E+02  0.000000000E+00  9.876175579E+00 
       276  1.187500000E+02  0.000000000E+00  9.880830317E+00 
       277  1.190000000E+02  0.000000000E+00  9.885353505E+00 
       278  1.192500000E+02  0.000000000E+00  9.889747042E+00 
       279  1.195000000E+02  0.000000000E+00  9.894012882E+00 
       280  1.197500000E+02  0.000000000E+00  9.898153032E+00 
       281  1.200000000E+02  0.000000000E+00  9.902169545E+00 
       282  1.202500000E+02  0.000000000E+00  9.906064519E+00 
       283  1.205000000E+02  0.000000000E+00  9.909840089E+00 
       284  1.207500000E+02  0.000000000E+00  9.913498426E+00 
       285  1.210000000E+02  0.000000000E+00  9.917041730E+00 
       286  1.212500000E+02  0.000000000E+00  9.920472228E+00 
       287  1.215000000E+02  0.000000000E+00  9.923792171E+00 
       288  1.217500000E+02  0.000000000E+00  9.927003827E+00 
       289  1.220000000E+02  0.000000000E+00  9.930109480E+00 
       290  1.222500000E+02  0.000000000E+00  9.933111427E+00 
       291  1.225000000E+02  0.000000000E+00  9.936011971E+00 
       292  1.227500000E+02  0.000000000E+00  9.938813421E+00 
       293  1.230000000E+02  0.000000000E+00  9.941518088E+00 
       294  1.232500000E+02  0.000000000E+00  9.944128280E+00 
       295  1.235000000E+02  0.000000000E+00  9.946646303E+00 
       296  1.237500000E+02  0.000000000E+00  9.949074453E+00 
       297  1.240000000E+02  0.000000000E+00  9.951415020E+00 
       298  1.242500000E+02  0.000000000E+00  9.953670278E+00 
       299  1.245000000E+02  0.000000000E+00  9.955842488E+00 
       300  1.247500000E+02  0.000000000E+00  9.957933892E+00 
       301  1.250000000E+02  0.000000000E+00  9.959946714E+00 
       302  1.252500000E+02  0.000000000E+00  9.961883158E+00 
       303  1.255000000E+02  0.000000000E+00  9.963745400E+00 
       304  1.257500000E+02  0.000000000E+00  9.965535596E+00 
       305  1.260000000E+02  0.000000000E+00  9.967255871E+00 
       306  1.262500000E+02  0.000000000E+00  9.968908323E+00 
       307  1.265000000E+02  0.000000000E+00  9.970495021E+00 
       308  1.267500000E+02  0.000000000E+00  9.972018001E+00 
       309  1.270000000E+02  0.000000000E+00  9.973479267E+00 
       310  1.272500000E+02  0.000000000E+00  9.974880789E+00 
       311  1.275000000E+02  0.000000000E+00  9.976224503E+00 
       312  1.277500000E+02  0.000000000E+00  9.977512309E+00 
       313  1.280000000E+02  0.000000000E+00  9.978746070E+00 
       314  1.282500000E+02  0.000000000E+00  9.979927613E+00 
       315  1.285000000E+02  0.000000000E+00  9.981058725E+00 
       316  1.287500000E+02  0.000000000E+00  9.982141158E+00 
       317  1.290000000E+02  0.000000000E+00  9.983176623E+00 
       318  1.292500000E+02  0.000000000E+00  9.984166791E+00 
       319  1.295000000E+02  0.000000000E+00  9.985113297E+00 
       320  1.297500000E+02  0.000000000E+00  9.986017734E+00 
       321  1.300000000E+02  0.000000000E+00  9.986881655E+00 
       322  1.302500000E+02  0.000000000E+00  9.987706576E+00 
       323  1.305000000E+02  0.000000000E+00  9.988493970E+00 
       324  1.307500000E+02  0.000000000E+00  9.989245272E+00 
       325  1.310000000E+02  0.000000000E+00  9.989961879E+00 
       326  1.312500000E+02  0.000000000E+00  9.990645146E+00 
       327  1.315000000E+02  0.000000000E+00  9.991296392E+00 
       328  1.317500000E+02  0.000000000E+00  9.991916895E+00 
       329  1.320000000E+02  0.000000000E+00  9.992507897E+00 
       330  1.322500000E+02  0.000000000E+00  9.993070599E+00 
       331  1.325000000E+02  0.000000000E+00  9.993606168E+00 
       332  1.327500000E+02  0.000000000E+00  9.994115732E+00 
       333  1.330000000E+02  0.000000000E+00  9.994600384E+00 
       334  1.332500000E+02  0.000000000E+00  9.995061179E+00 
       335  1.335000000E+02  0.000000000E+00  9.995499141E+00 
       336  1.337500000E+02  0.000000000E+00  9.995915255E+00 
       337  1.340000000E+02  0.000000000E+00  9.996310473E+00 
       338  1.342500000E+02  0.000000000E+00  9.996685716E+00 
       339  1.345000000E+02  0.000000000E+00  9.997041871E+00 
       340  1.347500000E+02  0.000000000E+00  9.997379791E+00 
       341  1.350000000E+02  0.000000000E+00  9.997700302E+00 
       342  1.352500000E+02  0.000000000E+00  9.998004195E+00 
       343  1.355000000E+02  0.000000000E+00  9.998292234E+00 
       344  1.357500000E+02  0.000000000E+00  9.998565154E+00 
       345  1.360000000E+02  0.000000000E+00  9.998823659E+00 
       346  1.362500000E+02  0.000000000E+00  9.999068430E+00 
       347  1.365000000E+02  0.000000000E+00  9.999300116E+00 
       348  1.367500000E+02  0.000000000E+00  9.999519343E+00 
       349  1.370000000E+02  0.000000000E+00  9.999726711E+00 
       350  1.372500000E+02  0.000000000E+00  9.999922796E+00 
       351  1.375000000E+02  0.000000000E+00  1.000010815E+01 
       352  1.377500000E+02  0.000000000E+00  1.000028330E+01 
       353  1.380000000E+02  0.000000000E+00  1.000044874E+01 
       354  1.382500000E+02  0.000000000E+00  1.000060498E+01 
       355  1.385000000E+02  0.000000000E+00  1.000075246E+01 
       356  1.387500000E+02  0.000000000E+00  1.000089163E+01 
       357  1.390000000E+02  0.000000000E+00  1.000102292E+01 
       358  1.392500000E+02  0.000000000E+00  1.000114672E+01 
       359  1.395000000E+02  0.000000000E+00  1.000126343E+01 
       360  1.397500000E+02  0.000000000E+00  1.000137340E+01 
       361  1.400000000E+02  0.000000000E+00  1.000147700E+01 
       362  1.402500000E+02  0.000000000E+00  1.000157455E+01 
       363  1.405000000E+02  0.000000000E+00  1.000166637E+01 
       364  1.407500000E+02  0.000000000E+00  1.000175277E+01 
       365  1.410000000E+02  0.000000000E+00  1.000183404E+01 
       366  1.412500000E+02  0.000000000E+00  1.000191044E+01 
       367  1.415000000E+02  0.000000000E+00  1.000198224E+01 
       368  1.417500000E+02  0.000000000E+00  1.000204969E+01 
       369  1.420000000E+02  0.000000000E+00  1.000211303E+01 
       370  1.422500000E+02  0.000000000E+00  1.000217246E+01 
       371  1.425000000E+02  0.000000000E+00  1.000222822E+01 
       372  1.427500000E+02  0.000000000E+00  1.000228049E+01 
       373  1.430000000E+02  0.000000000E+00  1.000232946E+01 
       374  1.432500000E+02  0.000000000E+00  1.000237532E+01 
       375  1.435000000E+02  0.000000000E+00  1.000241824E+01 
       376  1.437500000E+02  0.000000000E+00  1.000245837E+01 
       377  1.440000000E+02  0.000000000E+00  1.000249587E+01 
       378  1.442500000E+02  0.000000000E+00  1.000253088E+01 
       379  1.445000000E+02  0.000000000E+00  1.000256353E+01 
       380  1.447500000E+02  0.000000000E+00  1.000259395E+01 
       381  1.450000000E+02  0.000000000E+00  1.000262226E+01 
       382  1.452500000E+02  0.000000000E+00  1.000264856E+01 
       383  1.455000000E+02  0.000000000E+00  1.000267297E+01 
       384  1.457500000E+02  0.000000000E+00  1.000269558E+01 
       385  1.460000000E+02  0.000000000E+00  1.000271649E+01 
       386  1.462500000E+02  0.000000000E+00  1.000273576E+01 
       387  1.465000000E+02  0.000000000E+00  1.000275349E+01 
       388  1.467500000E+02  0.000000000E+00  1.000276975E+01 
       389  1.470000000E+02  0.000000000E+00  1.000278460E+01 
       390  1.472500000E+02  0.000000000E+00  1.000279811E+01 
       391  1.475000000E+02  0.000000000E+00  1.000281033E+01 
       392  1.477500000E+02  0.000000000E+00  1.000282131E+01 
       393  1.480000000E+02  0.000000000E+00  1.000283110E+01 
       394  1.482500000E+02  0.000000000E+00  1.000283974E+01 
       395  1.485000000E+02  0.000000000E+00  1.000284727E+01 
       396  1.487500000E+02  0.000000000E+00  1.000285373E+01 
       397  1.490000000E+02  0.000000000E+00  1.000285912E+01 
       398  1.492500000E+02  0.000000000E+00  1.000286349E+01 
       399  1.495000000E+02  0.000000000E+00  1.000286685E+01 
       400  1.497500000E+02  0.000000000E+00  1.000286922E+01 
       401  1.500000000E+02  0.000000000E+00  1.000287060E+01 
       402  1.502500000E+02  0.000000000E+00  1.000287101E+01 
       403  1.505000000E+02  0.000000000E+00  1.000287044E+01 
       404  1.507500000E+02  0.000000000E+00  1.000286889E+01 
       405  1.510000000E+02  0.000000000E+00  1.000286636E+01 
       406  1.512500000E+02  0.000000000E+00  1.000286284E+01 
       407  1.515000000E+02  0.000000000E+00  1.000285831E+01 
       408  1.517500000E+02  0.000000000E+00  1.000285276E+01 
       409  1.520000000E+02  0.000000000E+00  1.000284616E+01 
       410  1.522500000E+02  0.000000000E+00  1.000283848E+01 
       411  1.525000000E+02  0.000000000E+00  1.000282969E+01 
       412  1.527500000E+02  0.000000000E+00  1.000281977E+01 
       413  1.530000000E+02  0.000000000E+00  1.000280866E+01 
       414  1.532500000E+02  0.000000000E+00  1.000279632E+01 
       415  1.535000000E+02  0.000000000E+00  1.000278270E+01 
       416  1.537500000E+02  0.000000000E+00  1.000276775E+01 
       417  1.540000000E+02  0.000000000E+00  1.000275141E+01 
       418  1.542500000E+02  0.000000000E+00  1.000273361E+01 
       419  1.545000000E+02  0.000000000E+00  1.000271427E+01 
       420  1.547500000E+02  0.000000000E+00  1.000269333E+01 
       421  1.550000000E+02  0.000000000E+00  1.000267070E+01 
       422  1.552500000E+02  0.000000000E+00  1.000264629E+01 
       423  1.555000000E+02  0.000000000E+00  1.000262001E+01 
       424  1.557500000E+02  0.000000000E+00  1.000259175E+01 
       425  1.560000000E+02  0.000000000E+00  1.000256141E+01 
       426  1.562500000E+02  0.000000000E+00  1.000252887E+01 
       427  1.565000000E+02  0.000000000E+00  1.000249401E+01 
       428  1.567500000E+02  0.000000000E+00  1.000245670E+01 
       429  1.570000000E+02  0.000000000E+00  1.000241680E+01 
       430  1.572500000E+02  0.000000000E+00  1.000237415E+01 
       431  1.575000000E+02  0.000000000E+00  1.000232862E+01 
       432  1.577500000E+02  0.000000000E+00  1.000228002E+01 
       433  1.580000000E+02  0.000000000E+00  1.000222820E+01 
       434  1.582500000E+02  0.000000000E+00  1.000217295E+01 
       435  1.585000000E+02  0.000000000E+00  1.000211409E+01 
       436  1.587500000E+02  0.000000000E+00  1.000205142E+01 
       437  1.590000000E+02  0.000000000E+00  1.000198471E+01 
       438  1.592500000E+02  0.000000000E+00  1.000191374E+01 
       439  1.595000000E+02  0.000000000E+00  1.000183826E+01 
       440  1.597500000E+02  0.000000000E+00  1.000175803E+01 
       441  1.600000000E+02  0.000000000E+00  1.000167278E+01 
       442  1.602500000E+02  0.000000000E+00  1.000158223E+01 
       443  1.605000000E+02  0.000000000E+00  1.000148608E+01 
       444  1.607500000E+02  0.000000000E+00  1.000138402E+01 
       445  1.610000000E+02  0.000000000E+00  1.000127574E+01 
       446  1.612500000E+02  0.000000000E+00  1.000116089E+01 
       447  1.615000000E+02  0.000000000E+00  1.000103910E+01 
       448  1.617500000E+02  0.000000000E+00  1.000091002E+01 
       449  1.620000000E+02  0.000000000E+00  1.000077325E+01 
       450  1.622500000E+02  0.000000000E+00  1.000062837E+01 
       451  1.625000000E+02  0.000000000E+00  1.000047495E+01 
       452  1.627500000E+02  0.000000000E+00  1.000031255E+01 
       453  1.630000000E+02  0.000000000E+00  1.000014069E+01 
       454  1.632500000E+02  0.000000000E+00  9.999958884E+00 
       455  1.635000000E+02  0.000000000E+00  9.999766612E+00 
       456  1.637500000E+02  0.000000000E+00  9.999563338E+00 
       457  1.640000000E+02  0.000000000E+00  9.999348499E+00 
       458  1.642500000E+02  0.000000000E+00  9.999121509E+00 
       459  1.645000000E+02  0.000000000E+00  9.998881755E+00 
       460  1.647500000E+02  0.000000000E+00  9.998628599E+00 
       461  1.650000000E+02  0.000000000E+00  9.998361376E+00 
       462  1.652500000E+02  0.000000000E+00  9.998079390E+00 
       463  1.655000000E+02  0.000000000E+00  9.997781920E+00 
       464  1.657500000E+02  0.000000000E+00  9.997468212E+00 
       465  1.660000000E+02  0.000000000E+00  9.997137482E+00 
       466  1.662500000E+02  0.000000000E+00  9.996788915E+00 
       467  1.665000000E+02  0.000000000E+00  9.996421662E+00 
       468  1.667500000E+02  0.000000000E+00  9.996034841E+00 
       469  1.670000000E+02  0.000000000E+00  9.995627536E+00 
       470  1.672500000E+02  0.000000000E+00  9.995198793E+00 
       471  1.675000000E+02  0.000000000E+00  9.994747623E+00 
       472  1.677500000E+02  0.000000000E+00  9.994273000E+00 
       473  1.680000000E+02  0.000000000E+00  9.993773857E+00 
       474  1.682500000E+02  0.000000000E+00  9.993249087E+00 
       475  1.685000000E+02  0.000000000E+00  9.992697546E+00 
       476  1.687500000E+02  0.000000000E+00  9.992118043E+00 
       477  1.690000000E+02  0.000000000E+00  9.991509346E+00 
       478  1.692500000E+02  0.000000000E+00  9.990870180E+00 
       479  1.695000000E+02  0.000000000E+00  9.990199223E+00 
       480  1.697500000E+02  0.000000000E+00  9.989495107E+00 
       481  1.700000000E+02  0.000000000E+00  9.988756415E+00 
       482  1.702500000E+02  0.000000000E+00  9.987981685E+00 
       483  1.705000000E+02  0.000000000E+00  9.987169400E+00 
       484  1.707500000E+02  0.000000000E+00  9.986317995E+00 
       485  1.710000000E+02  0.000000000E+00  9.985425853E+00 
       486  1.712500000E+02  0.000000000E+00  9.984491301E+00 
       487  1.715000000E+02  0.000000000E+00  9.983512613E+00 
       488  1.717500000E+02  0.000000000E+00  9.982488006E+00 
       489  1.720000000E+02  0.000000000E+00  9.981415640E+00 
       490  1.722500000E+02  0.000000000E+00  9.980293615E+00 
       491  1.725000000E+02  0.000000000E+00  9.979119974E+00 
       492  1.727500000E+02  0.000000000E+00  9.977892695E+00 
       493  1.730000000E+02  0.000000000E+00  9.976609695E+00 
       494  1.732500000E+02  0.000000000E+00  9.975268826E+00 
       495  1.735000000E+02  0.000000000E+00  9.973867877E+00 
       496  1.737500000E+02  0.000000000E+00  9.972404566E+00 
       497  1.740000000E+02  0.000000000E+00  9.970876544E+00 
       498  1.742500000E+02  0.000000000E+00  9.969281394E+00 
       499  1.745000000E+02  0.000000000E+00  9.967616623E+00 
       500  1.747500000E+02  0.000000000E+00  9.965879668E+00 
       501  1.750000000E+02  0.000000000E+00  9.964067889E+00 
       502  1.752500000E+02  0.000000000E+00  9.962178572E+00 
       503  1.755000000E+02  0.000000000E+00  9.960208920E+00 
       504  1.757500000E+02  0.000000000E+00  9.958156060E+00 
       505  1.760000000E+02  0.000000000E+00  9.956017035E+00 
       506  1.762500000E+02  0.000000000E+00  9.953788803E+00 
       507  1.765000000E+02  0.000000000E+00  9.951468237E+00 
       508  1.767500000E+02  0.000000000E+00  9.949052121E+00 
       509  1.770000000E+02  0.000000000E+00  9.946537149E+00 
       510  1.772500000E+02  0.000000000E+00  9.943919923E+00 
       511  1.775000000E+02  0.000000000E+00  9.941196948E+00 
       512  1.777500000E+02  0.000000000E+00  9.938364634E+00 
       513  1.780000000E+02  0.000000000E+00  9.935419289E+00 
       514  1.782500000E+02  0.000000000E+00  9.932357119E+00 
       515  1.785000000E+02  0.000000000E+00  9.929174227E+00 
       516  1.787500000E+02  0.000000000E+00  9.925866606E+00 
       517  1.790000000E+02  0.000000000E+00  9.922430138E+00 
       518  1.792500000E+02  0.000000000E+00  9.918860592E+00 
       519  1.795000000E+02  0.000000000E+00  9.915153619E+00 
       520  1.797500000E+02  0.000000000E+00  9.911304752E+00 
       521  1.800000000E+02  0.000000000E+00  9.907309399E+00 
       522  1.802500000E+02  0.000000000E+00  9.903162840E+00 
       523  1.805000000E+02  0.000000000E+00  9.898860227E+00 
       524  1.807500000E+02  0.000000000E+00  9.894396577E+00 
       525  1.810000000E+02  0.000000000E+00  9.889766768E+00 
       526  1.812500000E+02  0.000000000E+00  9.884965538E+00 
       527  1.815000000E+02  0.000000000E+00  9.879987477E+00 
       528  1.817500000E+02  0.000000000E+00  9.874827026E+00 
       529  1.820000000E+02  0.000000000E+00  9.869478473E+00 
       530  1.822500000E+02  0.000000000E+00  9.863935947E+00 
       531  1.825000000E+02  0.000000000E+00  9.858193413E+00 
       532  1.827500000E+02  0.000000000E+00  9.852244669E+00 
       533  1.830000000E+02  0.000000000E+00  9.846083344E+00 
       534  1.832500000E+02  0.000000000E+00  9.839702886E+00 
       535  1.835000000E+02  0.000000000E+00  9.833096566E+00 
       536  1.837500000E+02  0.000000000E+00  9.826257469E+00 
       537  1.840000000E+02  0.000000000E+00  9.819178488E+00 
       538  1.842500000E+02  0.000000000E+00  9.811852324E+00 
       539  1.845000000E+02  0.000000000E+00  9.804271479E+00 
       540  1.847500000E+02  0.000000000E+00  9.796428250E+00 
       541  1.850000000E+02  0.000000000E+00  9.788314729E+00 
       542  1.852500000E+02  0.000000000E+00  9.779922797E+00 
       543  1.855000000E+02  0.000000000E+00  9.771244121E+00 
       544  1.857500000E+02  0.000000000E+00  9.762270151E+00 
       545  1.860000000E+02  0.000000000E+00  9.752992114E+00 
       546  1.862500000E+02  0.000000000E+00  9.743401020E+00 
       547  1.865000000E+02  0.000000000E+00  9.733487652E+00 
       548  1.867500000E+02  0.000000000E+00  9.723242570E+00 
       549  1.870000000E+02  0.000000000E+00  9.712656110E+00 
       550  1.872500000E+02  0.000000000E+00  9.701718387E+00 
       551  1.875000000E+02  0.000000000E+00  9.690419294E+00 
       552  1.877500000E+02  0.000000000E+00  9.678748510E+00 
       553  1.880000000E+02  0.000000000E+00  9.666695503E+00 
       554  1.882500000E+02  0.000000000E+00  9.654249540E+00 
       555  1.885000000E+02  0.000000000E+00  9.641399697E+00 
       556  1.887500000E+02  0.000000000E+00  9.628134869E+00 
       557  1.890000000E+02  0.000000000E+00  9.614443789E+00 
       558  1.892500000E+02  0.000000000E+00  9.600315046E+00 
       559  1.895000000E+02  0.000000000E+00  9.585737109E+00 
       560  1.897500000E+02  0.000000000E+00  9.570698356E+00 
       561  1.900000000E+02  0.000000000E+00  9.555187106E+00 
       562  1.902500000E+02  0.000000000E+00  9.539191661E+00 
       563  1.905000000E+02  0.000000000E+00  9.522700352E+00 
       564  1.907500000E+02  0.000000000E+00  9.505701596E+00 
       565  1.910000000E+02  0.000000000E+00  9.488183963E+00 
       566  1.912500000E+02  0.000000000E+00  9.470136250E+00 
       567  1.915000000E+02  0.000000000E+00  9.451547572E+00 
       568  1.917500000E+02  0.000000000E+00  9.432407469E+00 
       569  1.920000000E+02  0.000000000E+00  9.412706031E+00 
       570  1.922500000E+02  0.000000000E+00  9.392434036E+00 
       571  1.925000000E+02  0.000000000E+00  9.371583123E+00 
       572  1.927500000E+02  0.000000000E+00  9.350145987E+00 
       573  1.930000000E+02  0.000000000E+00  9.328116608E+00 
       574  1.932500000E+02  0.000000000E+00  9.305490520E+00 
       575  1.935000000E+02  0.000000000E+00  9.282265122E+00 
       576  1.937500000E+02  0.000000000E+00  9.258440050E+00 
       577  1.940000000E+02  0.000000000E+00  9.234017608E+00 
       578  1.942500000E+02  0.000000000E+00  9.209003278E+00 
       579  1.945000000E+02  0.000000000E+00  9.183406319E+00 
       580  1.947500000E+02  0.000000000E+00  9.157240484E+00 
       581  1.950000000E+02  0.000000000E+00  9.130524865E+00 
       582  1.952500000E+02  0.000000000E+00  9.103284908E+00 
       583  1.955000000E+02  0.000000000E+00  9.075553629E+00 
       584  1.957500000E+02  0.000000000E+00  9.047373078E+00 
       585  1.960000000E+02  0.000000000E+00  9.018796132E+00 
       586  1.962500000E+02  0.000000000E+00  8.989888681E+00 
       587  1.965000000E+02  0.000000000E+00  8.960732335E+00 
       588  1.967500000E+02  0.000000000E+00  8.931427807E+00 
       589  1.970000000E+02  0.000000000E+00  8.902099201E+00 
       590  1.972500000E+02  0.000000000E+00  8.872899509E+00 
       591  1.975000000E+02  0.000000000E+00  8.844017810E+00 
       592  1.977500000E+02  0.000000000E+00  8.815688870E+00 
       593  1.980000000E+02  0.000000000E+00  8.788206310E+00 
       594  1.982500000E+02  0.000000000E+00  8.761941236E+00 
       595  1.985000000E+02  0.000000000E+00  8.737369708E+00 
       596  1.987500000E+02  0.000000000E+00  8.715115417E+00 
       597  1.990000000E+02  0.000000000E+00  8.696020724E+00 
       598  1.992500000E+02  0.000000000E+00  8.681276045E+00 
       599  1.995000000E+02  0.000000000E+00  8.672683585E+00 
       600  1.997500000E+02  0.000000000E+00  8.675095127E+00 
       601  2.000000000E+02  0.000000000E+00  8.027769289E+00 
       602  2.001999988E+02  0.000000000E+00  7.576701650E+00 
       603  2.004032879E+02  0.000000000E+00  7.716793004E+00 
       604  2.006099214E+02  0.000000000E+00  7.851824769E+00 
       605  2.008199543E+02  0.000000000E+00  7.981707088E+00 
       606  2.010334426E+02  0.000000000E+00  8.106378663E+00 
       607  2.012504431E+02  0.000000000E+00  8.225806060E+00 
       608  2.014710137E+02  0.000000000E+00  8.339981655E+00 
       609  2.016952129E+02  0.000000000E+00  8.448921661E+00 
       610  2.019231006E+02  0.000000000E+00  8.552664141E+00 
       611  2.021547374E+02  0.000000000E+00  8.651267299E+00 
       612  2.023901849E+02  0.000000000E+00  8.744807790E+00 
       613  2.026295060E+02  0.000000000E+00  8.833378948E+00 
       614  2.028727642E+02  0.000000000E+00  8.917089258E+00 
       615  2.031200245E+02  0.000000000E+00  8.998041615E+00 
       616  2.033713525E+02  0.000000000E+00  9.076230654E+00 
       617  2.036268153E+02  0.000000000E+00  9.114062796E+00 
       618  2.038864808E+02  0.000000000E+00  9.148102665E+00 
       619  2.041504183E+02  0.000000000E+00  9.216858211E+00 
       620  2.044186979E+02  0.000000000E+00  9.280656592E+00 
       621  2.046913911E+02  0.000000000E+00  9.338042391E+00 
       622  2.049685706E+02  0.000000000E+00  9.391531757E+00 
       623  2.052503101E+02  0.000000000E+00  9.441304924E+00 
       624  2.055366847E+02  0.000000000E+00  9.487542856E+00 
       625  2.058277705E+02  0.000000000E+00  9.530426155E+00 
       626  2.061236452E+02  0.000000000E+00  9.570134067E+00 
       627  2.064243875E+02  0.000000000E+00  9.606843472E+00 
       628  2.067300774E+02  0.000000000E+00  9.640728072E+00 
       629  2.070407965E+02  0.000000000E+00  9.671957659E+00 
       630  2.073566273E+02  0.000000000E+00  9.700697480E+00 
       631  2.076776540E+02  0.000000000E+00  9.727107703E+00 
       632  2.080039622E+02  0.000000000E+00  9.751342967E+00 
       633  2.083356386E+02  0.000000000E+00  9.773552010E+00 
       634  2.086727716E+02  0.000000000E+00  9.793877395E+00 
       635  2.090154510E+02  0.000000000E+00  9.812455286E+00 
       636  2.093637679E+02  0.000000000E+00  9.829415311E+00 
       637  2.097178153E+02  0.000000000E+00  9.844880478E+00 
       638  2.100776872E+02  0.000000000E+00  9.858967151E+00 
       639  2.104434797E+02  0.000000000E+00  9.871785073E+00 
       640  2.108152899E+02  0.000000000E+00  9.883437438E+00 
       641  2.111932170E+02  0.000000000E+00  9.894021003E+00 
       642  2.115773617E+02  0.000000000E+00  9.903626229E+00 
       643  2.119678260E+02  0.000000000E+00  9.912337460E+00 
       644  2.123647142E+02  0.000000000E+00  9.920233118E+00 
       645  2.127681317E+02  0.000000000E+00  9.927385927E+00 
       646  2.131781861E+02  0.000000000E+00  9.933863145E+00 
       647  2.135949866E+02  0.000000000E+00  9.939726814E+00 
       648  2.140186441E+02  0.000000000E+00  9.945034022E+00 
       649  2.144492713E+02  0.000000000E+00  9.949837160E+00 
       650  2.148869831E+02  0.000000000E+00  9.954184193E+00 
       651  2.153318959E+02  0.000000000E+00  9.958118931E+00 
       652  2.157841282E+02  0.000000000E+00  9.961681288E+00 
       653  2.162438005E+02  0.000000000E+00  9.964907553E+00 
       654  2.167110350E+02  0.000000000E+00  9.967830643E+00 
       655  2.171859563E+02  0.000000000E+00  9.970480357E+00 
       656  2.176686908E+02  0.000000000E+00  9.972883617E+00 
       657  2.181593671E+02  0.000000000E+00  9.975064707E+00 
       658  2.186581157E+02  0.000000000E+00  9.977045495E+00 
       659  2.191650695E+02  0.000000000E+00  9.978845649E+00 
       660  2.196803635E+02  0.000000000E+00  9.980482842E+00 
       661  2.202041348E+02  0.000000000E+00  9.981972942E+00 
       662  2.207365230E+02  0.000000000E+00  9.983330194E+00 
       663  2.212776699E+02  0.000000000E+00  9.984567390E+00 
       664  2.218277194E+02  0.000000000E+00  9.985696023E+00 
       665  2.223868182E+02  0.000000000E+00  9.986726434E+00 
       666  2.229551149E+02  0.000000000E+00  9.987667940E+00 
       667  2.235327610E+02  0.000000000E+00  9.988528960E+00 
       668  2.241199103E+02  0.000000000E+00  9.989317117E+00 
       669  2.247167191E+02  0.000000000E+00  9.990039340E+00 
       670  2.253233464E+02  0.000000000E+00  9.990701945E+00 
       671  2.259399536E+02  0.000000000E+00  9.991310713E+00 
       672  2.265667050E+02  0.000000000E+00  9.991870950E+00 
       673  2.272037674E+02  0.000000000E+00  9.992387547E+00 
       674  2.278513104E+02  0.000000000E+00  9.992865021E+00 
       675  2.285095066E+02  0.000000000E+00  9.993307554E+00 
       676  2.291785311E+02  0.000000000E+00  9.993719028E+00 
       677  2.298585621E+02  0.000000000E+00  9.994103040E+00 
       678  2.305497807E+02  0.000000000E+00  9.994462930E+00 
       679  2.312523708E+02  0.000000000E+00  9.994801790E+00 
       680  2.319665197E+02  0.000000000E+00  9.995122477E+00 
       681  2.326924175E+02  0.000000000E+00  9.995427621E+00 
       682  2.334302574E+02  0.000000000E+00  9.995719631E+00 
       683  2.341802359E+02  0.000000000E+00  9.996000706E+00 
       684  2.349425527E+02  0.000000000E+00  9.996272833E+00 
       685  2.357174108E+02  0.000000000E+00  9.996537801E+00 
       686  2.365050165E+02  0.000000000E+00  9.996797205E+00 
       687  2.373055796E+02  0.000000000E+00  9.997052456E+00 
       688  2.381193132E+02  0.000000000E+00  9.997304789E+00 
       689  2.389464340E+02  0.000000000E+00  9.997555280E+00 
       690  2.397871622E+02  0.000000000E+00  9.997804854E+00 
       691  2.406417216E+02  0.000000000E+00  9.998054308E+00 
       692  2.415103399E+02  0.000000000E+00  9.998304321E+00 
       693  2.423932484E+02  0.000000000E+00  9.998555478E+00 
       694  2.432906820E+02  0.000000000E+00  9.998808289E+00 
       695  2.442028798E+02  0.000000000E+00  9.999063214E+00 
       696  2.451300847E+02  0.000000000E+00  9.999320688E+00 
       697  2.460725436E+02  0.000000000E+00  9.999581147E+00 
       698  2.470305073E+02  0.000000000E+00  9.999845061E+00 
       699  2.480042311E+02  0.000000000E+00  1.000011297E+01 
       700  2.489939742E+02  0.000000000E+00  1.000038554E+01 
       701  2.500000000E+02  0.000000000E+00  1.000066364E+01 
       702  2.510060258E+02  0.000000000E+00  1.000094367E+01 
       703  2.519957689E+02  0.000000000E+00  1.000122192E+01 
       704  2.529694927E+02  0.000000000E+00  1.000149916E+01 
       705  2.539274564E+02  0.000000000E+00  1.000177595E+01 
       706  2.548699153E+02  0.000000000E+00  1.000205271E+01 
       707  2.557971202E+02  0.000000000E+00  1.000232977E+01 
       708  2.567093180E+02  0.000000000E+00  1.000260737E+01 
       709  2.576067516E+02  0.000000000E+00  1.000288570E+01 
       710  2.584896601E+02  0.000000000E+00  1.000316489E+01 
       711  2.593582784E+02  0.000000000E+00  1.000344500E+01 
       712  2.602128379E+02  0.000000000E+00  1.000372607E+01 
       713  2.610535660E+02  0.000000000E+00  1.000400808E+01 
       714  2.618806868E+02  0.000000000E+00  1.000429094E+01 
       715  2.626944204E+02  0.000000000E+00  1.000457454E+01 
       716  2.634949835E+02  0.000000000E+00  1.000485871E+01 
       717  2.642825892E+02  0.000000000E+00  1.000514322E+01 
       718  2.650574473E+02  0.000000000E+00  1.000542779E+01 
       719  2.658197641E+02  0.000000000E+00  1.000571209E+01 
       720  2.665697426E+02  0.000000000E+00  1.000599576E+01 
       721  2.673075825E+02  0.000000000E+00  1.000627836E+01 
       722  2.680334803E+02  0.000000000E+00  1.000655947E+01 
       723  2.687476292E+02  0.000000000E+00  1.000683860E+01 
       724  2.694502193E+02  0.000000000E+00  1.000711529E+01 
       725  2.701414379E+02  0.000000000E+00  1.000738908E+01 
       726  2.708214689E+02  0.000000000E+00  1.000765956E+01 
       727  2.714904934E+02  0.000000000E+00  1.000792639E+01 
       728  2.721486896E+02  0.000000000E+00  1.000818933E+01 
       729  2.727962326E+02  0.000000000E+00  1.000844828E+01 
       730  2.734332950E+02  0.000000000E+00  1.000870333E+01 
       731  2.740600464E+02  0.000000000E+00  1.000895484E+01 
       732  2.746766536E+02  0.000000000E+00  1.000920342E+01 
       733  2.752832808E+02  0.000000000E+00  1.000945009E+01 
       734  2.758800897E+02  0.000000000E+00  1.000969628E+01 
       735  2.764672390E+02  0.000000000E+00  1.000994396E+01 
       736  2.770448851E+02  0.000000000E+00  1.001019570E+01 
       737  2.776131818E+02  0.000000000E+00  1.001045480E+01 
       738  2.781722806E+02  0.000000000E+00  1.001072538E+01 
       739  2.787223301E+02  0.000000000E+00  1.001101250E+01 
       740  2.792634769E+02  0.000000000E+00  1.001132234E+01 
       741  2.797958652E+02  0.000000000E+00  1.001166228E+01 
       742  2.803196365E+02  0.000000000E+00  1.001204115E+01 
       743  2.808349305E+02  0.000000000E+00  1.001246932E+01 
       744  2.813418843E+02  0.000000000E+00  1.001295896E+01 
       745  2.818406329E+02  0.000000000E+00  1.001352422E+01 
       746  2.823313092E+02  0.000000000E+00  1.001418147E+01 
       747  2.828140437E+02  0.000000000E+00  1.001494952E+01 
       748  2.832889650E+02  0.000000000E+00  1.001584991E+01 
       749  2.837561995E+02  0.000000000E+00  1.001690718E+01 
       750  2.842158718E+02  0.000000000E+00  1.001814912E+01 
       751  2.846681041E+02  0.000000000E+00  1.001960715E+01 
       752  2.851130169E+02  0.000000000E+00  1.002131659E+01 
       753  2.855507287E+02  0.000000000E+00  1.002331703E+01 
       754  2.859813560E+02  0.000000000E+00  1.002565267E+01 
       755  2.864050134E+02  0.000000000E+00  1.002837268E+01 
       756  2.868218139E+02  0.000000000E+00  1.003153163E+01 
       757  2.872318683E+02  0.000000000E+00  1.003518983E+01 
       758  2.876352858E+02  0.000000000E+00  1.003941377E+01 
       759  2.880321740E+02  0.000000000E+00  1.004427651E+01 
       760  2.884226383E+02  0.000000000E+00  1.004985816E+01 
       761  2.888067830E+02  0.000000000E+00  1.005624627E+01 
       762  2.891847101E+02  0.000000000E+00  1.006353628E+01 
       763  2.895565204E+02  0.000000000E+00  1.007183203E+01 
       764  2.899223128E+02  0.000000000E+00  1.008124617E+01 
       765  2.902821847E+02  0.000000000E+00  1.009190067E+01 
       766  2.906362321E+02  0.000000000E+00  1.010392731E+01 
       767  2.909845490E+02  0.000000000E+00  1.011746816E+01 
       768  2.913272284E+02  0.000000000E+00  1.013267615E+01 
       769  2.916643614E+02  0.000000000E+00  1.014971556E+01 
       770  2.919960378E+02  0.000000000E+00  1.016876259E+01 
       771  2.923223460E+02  0.000000000E+00  1.019000597E+01 
       772  2.926433727E+02  0.000000000E+00  1.021364754E+01 
       773  2.929592035E+02  0.000000000E+00  1.023990294E+01 
       774  2.932699226E+02  0.000000000E+00  1.026900226E+01 
       775  2.935756125E+02  0.000000000E+00  1.030119079E+01 
       776  2.938763548E+02  0.000000000E+00  1.033672987E+01 
       777  2.941722295E+02  0.000000000E+00  1.037589766E+01 
       778  2.944633153E+02  0.000000000E+00  1.041899020E+01 
       779  2.947496899E+02  0.000000000E+00  1.046632234E+01 
       780  2.950314294E+02  0.000000000E+00  1.051822895E+01 
       781  2.953086088E+02  0.000000000E+00  1.057506611E+01 
       782  2.955813021E+02  0.000000000E+00  1.063721259E+01 
       783  2.958495817E+02  0.000000000E+00  1.070507128E+01 
       784  2.961135192E+02  0.000000000E+00  1.077907100E+01 
       785  2.963731847E+02  0.000000000E+00  1.085966835E+01 
       786  2.966286475E+02  0.000000000E+00  1.094734986E+01 
       787  2.968799755E+02  0.000000000E+00  1.104263436E+01 
       788  2.971272358E+02  0.000000000E+00  1.114607567E+01 
       789  2.973704940E+02  0.000000000E+00  1.125826551E+01 
       790  2.976098151E+02  0.000000000E+00  1.137983687E+01 
       791  2.978452626E+02  0.000000000E+00  1.151146775E+01 
       792  2.980768994E+02  0.000000000E+00  1.165388527E+01 
       793  2.983047871E+02  0.000000000E+00  1.180787046E+01 
       794  2.985289863E+02  0.000000000E+00  1.197426332E+01 
       795  2.987495568E+02  0.000000000E+00  1.185656426E+01 
       796  2.989665574E+02  0.000000000E+00  1.172801431E+01 
       797  2.991800457E+02  0.000000000E+00  1.187535953E+01 
       798  2.993900786E+02  0.000000000E+00  1.203391171E+01 
       799  2.995967121E+02  0.000000000E+00  1.220455308E+01 
       800  2.998000012E+02  0.000000000E+00  1.238956921E+01 
       801  3.000000000E+02  0.000000000E+00  1.203449934E+01 
       802  3.002500000E+02  0.000000000E+00  1.148150601E+01 
       803  3.005000000E+02  0.000000000E+00  1.149186985E+01 
       804  3.007500000E+02  0.000000000E+00  1.148650502E+01 
       805  3.010000000E+02  0.000000000E+00  1.147256821E+01 
       806  3.012500000E+02  0.000000000E+00  1.145262153E+01 
       807  3.015000000E+02  0.000000000E+00  1.142832988E+01 
       808  3.017500000E+02  0.000000000E+00  1.140085744E+01 
       809  3.020000000E+02  0.000000000E+00  1.137105813E+01 
       810  3.022500000E+02  0.000000000E+00  1.133957879E+01 
       811  3.025000000E+02  0.000000000E+00  1.130692041E+01 
       812  3.027500000E+02  0.000000000E+00  1.127347724E+01 
       813  3.030000000E+02  0.000000000E+00  1.123956293E+01 
       814  3.032500000E+02  0.000000000E+00  1.120542896E+01 
       815  3.035000000E+02  0.000000000E+00  1.117127797E+01 
       816  3.037500000E+02  0.000000000E+00  1.113727367E+01 
       817  3.040000000E+02  0.000000000E+00  1.110354836E+01 
       818  3.042500000E+02  0.000000000E+00  1.107020884E+01 
       819  3.045000000E+02  0.000000000E+00  1.103734098E+01 
       820  3.047500000E+02  0.000000000E+00  1.100501336E+01 
       821  3.050000000E+02  0.000000000E+00  1.097328029E+01 
       822  3.052500000E+02  0.000000000E+00  1.094218416E+01 
       823  3.055000000E+02  0.000000000E+00  1.091175745E+01 
       824  3.057500000E+02  0.000000000E+00  1.088202430E+01 
       825  3.060000000E+02  0.000000000E+00  1.085300193E+01 
       826  3.062500000E+02  0.000000000E+00  1.082470172E+01 
       827  3.065000000E+02  0.000000000E+00  1.079713015E+01 
       828  3.067500000E+02  0.000000000E+00  1.077028964E+01 
       829  3.070000000E+02  0.000000000E+00  1.074417916E+01 
       830  3.072500000E+02  0.000000000E+00  1.071879484E+01 
       831  3.075000000E+02  0.000000000E+00  1.069413043E+01 
       832  3.077500000E+02  0.000000000E+00  1.067017773E+01 
       833  3.080000000E+02  0.000000000E+00  1.064692691E+01 
       834  3.082500000E+02  0.000000000E+00  1.062436683E+01 
       835  3.085000000E+02  0.000000000E+00  1.060248529E+01 
       836  3.087500000E+02  0.000000000E+00  1.058126922E+01 
       837  3.090000000E+02  0.000000000E+00  1.056070492E+01 
       838  3.092500000E+02  0.000000000E+00  1.054077815E+01 
       839  3.095000000E+02  0.000000000E+00  1.052147432E+01 
       840  3.097500000E+02  0.000000000E+00  1.050277859E+01 
       841  3.100000000E+02  0.000000000E+00  1.048467594E+01 
       842  3.102500000E+02  0.000000000E+00  1.046715131E+01 
       843  3.105000000E+02  0.000000000E+00  1.045018961E+01 
       844  3.107500000E+02  0.000000000E+00  1.043377582E+01 
       845  3.110000000E+02  0.000000000E+00  1.041789502E+01 
       846  3.112500000E+02  0.000000000E+00  1.040253245E+01 
       847  3.115000000E+02  0.000000000E+00  1.038767354E+01 
       848  3.117500000E+02  0.000000000E+00  1.037330392E+01 
       849  3.120000000E+02  0.000000000E+00  1.035940948E+01 
       850  3.122500000E+02  0.000000000E+00  1.034597634E+01 
       851  3.125000000E+02  0.000000000E+00  1.033299093E+01 
       852  3.127500000E+02  0.000000000E+00  1.032043995E+01 
       853  3.130000000E+02  0.000000000E+00  1.030831039E+01 
       854  3.132500000E+02  0.000000000E+00  1.029658955E+01 
       855  3.135000000E+02  0.000000000E+00  1.028526504E+01 
       856  3.137500000E+02  0.000000000E+00  1.027432477E+01 
       857  3.140000000E+02  0.000000000E+00  1.026375697E+01 
       858  3.142500000E+02  0.000000000E+00  1.025355017E+01 
       859  3.145000000E+02  0.000000000E+00  1.024369322E+01 
       860  3.147500000E+02  0.000000000E+00  1.023417527E+01 
       861  3.150000000E+02  0.000000000E+00  1.022498576E+01 
       862  3.152500000E+02  0.000000000E+00  1.021611445E+01 
       863  3.155000000E+02  0.000000000E+00  1.020755136E+01 
       864  3.157500000E+02  0.000000000E+00  1.019928684E+01 
       865  3.160000000E+02  0.000000000E+00  1.019131147E+01 
       866  3.162500000E+02  0.000000000E+00  1.018361614E+01 
       867  3.165000000E+02  0.000000000E+00  1.017619199E+01 
       868  3.167500000E+02  0.000000000E+00  1.016903044E+01 
       869  3.170000000E+02  0.000000000E+00  1.016212315E+01 
       870  3.172500000E+02  0.000000000E+00  1.015546203E+01 
       871  3.175000000E+02  0.000000000E+00  1.014903923E+01 
       872  3.177500000E+02  0.000000000E+00  1.014284714E+01 
       873  3.180000000E+02  0.000000000E+00  1.013687836E+01 
       874  3.182500000E+02  0.000000000E+00  1.013112575E+01 
       875  3.185000000E+02  0.000000000E+00  1.012558234E+01 
       876  3.187500000E+02  0.000000000E+00  1.012024139E+01 
       877  3.190000000E+02  0.000000000E+00  1.011509636E+01 
       878  3.192500000E+02  0.000000000E+00  1.011014091E+01 
       879  3.195000000E+02  0.000000000E+00  1.010536887E+01 
       880  3.197500000E+02  0.000000000E+00  1.010077427E+01 
       881  3.200000000E+02  0.000000000E+00  1.009635133E+01 
       882  3.202500000E+02  0.000000000E+00  1.009209440E+01 
       883  3.205000000E+02  0.000000000E+00  1.008799805E+01 
       884  3.207500000E+02  0.000000000E+00  1.008405696E+01 
       885  3.210000000E+02  0.000000000E+00  1.008026601E+01 
       886  3.212500000E+02  0.000000000E+00  1.007662021E+01 
       887  3.215000000E+02  0.000000000E+00  1.007311471E+01 
       888  3.217500000E+02  0.000000000E+00  1.006974483E+01 
       889  3.220000000E+02  0.000000000E+00  1.006650599E+01 
       890  3.222500000E+02  0.000000000E+00  1.006339379E+01 
       891  3.225000000E+02  0.000000000E+00  1.006040391E+01 
       892  3.227500000E+02  0.000000000E+00  1.005753221E+01 
       893  3.230000000E+02  0.000000000E+00  1.005477462E+01 
       894  3.232500000E+02  0.000000000E+00  1.005212722E+01 
       895  3.235000000E+02  0.000000000E+00  1.004958622E+01 
       896  3.237500000E+02  0.000000000E+00  1.004714789E+01 
       897  3.240000000E+02  0.000000000E+00  1.004480867E+01 
       898  3.242500000E+02  0.000000000E+00  1.004256506E+01 
       899  3.245000000E+02  0.000000000E+00  1.004041369E+01 
       900  3.247500000E+02  0.000000000E+00  1.003835128E+01 
       901  3.250000000E+02  0.000000000E+00  1.003637464E+01 
       902  3.252500000E+02  0.000000000E+00  1.003448070E+01 
       903  3.255000000E+02  0.000000000E+00  1.003266646E+01 
       904  3.257500000E+02  0.000000000E+00  1.003092901E+01 
       905  3.260000000E+02  0.000000000E+00  1.002926555E+01 
       906  3.262500000E+02  0.000000000E+00  1.002767334E+01 
       907  3.265000000E+02  0.000000000E+00  1.002614974E+01 
       908  3.267500000E+02  0.000000000E+00  1.002469219E+01 
       909  3.270000000E+02  0.000000000E+00  1.002329819E+01 
       910  3.272500000E+02  0.000000000E+00  1.002196535E+01 
       911  3.275000000E+02  0.000000000E+00  1.002069134E+01 
       912  3.277500000E+02  0.000000000E+00  1.001947388E+01 
       913  3.280000000E+02  0.000000000E+00  1.001831080E+01 
       914  3.282500000E+02  0.000000000E+00  1.001719998E+01 
       915  3.285000000E+02  0.000000000E+00  1.001613938E+01 
       916  3.287500000E+02  0.000000000E+00  1.001512700E+01 
       917  3.290000000E+02  0.000000000E+00  1.001416093E+01 
       918  3.292500000E+02  0.000000000E+00  1.001323933E+01 
       919  3.295000000E+02  0.000000000E+00  1.001236038E+01 
       920  3.297500000E+02  0.000000000E+00  1.001152237E+01 
       921  3.300000000E+02  0.000000000E+00  1.001072362E+01 
       922  3.302500000E+02  0.000000000E+00  1.000996251E+01 
       923  3.305000000E+02  0.000000000E+00  1.000923747E+01 
       924  3.307500000E+02  0.000000000E+00  1.000854701E+01 
       925  3.310000000E+02  0.000000000E+00  1.000788967E+01 
       926  3.312500000E+02  0.000000000E+00  1.000726403E+01 
       927  3.315000000E+02  0.000000000E+00  1.000666876E+01 
       928  3.317500000E+02  0.000000000E+00  1.000610254E+01 
       929  3.320000000E+02  0.000000000E+00  1.000556412E+01 
       930  3.322500000E+02  0.000000000E+00  1.000505228E+01 
       931  3.325000000E+02  0.000000000E+00  1.000456586E+01 
       932  3.327500000E+02  0.000000000E+00  1.000410373E+01 
       933  3.330000000E+02  0.000000000E+00  1.000366481E+01 
       934  3.332500000E+02  0.000000000E+00  1.000324806E+01 
       935  3.335000000E+02  0.000000000E+00  1.000285248E+01 
       936  3.337500000E+02  0.000000000E+00  1.000247711E+01 
       937  3.340000000E+02  0.000000000E+00  1.000212102E+01 
       938  3.342500000E+02  0.000000000E+00  1.000178332E+01 
       939  3.345000000E+02  0.000000000E+00  1.000146316E+01 
       940  3.347500000E+02  0.000000000E+00  1.000115972E+01 
       941  3.350000000E+02  0.000000000E+00  1.000087222E+01 
       942  3.352500000E+02  0.000000000E+00  1.000059989E+01 
       943  3.355000000E+02  0.000000000E+00  1.000034202E+01 
       944  3.357500000E+02  0.000000000E+00  1.000009792E+01 
       945  3.360000000E+02  0.000000000E+00  9.999866914E+00 
       946  3.362500000E+02  0.000000000E+00  9.999648372E+00 
       947  3.365000000E+02  0.000000000E+00  9.999441684E+00 
       948  3.367500000E+02  0.000000000E+00  9.999246267E+00 
       949  3.370000000E+02  0.000000000E+00  9.999061563E+00 
       950  3.372500000E+02  0.000000000E+00  9.998887039E+00 
       951  3.375000000E+02  0.000000000E+00  9.998722186E+00 
       952  3.377500000E+02  0.000000000E+00  9.998566515E+00 
       953  3.380000000E+02  0.000000000E+00  9.998419563E+00 
       954  3.382500000E+02  0.000000000E+00  9.998280884E+00 
       955  3.385000000E+02  0.000000000E+00  9.998150054E+00 
       956  3.387500000E+02  0.000000000E+00  9.998026671E+00 
       957  3.390000000E+02  0.000000000E+00  9.997910347E+00 
       958  3.392500000E+02  0.000000000E+00  9.997800716E+00 
       959  3.395000000E+02  0.000000000E+00  9.997697427E+00 
       960  3.397500000E+02  0.000000000E+00  9.997600148E+00 
       961  3.400000000E+02  0.000000000E+00  9.997508560E+00 
       962  3.402500000E+02  0.000000000E+00  9.997422363E+00 
       963  3.405000000E+02  0.000000000E+00  9.997341268E+00 
       964  3.407500000E+02  0.000000000E+00  9.997265004E+00 
       965  3.410000000E+02  0.000000000E+00  9.997193311E+00 
       966  3.412500000E+02  0.000000000E+00  9.997125943E+00 
       967  3.415000000E+02  0.000000000E+00  9.997062667E+00 
       968  3.417500000E+02  0.000000000E+00  9.997003262E+00 
       969  3.420000000E+02  0.000000000E+00  9.996947517E+00 
       970  3.422500000E+02  0.000000000E+00  9.996895235E+00 
       971  3.425000000E+02  0.000000000E+00  9.996846226E+00 
       972  3.427500000E+02  0.000000000E+00  9.996800314E+00 
       973  3.430000000E+02  0.000000000E+00  9.996757329E+00 
       974  3.432500000E+02  0.000000000E+00  9.996717114E+00 
       975  3.435000000E+02  0.000000000E+00  9.996679518E+00 
       976  3.437500000E+02  0.000000000E+00  9.996644401E+00 
       977  3.440000000E+02  0.000000000E+00  9.996611629E+00 
       978  3.442500000E+02  0.000000000E+00  9.996581077E+00 
       979  3.445000000E+02  0.000000000E+00  9.996552628E+00 
       980  3.447500000E+02  0.000000000E+00  9.996526172E+00 
       981  3.450000000E+02  0.000000000E+00  9.996501606E+00 
       982  3.452500000E+02  0.000000000E+00  9.996478832E+00 
       983  3.455000000E+02  0.000000000E+00  9.996457762E+00 
       984  3.457500000E+02  0.000000000E+00  9.996438312E+00 
       985  3.460000000E+02  0.000000000E+00  9.996420403E+00 
       986  3.462500000E+02  0.000000000E+00  9.996403963E+00 
       987  3.465000000E+02  0.000000000E+00  9.996388927E+00 
       988  3.467500000E+02  0.000000000E+00  9.996375234E+00 
       989  3.470000000E+02  0.000000000E+00  9.996362826E+00 
       990  3.472500000E+02  0.000000000E+00  9.996351654E+00 
       991  3.475000000E+02  0.000000000E+00  9.996341672E+00 
       992  3.477500000E+02  0.000000000E+00  9.996332838E+00 
       993  3.480000000E+02  0.000000000E+00  9.996325117E+00 
       994  3.482500000E+02  0.000000000E+00  9.996318476E+00 
       995  3.485000000E+02  0.000000000E+00  9.996312888E+00 
       996  3.487500000E+02  0.000000000E+00  9.996308330E+00 
       997  3.490000000E+02  0.000000000E+00  9.996304783E+00 
       998  3.492500000E+02  0.000000000E+00  9.996302233E+00 
       999  3.495000000E+02  0.000000000E+00  9.996300669E+00 
      1000  3.497500000E+02  0.000000000E+00  9.996300086E+00 
      1001  3.500000000E+02  0.000000000E+00  9.996300482E+00 
      1002  3.502500000E+02  0.000000000E+00  9.996301859E+00 
      1003  3.505000000E+02  0.000000000E+00  9.996304224E+00 
      1004  3.507500000E+02  0.000000000E+00  9.996307587E+00 
      1005  3.510000000E+02  0.000000000E+00  9.996311964E+00 
      1006  3.512500000E+02  0.000000000E+00  9.996317373E+00 
      1007  3.515000000E+02  0.000000000E+00  9.996323839E+00 
      1008  3.517500000E+02  0.000000000E+00  9.996331390E+00 
      1009  3.520000000E+02  0.000000000E+00  9.996340058E+00 
      1010  3.522500000E+02  0.000000000E+00  9.996349881E+00 
      1011  3.525000000E+02  0.000000000E+00  9.996360900E+00 
      1012  3.527500000E+02  0.000000000E+00  9.996373163E+00 
      1013  3.530000000E+02  0.000000000E+00  9.996386722E+00 
      1014  3.532500000E+02  0.000000000E+00  9.996401633E+00 
      1015  3.535000000E+02  0.000000000E+00  9.996417959E+00 
      1016  3.537500000E+02  0.000000000E+00  9.996435768E+00 
      1017  3.540000000E+02  0.000000000E+00  9.996455134E+00 
      1018  3.542500000E+02  0.000000000E+00  9.996476136E+00 
      1019  3.545000000E+02  0.000000000E+00  9.996498861E+00 
      1020  3.547500000E+02  0.000000000E+00  9.996523399E+00 
      1021  3.550000000E+02  0.000000000E+00  9.996549851E+00 
      1022  3.552500000E+02  0.000000000E+00  9.996578321E+00 
      1023  3.555000000E+02  0.000000000E+00  9.996608924E+00 
      1024  3.557500000E+02  0.000000000E+00  9.996641778E+00 
      1025  3.560000000E+02  0.000000000E+00  9.996677014E+00 
      1026  3.562500000E+02  0.000000000E+00  9.996714767E+00 
      1027  3.565000000E+02  0.000000000E+00  9.996755182E+00 
      1028  3.567500000E+02  0.000000000E+00  9.996798414E+00 
      1029  3.570000000E+02  0.000000000E+00  9.996844626E+00 
      1030  3.572500000E+02  0.000000000E+00  9.996893990E+00 
      1031  3.575000000E+02  0.000000000E+00  9.996946690E+00 
      1032  3.577500000E+02  0.000000000E+00  9.997002920E+00 
      1033  3.580000000E+02  0.000000000E+00  9.997062885E+00 
      1034  3.582500000E+02  0.000000000E+00  9.997126799E+00 
      1035  3.585000000E+02  0.000000000E+00  9.997194893E+00 
      1036  3.587500000E+02  0.000000000E+00  9.997267406E+00 
      1037  3.590000000E+02  0.000000000E+00  9.997344592E+00 
      1038  3.592500000E+02  0.000000000E+00  9.997426719E+00 
      1039  3.595000000E+02  0.000000000E+00  9.997514068E+00 
      1040  3.597500000E+02  0.000000000E+00  9.997606935E+00 
      1041  3.600000000E+02  0.000000000E+00  9.997705631E+00 
      1042  3.602500000E+02  0.000000000E+00  9.997810485E+00 
      1043  3.605000000E+02  0.000000000E+00  9.997921840E+00 
      1044  3.607500000E+02  0.000000000E+00  9.998040057E+00 
      1045  3.610000000E+02  0.000000000E+00  9.998165516E+00 
      1046  3.612500000E+02  0.000000000E+00  9.998298614E+00 
      1047  3.615000000E+02  0.000000000E+00  9.998439768E+00 
      1048  3.617500000E+02  0.000000000E+00  9.998589416E+00 
      1049  3.620000000E+02  0.000000000E+00  9.998748015E+00 
      1050  3.622500000E+02  0.000000000E+00  9.998916045E+00 
      1051  3.625000000E+02  0.000000000E+00  9.999094006E+00 
      1052  3.627500000E+02  0.000000000E+00  9.999282424E+00 
      1053  3.630000000E+02  0.000000000E+00  9.999481847E+00 
      1054  3.632500000E+02  0.000000000E+00  9.999692847E+00 
      1055  3.635000000E+02  0.000000000E+00  9.999916024E+00 
      1056  3.637500000E+02  0.000000000E+00  1.000015200E+01 
      1057  3.640000000E+02  0.000000000E+00  1.000040143E+01 
      1058  3.642500000E+02  0.000000000E+00  1.000066499E+01 
      1059  3.645000000E+02  0.000000000E+00  1.000094339E+01 
      1060  3.647500000E+02  0.000000000E+00  1.000123737E+01 
      1061  3.650000000E+02  0.000000000E+00  1.000154770E+01 
      1062  3.652500000E+02  0.000000000E+00  1.000187517E+01 
      1063  3.655000000E+02  0.000000000E+00  1.000222062E+01 
      1064  3.657500000E+02  0.000000000E+00  1.000258491E+01 
      1065  3.660000000E+02  0.000000000E+00  1.000296894E+01 
      1066  3.662500000E+02  0.000000000E+00  1.000337364E+01 
      1067  3.665000000E+02  0.000000000E+00  1.000379998E+01 
      1068  3.667500000E+02  0.000000000E+00  1.000424896E+01 
      1069  3.670000000E+02  0.000000000E+00  1.000472163E+01 
      1070  3.672500000E+02  0.000000000E+00  1.000521906E+01 
      1071  3.675000000E+02  0.000000000E+00  1.000574237E+01 
      1072  3.677500000E+02  0.000000000E+00  1.000629272E+01 
      1073  3.680000000E+02  0.000000000E+00  1.000687129E+01 
      1074  3.682500000E+02  0.000000000E+00  1.000747934E+01 
      1075  3.685000000E+02  0.000000000E+00  1.000811813E+01 
      1076  3.687500000E+02  0.000000000E+00  1.000878898E+01 
      1077  3.690000000E+02  0.000000000E+00  1.000949325E+01 
      1078  3.692500000E+02  0.000000000E+00  1.001023236E+01 
      1079  3.695000000E+02  0.000000000E+00  1.001100773E+01 
      1080  3.697500000E+02  0.000000000E+00  1.001182086E+01 
      1081  3.700000000E+02  0.000000000E+00  1.001267329E+01 
      1082  3.702500000E+02  0.000000000E+00  1.001356659E+01 
      1083  3.705000000E+02  0.000000000E+00  1.001450239E+01 
      1084  3.707500000E+02  0.000000000E+00  1.001548234E+01 
      1085  3.710000000E+02  0.000000000E+00  1.001650815E+01 
      1086  3.712500000E+02  0.000000000E+00  1.001758159E+01 
      1087  3.715000000E+02  0.000000000E+00  1.001870445E+01 
      1088  3.717500000E+02  0.000000000E+00  1.001987856E+01 
      1089  3.720000000E+02  0.000000000E+00  1.002110582E+01 
      1090  3.722500000E+02  0.000000000E+00  1.002238815E+01 
      1091  3.725000000E+02  0.000000000E+00  1.002372752E+01 
      1092  3.727500000E+02  0.000000000E+00  1.002512594E+01 
      1093  3.730000000E+02  0.000000000E+00  1.002658548E+01 
      1094  3.732500000E+02  0.000000000E+00  1.002810821E+01 
      1095  3.735000000E+02  0.000000000E+00  1.002969628E+01 
      1096  3.737500000E+02  0.000000000E+00  1.003135185E+01 
      1097  3.740000000E+02  0.000000000E+00  1.003307713E+01 
      1098  3.742500000E+02  0.000000000E+00  1.003487438E+01 
      1099  3.745000000E+02  0.000000000E+00  1.003674586E+01 
      1100  3.747500000E+02  0.000000000E+00  1.003869389E+01 
      1101  3.750000000E+02  0.000000000E+00  1.004072081E+01 
      1102  3.752500000E+02  0.000000000E+00  1.004282898E+01 
      1103  3.755000000E+02  0.000000000E+00  1.004502082E+01 
      1104  3.757500000E+02  0.000000000E+00  1.004729874E+01 
      1105  3.760000000E+02  0.000000000E+00  1.004966517E+01 
      1106  3.762500000E+02  0.000000000E+00  1.005212260E+01 
      1107  3.765000000E+02  0.000000000E+00  1.005467350E+01 
      1108  3.767500000E+02  0.000000000E+00  1.005732037E+01 
      1109  3.770000000E+02  0.000000000E+00  1.006006570E+01 
      1110  3.772500000E+02  0.000000000E+00  1.006291203E+01 
      1111  3.775000000E+02  0.000000000E+00  1.006586187E+01 
      1112  3.777500000E+02  0.000000000E+00  1.006891774E+01 
      1113  3.780000000E+02  0.000000000E+00  1.007208216E+01 
      1114  3.782500000E+02  0.000000000E+00  1.007535765E+01 
      1115  3.785000000E+02  0.000000000E+00  1.007874671E+01 
      1116  3.787500000E+02  0.000000000E+00  1.008225183E+01 
      1117  3.790000000E+02  0.000000000E+00  1.008587549E+01 
      1118  3.792500000E+02  0.000000000E+00  1.008962014E+01 
      1119  3.795000000E+02  0.000000000E+00  1.009348821E+01 
      1120  3.797500000E+02  0.000000000E+00  1.009748209E+01 
      1121  3.800000000E+02  0.000000000E+00  1.010160414E+01 
      1122  3.802500000E+02  0.000000000E+00  1.010585667E+01 
      1123  3.805000000E+02  0.000000000E+00  1.011024197E+01 
      1124  3.807500000E+02  0.000000000E+00  1.011476226E+01 
      1125  3.810000000E+02  0.000000000E+00  1.011941971E+01 
      1126  3.812500000E+02  0.000000000E+00  1.012421642E+01 
      1127  3.815000000E+02  0.000000000E+00  1.012915444E+01 
      1128  3.817500000E+02  0.000000000E+00  1.013423575E+01 
      1129  3.820000000E+02  0.000000000E+00  1.013946224E+01 
      1130  3.822500000E+02  0.000000000E+00  1.014483573E+01 
      1131  3.825000000E+02  0.000000000E+00  1.015035796E+01 
      1132  3.827500000E+02  0.000000000E+00  1.015603055E+01 
      1133  3.830000000E+02  0.000000000E+00  1.016185506E+01 
      1134  3.832500000E+02  0.000000000E+00  1.016783292E+01 
      1135  3.835000000E+02  0.000000000E+00  1.017396547E+01 
      1136  3.837500000E+02  0.000000000E+00  1.018025394E+01 
      1137  3.840000000E+02  0.000000000E+00  1.018669941E+01 
      1138  3.842500000E+02  0.000000000E+00  1.019330289E+01 
      1139  3.845000000E+02  0.000000000E+00  1.020006521E+01 
      1140  3.847500000E+02  0.000000000E+00  1.020698710E+01 
      1141  3.850000000E+02  0.000000000E+00  1.021406915E+01 
      1142  3.852500000E+02  0.000000000E+00  1.022131179E+01 
      1143  3.855000000E+02  0.000000000E+00  1.022871532E+01 
      1144  3.857500000E+02  0.000000000E+00  1.023627988E+01 
      1145  3.860000000E+02  0.000000000E+00  1.024400546E+01 
      1146  3.862500000E+02  0.000000000E+00  1.025189189E+01 
      1147  3.865000000E+02  0.000000000E+00  1.025993883E+01 
      1148  3.867500000E+02  0.000000000E+00  1.026814577E+01 
      1149  3.870000000E+02  0.000000000E+00  1.027651203E+01 
      1150  3.872500000E+02  0.000000000E+00  1.028503677E+01 
      1151  3.875000000E+02  0.000000000E+00  1.029371892E+01 
      1152  3.877500000E+02  0.000000000E+00  1.030255729E+01 
      1153  3.880000000E+02  0.000000000E+00  1.031155043E+01 
      1154  3.882500000E+02  0.000000000E+00  1.032069676E+01 
      1155  3.885000000E+02  0.000000000E+00  1.032999445E+01 
      1156  3.887500000E+02  0.000000000E+00  1.033944148E+01 
      1157  3.890000000E+02  0.000000000E+00  1.034903563E+01 
      1158  3.892500000E+02  0.000000000E+00  1.035877443E+01 
      1159  3.895000000E+02  0.000000000E+00  1.036865521E+01 
      1160  3.897500000E+02  0.000000000E+00  1.037867504E+01 
      1161  3.900000000E+02  0.000000000E+00  1.038883076E+01 
      1162  3.902500000E+02  0.000000000E+00  1.039911892E+01 
      1163  3.905000000E+02  0.000000000E+00  1.040953581E+01 
      1164  3.907500000E+02  0.000000000E+00  1.042007742E+01 
      1165  3.910000000E+02  0.000000000E+00  1.043073941E+01 
      1166  3.912500000E+02  0.000000000E+00  1.044151711E+01 
      1167  3.915000000E+02  0.000000000E+00  1.045240544E+01 
      1168  3.917500000E+02  0.000000000E+00  1.046339894E+01 
      1169  3.920000000E+02  0.000000000E+00  1.047449166E+01 
      1170  3.922500000E+02  0.000000000E+00  1.048567714E+01 
      1171  3.925000000E+02  0.000000000E+00  1.049694834E+01 
      1172  3.927500000E+02  0.000000000E+00  1.050829757E+01 
      1173  3.930000000E+02  0.000000000E+00  1.051971637E+01 
      1174  3.932500000E+02  0.000000000E+00  1.053119544E+01 
      1175  3.935000000E+02  0.000000000E+00  1.054272447E+01 
      1176  3.937500000E+02  0.000000000E+00  1.055429201E+01 
      1177  3.940000000E+02  0.000000000E+00  1.056588526E+01 
      1178  3.942500000E+02  0.000000000E+00  1.057748988E+01 
      1179  3.945000000E+02  0.000000000E+00  1.058908968E+01 
      1180  3.947500000E+02  0.000000000E+00  1.060066630E+01 
      1181  3.950000000E+02  0.000000000E+00  1.061219885E+01 
      1182  3.952500000E+02  0.000000000E+00  1.062366338E+01 
      1183  3.955000000E+02  0.000000000E+00  1.063503237E+01 
      1184  3.957500000E+02  0.000000000E+00  1.064627394E+01 
      1185  3.960000000E+02  0.000000000E+00  1.065735104E+01 
      1186  3.962500000E+02  0.000000000E+00  1.066822034E+01 
      1187  3.965000000E+02  0.000000000E+00  1.067883089E+01 
      1188  3.967500000E+02  0.000000000E+00  1.068912242E+01 
      1189  3.970000000E+02  0.000000000E+00  1.069902314E+01 
      1190  3.972500000E+02  0.000000000E+00  1.070844691E+01 
      1191  3.975000000E+02  0.000000000E+00  1.071728953E+01 
      1192  3.977500000E+02  0.000000000E+00  1.072542368E+01 
      1193  3.980000000E+02  0.000000000E+00  1.073269197E+01 
      1194  3.982500000E+02  0.000000000E+00  1.073889690E+01 
      1195  3.985000000E+02  0.000000000E+00  1.074378602E+01 
      1196  3.987500000E+02  0.000000000E+00  1.074702845E+01 
      1197  3.990000000E+02  0.000000000E+00  1.074817534E+01 
      1198  3.992500000E+02  0.000000000E+00  1.074658680E+01 
      1199  3.995000000E+02  0.000000000E+00  1.074128068E+01 
      1200  3.997500000E+02  0.000000000E+00  1.072949803E+01 
      1201  4.000000000E+02  0.000000000E+00  1.101421442E+01 
      1202  4.002000034E+02  0.000000000E+00  1.120549449E+01 
      1203  4.004016387E+02  0.000000000E+00  1.112250362E+01 
      1204  4.006049192E+02  0.000000000E+00  1.104537372E+01 
      1205  4.008098583E+02  0.000000000E+00  1.097329720E+01 
      1206  4.010164696E+02  0.000000000E+00  1.090594301E+01 
      1207  4.012247666E+02  0.000000000E+00  1.084300447E+01 
      1208  4.014347631E+02  0.000000000E+00  1.078419683E+01 
      1209  4.016464731E+02  0.000000000E+00  1.072925524E+01 
      1210  4.018599104E+02  0.000000000E+00  1.067793301E+01 
      1211  4.020750892E+02  0.000000000E+00  1.063000011E+01 
      1212  4.022920237E+02  0.000000000E+00  1.058524168E+01 
      1213  4.025107282E+02  0.000000000E+00  1.054086383E+01 
      1214  4.027312172E+02  0.000000000E+00  1.049945954E+01 
      1215  4.029535052E+02  0.000000000E+00  1.046347531E+01 
      1216  4.031776069E+02  0.000000000E+00  1.042990787E+01 
      1217  4.034035370E+02  0.000000000E+00  1.039860517E+01 
      1218  4.036313106E+02  0.000000000E+00  1.036942467E+01 
      1219  4.038609426E+02  0.000000000E+00  1.034223267E+01 
      1220  4.040924483E+02  0.000000000E+00  1.031690360E+01 
      1221  4.043258428E+02  0.000000000E+00  1.029191706E+01 
      1222  4.045611417E+02  0.000000000E+00  1.026867781E+01 
      1223  4.047983604E+02  0.000000000E+00  1.024849893E+01 
      1224  4.050375146E+02  0.000000000E+00  1.022973484E+01 
      1225  4.052786201E+02  0.000000000E+00  1.021229506E+01 
      1226  4.055216929E+02  0.000000000E+00  1.019515766E+01 
      1227  4.057667489E+02  0.000000000E+00  1.017738126E+01 
      1228  4.060138044E+02  0.000000000E+00  1.015892951E+01 
      1229  4.062628756E+02  0.000000000E+00  1.014288443E+01 
      1230  4.065139791E+02  0.000000000E+00  1.013025747E+01 
      1231  4.067671314E+02  0.000000000E+00  1.011804146E+01 
      1232  4.070223492E+02  0.000000000E+00  1.010706553E+01 
      1233  4.072796494E+02  0.000000000E+00  1.009708412E+01 
      1234  4.075390490E+02  0.000000000E+00  1.008845507E+01 
      1235  4.078005650E+02  0.000000000E+00  1.008194550E+01 
      1236  4.080642148E+02  0.000000000E+00  1.007586418E+01 
      1237  4.083300158E+02  0.000000000E+00  1.007031448E+01 
      1238  4.085979855E+02  0.000000000E+00  1.006530488E+01 
      1239  4.088681416E+02  0.000000000E+00  1.006816991E+01 
      1240  4.091405020E+02  0.000000000E+00  1.007048389E+01 
      1241  4.094150846E+02  0.000000000E+00  1.006463709E+01 
      1242  4.096919076E+02  0.000000000E+00  1.005927331E+01 
      1243  4.099709892E+02  0.000000000E+00  1.005435794E+01 
      1244  4.102523480E+02  0.000000000E+00  1.004985860E+01 
      1245  4.105360024E+02  0.000000000E+00  1.004574496E+01 
      1246  4.108219711E+02  0.000000000E+00  1.004198865E+01 
      1247  4.111102732E+02  0.000000000E+00  1.003856311E+01 
      1248  4.114009276E+02  0.000000000E+00  1.003544354E+01 
      1249  4.116939535E+02  0.000000000E+00  1.003260673E+01 
      1250  4.119893702E+02  0.000000000E+00  1.003003101E+01 
      1251  4.122871973E+02  0.000000000E+00  1.002769612E+01 
      1252  4.125874544E+02  0.000000000E+00  1.002558316E+01 
      1253  4.128901614E+02  0.000000000E+00  1.002367450E+01 
      1254  4.131953383E+02  0.000000000E+00  1.002195368E+01 
      1255  4.135030051E+02  0.000000000E+00  1.002040537E+01 
      1256  4.138131823E+02  0.000000000E+00  1.001901528E+01 
      1257  4.141258902E+02  0.000000000E+00  1.001777010E+01 
      1258  4.144411496E+02  0.000000000E+00  1.001665744E+01 
      1259  4.147589813E+02  0.000000000E+00  1.001566579E+01 
      1260  4.150794062E+02  0.000000000E+00  1.001478443E+01 
      1261  4.154024455E+02  0.000000000E+00  1.001400341E+01 
      1262  4.157281206E+02  0.000000000E+00  1.001331351E+01 
      1263  4.160564529E+02  0.000000000E+00  1.001270614E+01 
      1264  4.163874641E+02  0.000000000E+00  1.001217338E+01 
      1265  4.167211762E+02  0.000000000E+00  1.001170788E+01 
      1266  4.170576110E+02  0.000000000E+00  1.001130284E+01 
      1267  4.173967909E+02  0.000000000E+00  1.001095197E+01 
      1268  4.177387382E+02  0.000000000E+00  1.001064948E+01 
      1269  4.180834756E+02  0.000000000E+00  1.001039002E+01 
      1270  4.184310257E+02  0.000000000E+00  1.001016868E+01 
      1271  4.187814116E+02  0.000000000E+00  1.000998094E+01 
      1272  4.191346563E+02  0.000000000E+00  1.000982266E+01 
      1273  4.194907832E+02  0.000000000E+00  1.000969002E+01 
      1274  4.198498158E+02  0.000000000E+00  1.000957957E+01 
      1275  4.202117779E+02  0.000000000E+00  1.000948814E+01 
      1276  4.205766933E+02  0.000000000E+00  1.000941285E+01 
      1277  4.209445860E+02  0.000000000E+00  1.000935109E+01 
      1278  4.213154806E+02  0.000000000E+00  1.000930050E+01 
      1279  4.216894013E+02  0.000000000E+00  1.000925895E+01 
      1280  4.220663728E+02  0.000000000E+00  1.000922454E+01 
      1281  4.224464202E+02  0.000000000E+00  1.000919555E+01 
      1282  4.228295685E+02  0.000000000E+00  1.000917047E+01 
      1283  4.232158429E+02  0.000000000E+00  1.000914795E+01 
      1284  4.236052691E+02  0.000000000E+00  1.000912682E+01 
      1285  4.239978726E+02  0.000000000E+00  1.000910603E+01 
      1286  4.243936795E+02  0.000000000E+00  1.000908472E+01 
      1287  4.247927158E+02  0.000000000E+00  1.000906210E+01 
      1288  4.251950080E+02  0.000000000E+00  1.000903753E+01 
      1289  4.256005825E+02  0.000000000E+00  1.000901048E+01 
      1290  4.260094662E+02  0.000000000E+00  1.000898051E+01 
      1291  4.264216861E+02  0.000000000E+00  1.000894727E+01 
      1292  4.268372694E+02  0.000000000E+00  1.000891049E+01 
      1293  4.272562434E+02  0.000000000E+00  1.000886998E+01 
      1294  4.276786360E+02  0.000000000E+00  1.000882560E+01 
      1295  4.281044750E+02  0.000000000E+00  1.000877728E+01 
      1296  4.285337884E+02  0.000000000E+00  1.000872500E+01 
      1297  4.289666047E+02  0.000000000E+00  1.000866879E+01 
      1298  4.294029525E+02  0.000000000E+00  1.000860870E+01 
      1299  4.298428605E+02  0.000000000E+00  1.000854483E+01 
      1300  4.302863578E+02  0.000000000E+00  1.000847730E+01 
      1301  4.307334737E+02  0.000000000E+00  1.000840625E+01 
      1302  4.311842377E+02  0.000000000E+00  1.000833185E+01 
      1303  4.316386795E+02  0.000000000E+00  1.000825427E+01 
      1304  4.320968293E+02  0.000000000E+00  1.000817371E+01 
      1305  4.325587172E+02  0.000000000E+00  1.000809034E+01 
      1306  4.330243737E+02  0.000000000E+00  1.000800437E+01 
      1307  4.334938296E+02  0.000000000E+00  1.000791600E+01 
      1308  4.339671159E+02  0.000000000E+00  1.000782542E+01 
      1309  4.344442638E+02  0.000000000E+00  1.000773283E+01 
      1310  4.349253049E+02  0.000000000E+00  1.000763841E+01 
      1311  4.354102708E+02  0.000000000E+00  1.000754234E+01 
      1312  4.358991937E+02  0.000000000E+00  1.000744480E+01 
      1313  4.363921059E+02  0.000000000E+00  1.000734595E+01 
      1314  4.368890398E+02  0.000000000E+00  1.000724595E+01 
      1315  4.373900283E+02  0.000000000E+00  1.000714495E+01 
      1316  4.378951044E+02  0.000000000E+00  1.000704307E+01 
      1317  4.384043016E+02  0.000000000E+00  1.000694045E+01 
      1318  4.389176534E+02  0.000000000E+00  1.000683720E+01 
      1319  4.394351937E+02  0.000000000E+00  1.000673344E+01 
      1320  4.399569568E+02  0.000000000E+00  1.000662925E+01 
      1321  4.404829770E+02  0.000000000E+00  1.000652473E+01 
      1322  4.410132892E+02  0.000000000E+00  1.000641995E+01 
      1323  4.415479282E+02  0.000000000E+00  1.000631500E+01 
      1324  4.420869295E+02  0.000000000E+00  1.000620993E+01 
      1325  4.426303286E+02  0.000000000E+00  1.000610481E+01 
      1326  4.431781614E+02  0.000000000E+00  1.000599969E+01 
      1327  4.437304641E+02  0.000000000E+00  1.000589461E+01 
      1328  4.442872731E+02  0.000000000E+00  1.000578963E+01 
      1329  4.448486253E+02  0.000000000E+00  1.000568479E+01 
      1330  4.454145576E+02  0.000000000E+00  1.000558011E+01 
      1331  4.459851075E+02  0.000000000E+00  1.000547564E+01 
      1332  4.465603126E+02  0.000000000E+00  1.000537140E+01 
      1333  4.471402109E+02  0.000000000E+00  1.000526744E+01 
      1334  4.477248408E+02  0.000000000E+00  1.000516376E+01 
      1335  4.483142407E+02  0.000000000E+00  1.000506042E+01 
      1336  4.489084497E+02  0.000000000E+00  1.000495742E+01 
      1337  4.495075070E+02  0.000000000E+00  1.000485480E+01 
      1338  4.501114521E+02  0.000000000E+00  1.000475259E+01 
      1339  4.507203248E+02  0.000000000E+00  1.000465081E+01 
      1340  4.513341655E+02  0.000000000E+00  1.000454949E+01 
      1341  4.519530147E+02  0.000000000E+00  1.000444865E+01 
      1342  4.525769132E+02  0.000000000E+00  1.000434832E+01 
      1343  4.532059021E+02  0.000000000E+00  1.000424853E+01 
      1344  4.538400232E+02  0.000000000E+00  1.000414931E+01 
      1345  4.544793181E+02  0.000000000E+00  1.000405069E+01 
      1346  4.551238292E+02  0.000000000E+00  1.000395269E+01 
      1347  4.557735990E+02  0.000000000E+00  1.000385534E+01 
      1348  4.564286703E+02  0.000000000E+00  1.000375867E+01 
      1349  4.570890866E+02  0.000000000E+00  1.000366272E+01 
      1350  4.577548913E+02  0.000000000E+00  1.000356751E+01 
      1351  4.584261284E+02  0.000000000E+00  1.000347306E+01 
      1352  4.591028423E+02  0.000000000E+00  1.000337942E+01 
      1353  4.597850777E+02  0.000000000E+00  1.000328661E+01 
      1354  4.604728795E+02  0.000000000E+00  1.000319465E+01 
      1355  4.611662932E+02  0.000000000E+00  1.000310358E+01 
      1356  4.618653647E+02  0.000000000E+00  1.000301342E+01 
      1357  4.625701400E+02  0.000000000E+00  1.000292419E+01 
      1358  4.632806657E+02  0.000000000E+00  1.000283593E+01 
      1359  4.639969887E+02  0.000000000E+00  1.000274865E+01 
      1360  4.647191564E+02  0.000000000E+00  1.000266238E+01 
      1361  4.654472164E+02  0.000000000E+00  1.000257713E+01 
      1362  4.661812167E+02  0.000000000E+00  1.000249292E+01 
      1363  4.669212059E+02  0.000000000E+00  1.000240975E+01 
      1364  4.676672328E+02  0.000000000E+00  1.000232763E+01 
      1365  4.684193468E+02  0.000000000E+00  1.000224655E+01 
      1366  4.691775973E+02  0.000000000E+00  1.000216650E+01 
      1367  4.699420346E+02  0.000000000E+00  1.000208744E+01 
      1368  4.707127091E+02  0.000000000E+00  1.000200933E+01 
      1369  4.714896716E+02  0.000000000E+00  1.000193209E+01 
      1370  4.722729736E+02  0.000000000E+00  1.000185560E+01 
      1371  4.730626666E+02  0.000000000E+00  1.000177973E+01 
      1372  4.738588030E+02  0.000000000E+00  1.000170424E+01 
      1373  4.746614352E+02  0.000000000E+00  1.000162885E+01 
      1374  4.754706162E+02  0.000000000E+00  1.000155314E+01 
      1375  4.762863994E+02  0.000000000E+00  1.000147656E+01 
      1376  4.771088389E+02  0.000000000E+00  1.000139836E+01 
      1377  4.779379887E+02  0.000000000E+00  1.000131753E+01 
      1378  4.787739038E+02  0.000000000E+00  1.000123269E+01 
      1379  4.796166392E+02  0.000000000E+00  1.000114201E+01 
      1380  4.804662507E+02  0.000000000E+00  1.000104299E+01 
      1381  4.813227944E+02  0.000000000E+00  1.000093232E+01 
      1382  4.821863268E+02  0.000000000E+00  1.000080553E+01 
      1383  4.830569049E+02  0.000000000E+00  1.000065663E+01 
      1384  4.839345862E+02  0.000000000E+00  1.000047758E+01 
      1385  4.848194287E+02  0.000000000E+00  1.000025761E+01 
      1386  4.857114908E+02  0.000000000E+00  9.999982268E+00 
      1387  4.866108314E+02  0.000000000E+00  9.999632153E+00 
      1388  4.875175099E+02  0.000000000E+00  9.999181213E+00 
      1389  4.884315862E+02  0.000000000E+00  9.998594429E+00 
      1390  4.893531206E+02  0.000000000E+00  9.997824691E+00 
      1391  4.902821741E+02  0.000000000E+00  9.996808554E+00 
      1392  4.912188078E+02  0.000000000E+00  9.995460496E+00 
      1393  4.921630837E+02  0.000000000E+00  9.993665141E+00 
      1394  4.931150642E+02  0.000000000E+00  9.991266730E+00 
      1395  4.940748120E+02  0.000000000E+00  9.988054906E+00 
      1396  4.950423907E+02  0.000000000E+00  9.983745562E+00 
      1397  4.960178639E+02  0.000000000E+00  9.977955002E+00 
      1398  4.970012963E+02  0.000000000E+00  9.970188805E+00 
      1399  4.979927527E+02  0.000000000E+00  9.954303645E+00 
      1400  4.989922986E+02  0.000000000E+00  9.933798769E+00 
      1401  5.000000000E+02  0.000000000E+00  9.924732696E+00 
