nodenumber     x-coordinate     y-coordinate           udm-11 
         1  0.000000000E+00  0.000000000E+00  1.000232344E+01 
         2  1.007701384E+00  0.000000000E+00  1.000222213E+01 
         3  2.007247274E+00  0.000000000E+00  1.000089482E+01 
         4  2.998703673E+00  0.000000000E+00  9.999709660E+00 
         5  3.982136051E+00  0.000000000E+00  9.999755115E+00 
         6  4.957609346E+00  0.000000000E+00  9.999776454E+00 
         7  5.925187975E+00  0.000000000E+00  9.999786613E+00 
         8  6.884935829E+00  0.000000000E+00  9.999788648E+00 
         9  7.836916284E+00  0.000000000E+00  9.999784773E+00 
        10  8.781192203E+00  0.000000000E+00  9.999776565E+00 
        11  9.717825941E+00  0.000000000E+00  9.999765149E+00 
        12  1.064687935E+01  0.000000000E+00  9.999751324E+00 
        13  1.156841377E+01  0.000000000E+00  9.999735657E+00 
        14  1.248249006E+01  0.000000000E+00  9.999718542E+00 
        15  1.338916858E+01  0.000000000E+00  9.999700252E+00 
        16  1.428850920E+01  0.000000000E+00  9.999680970E+00 
        17  1.518057130E+01  0.000000000E+00  9.999660812E+00 
        18  1.606541380E+01  0.000000000E+00  9.999639843E+00 
        19  1.694309512E+01  0.000000000E+00  9.999618094E+00 
        20  1.781367322E+01  0.000000000E+00  9.999595564E+00 
        21  1.867720559E+01  0.000000000E+00  9.999572229E+00 
        22  1.953374925E+01  0.000000000E+00  9.999548048E+00 
        23  2.038336076E+01  0.000000000E+00  9.999522965E+00 
        24  2.122609622E+01  0.000000000E+00  9.999496909E+00 
        25  2.206201128E+01  0.000000000E+00  9.999469798E+00 
        26  2.289116114E+01  0.000000000E+00  9.999441540E+00 
        27  2.371360056E+01  0.000000000E+00  9.999412031E+00 
        28  2.452938383E+01  0.000000000E+00  9.999381157E+00 
        29  2.533856484E+01  0.000000000E+00  9.999348797E+00 
        30  2.614119701E+01  0.000000000E+00  9.999314818E+00 
        31  2.693733335E+01  0.000000000E+00  9.999279076E+00 
        32  2.772702642E+01  0.000000000E+00  9.999241420E+00 
        33  2.851032837E+01  0.000000000E+00  9.999201688E+00 
        34  2.928729093E+01  0.000000000E+00  9.999159707E+00 
        35  3.005796541E+01  0.000000000E+00  9.999115292E+00 
        36  3.082240268E+01  0.000000000E+00  9.999068251E+00 
        37  3.158065324E+01  0.000000000E+00  9.999018379E+00 
        38  3.233276716E+01  0.000000000E+00  9.998965458E+00 
        39  3.307879409E+01  0.000000000E+00  9.998909263E+00 
        40  3.381878330E+01  0.000000000E+00  9.998849553E+00 
        41  3.455278365E+01  0.000000000E+00  9.998786077E+00 
        42  3.528084362E+01  0.000000000E+00  9.998718575E+00 
        43  3.600301127E+01  0.000000000E+00  9.998646770E+00 
        44  3.671933431E+01  0.000000000E+00  9.998570377E+00 
        45  3.742986002E+01  0.000000000E+00  9.998489098E+00 
        46  3.813463533E+01  0.000000000E+00  9.998402621E+00 
        47  3.883370678E+01  0.000000000E+00  9.998310626E+00 
        48  3.952712052E+01  0.000000000E+00  9.998212778E+00 
        49  4.021492235E+01  0.000000000E+00  9.998108731E+00 
        50  4.089715769E+01  0.000000000E+00  9.997998128E+00 
        51  4.157387159E+01  0.000000000E+00  9.997880600E+00 
        52  4.224510872E+01  0.000000000E+00  9.997755767E+00 
        53  4.291091342E+01  0.000000000E+00  9.997623239E+00 
        54  4.357132966E+01  0.000000000E+00  9.997482614E+00 
        55  4.422640104E+01  0.000000000E+00  9.997333480E+00 
        56  4.487617081E+01  0.000000000E+00  9.997175416E+00 
        57  4.552068189E+01  0.000000000E+00  9.997007991E+00 
        58  4.615997684E+01  0.000000000E+00  9.996830764E+00 
        59  4.679409786E+01  0.000000000E+00  9.996643286E+00 
        60  4.742308684E+01  0.000000000E+00  9.996445101E+00 
        61  4.804698530E+01  0.000000000E+00  9.996235743E+00 
        62  4.866583446E+01  0.000000000E+00  9.996014741E+00 
        63  4.927967516E+01  0.000000000E+00  9.995781617E+00 
        64  4.988854795E+01  0.000000000E+00  9.995535886E+00 
        65  5.049249303E+01  0.000000000E+00  9.995277059E+00 
        66  5.109155028E+01  0.000000000E+00  9.995004641E+00 
        67  5.168575926E+01  0.000000000E+00  9.994718133E+00 
        68  5.227515921E+01  0.000000000E+00  9.994417034E+00 
        69  5.285978905E+01  0.000000000E+00  9.994100838E+00 
        70  5.343968738E+01  0.000000000E+00  9.993769038E+00 
        71  5.401489250E+01  0.000000000E+00  9.993421124E+00 
        72  5.458544238E+01  0.000000000E+00  9.993056587E+00 
        73  5.515137472E+01  0.000000000E+00  9.992674916E+00 
        74  5.571272686E+01  0.000000000E+00  9.992275600E+00 
        75  5.626953590E+01  0.000000000E+00  9.991858128E+00 
        76  5.682183858E+01  0.000000000E+00  9.991421992E+00 
        77  5.736967139E+01  0.000000000E+00  9.990966684E+00 
        78  5.791307049E+01  0.000000000E+00  9.990491697E+00 
        79  5.845207178E+01  0.000000000E+00  9.989996528E+00 
        80  5.898671083E+01  0.000000000E+00  9.989480676E+00 
        81  5.951702297E+01  0.000000000E+00  9.988943641E+00 
        82  6.004304320E+01  0.000000000E+00  9.988384927E+00 
        83  6.056480627E+01  0.000000000E+00  9.987804042E+00 
        84  6.108234661E+01  0.000000000E+00  9.987200493E+00 
        85  6.159569842E+01  0.000000000E+00  9.986573793E+00 
        86  6.210489559E+01  0.000000000E+00  9.985923452E+00 
        87  6.260997174E+01  0.000000000E+00  9.985248987E+00 
        88  6.311096022E+01  0.000000000E+00  9.984549910E+00 
        89  6.360789412E+01  0.000000000E+00  9.983825735E+00 
        90  6.410080625E+01  0.000000000E+00  9.983075973E+00 
        91  6.458972916E+01  0.000000000E+00  9.982300133E+00 
        92  6.507469514E+01  0.000000000E+00  9.981497718E+00 
        93  6.555573621E+01  0.000000000E+00  9.980668221E+00 
        94  6.603288413E+01  0.000000000E+00  9.979811130E+00 
        95  6.650617042E+01  0.000000000E+00  9.978925915E+00 
        96  6.697562632E+01  0.000000000E+00  9.978012035E+00 
        97  6.744128283E+01  0.000000000E+00  9.977068924E+00 
        98  6.790317071E+01  0.000000000E+00  9.976095996E+00 
        99  6.836132046E+01  0.000000000E+00  9.975092633E+00 
       100  6.881576232E+01  0.000000000E+00  9.974058185E+00 
       101  6.926652631E+01  0.000000000E+00  9.972991959E+00 
       102  6.971364219E+01  0.000000000E+00  9.971893215E+00 
       103  7.015713949E+01  0.000000000E+00  9.970761160E+00 
       104  7.059704749E+01  0.000000000E+00  9.969594932E+00 
       105  7.103339524E+01  0.000000000E+00  9.968393600E+00 
       106  7.146621156E+01  0.000000000E+00  9.967156146E+00 
       107  7.189552503E+01  0.000000000E+00  9.965881458E+00 
       108  7.232136399E+01  0.000000000E+00  9.964568313E+00 
       109  7.274375656E+01  0.000000000E+00  9.963215366E+00 
       110  7.316273064E+01  0.000000000E+00  9.961821131E+00 
       111  7.357831389E+01  0.000000000E+00  9.960383967E+00 
       112  7.399053376E+01  0.000000000E+00  9.958902057E+00 
       113  7.439941746E+01  0.000000000E+00  9.957373388E+00 
       114  7.480499201E+01  0.000000000E+00  9.955795725E+00 
       115  7.520728416E+01  0.000000000E+00  9.954166593E+00 
       116  7.560632051E+01  0.000000000E+00  9.952483242E+00 
       117  7.600212738E+01  0.000000000E+00  9.950742622E+00 
       118  7.639473092E+01  0.000000000E+00  9.948941350E+00 
       119  7.678415706E+01  0.000000000E+00  9.947075676E+00 
       120  7.717043151E+01  0.000000000E+00  9.945141440E+00 
       121  7.755357977E+01  0.000000000E+00  9.943134040E+00 
       122  7.793362715E+01  0.000000000E+00  9.941048379E+00 
       123  7.831059875E+01  0.000000000E+00  9.938878822E+00 
       124  7.868451945E+01  0.000000000E+00  9.936619143E+00 
       125  7.905541395E+01  0.000000000E+00  9.934262469E+00 
       126  7.942330674E+01  0.000000000E+00  9.931801221E+00 
       127  7.978822211E+01  0.000000000E+00  9.929227047E+00 
       128  8.015018416E+01  0.000000000E+00  9.926530759E+00 
       129  8.050921679E+01  0.000000000E+00  9.923702253E+00 
       130  8.086534371E+01  0.000000000E+00  9.920730431E+00 
       131  8.121858844E+01  0.000000000E+00  9.917603121E+00 
       132  8.156897429E+01  0.000000000E+00  9.914306981E+00 
       133  8.191652442E+01  0.000000000E+00  9.910827408E+00 
       134  8.226126177E+01  0.000000000E+00  9.907148432E+00 
       135  8.260320909E+01  0.000000000E+00  9.903252612E+00 
       136  8.294238899E+01  0.000000000E+00  9.899120916E+00 
       137  8.327882384E+01  0.000000000E+00  9.894732605E+00 
       138  8.361253587E+01  0.000000000E+00  9.890065101E+00 
       139  8.394354712E+01  0.000000000E+00  9.885093850E+00 
       140  8.427187943E+01  0.000000000E+00  9.879792187E+00 
       141  8.459755450E+01  0.000000000E+00  9.874131178E+00 
       142  8.492059382E+01  0.000000000E+00  9.868079467E+00 
       143  8.524101873E+01  0.000000000E+00  9.861603112E+00 
       144  8.555885039E+01  0.000000000E+00  9.854665415E+00 
       145  8.587410979E+01  0.000000000E+00  9.847226741E+00 
       146  8.618681774E+01  0.000000000E+00  9.839244334E+00 
       147  8.649699489E+01  0.000000000E+00  9.830672129E+00 
       148  8.680466173E+01  0.000000000E+00  9.821460549E+00 
       149  8.710983857E+01  0.000000000E+00  9.811556310E+00 
       150  8.741254556E+01  0.000000000E+00  9.800902206E+00 
       151  8.771280270E+01  0.000000000E+00  9.789436904E+00 
       152  8.801062980E+01  0.000000000E+00  9.777094728E+00 
       153  8.830604654E+01  0.000000000E+00  9.763805442E+00 
       154  8.859907242E+01  0.000000000E+00  9.749494034E+00 
       155  8.888972679E+01  0.000000000E+00  9.734080505E+00 
       156  8.917802885E+01  0.000000000E+00  9.717479651E+00 
       157  8.946399764E+01  0.000000000E+00  9.699600865E+00 
       158  8.974765203E+01  0.000000000E+00  9.680347931E+00 
       159  9.002901076E+01  0.000000000E+00  9.659618839E+00 
       160  9.030809241E+01  0.000000000E+00  9.637305614E+00 
       161  9.058491540E+01  0.000000000E+00  9.613294154E+00 
       162  9.085949802E+01  0.000000000E+00  9.587464097E+00 
       163  9.113185839E+01  0.000000000E+00  9.559688710E+00 
       164  9.140201451E+01  0.000000000E+00  9.529834811E+00 
       165  9.166998421E+01  0.000000000E+00  9.497762723E+00 
       166  9.193578518E+01  0.000000000E+00  9.463326270E+00 
       167  9.219943499E+01  0.000000000E+00  9.426372825E+00 
       168  9.246095103E+01  0.000000000E+00  9.386743405E+00 
       169  9.272035058E+01  0.000000000E+00  9.344272723E+00 
       170  9.297765077E+01  0.000000000E+00  9.298790170E+00 
       171  9.323286858E+01  0.000000000E+00  9.250119529E+00 
       172  9.348602087E+01  0.000000000E+00  9.198077834E+00 
       173  9.373712436E+01  0.000000000E+00  9.141515229E+00 
       174  9.398619563E+01  0.000000000E+00  9.080908138E+00 
       175  9.423325112E+01  0.000000000E+00  9.016899877E+00 
       176  9.447830715E+01  0.000000000E+00  8.996148853E+00 
       177  9.472137990E+01  0.000000000E+00  8.971471375E+00 
       178  9.496248543E+01  0.000000000E+00  8.899346986E+00 
       179  9.520163964E+01  0.000000000E+00  8.818938873E+00 
       180  9.543885834E+01  0.000000000E+00  8.721689152E+00 
       181  9.567415720E+01  0.000000000E+00  8.622875643E+00 
       182  9.590755173E+01  0.000000000E+00  8.529727605E+00 
       183  9.613905737E+01  0.000000000E+00  8.433713065E+00 
       184  9.636868940E+01  0.000000000E+00  8.332314888E+00 
       185  9.659646297E+01  0.000000000E+00  8.225369890E+00 
       186  9.682239314E+01  0.000000000E+00  8.112726484E+00 
       187  9.704649481E+01  0.000000000E+00  7.990684074E+00 
       188  9.726878279E+01  0.000000000E+00  7.862475983E+00 
       189  9.748927176E+01  0.000000000E+00  7.727773901E+00 
       190  9.770797628E+01  0.000000000E+00  7.586707629E+00 
       191  9.792491078E+01  0.000000000E+00  7.439004177E+00 
       192  9.814008960E+01  0.000000000E+00  7.284841249E+00 
       193  9.835352693E+01  0.000000000E+00  7.128027625E+00 
       194  9.856523689E+01  0.000000000E+00  6.964979804E+00 
       195  9.877523344E+01  0.000000000E+00  6.800608177E+00 
       196  9.898353045E+01  0.000000000E+00  6.630410578E+00 
       197  9.919014168E+01  0.000000000E+00  6.449794140E+00 
       198  9.939508077E+01  0.000000000E+00  6.263515451E+00 
       199  9.959836126E+01  0.000000000E+00  6.071842456E+00 
       200  9.979999657E+01  0.000000000E+00  5.875729755E+00 
       201  1.000000000E+02  0.000000000E+00  6.424995080E+00 
       202  1.002500000E+02  0.000000000E+00  7.210546225E+00 
       203  1.005000000E+02  0.000000000E+00  7.173869672E+00 
       204  1.007500000E+02  0.000000000E+00  7.155132397E+00 
       205  1.010000000E+02  0.000000000E+00  7.147090964E+00 
       206  1.012500000E+02  0.000000000E+00  7.147010689E+00 
       207  1.015000000E+02  0.000000000E+00  7.153075601E+00 
       208  1.017500000E+02  0.000000000E+00  7.163992166E+00 
       209  1.020000000E+02  0.000000000E+00  7.178795005E+00 
       210  1.022500000E+02  0.000000000E+00  7.196740214E+00 
       211  1.025000000E+02  0.000000000E+00  7.217241272E+00 
       212  1.027500000E+02  0.000000000E+00  7.239827793E+00 
       213  1.030000000E+02  0.000000000E+00  7.264117564E+00 
       214  1.032500000E+02  0.000000000E+00  7.289796801E+00 
       215  1.035000000E+02  0.000000000E+00  7.316605779E+00 
       216  1.037500000E+02  0.000000000E+00  7.344328075E+00 
       217  1.040000000E+02  0.000000000E+00  7.372782353E+00 
       218  1.042500000E+02  0.000000000E+00  7.401815992E+00 
       219  1.045000000E+02  0.000000000E+00  7.431300058E+00 
       220  1.047500000E+02  0.000000000E+00  7.461125288E+00 
       221  1.050000000E+02  0.000000000E+00  7.491198854E+00 
       222  1.052500000E+02  0.000000000E+00  7.521441727E+00 
       223  1.055000000E+02  0.000000000E+00  7.551786512E+00 
       224  1.057500000E+02  0.000000000E+00  7.582175669E+00 
       225  1.060000000E+02  0.000000000E+00  7.612560018E+00 
       226  1.062500000E+02  0.000000000E+00  7.642897503E+00 
       227  1.065000000E+02  0.000000000E+00  7.673152147E+00 
       228  1.067500000E+02  0.000000000E+00  7.703293176E+00 
       229  1.070000000E+02  0.000000000E+00  7.733294271E+00 
       230  1.072500000E+02  0.000000000E+00  7.763132943E+00 
       231  1.075000000E+02  0.000000000E+00  7.792789989E+00 
       232  1.077500000E+02  0.000000000E+00  7.822249041E+00 
       233  1.080000000E+02  0.000000000E+00  7.851496169E+00 
       234  1.082500000E+02  0.000000000E+00  7.880519551E+00 
       235  1.085000000E+02  0.000000000E+00  7.909309178E+00 
       236  1.087500000E+02  0.000000000E+00  7.937856613E+00 
       237  1.090000000E+02  0.000000000E+00  7.966154778E+00 
       238  1.092500000E+02  0.000000000E+00  7.994197767E+00 
       239  1.095000000E+02  0.000000000E+00  8.021980690E+00 
       240  1.097500000E+02  0.000000000E+00  8.049499539E+00 
       241  1.100000000E+02  0.000000000E+00  8.076751069E+00 
       242  1.102500000E+02  0.000000000E+00  8.103732696E+00 
       243  1.105000000E+02  0.000000000E+00  8.130442409E+00 
       244  1.107500000E+02  0.000000000E+00  8.156878694E+00 
       245  1.110000000E+02  0.000000000E+00  8.183040471E+00 
       246  1.112500000E+02  0.000000000E+00  8.208927034E+00 
       247  1.115000000E+02  0.000000000E+00  8.234538002E+00 
       248  1.117500000E+02  0.000000000E+00  8.259873279E+00 
       249  1.120000000E+02  0.000000000E+00  8.284933014E+00 
       250  1.122500000E+02  0.000000000E+00  8.309717570E+00 
       251  1.125000000E+02  0.000000000E+00  8.334227497E+00 
       252  1.127500000E+02  0.000000000E+00  8.358463507E+00 
       253  1.130000000E+02  0.000000000E+00  8.382426451E+00 
       254  1.132500000E+02  0.000000000E+00  8.406117306E+00 
       255  1.135000000E+02  0.000000000E+00  8.429537153E+00 
       256  1.137500000E+02  0.000000000E+00  8.452687170E+00 
       257  1.140000000E+02  0.000000000E+00  8.475568612E+00 
       258  1.142500000E+02  0.000000000E+00  8.498182807E+00 
       259  1.145000000E+02  0.000000000E+00  8.520531144E+00 
       260  1.147500000E+02  0.000000000E+00  8.542615068E+00 
       261  1.150000000E+02  0.000000000E+00  8.564436066E+00 
       262  1.152500000E+02  0.000000000E+00  8.585995671E+00 
       263  1.155000000E+02  0.000000000E+00  8.607295448E+00 
       264  1.157500000E+02  0.000000000E+00  8.628336994E+00 
       265  1.160000000E+02  0.000000000E+00  8.649121932E+00 
       266  1.162500000E+02  0.000000000E+00  8.669651909E+00 
       267  1.165000000E+02  0.000000000E+00  8.689928591E+00 
       268  1.167500000E+02  0.000000000E+00  8.709953663E+00 
       269  1.170000000E+02  0.000000000E+00  8.729728821E+00 
       270  1.172500000E+02  0.000000000E+00  8.749255778E+00 
       271  1.175000000E+02  0.000000000E+00  8.768536255E+00 
       272  1.177500000E+02  0.000000000E+00  8.787571981E+00 
       273  1.180000000E+02  0.000000000E+00  8.806364695E+00 
       274  1.182500000E+02  0.000000000E+00  8.824916140E+00 
       275  1.185000000E+02  0.000000000E+00  8.843228063E+00 
       276  1.187500000E+02  0.000000000E+00  8.861302217E+00 
       277  1.190000000E+02  0.000000000E+00  8.879140356E+00 
       278  1.192500000E+02  0.000000000E+00  8.896744234E+00 
       279  1.195000000E+02  0.000000000E+00  8.914115608E+00 
       280  1.197500000E+02  0.000000000E+00  8.931256234E+00 
       281  1.200000000E+02  0.000000000E+00  8.948167868E+00 
       282  1.202500000E+02  0.000000000E+00  8.964852263E+00 
       283  1.205000000E+02  0.000000000E+00  8.981311170E+00 
       284  1.207500000E+02  0.000000000E+00  8.997546339E+00 
       285  1.210000000E+02  0.000000000E+00  9.013559514E+00 
       286  1.212500000E+02  0.000000000E+00  9.029352438E+00 
       287  1.215000000E+02  0.000000000E+00  9.044926848E+00 
       288  1.217500000E+02  0.000000000E+00  9.060284475E+00 
       289  1.220000000E+02  0.000000000E+00  9.075427048E+00 
       290  1.222500000E+02  0.000000000E+00  9.090356288E+00 
       291  1.225000000E+02  0.000000000E+00  9.105073910E+00 
       292  1.227500000E+02  0.000000000E+00  9.119581623E+00 
       293  1.230000000E+02  0.000000000E+00  9.133881129E+00 
       294  1.232500000E+02  0.000000000E+00  9.147974123E+00 
       295  1.235000000E+02  0.000000000E+00  9.161862292E+00 
       296  1.237500000E+02  0.000000000E+00  9.175547315E+00 
       297  1.240000000E+02  0.000000000E+00  9.189030862E+00 
       298  1.242500000E+02  0.000000000E+00  9.202314596E+00 
       299  1.245000000E+02  0.000000000E+00  9.215400170E+00 
       300  1.247500000E+02  0.000000000E+00  9.228289226E+00 
       301  1.250000000E+02  0.000000000E+00  9.240983400E+00 
       302  1.252500000E+02  0.000000000E+00  9.253484315E+00 
       303  1.255000000E+02  0.000000000E+00  9.265793585E+00 
       304  1.257500000E+02  0.000000000E+00  9.277912812E+00 
       305  1.260000000E+02  0.000000000E+00  9.289843590E+00 
       306  1.262500000E+02  0.000000000E+00  9.301587498E+00 
       307  1.265000000E+02  0.000000000E+00  9.313146107E+00 
       308  1.267500000E+02  0.000000000E+00  9.324520975E+00 
       309  1.270000000E+02  0.000000000E+00  9.335713646E+00 
       310  1.272500000E+02  0.000000000E+00  9.346725654E+00 
       311  1.275000000E+02  0.000000000E+00  9.357558521E+00 
       312  1.277500000E+02  0.000000000E+00  9.368213754E+00 
       313  1.280000000E+02  0.000000000E+00  9.378692847E+00 
       314  1.282500000E+02  0.000000000E+00  9.388997283E+00 
       315  1.285000000E+02  0.000000000E+00  9.399128528E+00 
       316  1.287500000E+02  0.000000000E+00  9.409088038E+00 
       317  1.290000000E+02  0.000000000E+00  9.418877250E+00 
       318  1.292500000E+02  0.000000000E+00  9.428497592E+00 
       319  1.295000000E+02  0.000000000E+00  9.437950473E+00 
       320  1.297500000E+02  0.000000000E+00  9.447237288E+00 
       321  1.300000000E+02  0.000000000E+00  9.456359420E+00 
       322  1.302500000E+02  0.000000000E+00  9.465318232E+00 
       323  1.305000000E+02  0.000000000E+00  9.474115074E+00 
       324  1.307500000E+02  0.000000000E+00  9.482751280E+00 
       325  1.310000000E+02  0.000000000E+00  9.491228169E+00 
       326  1.312500000E+02  0.000000000E+00  9.499547040E+00 
       327  1.315000000E+02  0.000000000E+00  9.507709180E+00 
       328  1.317500000E+02  0.000000000E+00  9.515715855E+00 
       329  1.320000000E+02  0.000000000E+00  9.523568319E+00 
       330  1.322500000E+02  0.000000000E+00  9.531267804E+00 
       331  1.325000000E+02  0.000000000E+00  9.538815527E+00 
       332  1.327500000E+02  0.000000000E+00  9.546212688E+00 
       333  1.330000000E+02  0.000000000E+00  9.553460468E+00 
       334  1.332500000E+02  0.000000000E+00  9.560560030E+00 
       335  1.335000000E+02  0.000000000E+00  9.567512520E+00 
       336  1.337500000E+02  0.000000000E+00  9.574319065E+00 
       337  1.340000000E+02  0.000000000E+00  9.580980773E+00 
       338  1.342500000E+02  0.000000000E+00  9.587498735E+00 
       339  1.345000000E+02  0.000000000E+00  9.593874020E+00 
       340  1.347500000E+02  0.000000000E+00  9.600107681E+00 
       341  1.350000000E+02  0.000000000E+00  9.606200750E+00 
       342  1.352500000E+02  0.000000000E+00  9.612154241E+00 
       343  1.355000000E+02  0.000000000E+00  9.617969146E+00 
       344  1.357500000E+02  0.000000000E+00  9.623646441E+00 
       345  1.360000000E+02  0.000000000E+00  9.629187078E+00 
       346  1.362500000E+02  0.000000000E+00  9.634591992E+00 
       347  1.365000000E+02  0.000000000E+00  9.639862096E+00 
       348  1.367500000E+02  0.000000000E+00  9.644998284E+00 
       349  1.370000000E+02  0.000000000E+00  9.650001429E+00 
       350  1.372500000E+02  0.000000000E+00  9.654872381E+00 
       351  1.375000000E+02  0.000000000E+00  9.659611974E+00 
       352  1.377500000E+02  0.000000000E+00  9.664221017E+00 
       353  1.380000000E+02  0.000000000E+00  9.668700299E+00 
       354  1.382500000E+02  0.000000000E+00  9.673050590E+00 
       355  1.385000000E+02  0.000000000E+00  9.677272635E+00 
       356  1.387500000E+02  0.000000000E+00  9.681367160E+00 
       357  1.390000000E+02  0.000000000E+00  9.685334869E+00 
       358  1.392500000E+02  0.000000000E+00  9.689176445E+00 
       359  1.395000000E+02  0.000000000E+00  9.692892547E+00 
       360  1.397500000E+02  0.000000000E+00  9.696483814E+00 
       361  1.400000000E+02  0.000000000E+00  9.699950864E+00 
       362  1.402500000E+02  0.000000000E+00  9.703294290E+00 
       363  1.405000000E+02  0.000000000E+00  9.706514664E+00 
       364  1.407500000E+02  0.000000000E+00  9.709612538E+00 
       365  1.410000000E+02  0.000000000E+00  9.712588438E+00 
       366  1.412500000E+02  0.000000000E+00  9.715442870E+00 
       367  1.415000000E+02  0.000000000E+00  9.718176317E+00 
       368  1.417500000E+02  0.000000000E+00  9.720789239E+00 
       369  1.420000000E+02  0.000000000E+00  9.723282073E+00 
       370  1.422500000E+02  0.000000000E+00  9.725655235E+00 
       371  1.425000000E+02  0.000000000E+00  9.727909117E+00 
       372  1.427500000E+02  0.000000000E+00  9.730044087E+00 
       373  1.430000000E+02  0.000000000E+00  9.732060492E+00 
       374  1.432500000E+02  0.000000000E+00  9.733958656E+00 
       375  1.435000000E+02  0.000000000E+00  9.735738879E+00 
       376  1.437500000E+02  0.000000000E+00  9.737401438E+00 
       377  1.440000000E+02  0.000000000E+00  9.738946588E+00 
       378  1.442500000E+02  0.000000000E+00  9.740374559E+00 
       379  1.445000000E+02  0.000000000E+00  9.741685560E+00 
       380  1.447500000E+02  0.000000000E+00  9.742879776E+00 
       381  1.450000000E+02  0.000000000E+00  9.743957369E+00 
       382  1.452500000E+02  0.000000000E+00  9.744918476E+00 
       383  1.455000000E+02  0.000000000E+00  9.745763214E+00 
       384  1.457500000E+02  0.000000000E+00  9.746491674E+00 
       385  1.460000000E+02  0.000000000E+00  9.747103926E+00 
       386  1.462500000E+02  0.000000000E+00  9.747600014E+00 
       387  1.465000000E+02  0.000000000E+00  9.747979962E+00 
       388  1.467500000E+02  0.000000000E+00  9.748243768E+00 
       389  1.470000000E+02  0.000000000E+00  9.748391409E+00 
       390  1.472500000E+02  0.000000000E+00  9.748422837E+00 
       391  1.475000000E+02  0.000000000E+00  9.748337983E+00 
       392  1.477500000E+02  0.000000000E+00  9.748136752E+00 
       393  1.480000000E+02  0.000000000E+00  9.747819029E+00 
       394  1.482500000E+02  0.000000000E+00  9.747384673E+00 
       395  1.485000000E+02  0.000000000E+00  9.746833522E+00 
       396  1.487500000E+02  0.000000000E+00  9.746165391E+00 
       397  1.490000000E+02  0.000000000E+00  9.745380071E+00 
       398  1.492500000E+02  0.000000000E+00  9.744477331E+00 
       399  1.495000000E+02  0.000000000E+00  9.743456917E+00 
       400  1.497500000E+02  0.000000000E+00  9.742318551E+00 
       401  1.500000000E+02  0.000000000E+00  9.741061935E+00 
       402  1.502500000E+02  0.000000000E+00  9.739686745E+00 
       403  1.505000000E+02  0.000000000E+00  9.738192637E+00 
       404  1.507500000E+02  0.000000000E+00  9.736579243E+00 
       405  1.510000000E+02  0.000000000E+00  9.734846175E+00 
       406  1.512500000E+02  0.000000000E+00  9.732993019E+00 
       407  1.515000000E+02  0.000000000E+00  9.731019342E+00 
       408  1.517500000E+02  0.000000000E+00  9.728924688E+00 
       409  1.520000000E+02  0.000000000E+00  9.726708578E+00 
       410  1.522500000E+02  0.000000000E+00  9.724370512E+00 
       411  1.525000000E+02  0.000000000E+00  9.721909967E+00 
       412  1.527500000E+02  0.000000000E+00  9.719326401E+00 
       413  1.530000000E+02  0.000000000E+00  9.716619247E+00 
       414  1.532500000E+02  0.000000000E+00  9.713787920E+00 
       415  1.535000000E+02  0.000000000E+00  9.710831811E+00 
       416  1.537500000E+02  0.000000000E+00  9.707750291E+00 
       417  1.540000000E+02  0.000000000E+00  9.704542709E+00 
       418  1.542500000E+02  0.000000000E+00  9.701208395E+00 
       419  1.545000000E+02  0.000000000E+00  9.697746655E+00 
       420  1.547500000E+02  0.000000000E+00  9.694156779E+00 
       421  1.550000000E+02  0.000000000E+00  9.690438032E+00 
       422  1.552500000E+02  0.000000000E+00  9.686589662E+00 
       423  1.555000000E+02  0.000000000E+00  9.682610894E+00 
       424  1.557500000E+02  0.000000000E+00  9.678500935E+00 
       425  1.560000000E+02  0.000000000E+00  9.674258971E+00 
       426  1.562500000E+02  0.000000000E+00  9.669884170E+00 
       427  1.565000000E+02  0.000000000E+00  9.665375680E+00 
       428  1.567500000E+02  0.000000000E+00  9.660732627E+00 
       429  1.570000000E+02  0.000000000E+00  9.655954121E+00 
       430  1.572500000E+02  0.000000000E+00  9.651039253E+00 
       431  1.575000000E+02  0.000000000E+00  9.645987092E+00 
       432  1.577500000E+02  0.000000000E+00  9.640796694E+00 
       433  1.580000000E+02  0.000000000E+00  9.635467090E+00 
       434  1.582500000E+02  0.000000000E+00  9.629997299E+00 
       435  1.585000000E+02  0.000000000E+00  9.624386317E+00 
       436  1.587500000E+02  0.000000000E+00  9.618633127E+00 
       437  1.590000000E+02  0.000000000E+00  9.612736690E+00 
       438  1.592500000E+02  0.000000000E+00  9.606695952E+00 
       439  1.595000000E+02  0.000000000E+00  9.600509842E+00 
       440  1.597500000E+02  0.000000000E+00  9.594177271E+00 
       441  1.600000000E+02  0.000000000E+00  9.587697136E+00 
       442  1.602500000E+02  0.000000000E+00  9.581068313E+00 
       443  1.605000000E+02  0.000000000E+00  9.574289666E+00 
       444  1.607500000E+02  0.000000000E+00  9.567360042E+00 
       445  1.610000000E+02  0.000000000E+00  9.560278270E+00 
       446  1.612500000E+02  0.000000000E+00  9.553043166E+00 
       447  1.615000000E+02  0.000000000E+00  9.545653531E+00 
       448  1.617500000E+02  0.000000000E+00  9.538108149E+00 
       449  1.620000000E+02  0.000000000E+00  9.530405791E+00 
       450  1.622500000E+02  0.000000000E+00  9.522545212E+00 
       451  1.625000000E+02  0.000000000E+00  9.514525155E+00 
       452  1.627500000E+02  0.000000000E+00  9.506344346E+00 
       453  1.630000000E+02  0.000000000E+00  9.498001501E+00 
       454  1.632500000E+02  0.000000000E+00  9.489495318E+00 
       455  1.635000000E+02  0.000000000E+00  9.480824486E+00 
       456  1.637500000E+02  0.000000000E+00  9.471987680E+00 
       457  1.640000000E+02  0.000000000E+00  9.462983560E+00 
       458  1.642500000E+02  0.000000000E+00  9.453810777E+00 
       459  1.645000000E+02  0.000000000E+00  9.444467969E+00 
       460  1.647500000E+02  0.000000000E+00  9.434953759E+00 
       461  1.650000000E+02  0.000000000E+00  9.425266764E+00 
       462  1.652500000E+02  0.000000000E+00  9.415405585E+00 
       463  1.655000000E+02  0.000000000E+00  9.405368815E+00 
       464  1.657500000E+02  0.000000000E+00  9.395155035E+00 
       465  1.660000000E+02  0.000000000E+00  9.384762816E+00 
       466  1.662500000E+02  0.000000000E+00  9.374190719E+00 
       467  1.665000000E+02  0.000000000E+00  9.363437296E+00 
       468  1.667500000E+02  0.000000000E+00  9.352501088E+00 
       469  1.670000000E+02  0.000000000E+00  9.341380627E+00 
       470  1.672500000E+02  0.000000000E+00  9.330074438E+00 
       471  1.675000000E+02  0.000000000E+00  9.318581036E+00 
       472  1.677500000E+02  0.000000000E+00  9.306898928E+00 
       473  1.680000000E+02  0.000000000E+00  9.295026613E+00 
       474  1.682500000E+02  0.000000000E+00  9.282962582E+00 
       475  1.685000000E+02  0.000000000E+00  9.270705321E+00 
       476  1.687500000E+02  0.000000000E+00  9.258253305E+00 
       477  1.690000000E+02  0.000000000E+00  9.245605007E+00 
       478  1.692500000E+02  0.000000000E+00  9.232758891E+00 
       479  1.695000000E+02  0.000000000E+00  9.219713414E+00 
       480  1.697500000E+02  0.000000000E+00  9.206467030E+00 
       481  1.700000000E+02  0.000000000E+00  9.193018186E+00 
       482  1.702500000E+02  0.000000000E+00  9.179365324E+00 
       483  1.705000000E+02  0.000000000E+00  9.165506884E+00 
       484  1.707500000E+02  0.000000000E+00  9.151441298E+00 
       485  1.710000000E+02  0.000000000E+00  9.137166995E+00 
       486  1.712500000E+02  0.000000000E+00  9.122682402E+00 
       487  1.715000000E+02  0.000000000E+00  9.107985942E+00 
       488  1.717500000E+02  0.000000000E+00  9.093076035E+00 
       489  1.720000000E+02  0.000000000E+00  9.077951097E+00 
       490  1.722500000E+02  0.000000000E+00  9.062609544E+00 
       491  1.725000000E+02  0.000000000E+00  9.047049789E+00 
       492  1.727500000E+02  0.000000000E+00  9.031270244E+00 
       493  1.730000000E+02  0.000000000E+00  9.015269320E+00 
       494  1.732500000E+02  0.000000000E+00  8.999045427E+00 
       495  1.735000000E+02  0.000000000E+00  8.982596974E+00 
       496  1.737500000E+02  0.000000000E+00  8.965922371E+00 
       497  1.740000000E+02  0.000000000E+00  8.949020029E+00 
       498  1.742500000E+02  0.000000000E+00  8.931888357E+00 
       499  1.745000000E+02  0.000000000E+00  8.914525769E+00 
       500  1.747500000E+02  0.000000000E+00  8.896930678E+00 
       501  1.750000000E+02  0.000000000E+00  8.879101499E+00 
       502  1.752500000E+02  0.000000000E+00  8.861036652E+00 
       503  1.755000000E+02  0.000000000E+00  8.842734556E+00 
       504  1.757500000E+02  0.000000000E+00  8.824193636E+00 
       505  1.760000000E+02  0.000000000E+00  8.805412321E+00 
       506  1.762500000E+02  0.000000000E+00  8.786389041E+00 
       507  1.765000000E+02  0.000000000E+00  8.767122235E+00 
       508  1.767500000E+02  0.000000000E+00  8.747610343E+00 
       509  1.770000000E+02  0.000000000E+00  8.727851813E+00 
       510  1.772500000E+02  0.000000000E+00  8.707845098E+00 
       511  1.775000000E+02  0.000000000E+00  8.687588658E+00 
       512  1.777500000E+02  0.000000000E+00  8.667080959E+00 
       513  1.780000000E+02  0.000000000E+00  8.646320476E+00 
       514  1.782500000E+02  0.000000000E+00  8.625305691E+00 
       515  1.785000000E+02  0.000000000E+00  8.604035095E+00 
       516  1.787500000E+02  0.000000000E+00  8.582507189E+00 
       517  1.790000000E+02  0.000000000E+00  8.560720481E+00 
       518  1.792500000E+02  0.000000000E+00  8.538673492E+00 
       519  1.795000000E+02  0.000000000E+00  8.516364754E+00 
       520  1.797500000E+02  0.000000000E+00  8.493792810E+00 
       521  1.800000000E+02  0.000000000E+00  8.470956215E+00 
       522  1.802500000E+02  0.000000000E+00  8.447853538E+00 
       523  1.805000000E+02  0.000000000E+00  8.424483363E+00 
       524  1.807500000E+02  0.000000000E+00  8.400844286E+00 
       525  1.810000000E+02  0.000000000E+00  8.376934923E+00 
       526  1.812500000E+02  0.000000000E+00  8.352753903E+00 
       527  1.815000000E+02  0.000000000E+00  8.328299875E+00 
       528  1.817500000E+02  0.000000000E+00  8.303571507E+00 
       529  1.820000000E+02  0.000000000E+00  8.278567488E+00 
       530  1.822500000E+02  0.000000000E+00  8.253286526E+00 
       531  1.825000000E+02  0.000000000E+00  8.227727356E+00 
       532  1.827500000E+02  0.000000000E+00  8.201888736E+00 
       533  1.830000000E+02  0.000000000E+00  8.175769450E+00 
       534  1.832500000E+02  0.000000000E+00  8.149368314E+00 
       535  1.835000000E+02  0.000000000E+00  8.122684172E+00 
       536  1.837500000E+02  0.000000000E+00  8.095715903E+00 
       537  1.840000000E+02  0.000000000E+00  8.068462424E+00 
       538  1.842500000E+02  0.000000000E+00  8.040922690E+00 
       539  1.845000000E+02  0.000000000E+00  8.013095700E+00 
       540  1.847500000E+02  0.000000000E+00  7.984980500E+00 
       541  1.850000000E+02  0.000000000E+00  7.956576191E+00 
       542  1.852500000E+02  0.000000000E+00  7.927881928E+00 
       543  1.855000000E+02  0.000000000E+00  7.898896932E+00 
       544  1.857500000E+02  0.000000000E+00  7.869620492E+00 
       545  1.860000000E+02  0.000000000E+00  7.840051977E+00 
       546  1.862500000E+02  0.000000000E+00  7.810190842E+00 
       547  1.865000000E+02  0.000000000E+00  7.780036638E+00 
       548  1.867500000E+02  0.000000000E+00  7.749589025E+00 
       549  1.870000000E+02  0.000000000E+00  7.718847786E+00 
       550  1.872500000E+02  0.000000000E+00  7.687812836E+00 
       551  1.875000000E+02  0.000000000E+00  7.656484249E+00 
       552  1.877500000E+02  0.000000000E+00  7.624862269E+00 
       553  1.880000000E+02  0.000000000E+00  7.592947339E+00 
       554  1.882500000E+02  0.000000000E+00  7.560740122E+00 
       555  1.885000000E+02  0.000000000E+00  7.528241534E+00 
       556  1.887500000E+02  0.000000000E+00  7.495452780E+00 
       557  1.890000000E+02  0.000000000E+00  7.462375389E+00 
       558  1.892500000E+02  0.000000000E+00  7.429011264E+00 
       559  1.895000000E+02  0.000000000E+00  7.395362733E+00 
       560  1.897500000E+02  0.000000000E+00  7.361432610E+00 
       561  1.900000000E+02  0.000000000E+00  7.327224265E+00 
       562  1.902500000E+02  0.000000000E+00  7.292741703E+00 
       563  1.905000000E+02  0.000000000E+00  7.257989661E+00 
       564  1.907500000E+02  0.000000000E+00  7.222973712E+00 
       565  1.910000000E+02  0.000000000E+00  7.187700390E+00 
       566  1.912500000E+02  0.000000000E+00  7.152177335E+00 
       567  1.915000000E+02  0.000000000E+00  7.116413458E+00 
       568  1.917500000E+02  0.000000000E+00  7.080419134E+00 
       569  1.920000000E+02  0.000000000E+00  7.044206425E+00 
       570  1.922500000E+02  0.000000000E+00  7.007789338E+00 
       571  1.925000000E+02  0.000000000E+00  6.971184126E+00 
       572  1.927500000E+02  0.000000000E+00  6.934409637E+00 
       573  1.930000000E+02  0.000000000E+00  6.897487721E+00 
       574  1.932500000E+02  0.000000000E+00  6.860443706E+00 
       575  1.935000000E+02  0.000000000E+00  6.823306949E+00 
       576  1.937500000E+02  0.000000000E+00  6.786111492E+00 
       577  1.940000000E+02  0.000000000E+00  6.748896816E+00 
       578  1.942500000E+02  0.000000000E+00  6.711708751E+00 
       579  1.945000000E+02  0.000000000E+00  6.674600527E+00 
       580  1.947500000E+02  0.000000000E+00  6.637634040E+00 
       581  1.950000000E+02  0.000000000E+00  6.600881348E+00 
       582  1.952500000E+02  0.000000000E+00  6.564426463E+00 
       583  1.955000000E+02  0.000000000E+00  6.528367508E+00 
       584  1.957500000E+02  0.000000000E+00  6.492819326E+00 
       585  1.960000000E+02  0.000000000E+00  6.457916655E+00 
       586  1.962500000E+02  0.000000000E+00  6.423818035E+00 
       587  1.965000000E+02  0.000000000E+00  6.390710648E+00 
       588  1.967500000E+02  0.000000000E+00  6.358816376E+00 
       589  1.970000000E+02  0.000000000E+00  6.328399481E+00 
       590  1.972500000E+02  0.000000000E+00  6.299776490E+00 
       591  1.975000000E+02  0.000000000E+00  6.273329138E+00 
       592  1.977500000E+02  0.000000000E+00  6.249521627E+00 
       593  1.980000000E+02  0.000000000E+00  6.228924293E+00 
       594  1.982500000E+02  0.000000000E+00  6.212247070E+00 
       595  1.985000000E+02  0.000000000E+00  6.200388684E+00 
       596  1.987500000E+02  0.000000000E+00  6.194512839E+00 
       597  1.990000000E+02  0.000000000E+00  6.196174508E+00 
       598  1.992500000E+02  0.000000000E+00  6.207548885E+00 
       599  1.995000000E+02  0.000000000E+00  6.231896382E+00 
       600  1.997500000E+02  0.000000000E+00  6.277698155E+00 
       601  2.000000000E+02  0.000000000E+00  5.366658001E+00 
       602  2.001999988E+02  0.000000000E+00  4.723786674E+00 
       603  2.004032879E+02  0.000000000E+00  4.946233945E+00 
       604  2.006099214E+02  0.000000000E+00  5.168775569E+00 
       605  2.008199543E+02  0.000000000E+00  5.389283170E+00 
       606  2.010334426E+02  0.000000000E+00  5.607047342E+00 
       607  2.012504431E+02  0.000000000E+00  5.821423048E+00 
       608  2.014710137E+02  0.000000000E+00  6.031813659E+00 
       609  2.016952129E+02  0.000000000E+00  6.237672557E+00 
       610  2.019231006E+02  0.000000000E+00  6.438504617E+00 
       611  2.021547374E+02  0.000000000E+00  6.633867507E+00 
       612  2.023901849E+02  0.000000000E+00  6.823372610E+00 
       613  2.026295060E+02  0.000000000E+00  7.006685373E+00 
       614  2.028727642E+02  0.000000000E+00  7.183525183E+00 
       615  2.031200245E+02  0.000000000E+00  7.356872735E+00 
       616  2.033713525E+02  0.000000000E+00  7.526408998E+00 
       617  2.036268153E+02  0.000000000E+00  7.631366906E+00 
       618  2.038864808E+02  0.000000000E+00  7.729782736E+00 
       619  2.041504183E+02  0.000000000E+00  7.883414277E+00 
       620  2.044186979E+02  0.000000000E+00  8.028562962E+00 
       621  2.046913911E+02  0.000000000E+00  8.162523647E+00 
       622  2.049685706E+02  0.000000000E+00  8.289215745E+00 
       623  2.052503101E+02  0.000000000E+00  8.408753270E+00 
       624  2.055366847E+02  0.000000000E+00  8.521282270E+00 
       625  2.058277705E+02  0.000000000E+00  8.626977098E+00 
       626  2.061236452E+02  0.000000000E+00  8.726036700E+00 
       627  2.064243875E+02  0.000000000E+00  8.818680909E+00 
       628  2.067300774E+02  0.000000000E+00  8.905146900E+00 
       629  2.070407965E+02  0.000000000E+00  8.985685757E+00 
       630  2.073566273E+02  0.000000000E+00  9.060559232E+00 
       631  2.076776540E+02  0.000000000E+00  9.130036706E+00 
       632  2.080039622E+02  0.000000000E+00  9.194392375E+00 
       633  2.083356386E+02  0.000000000E+00  9.253902655E+00 
       634  2.086727716E+02  0.000000000E+00  9.308843848E+00 
       635  2.090154510E+02  0.000000000E+00  9.359490037E+00 
       636  2.093637679E+02  0.000000000E+00  9.406111242E+00 
       637  2.097178153E+02  0.000000000E+00  9.448971789E+00 
       638  2.100776872E+02  0.000000000E+00  9.488328936E+00 
       639  2.104434797E+02  0.000000000E+00  9.524431701E+00 
       640  2.108152899E+02  0.000000000E+00  9.557519900E+00 
       641  2.111932170E+02  0.000000000E+00  9.587823385E+00 
       642  2.115773617E+02  0.000000000E+00  9.615561457E+00 
       643  2.119678260E+02  0.000000000E+00  9.640942439E+00 
       644  2.123647142E+02  0.000000000E+00  9.664163404E+00 
       645  2.127681317E+02  0.000000000E+00  9.685410033E+00 
       646  2.131781861E+02  0.000000000E+00  9.704856590E+00 
       647  2.135949866E+02  0.000000000E+00  9.722666003E+00 
       648  2.140186441E+02  0.000000000E+00  9.738990032E+00 
       649  2.144492713E+02  0.000000000E+00  9.753969516E+00 
       650  2.148869831E+02  0.000000000E+00  9.767734685E+00 
       651  2.153318959E+02  0.000000000E+00  9.780405522E+00 
       652  2.157841282E+02  0.000000000E+00  9.792092171E+00 
       653  2.162438005E+02  0.000000000E+00  9.802895375E+00 
       654  2.167110350E+02  0.000000000E+00  9.812906939E+00 
       655  2.171859563E+02  0.000000000E+00  9.822210216E+00 
       656  2.176686908E+02  0.000000000E+00  9.830880592E+00 
       657  2.181593671E+02  0.000000000E+00  9.838985987E+00 
       658  2.186581157E+02  0.000000000E+00  9.846587346E+00 
       659  2.191650695E+02  0.000000000E+00  9.853739126E+00 
       660  2.196803635E+02  0.000000000E+00  9.860489775E+00 
       661  2.202041348E+02  0.000000000E+00  9.866882197E+00 
       662  2.207365230E+02  0.000000000E+00  9.872954207E+00 
       663  2.212776699E+02  0.000000000E+00  9.878738953E+00 
       664  2.218277194E+02  0.000000000E+00  9.884265342E+00 
       665  2.223868182E+02  0.000000000E+00  9.889558423E+00 
       666  2.229551149E+02  0.000000000E+00  9.894639761E+00 
       667  2.235327610E+02  0.000000000E+00  9.899527790E+00 
       668  2.241199103E+02  0.000000000E+00  9.904238135E+00 
       669  2.247167191E+02  0.000000000E+00  9.908783923E+00 
       670  2.253233464E+02  0.000000000E+00  9.913176062E+00 
       671  2.259399536E+02  0.000000000E+00  9.917423505E+00 
       672  2.265667050E+02  0.000000000E+00  9.921533492E+00 
       673  2.272037674E+02  0.000000000E+00  9.925511771E+00 
       674  2.278513104E+02  0.000000000E+00  9.929362799E+00 
       675  2.285095066E+02  0.000000000E+00  9.933089925E+00 
       676  2.291785311E+02  0.000000000E+00  9.936695558E+00 
       677  2.298585621E+02  0.000000000E+00  9.940181312E+00 
       678  2.305497807E+02  0.000000000E+00  9.943548143E+00 
       679  2.312523708E+02  0.000000000E+00  9.946796462E+00 
       680  2.319665197E+02  0.000000000E+00  9.949926242E+00 
       681  2.326924175E+02  0.000000000E+00  9.952937106E+00 
       682  2.334302574E+02  0.000000000E+00  9.955828405E+00 
       683  2.341802359E+02  0.000000000E+00  9.958599279E+00 
       684  2.349425527E+02  0.000000000E+00  9.961248717E+00 
       685  2.357174108E+02  0.000000000E+00  9.963775593E+00 
       686  2.365050165E+02  0.000000000E+00  9.966178700E+00 
       687  2.373055796E+02  0.000000000E+00  9.968456770E+00 
       688  2.381193132E+02  0.000000000E+00  9.970608487E+00 
       689  2.389464340E+02  0.000000000E+00  9.972632485E+00 
       690  2.397871622E+02  0.000000000E+00  9.974527344E+00 
       691  2.406417216E+02  0.000000000E+00  9.976291566E+00 
       692  2.415103399E+02  0.000000000E+00  9.977923554E+00 
       693  2.423932484E+02  0.000000000E+00  9.979421566E+00 
       694  2.432906820E+02  0.000000000E+00  9.980783678E+00 
       695  2.442028798E+02  0.000000000E+00  9.982007717E+00 
       696  2.451300847E+02  0.000000000E+00  9.983091201E+00 
       697  2.460725436E+02  0.000000000E+00  9.984031259E+00 
       698  2.470305073E+02  0.000000000E+00  9.984824545E+00 
       699  2.480042311E+02  0.000000000E+00  9.985467144E+00 
       700  2.489939742E+02  0.000000000E+00  9.985954461E+00 
       701  2.500000000E+02  0.000000000E+00  9.986281117E+00 
       702  2.510060258E+02  0.000000000E+00  9.986439591E+00 
       703  2.519957689E+02  0.000000000E+00  9.986432402E+00 
       704  2.529694927E+02  0.000000000E+00  9.986267629E+00 
       705  2.539274564E+02  0.000000000E+00  9.985952205E+00 
       706  2.548699153E+02  0.000000000E+00  9.985492154E+00 
       707  2.557971202E+02  0.000000000E+00  9.984892745E+00 
       708  2.567093180E+02  0.000000000E+00  9.984158578E+00 
       709  2.576067516E+02  0.000000000E+00  9.983293706E+00 
       710  2.584896601E+02  0.000000000E+00  9.982301745E+00 
       711  2.593582784E+02  0.000000000E+00  9.981185968E+00 
       712  2.602128379E+02  0.000000000E+00  9.979949390E+00 
       713  2.610535660E+02  0.000000000E+00  9.978594855E+00 
       714  2.618806868E+02  0.000000000E+00  9.977125105E+00 
       715  2.626944204E+02  0.000000000E+00  9.975542854E+00 
       716  2.634949835E+02  0.000000000E+00  9.973850847E+00 
       717  2.642825892E+02  0.000000000E+00  9.972051930E+00 
       718  2.650574473E+02  0.000000000E+00  9.970149103E+00 
       719  2.658197641E+02  0.000000000E+00  9.968145587E+00 
       720  2.665697426E+02  0.000000000E+00  9.966044875E+00 
       721  2.673075825E+02  0.000000000E+00  9.963850801E+00 
       722  2.680334803E+02  0.000000000E+00  9.961567598E+00 
       723  2.687476292E+02  0.000000000E+00  9.959199971E+00 
       724  2.694502193E+02  0.000000000E+00  9.956753164E+00 
       725  2.701414379E+02  0.000000000E+00  9.954233047E+00 
       726  2.708214689E+02  0.000000000E+00  9.951646199E+00 
       727  2.714904934E+02  0.000000000E+00  9.949000004E+00 
       728  2.721486896E+02  0.000000000E+00  9.946302766E+00 
       729  2.727962326E+02  0.000000000E+00  9.943563823E+00 
       730  2.734332950E+02  0.000000000E+00  9.940793682E+00 
       731  2.740600464E+02  0.000000000E+00  9.938004173E+00 
       732  2.746766536E+02  0.000000000E+00  9.935208611E+00 
       733  2.752832808E+02  0.000000000E+00  9.932421984E+00 
       734  2.758800897E+02  0.000000000E+00  9.929661152E+00 
       735  2.764672390E+02  0.000000000E+00  9.926945076E+00 
       736  2.770448851E+02  0.000000000E+00  9.924295066E+00 
       737  2.776131818E+02  0.000000000E+00  9.921735047E+00 
       738  2.781722806E+02  0.000000000E+00  9.919291858E+00 
       739  2.787223301E+02  0.000000000E+00  9.916995572E+00 
       740  2.792634769E+02  0.000000000E+00  9.914879843E+00 
       741  2.797958652E+02  0.000000000E+00  9.912982280E+00 
       742  2.803196365E+02  0.000000000E+00  9.911344854E+00 
       743  2.808349305E+02  0.000000000E+00  9.910014328E+00 
       744  2.813418843E+02  0.000000000E+00  9.909042720E+00 
       745  2.818406329E+02  0.000000000E+00  9.908487814E+00 
       746  2.823313092E+02  0.000000000E+00  9.908413617E+00 
       747  2.828140437E+02  0.000000000E+00  9.908890917E+00 
       748  2.832889650E+02  0.000000000E+00  9.909998041E+00 
       749  2.837561995E+02  0.000000000E+00  9.911821363E+00 
       750  2.842158718E+02  0.000000000E+00  9.914455865E+00 
       751  2.846681041E+02  0.000000000E+00  9.918005922E+00 
       752  2.851130169E+02  0.000000000E+00  9.922586020E+00 
       753  2.855507287E+02  0.000000000E+00  9.928321523E+00 
       754  2.859813560E+02  0.000000000E+00  9.935349472E+00 
       755  2.864050134E+02  0.000000000E+00  9.943819436E+00 
       756  2.868218139E+02  0.000000000E+00  9.953894416E+00 
       757  2.872318683E+02  0.000000000E+00  9.965751786E+00 
       758  2.876352858E+02  0.000000000E+00  9.979584308E+00 
       759  2.880321740E+02  0.000000000E+00  9.995601206E+00 
       760  2.884226383E+02  0.000000000E+00  1.001402931E+01 
       761  2.888067830E+02  0.000000000E+00  1.003511430E+01 
       762  2.891847101E+02  0.000000000E+00  1.005912201E+01 
       763  2.895565204E+02  0.000000000E+00  1.008633990E+01 
       764  2.899223128E+02  0.000000000E+00  1.011707859E+01 
       765  2.902821847E+02  0.000000000E+00  1.015167358E+01 
       766  2.906362321E+02  0.000000000E+00  1.019048716E+01 
       767  2.909845490E+02  0.000000000E+00  1.023391044E+01 
       768  2.913272284E+02  0.000000000E+00  1.028236569E+01 
       769  2.916643614E+02  0.000000000E+00  1.033630886E+01 
       770  2.919960378E+02  0.000000000E+00  1.039623250E+01 
       771  2.923223460E+02  0.000000000E+00  1.046266892E+01 
       772  2.926433727E+02  0.000000000E+00  1.053619381E+01 
       773  2.929592035E+02  0.000000000E+00  1.061743036E+01 
       774  2.932699226E+02  0.000000000E+00  1.070705377E+01 
       775  2.935756125E+02  0.000000000E+00  1.080579656E+01 
       776  2.938763548E+02  0.000000000E+00  1.091445444E+01 
       777  2.941722295E+02  0.000000000E+00  1.103389309E+01 
       778  2.944633153E+02  0.000000000E+00  1.116505584E+01 
       779  2.947496899E+02  0.000000000E+00  1.130897245E+01 
       780  2.950314294E+02  0.000000000E+00  1.146676919E+01 
       781  2.953086088E+02  0.000000000E+00  1.163968036E+01 
       782  2.955813021E+02  0.000000000E+00  1.182906157E+01 
       783  2.958495817E+02  0.000000000E+00  1.203640496E+01 
       784  2.961135192E+02  0.000000000E+00  1.226335681E+01 
       785  2.963731847E+02  0.000000000E+00  1.251173793E+01 
       786  2.966286475E+02  0.000000000E+00  1.278356716E+01 
       787  2.968799755E+02  0.000000000E+00  1.308108882E+01 
       788  2.971272358E+02  0.000000000E+00  1.340680460E+01 
       789  2.973704940E+02  0.000000000E+00  1.376351079E+01 
       790  2.976098151E+02  0.000000000E+00  1.415434199E+01 
       791  2.978452626E+02  0.000000000E+00  1.458282236E+01 
       792  2.980768994E+02  0.000000000E+00  1.505292619E+01 
       793  2.983047871E+02  0.000000000E+00  1.556914958E+01 
       794  2.985289863E+02  0.000000000E+00  1.613659547E+01 
       795  2.987495568E+02  0.000000000E+00  1.590349266E+01 
       796  2.989665574E+02  0.000000000E+00  1.564954133E+01 
       797  2.991800457E+02  0.000000000E+00  1.620236626E+01 
       798  2.993900786E+02  0.000000000E+00  1.681131401E+01 
       799  2.995967121E+02  0.000000000E+00  1.748383860E+01 
       800  2.998000012E+02  0.000000000E+00  1.823449702E+01 
       801  3.000000000E+02  0.000000000E+00  1.720843766E+01 
       802  3.002500000E+02  0.000000000E+00  1.553297852E+01 
       803  3.005000000E+02  0.000000000E+00  1.569046877E+01 
       804  3.007500000E+02  0.000000000E+00  1.578603727E+01 
       805  3.010000000E+02  0.000000000E+00  1.584716855E+01 
       806  3.012500000E+02  0.000000000E+00  1.588313897E+01 
       807  3.015000000E+02  0.000000000E+00  1.589991453E+01 
       808  3.017500000E+02  0.000000000E+00  1.590163994E+01 
       809  3.020000000E+02  0.000000000E+00  1.589135020E+01 
       810  3.022500000E+02  0.000000000E+00  1.587135013E+01 
       811  3.025000000E+02  0.000000000E+00  1.584343618E+01 
       812  3.027500000E+02  0.000000000E+00  1.580903578E+01 
       813  3.030000000E+02  0.000000000E+00  1.576929987E+01 
       814  3.032500000E+02  0.000000000E+00  1.572516708E+01 
       815  3.035000000E+02  0.000000000E+00  1.567740984E+01 
       816  3.037500000E+02  0.000000000E+00  1.562666838E+01 
       817  3.040000000E+02  0.000000000E+00  1.557347656E+01 
       818  3.042500000E+02  0.000000000E+00  1.551828162E+01 
       819  3.045000000E+02  0.000000000E+00  1.546145983E+01 
       820  3.047500000E+02  0.000000000E+00  1.540332873E+01 
       821  3.050000000E+02  0.000000000E+00  1.534415715E+01 
       822  3.052500000E+02  0.000000000E+00  1.528417315E+01 
       823  3.055000000E+02  0.000000000E+00  1.522357064E+01 
       824  3.057500000E+02  0.000000000E+00  1.516251477E+01 
       825  3.060000000E+02  0.000000000E+00  1.510114642E+01 
       826  3.062500000E+02  0.000000000E+00  1.503958592E+01 
       827  3.065000000E+02  0.000000000E+00  1.497793615E+01 
       828  3.067500000E+02  0.000000000E+00  1.491628518E+01 
       829  3.070000000E+02  0.000000000E+00  1.485470846E+01 
       830  3.072500000E+02  0.000000000E+00  1.479327068E+01 
       831  3.075000000E+02  0.000000000E+00  1.473202731E+01 
       832  3.077500000E+02  0.000000000E+00  1.467102599E+01 
       833  3.080000000E+02  0.000000000E+00  1.461030760E+01 
       834  3.082500000E+02  0.000000000E+00  1.454990728E+01 
       835  3.085000000E+02  0.000000000E+00  1.448985519E+01 
       836  3.087500000E+02  0.000000000E+00  1.443017725E+01 
       837  3.090000000E+02  0.000000000E+00  1.437089574E+01 
       838  3.092500000E+02  0.000000000E+00  1.431202977E+01 
       839  3.095000000E+02  0.000000000E+00  1.425359576E+01 
       840  3.097500000E+02  0.000000000E+00  1.419560778E+01 
       841  3.100000000E+02  0.000000000E+00  1.413807790E+01 
       842  3.102500000E+02  0.000000000E+00  1.408101643E+01 
       843  3.105000000E+02  0.000000000E+00  1.402443219E+01 
       844  3.107500000E+02  0.000000000E+00  1.396833266E+01 
       845  3.110000000E+02  0.000000000E+00  1.391272421E+01 
       846  3.112500000E+02  0.000000000E+00  1.385761223E+01 
       847  3.115000000E+02  0.000000000E+00  1.380300123E+01 
       848  3.117500000E+02  0.000000000E+00  1.374889497E+01 
       849  3.120000000E+02  0.000000000E+00  1.369529658E+01 
       850  3.122500000E+02  0.000000000E+00  1.364220859E+01 
       851  3.125000000E+02  0.000000000E+00  1.358963302E+01 
       852  3.127500000E+02  0.000000000E+00  1.353757147E+01 
       853  3.130000000E+02  0.000000000E+00  1.348602513E+01 
       854  3.132500000E+02  0.000000000E+00  1.343499484E+01 
       855  3.135000000E+02  0.000000000E+00  1.338448112E+01 
       856  3.137500000E+02  0.000000000E+00  1.333448423E+01 
       857  3.140000000E+02  0.000000000E+00  1.328500418E+01 
       858  3.142500000E+02  0.000000000E+00  1.323604074E+01 
       859  3.145000000E+02  0.000000000E+00  1.318759348E+01 
       860  3.147500000E+02  0.000000000E+00  1.313966179E+01 
       861  3.150000000E+02  0.000000000E+00  1.309224491E+01 
       862  3.152500000E+02  0.000000000E+00  1.304534189E+01 
       863  3.155000000E+02  0.000000000E+00  1.299895166E+01 
       864  3.157500000E+02  0.000000000E+00  1.295307301E+01 
       865  3.160000000E+02  0.000000000E+00  1.290770463E+01 
       866  3.162500000E+02  0.000000000E+00  1.286284506E+01 
       867  3.165000000E+02  0.000000000E+00  1.281849276E+01 
       868  3.167500000E+02  0.000000000E+00  1.277464609E+01 
       869  3.170000000E+02  0.000000000E+00  1.273130330E+01 
       870  3.172500000E+02  0.000000000E+00  1.268846258E+01 
       871  3.175000000E+02  0.000000000E+00  1.264612199E+01 
       872  3.177500000E+02  0.000000000E+00  1.260427956E+01 
       873  3.180000000E+02  0.000000000E+00  1.256293322E+01 
       874  3.182500000E+02  0.000000000E+00  1.252208082E+01 
       875  3.185000000E+02  0.000000000E+00  1.248172016E+01 
       876  3.187500000E+02  0.000000000E+00  1.244184895E+01 
       877  3.190000000E+02  0.000000000E+00  1.240246487E+01 
       878  3.192500000E+02  0.000000000E+00  1.236356550E+01 
       879  3.195000000E+02  0.000000000E+00  1.232514840E+01 
       880  3.197500000E+02  0.000000000E+00  1.228721105E+01 
       881  3.200000000E+02  0.000000000E+00  1.224975087E+01 
       882  3.202500000E+02  0.000000000E+00  1.221276525E+01 
       883  3.205000000E+02  0.000000000E+00  1.217625151E+01 
       884  3.207500000E+02  0.000000000E+00  1.214020694E+01 
       885  3.210000000E+02  0.000000000E+00  1.210462877E+01 
       886  3.212500000E+02  0.000000000E+00  1.206951418E+01 
       887  3.215000000E+02  0.000000000E+00  1.203486034E+01 
       888  3.217500000E+02  0.000000000E+00  1.200066434E+01 
       889  3.220000000E+02  0.000000000E+00  1.196692324E+01 
       890  3.222500000E+02  0.000000000E+00  1.193363409E+01 
       891  3.225000000E+02  0.000000000E+00  1.190079387E+01 
       892  3.227500000E+02  0.000000000E+00  1.186839953E+01 
       893  3.230000000E+02  0.000000000E+00  1.183644802E+01 
       894  3.232500000E+02  0.000000000E+00  1.180493621E+01 
       895  3.235000000E+02  0.000000000E+00  1.177386098E+01 
       896  3.237500000E+02  0.000000000E+00  1.174321915E+01 
       897  3.240000000E+02  0.000000000E+00  1.171300755E+01 
       898  3.242500000E+02  0.000000000E+00  1.168322295E+01 
       899  3.245000000E+02  0.000000000E+00  1.165386211E+01 
       900  3.247500000E+02  0.000000000E+00  1.162492177E+01 
       901  3.250000000E+02  0.000000000E+00  1.159639865E+01 
       902  3.252500000E+02  0.000000000E+00  1.156828944E+01 
       903  3.255000000E+02  0.000000000E+00  1.154059082E+01 
       904  3.257500000E+02  0.000000000E+00  1.151329945E+01 
       905  3.260000000E+02  0.000000000E+00  1.148641198E+01 
       906  3.262500000E+02  0.000000000E+00  1.145992504E+01 
       907  3.265000000E+02  0.000000000E+00  1.143383526E+01 
       908  3.267500000E+02  0.000000000E+00  1.140813923E+01 
       909  3.270000000E+02  0.000000000E+00  1.138283356E+01 
       910  3.272500000E+02  0.000000000E+00  1.135791483E+01 
       911  3.275000000E+02  0.000000000E+00  1.133337963E+01 
       912  3.277500000E+02  0.000000000E+00  1.130922454E+01 
       913  3.280000000E+02  0.000000000E+00  1.128544612E+01 
       914  3.282500000E+02  0.000000000E+00  1.126204094E+01 
       915  3.285000000E+02  0.000000000E+00  1.123900556E+01 
       916  3.287500000E+02  0.000000000E+00  1.121633656E+01 
       917  3.290000000E+02  0.000000000E+00  1.119403049E+01 
       918  3.292500000E+02  0.000000000E+00  1.117208392E+01 
       919  3.295000000E+02  0.000000000E+00  1.115049341E+01 
       920  3.297500000E+02  0.000000000E+00  1.112925555E+01 
       921  3.300000000E+02  0.000000000E+00  1.110836689E+01 
       922  3.302500000E+02  0.000000000E+00  1.108782403E+01 
       923  3.305000000E+02  0.000000000E+00  1.106762354E+01 
       924  3.307500000E+02  0.000000000E+00  1.104776204E+01 
       925  3.310000000E+02  0.000000000E+00  1.102823612E+01 
       926  3.312500000E+02  0.000000000E+00  1.100904239E+01 
       927  3.315000000E+02  0.000000000E+00  1.099017750E+01 
       928  3.317500000E+02  0.000000000E+00  1.097163806E+01 
       929  3.320000000E+02  0.000000000E+00  1.095342074E+01 
       930  3.322500000E+02  0.000000000E+00  1.093552221E+01 
       931  3.325000000E+02  0.000000000E+00  1.091793913E+01 
       932  3.327500000E+02  0.000000000E+00  1.090066822E+01 
       933  3.330000000E+02  0.000000000E+00  1.088370618E+01 
       934  3.332500000E+02  0.000000000E+00  1.086704974E+01 
       935  3.335000000E+02  0.000000000E+00  1.085069566E+01 
       936  3.337500000E+02  0.000000000E+00  1.083464071E+01 
       937  3.340000000E+02  0.000000000E+00  1.081888168E+01 
       938  3.342500000E+02  0.000000000E+00  1.080341537E+01 
       939  3.345000000E+02  0.000000000E+00  1.078823864E+01 
       940  3.347500000E+02  0.000000000E+00  1.077334832E+01 
       941  3.350000000E+02  0.000000000E+00  1.075874131E+01 
       942  3.352500000E+02  0.000000000E+00  1.074441450E+01 
       943  3.355000000E+02  0.000000000E+00  1.073036484E+01 
       944  3.357500000E+02  0.000000000E+00  1.071658927E+01 
       945  3.360000000E+02  0.000000000E+00  1.070308478E+01 
       946  3.362500000E+02  0.000000000E+00  1.068984838E+01 
       947  3.365000000E+02  0.000000000E+00  1.067687711E+01 
       948  3.367500000E+02  0.000000000E+00  1.066416804E+01 
       949  3.370000000E+02  0.000000000E+00  1.065171827E+01 
       950  3.372500000E+02  0.000000000E+00  1.063952491E+01 
       951  3.375000000E+02  0.000000000E+00  1.062758513E+01 
       952  3.377500000E+02  0.000000000E+00  1.061589612E+01 
       953  3.380000000E+02  0.000000000E+00  1.060445509E+01 
       954  3.382500000E+02  0.000000000E+00  1.059325931E+01 
       955  3.385000000E+02  0.000000000E+00  1.058230605E+01 
       956  3.387500000E+02  0.000000000E+00  1.057159263E+01 
       957  3.390000000E+02  0.000000000E+00  1.056111641E+01 
       958  3.392500000E+02  0.000000000E+00  1.055087477E+01 
       959  3.395000000E+02  0.000000000E+00  1.054086513E+01 
       960  3.397500000E+02  0.000000000E+00  1.053108496E+01 
       961  3.400000000E+02  0.000000000E+00  1.052153174E+01 
       962  3.402500000E+02  0.000000000E+00  1.051220300E+01 
       963  3.405000000E+02  0.000000000E+00  1.050309632E+01 
       964  3.407500000E+02  0.000000000E+00  1.049420928E+01 
       965  3.410000000E+02  0.000000000E+00  1.048553953E+01 
       966  3.412500000E+02  0.000000000E+00  1.047708475E+01 
       967  3.415000000E+02  0.000000000E+00  1.046884266E+01 
       968  3.417500000E+02  0.000000000E+00  1.046081100E+01 
       969  3.420000000E+02  0.000000000E+00  1.045298757E+01 
       970  3.422500000E+02  0.000000000E+00  1.044537021E+01 
       971  3.425000000E+02  0.000000000E+00  1.043795678E+01 
       972  3.427500000E+02  0.000000000E+00  1.043074519E+01 
       973  3.430000000E+02  0.000000000E+00  1.042373341E+01 
       974  3.432500000E+02  0.000000000E+00  1.041691940E+01 
       975  3.435000000E+02  0.000000000E+00  1.041030122E+01 
       976  3.437500000E+02  0.000000000E+00  1.040387693E+01 
       977  3.440000000E+02  0.000000000E+00  1.039764464E+01 
       978  3.442500000E+02  0.000000000E+00  1.039160252E+01 
       979  3.445000000E+02  0.000000000E+00  1.038574875E+01 
       980  3.447500000E+02  0.000000000E+00  1.038008158E+01 
       981  3.450000000E+02  0.000000000E+00  1.037459928E+01 
       982  3.452500000E+02  0.000000000E+00  1.036930018E+01 
       983  3.455000000E+02  0.000000000E+00  1.036418265E+01 
       984  3.457500000E+02  0.000000000E+00  1.035924507E+01 
       985  3.460000000E+02  0.000000000E+00  1.035448592E+01 
       986  3.462500000E+02  0.000000000E+00  1.034990368E+01 
       987  3.465000000E+02  0.000000000E+00  1.034549688E+01 
       988  3.467500000E+02  0.000000000E+00  1.034126410E+01 
       989  3.470000000E+02  0.000000000E+00  1.033720396E+01 
       990  3.472500000E+02  0.000000000E+00  1.033331513E+01 
       991  3.475000000E+02  0.000000000E+00  1.032959632E+01 
       992  3.477500000E+02  0.000000000E+00  1.032604627E+01 
       993  3.480000000E+02  0.000000000E+00  1.032266378E+01 
       994  3.482500000E+02  0.000000000E+00  1.031944768E+01 
       995  3.485000000E+02  0.000000000E+00  1.031639686E+01 
       996  3.487500000E+02  0.000000000E+00  1.031351025E+01 
       997  3.490000000E+02  0.000000000E+00  1.031078681E+01 
       998  3.492500000E+02  0.000000000E+00  1.030822555E+01 
       999  3.495000000E+02  0.000000000E+00  1.030582554E+01 
      1000  3.497500000E+02  0.000000000E+00  1.030358587E+01 
      1001  3.500000000E+02  0.000000000E+00  1.030150569E+01 
      1002  3.502500000E+02  0.000000000E+00  1.029958418E+01 
      1003  3.505000000E+02  0.000000000E+00  1.029782058E+01 
      1004  3.507500000E+02  0.000000000E+00  1.029621416E+01 
      1005  3.510000000E+02  0.000000000E+00  1.029476426E+01 
      1006  3.512500000E+02  0.000000000E+00  1.029347022E+01 
      1007  3.515000000E+02  0.000000000E+00  1.029233146E+01 
      1008  3.517500000E+02  0.000000000E+00  1.029134744E+01 
      1009  3.520000000E+02  0.000000000E+00  1.029051764E+01 
      1010  3.522500000E+02  0.000000000E+00  1.028984162E+01 
      1011  3.525000000E+02  0.000000000E+00  1.028931894E+01 
      1012  3.527500000E+02  0.000000000E+00  1.028894926E+01 
      1013  3.530000000E+02  0.000000000E+00  1.028873223E+01 
      1014  3.532500000E+02  0.000000000E+00  1.028866757E+01 
      1015  3.535000000E+02  0.000000000E+00  1.028875504E+01 
      1016  3.537500000E+02  0.000000000E+00  1.028899446E+01 
      1017  3.540000000E+02  0.000000000E+00  1.028938565E+01 
      1018  3.542500000E+02  0.000000000E+00  1.028992853E+01 
      1019  3.545000000E+02  0.000000000E+00  1.029062302E+01 
      1020  3.547500000E+02  0.000000000E+00  1.029146910E+01 
      1021  3.550000000E+02  0.000000000E+00  1.029246679E+01 
      1022  3.552500000E+02  0.000000000E+00  1.029361616E+01 
      1023  3.555000000E+02  0.000000000E+00  1.029491733E+01 
      1024  3.557500000E+02  0.000000000E+00  1.029637043E+01 
      1025  3.560000000E+02  0.000000000E+00  1.029797567E+01 
      1026  3.562500000E+02  0.000000000E+00  1.029973329E+01 
      1027  3.565000000E+02  0.000000000E+00  1.030164356E+01 
      1028  3.567500000E+02  0.000000000E+00  1.030370682E+01 
      1029  3.570000000E+02  0.000000000E+00  1.030592342E+01 
      1030  3.572500000E+02  0.000000000E+00  1.030829379E+01 
      1031  3.575000000E+02  0.000000000E+00  1.031081837E+01 
      1032  3.577500000E+02  0.000000000E+00  1.031349765E+01 
      1033  3.580000000E+02  0.000000000E+00  1.031633218E+01 
      1034  3.582500000E+02  0.000000000E+00  1.031932254E+01 
      1035  3.585000000E+02  0.000000000E+00  1.032246934E+01 
      1036  3.587500000E+02  0.000000000E+00  1.032577325E+01 
      1037  3.590000000E+02  0.000000000E+00  1.032923498E+01 
      1038  3.592500000E+02  0.000000000E+00  1.033285528E+01 
      1039  3.595000000E+02  0.000000000E+00  1.033663492E+01 
      1040  3.597500000E+02  0.000000000E+00  1.034057475E+01 
      1041  3.600000000E+02  0.000000000E+00  1.034467563E+01 
      1042  3.602500000E+02  0.000000000E+00  1.034893848E+01 
      1043  3.605000000E+02  0.000000000E+00  1.035336425E+01 
      1044  3.607500000E+02  0.000000000E+00  1.035795393E+01 
      1045  3.610000000E+02  0.000000000E+00  1.036270856E+01 
      1046  3.612500000E+02  0.000000000E+00  1.036762921E+01 
      1047  3.615000000E+02  0.000000000E+00  1.037271700E+01 
      1048  3.617500000E+02  0.000000000E+00  1.037797309E+01 
      1049  3.620000000E+02  0.000000000E+00  1.038339866E+01 
      1050  3.622500000E+02  0.000000000E+00  1.038899495E+01 
      1051  3.625000000E+02  0.000000000E+00  1.039476325E+01 
      1052  3.627500000E+02  0.000000000E+00  1.040070485E+01 
      1053  3.630000000E+02  0.000000000E+00  1.040682111E+01 
      1054  3.632500000E+02  0.000000000E+00  1.041311342E+01 
      1055  3.635000000E+02  0.000000000E+00  1.041958321E+01 
      1056  3.637500000E+02  0.000000000E+00  1.042623195E+01 
      1057  3.640000000E+02  0.000000000E+00  1.043306114E+01 
      1058  3.642500000E+02  0.000000000E+00  1.044007232E+01 
      1059  3.645000000E+02  0.000000000E+00  1.044726708E+01 
      1060  3.647500000E+02  0.000000000E+00  1.045464703E+01 
      1061  3.650000000E+02  0.000000000E+00  1.046221383E+01 
      1062  3.652500000E+02  0.000000000E+00  1.046996916E+01 
      1063  3.655000000E+02  0.000000000E+00  1.047791476E+01 
      1064  3.657500000E+02  0.000000000E+00  1.048605238E+01 
      1065  3.660000000E+02  0.000000000E+00  1.049438383E+01 
      1066  3.662500000E+02  0.000000000E+00  1.050291093E+01 
      1067  3.665000000E+02  0.000000000E+00  1.051163556E+01 
      1068  3.667500000E+02  0.000000000E+00  1.052055963E+01 
      1069  3.670000000E+02  0.000000000E+00  1.052968506E+01 
      1070  3.672500000E+02  0.000000000E+00  1.053901383E+01 
      1071  3.675000000E+02  0.000000000E+00  1.054854795E+01 
      1072  3.677500000E+02  0.000000000E+00  1.055828945E+01 
      1073  3.680000000E+02  0.000000000E+00  1.056824041E+01 
      1074  3.682500000E+02  0.000000000E+00  1.057840293E+01 
      1075  3.685000000E+02  0.000000000E+00  1.058877915E+01 
      1076  3.687500000E+02  0.000000000E+00  1.059937123E+01 
      1077  3.690000000E+02  0.000000000E+00  1.061018138E+01 
      1078  3.692500000E+02  0.000000000E+00  1.062121182E+01 
      1079  3.695000000E+02  0.000000000E+00  1.063246481E+01 
      1080  3.697500000E+02  0.000000000E+00  1.064394265E+01 
      1081  3.700000000E+02  0.000000000E+00  1.065564765E+01 
      1082  3.702500000E+02  0.000000000E+00  1.066758216E+01 
      1083  3.705000000E+02  0.000000000E+00  1.067974856E+01 
      1084  3.707500000E+02  0.000000000E+00  1.069214926E+01 
      1085  3.710000000E+02  0.000000000E+00  1.070478668E+01 
      1086  3.712500000E+02  0.000000000E+00  1.071766329E+01 
      1087  3.715000000E+02  0.000000000E+00  1.073078157E+01 
      1088  3.717500000E+02  0.000000000E+00  1.074414403E+01 
      1089  3.720000000E+02  0.000000000E+00  1.075775321E+01 
      1090  3.722500000E+02  0.000000000E+00  1.077161168E+01 
      1091  3.725000000E+02  0.000000000E+00  1.078572202E+01 
      1092  3.727500000E+02  0.000000000E+00  1.080008683E+01 
      1093  3.730000000E+02  0.000000000E+00  1.081470875E+01 
      1094  3.732500000E+02  0.000000000E+00  1.082959044E+01 
      1095  3.735000000E+02  0.000000000E+00  1.084473458E+01 
      1096  3.737500000E+02  0.000000000E+00  1.086014385E+01 
      1097  3.740000000E+02  0.000000000E+00  1.087582098E+01 
      1098  3.742500000E+02  0.000000000E+00  1.089176870E+01 
      1099  3.745000000E+02  0.000000000E+00  1.090798978E+01 
      1100  3.747500000E+02  0.000000000E+00  1.092448699E+01 
      1101  3.750000000E+02  0.000000000E+00  1.094126312E+01 
      1102  3.752500000E+02  0.000000000E+00  1.095832098E+01 
      1103  3.755000000E+02  0.000000000E+00  1.097566339E+01 
      1104  3.757500000E+02  0.000000000E+00  1.099329320E+01 
      1105  3.760000000E+02  0.000000000E+00  1.101121327E+01 
      1106  3.762500000E+02  0.000000000E+00  1.102942646E+01 
      1107  3.765000000E+02  0.000000000E+00  1.104793566E+01 
      1108  3.767500000E+02  0.000000000E+00  1.106674376E+01 
      1109  3.770000000E+02  0.000000000E+00  1.108585366E+01 
      1110  3.772500000E+02  0.000000000E+00  1.110526829E+01 
      1111  3.775000000E+02  0.000000000E+00  1.112499058E+01 
      1112  3.777500000E+02  0.000000000E+00  1.114502345E+01 
      1113  3.780000000E+02  0.000000000E+00  1.116536985E+01 
      1114  3.782500000E+02  0.000000000E+00  1.118603273E+01 
      1115  3.785000000E+02  0.000000000E+00  1.120701504E+01 
      1116  3.787500000E+02  0.000000000E+00  1.122831975E+01 
      1117  3.790000000E+02  0.000000000E+00  1.124994983E+01 
      1118  3.792500000E+02  0.000000000E+00  1.127190823E+01 
      1119  3.795000000E+02  0.000000000E+00  1.129419793E+01 
      1120  3.797500000E+02  0.000000000E+00  1.131682190E+01 
      1121  3.800000000E+02  0.000000000E+00  1.133978310E+01 
      1122  3.802500000E+02  0.000000000E+00  1.136308452E+01 
      1123  3.805000000E+02  0.000000000E+00  1.138672910E+01 
      1124  3.807500000E+02  0.000000000E+00  1.141071981E+01 
      1125  3.810000000E+02  0.000000000E+00  1.143505960E+01 
      1126  3.812500000E+02  0.000000000E+00  1.145975143E+01 
      1127  3.815000000E+02  0.000000000E+00  1.148479822E+01 
      1128  3.817500000E+02  0.000000000E+00  1.151020291E+01 
      1129  3.820000000E+02  0.000000000E+00  1.153596842E+01 
      1130  3.822500000E+02  0.000000000E+00  1.156209765E+01 
      1131  3.825000000E+02  0.000000000E+00  1.158859347E+01 
      1132  3.827500000E+02  0.000000000E+00  1.161545876E+01 
      1133  3.830000000E+02  0.000000000E+00  1.164269637E+01 
      1134  3.832500000E+02  0.000000000E+00  1.167030912E+01 
      1135  3.835000000E+02  0.000000000E+00  1.169829980E+01 
      1136  3.837500000E+02  0.000000000E+00  1.172667118E+01 
      1137  3.840000000E+02  0.000000000E+00  1.175542600E+01 
      1138  3.842500000E+02  0.000000000E+00  1.178456695E+01 
      1139  3.845000000E+02  0.000000000E+00  1.181409668E+01 
      1140  3.847500000E+02  0.000000000E+00  1.184401781E+01 
      1141  3.850000000E+02  0.000000000E+00  1.187433289E+01 
      1142  3.852500000E+02  0.000000000E+00  1.190504441E+01 
      1143  3.855000000E+02  0.000000000E+00  1.193615481E+01 
      1144  3.857500000E+02  0.000000000E+00  1.196766644E+01 
      1145  3.860000000E+02  0.000000000E+00  1.199958157E+01 
      1146  3.862500000E+02  0.000000000E+00  1.203190238E+01 
      1147  3.865000000E+02  0.000000000E+00  1.206463093E+01 
      1148  3.867500000E+02  0.000000000E+00  1.209776917E+01 
      1149  3.870000000E+02  0.000000000E+00  1.213131891E+01 
      1150  3.872500000E+02  0.000000000E+00  1.216528180E+01 
      1151  3.875000000E+02  0.000000000E+00  1.219965931E+01 
      1152  3.877500000E+02  0.000000000E+00  1.223445270E+01 
      1153  3.880000000E+02  0.000000000E+00  1.226966301E+01 
      1154  3.882500000E+02  0.000000000E+00  1.230529099E+01 
      1155  3.885000000E+02  0.000000000E+00  1.234133709E+01 
      1156  3.887500000E+02  0.000000000E+00  1.237780143E+01 
      1157  3.890000000E+02  0.000000000E+00  1.241468370E+01 
      1158  3.892500000E+02  0.000000000E+00  1.245198311E+01 
      1159  3.895000000E+02  0.000000000E+00  1.248969838E+01 
      1160  3.897500000E+02  0.000000000E+00  1.252782755E+01 
      1161  3.900000000E+02  0.000000000E+00  1.256636799E+01 
      1162  3.902500000E+02  0.000000000E+00  1.260531623E+01 
      1163  3.905000000E+02  0.000000000E+00  1.264466782E+01 
      1164  3.907500000E+02  0.000000000E+00  1.268441722E+01 
      1165  3.910000000E+02  0.000000000E+00  1.272455762E+01 
      1166  3.912500000E+02  0.000000000E+00  1.276508069E+01 
      1167  3.915000000E+02  0.000000000E+00  1.280597638E+01 
      1168  3.917500000E+02  0.000000000E+00  1.284723265E+01 
      1169  3.920000000E+02  0.000000000E+00  1.288883512E+01 
      1170  3.922500000E+02  0.000000000E+00  1.293076667E+01 
      1171  3.925000000E+02  0.000000000E+00  1.297300706E+01 
      1172  3.927500000E+02  0.000000000E+00  1.301553235E+01 
      1173  3.930000000E+02  0.000000000E+00  1.305831430E+01 
      1174  3.932500000E+02  0.000000000E+00  1.310131968E+01 
      1175  3.935000000E+02  0.000000000E+00  1.314450940E+01 
      1176  3.937500000E+02  0.000000000E+00  1.318783752E+01 
      1177  3.940000000E+02  0.000000000E+00  1.323125006E+01 
      1178  3.942500000E+02  0.000000000E+00  1.327468363E+01 
      1179  3.945000000E+02  0.000000000E+00  1.331806380E+01 
      1180  3.947500000E+02  0.000000000E+00  1.336130306E+01 
      1181  3.950000000E+02  0.000000000E+00  1.340429853E+01 
      1182  3.952500000E+02  0.000000000E+00  1.344692914E+01 
      1183  3.955000000E+02  0.000000000E+00  1.348905217E+01 
      1184  3.957500000E+02  0.000000000E+00  1.353049915E+01 
      1185  3.960000000E+02  0.000000000E+00  1.357107082E+01 
      1186  3.962500000E+02  0.000000000E+00  1.361053086E+01 
      1187  3.965000000E+02  0.000000000E+00  1.364859816E+01 
      1188  3.967500000E+02  0.000000000E+00  1.368493706E+01 
      1189  3.970000000E+02  0.000000000E+00  1.371914491E+01 
      1190  3.972500000E+02  0.000000000E+00  1.375073600E+01 
      1191  3.975000000E+02  0.000000000E+00  1.377912021E+01 
      1192  3.977500000E+02  0.000000000E+00  1.380357440E+01 
      1193  3.980000000E+02  0.000000000E+00  1.382320248E+01 
      1194  3.982500000E+02  0.000000000E+00  1.383687812E+01 
      1195  3.985000000E+02  0.000000000E+00  1.384315884E+01 
      1196  3.987500000E+02  0.000000000E+00  1.384014966E+01 
      1197  3.990000000E+02  0.000000000E+00  1.382527120E+01 
      1198  3.992500000E+02  0.000000000E+00  1.379482675E+01 
      1199  3.995000000E+02  0.000000000E+00  1.374309904E+01 
      1200  3.997500000E+02  0.000000000E+00  1.365350064E+01 
      1201  4.000000000E+02  0.000000000E+00  1.519977566E+01 
      1202  4.002000034E+02  0.000000000E+00  1.620912049E+01 
      1203  4.004016387E+02  0.000000000E+00  1.568701586E+01 
      1204  4.006049192E+02  0.000000000E+00  1.521466999E+01 
      1205  4.008098583E+02  0.000000000E+00  1.478408535E+01 
      1206  4.010164696E+02  0.000000000E+00  1.439089631E+01 
      1207  4.012247666E+02  0.000000000E+00  1.403131013E+01 
      1208  4.014347631E+02  0.000000000E+00  1.370201102E+01 
      1209  4.016464731E+02  0.000000000E+00  1.340008561E+01 
      1210  4.018599104E+02  0.000000000E+00  1.312296292E+01 
      1211  4.020750892E+02  0.000000000E+00  1.286836505E+01 
      1212  4.022920237E+02  0.000000000E+00  1.263426648E+01 
      1213  4.025107282E+02  0.000000000E+00  1.240779401E+01 
      1214  4.027312172E+02  0.000000000E+00  1.219929907E+01 
      1215  4.029535052E+02  0.000000000E+00  1.201849634E+01 
      1216  4.031776069E+02  0.000000000E+00  1.185184084E+01 
      1217  4.034035370E+02  0.000000000E+00  1.169816892E+01 
      1218  4.036313106E+02  0.000000000E+00  1.155642772E+01 
      1219  4.038609426E+02  0.000000000E+00  1.142566237E+01 
      1220  4.040924483E+02  0.000000000E+00  1.130500492E+01 
      1221  4.043258428E+02  0.000000000E+00  1.118797658E+01 
      1222  4.045611417E+02  0.000000000E+00  1.108002671E+01 
      1223  4.047983604E+02  0.000000000E+00  1.098623420E+01 
      1224  4.050375146E+02  0.000000000E+00  1.089968406E+01 
      1225  4.052786201E+02  0.000000000E+00  1.081982995E+01 
      1226  4.055216929E+02  0.000000000E+00  1.074239169E+01 
      1227  4.057667489E+02  0.000000000E+00  1.066331152E+01 
      1228  4.060138044E+02  0.000000000E+00  1.058188127E+01 
      1229  4.062628756E+02  0.000000000E+00  1.051082599E+01 
      1230  4.065139791E+02  0.000000000E+00  1.045450385E+01 
      1231  4.067671314E+02  0.000000000E+00  1.039986168E+01 
      1232  4.070223492E+02  0.000000000E+00  1.035058642E+01 
      1233  4.072796494E+02  0.000000000E+00  1.030539559E+01 
      1234  4.075390490E+02  0.000000000E+00  1.026638636E+01 
      1235  4.078005650E+02  0.000000000E+00  1.023737744E+01 
      1236  4.080642148E+02  0.000000000E+00  1.021028194E+01 
      1237  4.083300158E+02  0.000000000E+00  1.018560517E+01 
      1238  4.085979855E+02  0.000000000E+00  1.016338587E+01 
      1239  4.088681416E+02  0.000000000E+00  1.017842120E+01 
      1240  4.091405020E+02  0.000000000E+00  1.019230102E+01 
      1241  4.094150846E+02  0.000000000E+00  1.016884514E+01 
      1242  4.096919076E+02  0.000000000E+00  1.014744475E+01 
      1243  4.099709892E+02  0.000000000E+00  1.012794282E+01 
      1244  4.102523480E+02  0.000000000E+00  1.011019351E+01 
      1245  4.105360024E+02  0.000000000E+00  1.009406141E+01 
      1246  4.108219711E+02  0.000000000E+00  1.007942077E+01 
      1247  4.111102732E+02  0.000000000E+00  1.006615482E+01 
      1248  4.114009276E+02  0.000000000E+00  1.005415519E+01 
      1249  4.116939535E+02  0.000000000E+00  1.004332125E+01 
      1250  4.119893702E+02  0.000000000E+00  1.003355965E+01 
      1251  4.122871973E+02  0.000000000E+00  1.002478379E+01 
      1252  4.125874544E+02  0.000000000E+00  1.001691337E+01 
      1253  4.128901614E+02  0.000000000E+00  1.000987394E+01 
      1254  4.131953383E+02  0.000000000E+00  1.000359651E+01 
      1255  4.135030051E+02  0.000000000E+00  9.998017216E+00 
      1256  4.138131823E+02  0.000000000E+00  9.993076903E+00 
      1257  4.141258902E+02  0.000000000E+00  9.988720856E+00 
      1258  4.144411496E+02  0.000000000E+00  9.984898479E+00 
      1259  4.147589813E+02  0.000000000E+00  9.981563011E+00 
      1260  4.150794062E+02  0.000000000E+00  9.978671261E+00 
      1261  4.154024455E+02  0.000000000E+00  9.976183366E+00 
      1262  4.157281206E+02  0.000000000E+00  9.974062555E+00 
      1263  4.160564529E+02  0.000000000E+00  9.972274932E+00 
      1264  4.163874641E+02  0.000000000E+00  9.970789276E+00 
      1265  4.167211762E+02  0.000000000E+00  9.969576849E+00 
      1266  4.170576110E+02  0.000000000E+00  9.968611220E+00 
      1267  4.173967909E+02  0.000000000E+00  9.967868096E+00 
      1268  4.177387382E+02  0.000000000E+00  9.967325170E+00 
      1269  4.180834756E+02  0.000000000E+00  9.966961974E+00 
      1270  4.184310257E+02  0.000000000E+00  9.966759749E+00 
      1271  4.187814116E+02  0.000000000E+00  9.966701277E+00 
      1272  4.191346563E+02  0.000000000E+00  9.966770824E+00 
      1273  4.194907832E+02  0.000000000E+00  9.966954030E+00 
      1274  4.198498158E+02  0.000000000E+00  9.967237743E+00 
      1275  4.202117779E+02  0.000000000E+00  9.967609966E+00 
      1276  4.205766933E+02  0.000000000E+00  9.968059760E+00 
      1277  4.209445860E+02  0.000000000E+00  9.968577161E+00 
      1278  4.213154806E+02  0.000000000E+00  9.969153101E+00 
      1279  4.216894013E+02  0.000000000E+00  9.969779341E+00 
      1280  4.220663728E+02  0.000000000E+00  9.970448397E+00 
      1281  4.224464202E+02  0.000000000E+00  9.971153481E+00 
      1282  4.228295685E+02  0.000000000E+00  9.971888448E+00 
      1283  4.232158429E+02  0.000000000E+00  9.972647736E+00 
      1284  4.236052691E+02  0.000000000E+00  9.973426321E+00 
      1285  4.239978726E+02  0.000000000E+00  9.974219671E+00 
      1286  4.243936795E+02  0.000000000E+00  9.975023703E+00 
      1287  4.247927158E+02  0.000000000E+00  9.975834747E+00 
      1288  4.251950080E+02  0.000000000E+00  9.976649507E+00 
      1289  4.256005825E+02  0.000000000E+00  9.977465032E+00 
      1290  4.260094662E+02  0.000000000E+00  9.978278682E+00 
      1291  4.264216861E+02  0.000000000E+00  9.979088104E+00 
      1292  4.268372694E+02  0.000000000E+00  9.979891205E+00 
      1293  4.272562434E+02  0.000000000E+00  9.980686127E+00 
      1294  4.276786360E+02  0.000000000E+00  9.981471232E+00 
      1295  4.281044750E+02  0.000000000E+00  9.982245073E+00 
      1296  4.285337884E+02  0.000000000E+00  9.983006385E+00 
      1297  4.289666047E+02  0.000000000E+00  9.983754065E+00 
      1298  4.294029525E+02  0.000000000E+00  9.984487157E+00 
      1299  4.298428605E+02  0.000000000E+00  9.985204838E+00 
      1300  4.302863578E+02  0.000000000E+00  9.985906407E+00 
      1301  4.307334737E+02  0.000000000E+00  9.986591275E+00 
      1302  4.311842377E+02  0.000000000E+00  9.987258951E+00 
      1303  4.316386795E+02  0.000000000E+00  9.987909038E+00 
      1304  4.320968293E+02  0.000000000E+00  9.988541218E+00 
      1305  4.325587172E+02  0.000000000E+00  9.989155250E+00 
      1306  4.330243737E+02  0.000000000E+00  9.989750961E+00 
      1307  4.334938296E+02  0.000000000E+00  9.990328238E+00 
      1308  4.339671159E+02  0.000000000E+00  9.990887026E+00 
      1309  4.344442638E+02  0.000000000E+00  9.991427318E+00 
      1310  4.349253049E+02  0.000000000E+00  9.991949156E+00 
      1311  4.354102708E+02  0.000000000E+00  9.992452621E+00 
      1312  4.358991937E+02  0.000000000E+00  9.992937832E+00 
      1313  4.363921059E+02  0.000000000E+00  9.993404943E+00 
      1314  4.368890398E+02  0.000000000E+00  9.993854138E+00 
      1315  4.373900283E+02  0.000000000E+00  9.994285629E+00 
      1316  4.378951044E+02  0.000000000E+00  9.994699651E+00 
      1317  4.384043016E+02  0.000000000E+00  9.995096465E+00 
      1318  4.389176534E+02  0.000000000E+00  9.995476350E+00 
      1319  4.394351937E+02  0.000000000E+00  9.995839602E+00 
      1320  4.399569568E+02  0.000000000E+00  9.996186536E+00 
      1321  4.404829770E+02  0.000000000E+00  9.996517479E+00 
      1322  4.410132892E+02  0.000000000E+00  9.996832770E+00 
      1323  4.415479282E+02  0.000000000E+00  9.997132761E+00 
      1324  4.420869295E+02  0.000000000E+00  9.997417814E+00 
      1325  4.426303286E+02  0.000000000E+00  9.997688295E+00 
      1326  4.431781614E+02  0.000000000E+00  9.997944582E+00 
      1327  4.437304641E+02  0.000000000E+00  9.998187057E+00 
      1328  4.442872731E+02  0.000000000E+00  9.998416104E+00 
      1329  4.448486253E+02  0.000000000E+00  9.998632114E+00 
      1330  4.454145576E+02  0.000000000E+00  9.998835479E+00 
      1331  4.459851075E+02  0.000000000E+00  9.999026593E+00 
      1332  4.465603126E+02  0.000000000E+00  9.999205851E+00 
      1333  4.471402109E+02  0.000000000E+00  9.999373647E+00 
      1334  4.477248408E+02  0.000000000E+00  9.999530374E+00 
      1335  4.483142407E+02  0.000000000E+00  9.999676424E+00 
      1336  4.489084497E+02  0.000000000E+00  9.999812187E+00 
      1337  4.495075070E+02  0.000000000E+00  9.999938050E+00 
      1338  4.501114521E+02  0.000000000E+00  1.000005439E+01 
      1339  4.507203248E+02  0.000000000E+00  1.000016160E+01 
      1340  4.513341655E+02  0.000000000E+00  1.000026004E+01 
      1341  4.519530147E+02  0.000000000E+00  1.000035007E+01 
      1342  4.525769132E+02  0.000000000E+00  1.000043208E+01 
      1343  4.532059021E+02  0.000000000E+00  1.000050640E+01 
      1344  4.538400232E+02  0.000000000E+00  1.000057339E+01 
      1345  4.544793181E+02  0.000000000E+00  1.000063339E+01 
      1346  4.551238292E+02  0.000000000E+00  1.000068673E+01 
      1347  4.557735990E+02  0.000000000E+00  1.000073374E+01 
      1348  4.564286703E+02  0.000000000E+00  1.000077474E+01 
      1349  4.570890866E+02  0.000000000E+00  1.000081003E+01 
      1350  4.577548913E+02  0.000000000E+00  1.000083993E+01 
      1351  4.584261284E+02  0.000000000E+00  1.000086471E+01 
      1352  4.591028423E+02  0.000000000E+00  1.000088467E+01 
      1353  4.597850777E+02  0.000000000E+00  1.000090007E+01 
      1354  4.604728795E+02  0.000000000E+00  1.000091118E+01 
      1355  4.611662932E+02  0.000000000E+00  1.000091826E+01 
      1356  4.618653647E+02  0.000000000E+00  1.000092155E+01 
      1357  4.625701400E+02  0.000000000E+00  1.000092129E+01 
      1358  4.632806657E+02  0.000000000E+00  1.000091771E+01 
      1359  4.639969887E+02  0.000000000E+00  1.000091103E+01 
      1360  4.647191564E+02  0.000000000E+00  1.000090145E+01 
      1361  4.654472164E+02  0.000000000E+00  1.000088917E+01 
      1362  4.661812167E+02  0.000000000E+00  1.000087440E+01 
      1363  4.669212059E+02  0.000000000E+00  1.000085729E+01 
      1364  4.676672328E+02  0.000000000E+00  1.000083805E+01 
      1365  4.684193468E+02  0.000000000E+00  1.000081681E+01 
      1366  4.691775973E+02  0.000000000E+00  1.000079374E+01 
      1367  4.699420346E+02  0.000000000E+00  1.000076898E+01 
      1368  4.707127091E+02  0.000000000E+00  1.000074267E+01 
      1369  4.714896716E+02  0.000000000E+00  1.000071492E+01 
      1370  4.722729736E+02  0.000000000E+00  1.000068585E+01 
      1371  4.730626666E+02  0.000000000E+00  1.000065554E+01 
      1372  4.738588030E+02  0.000000000E+00  1.000062407E+01 
      1373  4.746614352E+02  0.000000000E+00  1.000059149E+01 
      1374  4.754706162E+02  0.000000000E+00  1.000055783E+01 
      1375  4.762863994E+02  0.000000000E+00  1.000052308E+01 
      1376  4.771088389E+02  0.000000000E+00  1.000048719E+01 
      1377  4.779379887E+02  0.000000000E+00  1.000045005E+01 
      1378  4.787739038E+02  0.000000000E+00  1.000041146E+01 
      1379  4.796166392E+02  0.000000000E+00  1.000037113E+01 
      1380  4.804662507E+02  0.000000000E+00  1.000032865E+01 
      1381  4.813227944E+02  0.000000000E+00  1.000028340E+01 
      1382  4.821863268E+02  0.000000000E+00  1.000023453E+01 
      1383  4.830569049E+02  0.000000000E+00  1.000018083E+01 
      1384  4.839345862E+02  0.000000000E+00  1.000012066E+01 
      1385  4.848194287E+02  0.000000000E+00  1.000005174E+01 
      1386  4.857114908E+02  0.000000000E+00  9.999970950E+00 
      1387  4.866108314E+02  0.000000000E+00  9.999873983E+00 
      1388  4.875175099E+02  0.000000000E+00  9.999754934E+00 
      1389  4.884315862E+02  0.000000000E+00  9.999605680E+00 
      1390  4.893531206E+02  0.000000000E+00  9.999415035E+00 
      1391  4.902821741E+02  0.000000000E+00  9.999167575E+00 
      1392  4.912188078E+02  0.000000000E+00  9.998841990E+00 
      1393  4.921630837E+02  0.000000000E+00  9.998408789E+00 
      1394  4.931150642E+02  0.000000000E+00  9.997827062E+00 
      1395  4.940748120E+02  0.000000000E+00  9.997039949E+00 
      1396  4.950423907E+02  0.000000000E+00  9.995968237E+00 
      1397  4.960178639E+02  0.000000000E+00  9.994501264E+00 
      1398  4.970012963E+02  0.000000000E+00  9.992493260E+00 
      1399  4.979927527E+02  0.000000000E+00  9.988255081E+00 
      1400  4.989922986E+02  0.000000000E+00  9.982620972E+00 
      1401  5.000000000E+02  0.000000000E+00  9.980064423E+00 
