nodenumber     x-coordinate     y-coordinate           udm-11 
         1  0.000000000E+00  0.000000000E+00  1.000402929E+01 
         2  1.007701384E+00  0.000000000E+00  1.000387931E+01 
         3  2.007247274E+00  0.000000000E+00  1.000164837E+01 
         4  2.998703673E+00  0.000000000E+00  9.999670697E+00 
         5  3.982136051E+00  0.000000000E+00  9.999813970E+00 
         6  4.957609346E+00  0.000000000E+00  9.999914360E+00 
         7  5.925187975E+00  0.000000000E+00  9.999994340E+00 
         8  6.884935829E+00  0.000000000E+00  1.000005936E+01 
         9  7.836916284E+00  0.000000000E+00  1.000011341E+01 
        10  8.781192203E+00  0.000000000E+00  1.000015939E+01 
        11  9.717825941E+00  0.000000000E+00  1.000019938E+01 
        12  1.064687935E+01  0.000000000E+00  1.000023489E+01 
        13  1.156841377E+01  0.000000000E+00  1.000026701E+01 
        14  1.248249006E+01  0.000000000E+00  1.000029653E+01 
        15  1.338916858E+01  0.000000000E+00  1.000032402E+01 
        16  1.428850920E+01  0.000000000E+00  1.000034988E+01 
        17  1.518057130E+01  0.000000000E+00  1.000037441E+01 
        18  1.606541380E+01  0.000000000E+00  1.000039780E+01 
        19  1.694309512E+01  0.000000000E+00  1.000042022E+01 
        20  1.781367322E+01  0.000000000E+00  1.000044176E+01 
        21  1.867720559E+01  0.000000000E+00  1.000046249E+01 
        22  1.953374925E+01  0.000000000E+00  1.000048246E+01 
        23  2.038336076E+01  0.000000000E+00  1.000050171E+01 
        24  2.122609622E+01  0.000000000E+00  1.000052027E+01 
        25  2.206201128E+01  0.000000000E+00  1.000053814E+01 
        26  2.289116114E+01  0.000000000E+00  1.000055534E+01 
        27  2.371360056E+01  0.000000000E+00  1.000057188E+01 
        28  2.452938383E+01  0.000000000E+00  1.000058775E+01 
        29  2.533856484E+01  0.000000000E+00  1.000060297E+01 
        30  2.614119701E+01  0.000000000E+00  1.000061754E+01 
        31  2.693733335E+01  0.000000000E+00  1.000063145E+01 
        32  2.772702642E+01  0.000000000E+00  1.000064471E+01 
        33  2.851032837E+01  0.000000000E+00  1.000065731E+01 
        34  2.928729093E+01  0.000000000E+00  1.000066926E+01 
        35  3.005796541E+01  0.000000000E+00  1.000068054E+01 
        36  3.082240268E+01  0.000000000E+00  1.000069114E+01 
        37  3.158065324E+01  0.000000000E+00  1.000070107E+01 
        38  3.233276716E+01  0.000000000E+00  1.000071030E+01 
        39  3.307879409E+01  0.000000000E+00  1.000071882E+01 
        40  3.381878330E+01  0.000000000E+00  1.000072661E+01 
        41  3.455278365E+01  0.000000000E+00  1.000073365E+01 
        42  3.528084362E+01  0.000000000E+00  1.000073990E+01 
        43  3.600301127E+01  0.000000000E+00  1.000074534E+01 
        44  3.671933431E+01  0.000000000E+00  1.000074992E+01 
        45  3.742986002E+01  0.000000000E+00  1.000075361E+01 
        46  3.813463533E+01  0.000000000E+00  1.000075636E+01 
        47  3.883370678E+01  0.000000000E+00  1.000075810E+01 
        48  3.952712052E+01  0.000000000E+00  1.000075879E+01 
        49  4.021492235E+01  0.000000000E+00  1.000075835E+01 
        50  4.089715769E+01  0.000000000E+00  1.000075671E+01 
        51  4.157387159E+01  0.000000000E+00  1.000075380E+01 
        52  4.224510872E+01  0.000000000E+00  1.000074952E+01 
        53  4.291091342E+01  0.000000000E+00  1.000074378E+01 
        54  4.357132966E+01  0.000000000E+00  1.000073649E+01 
        55  4.422640104E+01  0.000000000E+00  1.000072753E+01 
        56  4.487617081E+01  0.000000000E+00  1.000071680E+01 
        57  4.552068189E+01  0.000000000E+00  1.000070416E+01 
        58  4.615997684E+01  0.000000000E+00  1.000068949E+01 
        59  4.679409786E+01  0.000000000E+00  1.000067266E+01 
        60  4.742308684E+01  0.000000000E+00  1.000065350E+01 
        61  4.804698530E+01  0.000000000E+00  1.000063189E+01 
        62  4.866583446E+01  0.000000000E+00  1.000060764E+01 
        63  4.927967516E+01  0.000000000E+00  1.000058060E+01 
        64  4.988854795E+01  0.000000000E+00  1.000055059E+01 
        65  5.049249303E+01  0.000000000E+00  1.000051742E+01 
        66  5.109155028E+01  0.000000000E+00  1.000048090E+01 
        67  5.168575926E+01  0.000000000E+00  1.000044083E+01 
        68  5.227515921E+01  0.000000000E+00  1.000039700E+01 
        69  5.285978905E+01  0.000000000E+00  1.000034919E+01 
        70  5.343968738E+01  0.000000000E+00  1.000029719E+01 
        71  5.401489250E+01  0.000000000E+00  1.000024075E+01 
        72  5.458544238E+01  0.000000000E+00  1.000017962E+01 
        73  5.515137472E+01  0.000000000E+00  1.000011356E+01 
        74  5.571272686E+01  0.000000000E+00  1.000004231E+01 
        75  5.626953590E+01  0.000000000E+00  9.999965582E+00 
        76  5.682183858E+01  0.000000000E+00  9.999883106E+00 
        77  5.736967139E+01  0.000000000E+00  9.999794584E+00 
        78  5.791307049E+01  0.000000000E+00  9.999699712E+00 
        79  5.845207178E+01  0.000000000E+00  9.999598174E+00 
        80  5.898671083E+01  0.000000000E+00  9.999489642E+00 
        81  5.951702297E+01  0.000000000E+00  9.999373773E+00 
        82  6.004304320E+01  0.000000000E+00  9.999250215E+00 
        83  6.056480627E+01  0.000000000E+00  9.999118597E+00 
        84  6.108234661E+01  0.000000000E+00  9.998978536E+00 
        85  6.159569842E+01  0.000000000E+00  9.998829633E+00 
        86  6.210489559E+01  0.000000000E+00  9.998671471E+00 
        87  6.260997174E+01  0.000000000E+00  9.998503616E+00 
        88  6.311096022E+01  0.000000000E+00  9.998325615E+00 
        89  6.360789412E+01  0.000000000E+00  9.998136996E+00 
        90  6.410080625E+01  0.000000000E+00  9.997937263E+00 
        91  6.458972916E+01  0.000000000E+00  9.997725902E+00 
        92  6.507469514E+01  0.000000000E+00  9.997502371E+00 
        93  6.555573621E+01  0.000000000E+00  9.997266105E+00 
        94  6.603288413E+01  0.000000000E+00  9.997016510E+00 
        95  6.650617042E+01  0.000000000E+00  9.996752964E+00 
        96  6.697562632E+01  0.000000000E+00  9.996474815E+00 
        97  6.744128283E+01  0.000000000E+00  9.996181375E+00 
        98  6.790317071E+01  0.000000000E+00  9.995871923E+00 
        99  6.836132046E+01  0.000000000E+00  9.995545699E+00 
       100  6.881576232E+01  0.000000000E+00  9.995201901E+00 
       101  6.926652631E+01  0.000000000E+00  9.994839683E+00 
       102  6.971364219E+01  0.000000000E+00  9.994458152E+00 
       103  7.015713949E+01  0.000000000E+00  9.994056363E+00 
       104  7.059704749E+01  0.000000000E+00  9.993633314E+00 
       105  7.103339524E+01  0.000000000E+00  9.993187943E+00 
       106  7.146621156E+01  0.000000000E+00  9.992719120E+00 
       107  7.189552503E+01  0.000000000E+00  9.992225645E+00 
       108  7.232136399E+01  0.000000000E+00  9.991706237E+00 
       109  7.274375656E+01  0.000000000E+00  9.991159531E+00 
       110  7.316273064E+01  0.000000000E+00  9.990584065E+00 
       111  7.357831389E+01  0.000000000E+00  9.989978277E+00 
       112  7.399053376E+01  0.000000000E+00  9.989340488E+00 
       113  7.439941746E+01  0.000000000E+00  9.988668898E+00 
       114  7.480499201E+01  0.000000000E+00  9.987961568E+00 
       115  7.520728416E+01  0.000000000E+00  9.987216411E+00 
       116  7.560632051E+01  0.000000000E+00  9.986431173E+00 
       117  7.600212738E+01  0.000000000E+00  9.985603420E+00 
       118  7.639473092E+01  0.000000000E+00  9.984730518E+00 
       119  7.678415706E+01  0.000000000E+00  9.983809617E+00 
       120  7.717043151E+01  0.000000000E+00  9.982837622E+00 
       121  7.755357977E+01  0.000000000E+00  9.981811176E+00 
       122  7.793362715E+01  0.000000000E+00  9.980726632E+00 
       123  7.831059875E+01  0.000000000E+00  9.979580025E+00 
       124  7.868451945E+01  0.000000000E+00  9.978367041E+00 
       125  7.905541395E+01  0.000000000E+00  9.977082983E+00 
       126  7.942330674E+01  0.000000000E+00  9.975722736E+00 
       127  7.978822211E+01  0.000000000E+00  9.974280728E+00 
       128  8.015018416E+01  0.000000000E+00  9.972750887E+00 
       129  8.050921679E+01  0.000000000E+00  9.971126595E+00 
       130  8.086534371E+01  0.000000000E+00  9.969400638E+00 
       131  8.121858844E+01  0.000000000E+00  9.967565157E+00 
       132  8.156897429E+01  0.000000000E+00  9.965611585E+00 
       133  8.191652442E+01  0.000000000E+00  9.963530589E+00 
       134  8.226126177E+01  0.000000000E+00  9.961312008E+00 
       135  8.260320909E+01  0.000000000E+00  9.958944775E+00 
       136  8.294238899E+01  0.000000000E+00  9.956416849E+00 
       137  8.327882384E+01  0.000000000E+00  9.953715132E+00 
       138  8.361253587E+01  0.000000000E+00  9.950825387E+00 
       139  8.394354712E+01  0.000000000E+00  9.947732145E+00 
       140  8.427187943E+01  0.000000000E+00  9.944418613E+00 
       141  8.459755450E+01  0.000000000E+00  9.940866570E+00 
       142  8.492059382E+01  0.000000000E+00  9.937056261E+00 
       143  8.524101873E+01  0.000000000E+00  9.932966289E+00 
       144  8.555885039E+01  0.000000000E+00  9.928573492E+00 
       145  8.587410979E+01  0.000000000E+00  9.923852819E+00 
       146  8.618681774E+01  0.000000000E+00  9.918777205E+00 
       147  8.649699489E+01  0.000000000E+00  9.913317431E+00 
       148  8.680466173E+01  0.000000000E+00  9.907441983E+00 
       149  8.710983857E+01  0.000000000E+00  9.901116906E+00 
       150  8.741254556E+01  0.000000000E+00  9.894305648E+00 
       151  8.771280270E+01  0.000000000E+00  9.886968908E+00 
       152  8.801062980E+01  0.000000000E+00  9.879064466E+00 
       153  8.830604654E+01  0.000000000E+00  9.870547020E+00 
       154  8.859907242E+01  0.000000000E+00  9.861368012E+00 
       155  8.888972679E+01  0.000000000E+00  9.851475452E+00 
       156  8.917802885E+01  0.000000000E+00  9.840813742E+00 
       157  8.946399764E+01  0.000000000E+00  9.829323494E+00 
       158  8.974765203E+01  0.000000000E+00  9.816941350E+00 
       159  9.002901076E+01  0.000000000E+00  9.803599802E+00 
       160  9.030809241E+01  0.000000000E+00  9.789227010E+00 
       161  9.058491540E+01  0.000000000E+00  9.773746629E+00 
       162  9.085949802E+01  0.000000000E+00  9.757077637E+00 
       163  9.113185839E+01  0.000000000E+00  9.739134172E+00 
       164  9.140201451E+01  0.000000000E+00  9.719825376E+00 
       165  9.166998421E+01  0.000000000E+00  9.699055253E+00 
       166  9.193578518E+01  0.000000000E+00  9.676722543E+00 
       167  9.219943499E+01  0.000000000E+00  9.652720610E+00 
       168  9.246095103E+01  0.000000000E+00  9.626937352E+00 
       169  9.272035058E+01  0.000000000E+00  9.599254992E+00 
       170  9.297765077E+01  0.000000000E+00  9.569551064E+00 
       171  9.323286858E+01  0.000000000E+00  9.537697615E+00 
       172  9.348602087E+01  0.000000000E+00  9.503559165E+00 
       173  9.373712436E+01  0.000000000E+00  9.466200900E+00 
       174  9.398619563E+01  0.000000000E+00  9.426032260E+00 
       175  9.423325112E+01  0.000000000E+00  9.383600852E+00 
       176  9.447830715E+01  0.000000000E+00  9.376454399E+00 
       177  9.472137990E+01  0.000000000E+00  9.366703804E+00 
       178  9.496248543E+01  0.000000000E+00  9.319157465E+00 
       179  9.520163964E+01  0.000000000E+00  9.265533778E+00 
       180  9.543885834E+01  0.000000000E+00  9.199115173E+00 
       181  9.567415720E+01  0.000000000E+00  9.131652070E+00 
       182  9.590755173E+01  0.000000000E+00  9.068889109E+00 
       183  9.613905737E+01  0.000000000E+00  9.004180126E+00 
       184  9.636868940E+01  0.000000000E+00  8.935498983E+00 
       185  9.659646297E+01  0.000000000E+00  8.862674695E+00 
       186  9.682239314E+01  0.000000000E+00  8.785537475E+00 
       187  9.704649481E+01  0.000000000E+00  8.701040980E+00 
       188  9.726878279E+01  0.000000000E+00  8.611720383E+00 
       189  9.748927176E+01  0.000000000E+00  8.517198187E+00 
       190  9.770797628E+01  0.000000000E+00  8.417517690E+00 
       191  9.792491078E+01  0.000000000E+00  8.312316318E+00 
       192  9.814008960E+01  0.000000000E+00  8.201656565E+00 
       193  9.835352693E+01  0.000000000E+00  8.088557818E+00 
       194  9.856523689E+01  0.000000000E+00  7.969931324E+00 
       195  9.877523344E+01  0.000000000E+00  7.849768810E+00 
       196  9.898353045E+01  0.000000000E+00  7.724122536E+00 
       197  9.919014168E+01  0.000000000E+00  7.588929708E+00 
       198  9.939508077E+01  0.000000000E+00  7.447982901E+00 
       199  9.959836126E+01  0.000000000E+00  7.301285060E+00 
       200  9.979999657E+01  0.000000000E+00  7.148930938E+00 
       201  1.000000000E+02  0.000000000E+00  7.596566451E+00 
       202  1.002500000E+02  0.000000000E+00  8.239464348E+00 
       203  1.005000000E+02  0.000000000E+00  8.221619866E+00 
       204  1.007500000E+02  0.000000000E+00  8.216707142E+00 
       205  1.010000000E+02  0.000000000E+00  8.219340043E+00 
       206  1.012500000E+02  0.000000000E+00  8.227516508E+00 
       207  1.015000000E+02  0.000000000E+00  8.239911642E+00 
       208  1.017500000E+02  0.000000000E+00  8.255584295E+00 
       209  1.020000000E+02  0.000000000E+00  8.273833617E+00 
       210  1.022500000E+02  0.000000000E+00  8.294120545E+00 
       211  1.025000000E+02  0.000000000E+00  8.316020768E+00 
       212  1.027500000E+02  0.000000000E+00  8.339194551E+00 
       213  1.030000000E+02  0.000000000E+00  8.363366319E+00 
       214  1.032500000E+02  0.000000000E+00  8.388310275E+00 
       215  1.035000000E+02  0.000000000E+00  8.413839933E+00 
       216  1.037500000E+02  0.000000000E+00  8.439800302E+00 
       217  1.040000000E+02  0.000000000E+00  8.466061922E+00 
       218  1.042500000E+02  0.000000000E+00  8.492516229E+00 
       219  1.045000000E+02  0.000000000E+00  8.519071909E+00 
       220  1.047500000E+02  0.000000000E+00  8.545651983E+00 
       221  1.050000000E+02  0.000000000E+00  8.572191458E+00 
       222  1.052500000E+02  0.000000000E+00  8.598635415E+00 
       223  1.055000000E+02  0.000000000E+00  8.624937434E+00 
       224  1.057500000E+02  0.000000000E+00  8.651058300E+00 
       225  1.060000000E+02  0.000000000E+00  8.676964926E+00 
       226  1.062500000E+02  0.000000000E+00  8.702629443E+00 
       227  1.065000000E+02  0.000000000E+00  8.728028451E+00 
       228  1.067500000E+02  0.000000000E+00  8.753142372E+00 
       229  1.070000000E+02  0.000000000E+00  8.777954916E+00 
       230  1.072500000E+02  0.000000000E+00  8.802452616E+00 
       231  1.075000000E+02  0.000000000E+00  8.826624438E+00 
       232  1.077500000E+02  0.000000000E+00  8.850461450E+00 
       233  1.080000000E+02  0.000000000E+00  8.873956531E+00 
       234  1.082500000E+02  0.000000000E+00  8.897104130E+00 
       235  1.085000000E+02  0.000000000E+00  8.919900053E+00 
       236  1.087500000E+02  0.000000000E+00  8.942341281E+00 
       237  1.090000000E+02  0.000000000E+00  8.964425817E+00 
       238  1.092500000E+02  0.000000000E+00  8.986152547E+00 
       239  1.095000000E+02  0.000000000E+00  9.007521124E+00 
       240  1.097500000E+02  0.000000000E+00  9.028531870E+00 
       241  1.100000000E+02  0.000000000E+00  9.049185685E+00 
       242  1.102500000E+02  0.000000000E+00  9.069483971E+00 
       243  1.105000000E+02  0.000000000E+00  9.089428570E+00 
       244  1.107500000E+02  0.000000000E+00  9.109021699E+00 
       245  1.110000000E+02  0.000000000E+00  9.128265907E+00 
       246  1.112500000E+02  0.000000000E+00  9.147164029E+00 
       247  1.115000000E+02  0.000000000E+00  9.165719146E+00 
       248  1.117500000E+02  0.000000000E+00  9.183934551E+00 
       249  1.120000000E+02  0.000000000E+00  9.201813725E+00 
       250  1.122500000E+02  0.000000000E+00  9.219360304E+00 
       251  1.125000000E+02  0.000000000E+00  9.236578063E+00 
       252  1.127500000E+02  0.000000000E+00  9.253470891E+00 
       253  1.130000000E+02  0.000000000E+00  9.270042775E+00 
       254  1.132500000E+02  0.000000000E+00  9.286297787E+00 
       255  1.135000000E+02  0.000000000E+00  9.302240066E+00 
       256  1.137500000E+02  0.000000000E+00  9.317873808E+00 
       257  1.140000000E+02  0.000000000E+00  9.333203256E+00 
       258  1.142500000E+02  0.000000000E+00  9.348232688E+00 
       259  1.145000000E+02  0.000000000E+00  9.362966409E+00 
       260  1.147500000E+02  0.000000000E+00  9.377408747E+00 
       261  1.150000000E+02  0.000000000E+00  9.391564038E+00 
       262  1.152500000E+02  0.000000000E+00  9.405436628E+00 
       263  1.155000000E+02  0.000000000E+00  9.419030864E+00 
       264  1.157500000E+02  0.000000000E+00  9.432351085E+00 
       265  1.160000000E+02  0.000000000E+00  9.445401625E+00 
       266  1.162500000E+02  0.000000000E+00  9.458186805E+00 
       267  1.165000000E+02  0.000000000E+00  9.470710927E+00 
       268  1.167500000E+02  0.000000000E+00  9.482978273E+00 
       269  1.170000000E+02  0.000000000E+00  9.494993104E+00 
       270  1.172500000E+02  0.000000000E+00  9.506759653E+00 
       271  1.175000000E+02  0.000000000E+00  9.518282125E+00 
       272  1.177500000E+02  0.000000000E+00  9.529564693E+00 
       273  1.180000000E+02  0.000000000E+00  9.540611497E+00 
       274  1.182500000E+02  0.000000000E+00  9.551426642E+00 
       275  1.185000000E+02  0.000000000E+00  9.562014197E+00 
       276  1.187500000E+02  0.000000000E+00  9.572378191E+00 
       277  1.190000000E+02  0.000000000E+00  9.582522613E+00 
       278  1.192500000E+02  0.000000000E+00  9.592451410E+00 
       279  1.195000000E+02  0.000000000E+00  9.602168488E+00 
       280  1.197500000E+02  0.000000000E+00  9.611677707E+00 
       281  1.200000000E+02  0.000000000E+00  9.620982883E+00 
       282  1.202500000E+02  0.000000000E+00  9.630087787E+00 
       283  1.205000000E+02  0.000000000E+00  9.638996143E+00 
       284  1.207500000E+02  0.000000000E+00  9.647711628E+00 
       285  1.210000000E+02  0.000000000E+00  9.656237869E+00 
       286  1.212500000E+02  0.000000000E+00  9.664578447E+00 
       287  1.215000000E+02  0.000000000E+00  9.672736893E+00 
       288  1.217500000E+02  0.000000000E+00  9.680716690E+00 
       289  1.220000000E+02  0.000000000E+00  9.688521268E+00 
       290  1.222500000E+02  0.000000000E+00  9.696154012E+00 
       291  1.225000000E+02  0.000000000E+00  9.703618252E+00 
       292  1.227500000E+02  0.000000000E+00  9.710917270E+00 
       293  1.230000000E+02  0.000000000E+00  9.718054298E+00 
       294  1.232500000E+02  0.000000000E+00  9.725032517E+00 
       295  1.235000000E+02  0.000000000E+00  9.731855057E+00 
       296  1.237500000E+02  0.000000000E+00  9.738524998E+00 
       297  1.240000000E+02  0.000000000E+00  9.745045369E+00 
       298  1.242500000E+02  0.000000000E+00  9.751419151E+00 
       299  1.245000000E+02  0.000000000E+00  9.757649271E+00 
       300  1.247500000E+02  0.000000000E+00  9.763738611E+00 
       301  1.250000000E+02  0.000000000E+00  9.769689999E+00 
       302  1.252500000E+02  0.000000000E+00  9.775506216E+00 
       303  1.255000000E+02  0.000000000E+00  9.781189994E+00 
       304  1.257500000E+02  0.000000000E+00  9.786744015E+00 
       305  1.260000000E+02  0.000000000E+00  9.792170913E+00 
       306  1.262500000E+02  0.000000000E+00  9.797473276E+00 
       307  1.265000000E+02  0.000000000E+00  9.802653640E+00 
       308  1.267500000E+02  0.000000000E+00  9.807714499E+00 
       309  1.270000000E+02  0.000000000E+00  9.812658296E+00 
       310  1.272500000E+02  0.000000000E+00  9.817487430E+00 
       311  1.275000000E+02  0.000000000E+00  9.822204253E+00 
       312  1.277500000E+02  0.000000000E+00  9.826811073E+00 
       313  1.280000000E+02  0.000000000E+00  9.831310152E+00 
       314  1.282500000E+02  0.000000000E+00  9.835703708E+00 
       315  1.285000000E+02  0.000000000E+00  9.839993914E+00 
       316  1.287500000E+02  0.000000000E+00  9.844182903E+00 
       317  1.290000000E+02  0.000000000E+00  9.848272761E+00 
       318  1.292500000E+02  0.000000000E+00  9.852265534E+00 
       319  1.295000000E+02  0.000000000E+00  9.856163226E+00 
       320  1.297500000E+02  0.000000000E+00  9.859967801E+00 
       321  1.300000000E+02  0.000000000E+00  9.863681181E+00 
       322  1.302500000E+02  0.000000000E+00  9.867305247E+00 
       323  1.305000000E+02  0.000000000E+00  9.870841843E+00 
       324  1.307500000E+02  0.000000000E+00  9.874292772E+00 
       325  1.310000000E+02  0.000000000E+00  9.877659800E+00 
       326  1.312500000E+02  0.000000000E+00  9.880944654E+00 
       327  1.315000000E+02  0.000000000E+00  9.884149024E+00 
       328  1.317500000E+02  0.000000000E+00  9.887274565E+00 
       329  1.320000000E+02  0.000000000E+00  9.890322893E+00 
       330  1.322500000E+02  0.000000000E+00  9.893295590E+00 
       331  1.325000000E+02  0.000000000E+00  9.896194203E+00 
       332  1.327500000E+02  0.000000000E+00  9.899020243E+00 
       333  1.330000000E+02  0.000000000E+00  9.901775189E+00 
       334  1.332500000E+02  0.000000000E+00  9.904460484E+00 
       335  1.335000000E+02  0.000000000E+00  9.907077540E+00 
       336  1.337500000E+02  0.000000000E+00  9.909627735E+00 
       337  1.340000000E+02  0.000000000E+00  9.912112415E+00 
       338  1.342500000E+02  0.000000000E+00  9.914532896E+00 
       339  1.345000000E+02  0.000000000E+00  9.916890461E+00 
       340  1.347500000E+02  0.000000000E+00  9.919186363E+00 
       341  1.350000000E+02  0.000000000E+00  9.921421824E+00 
       342  1.352500000E+02  0.000000000E+00  9.923598038E+00 
       343  1.355000000E+02  0.000000000E+00  9.925716167E+00 
       344  1.357500000E+02  0.000000000E+00  9.927777347E+00 
       345  1.360000000E+02  0.000000000E+00  9.929782682E+00 
       346  1.362500000E+02  0.000000000E+00  9.931733251E+00 
       347  1.365000000E+02  0.000000000E+00  9.933630103E+00 
       348  1.367500000E+02  0.000000000E+00  9.935474261E+00 
       349  1.370000000E+02  0.000000000E+00  9.937266720E+00 
       350  1.372500000E+02  0.000000000E+00  9.939008448E+00 
       351  1.375000000E+02  0.000000000E+00  9.940700388E+00 
       352  1.377500000E+02  0.000000000E+00  9.942343455E+00 
       353  1.380000000E+02  0.000000000E+00  9.943938539E+00 
       354  1.382500000E+02  0.000000000E+00  9.945486506E+00 
       355  1.385000000E+02  0.000000000E+00  9.946988194E+00 
       356  1.387500000E+02  0.000000000E+00  9.948444418E+00 
       357  1.390000000E+02  0.000000000E+00  9.949855968E+00 
       358  1.392500000E+02  0.000000000E+00  9.951223609E+00 
       359  1.395000000E+02  0.000000000E+00  9.952548082E+00 
       360  1.397500000E+02  0.000000000E+00  9.953830104E+00 
       361  1.400000000E+02  0.000000000E+00  9.955070369E+00 
       362  1.402500000E+02  0.000000000E+00  9.956269546E+00 
       363  1.405000000E+02  0.000000000E+00  9.957428281E+00 
       364  1.407500000E+02  0.000000000E+00  9.958547199E+00 
       365  1.410000000E+02  0.000000000E+00  9.959626898E+00 
       366  1.412500000E+02  0.000000000E+00  9.960667955E+00 
       367  1.415000000E+02  0.000000000E+00  9.961670926E+00 
       368  1.417500000E+02  0.000000000E+00  9.962636341E+00 
       369  1.420000000E+02  0.000000000E+00  9.963564710E+00 
       370  1.422500000E+02  0.000000000E+00  9.964456520E+00 
       371  1.425000000E+02  0.000000000E+00  9.965312234E+00 
       372  1.427500000E+02  0.000000000E+00  9.966132294E+00 
       373  1.430000000E+02  0.000000000E+00  9.966917121E+00 
       374  1.432500000E+02  0.000000000E+00  9.967667112E+00 
       375  1.435000000E+02  0.000000000E+00  9.968382642E+00 
       376  1.437500000E+02  0.000000000E+00  9.969064065E+00 
       377  1.440000000E+02  0.000000000E+00  9.969711713E+00 
       378  1.442500000E+02  0.000000000E+00  9.970325894E+00 
       379  1.445000000E+02  0.000000000E+00  9.970906896E+00 
       380  1.447500000E+02  0.000000000E+00  9.971454984E+00 
       381  1.450000000E+02  0.000000000E+00  9.971970402E+00 
       382  1.452500000E+02  0.000000000E+00  9.972453371E+00 
       383  1.455000000E+02  0.000000000E+00  9.972904089E+00 
       384  1.457500000E+02  0.000000000E+00  9.973322734E+00 
       385  1.460000000E+02  0.000000000E+00  9.973709460E+00 
       386  1.462500000E+02  0.000000000E+00  9.974064401E+00 
       387  1.465000000E+02  0.000000000E+00  9.974387665E+00 
       388  1.467500000E+02  0.000000000E+00  9.974679340E+00 
       389  1.470000000E+02  0.000000000E+00  9.974939492E+00 
       390  1.472500000E+02  0.000000000E+00  9.975168163E+00 
       391  1.475000000E+02  0.000000000E+00  9.975365373E+00 
       392  1.477500000E+02  0.000000000E+00  9.975531119E+00 
       393  1.480000000E+02  0.000000000E+00  9.975665374E+00 
       394  1.482500000E+02  0.000000000E+00  9.975768089E+00 
       395  1.485000000E+02  0.000000000E+00  9.975839191E+00 
       396  1.487500000E+02  0.000000000E+00  9.975878586E+00 
       397  1.490000000E+02  0.000000000E+00  9.975886153E+00 
       398  1.492500000E+02  0.000000000E+00  9.975861748E+00 
       399  1.495000000E+02  0.000000000E+00  9.975805206E+00 
       400  1.497500000E+02  0.000000000E+00  9.975716333E+00 
       401  1.500000000E+02  0.000000000E+00  9.975594916E+00 
       402  1.502500000E+02  0.000000000E+00  9.975440713E+00 
       403  1.505000000E+02  0.000000000E+00  9.975253460E+00 
       404  1.507500000E+02  0.000000000E+00  9.975032867E+00 
       405  1.510000000E+02  0.000000000E+00  9.974778619E+00 
       406  1.512500000E+02  0.000000000E+00  9.974490377E+00 
       407  1.515000000E+02  0.000000000E+00  9.974167773E+00 
       408  1.517500000E+02  0.000000000E+00  9.973810417E+00 
       409  1.520000000E+02  0.000000000E+00  9.973417890E+00 
       410  1.522500000E+02  0.000000000E+00  9.972989749E+00 
       411  1.525000000E+02  0.000000000E+00  9.972525523E+00 
       412  1.527500000E+02  0.000000000E+00  9.972024714E+00 
       413  1.530000000E+02  0.000000000E+00  9.971486797E+00 
       414  1.532500000E+02  0.000000000E+00  9.970911221E+00 
       415  1.535000000E+02  0.000000000E+00  9.970297406E+00 
       416  1.537500000E+02  0.000000000E+00  9.969644744E+00 
       417  1.540000000E+02  0.000000000E+00  9.968952599E+00 
       418  1.542500000E+02  0.000000000E+00  9.968220306E+00 
       419  1.545000000E+02  0.000000000E+00  9.967447173E+00 
       420  1.547500000E+02  0.000000000E+00  9.966632476E+00 
       421  1.550000000E+02  0.000000000E+00  9.965775463E+00 
       422  1.552500000E+02  0.000000000E+00  9.964875354E+00 
       423  1.555000000E+02  0.000000000E+00  9.963931335E+00 
       424  1.557500000E+02  0.000000000E+00  9.962942565E+00 
       425  1.560000000E+02  0.000000000E+00  9.961908171E+00 
       426  1.562500000E+02  0.000000000E+00  9.960827249E+00 
       427  1.565000000E+02  0.000000000E+00  9.959698863E+00 
       428  1.567500000E+02  0.000000000E+00  9.958522046E+00 
       429  1.570000000E+02  0.000000000E+00  9.957295800E+00 
       430  1.572500000E+02  0.000000000E+00  9.956019092E+00 
       431  1.575000000E+02  0.000000000E+00  9.954690858E+00 
       432  1.577500000E+02  0.000000000E+00  9.953310002E+00 
       433  1.580000000E+02  0.000000000E+00  9.951875392E+00 
       434  1.582500000E+02  0.000000000E+00  9.950385864E+00 
       435  1.585000000E+02  0.000000000E+00  9.948840220E+00 
       436  1.587500000E+02  0.000000000E+00  9.947237227E+00 
       437  1.590000000E+02  0.000000000E+00  9.945575617E+00 
       438  1.592500000E+02  0.000000000E+00  9.943854088E+00 
       439  1.595000000E+02  0.000000000E+00  9.942071301E+00 
       440  1.597500000E+02  0.000000000E+00  9.940225884E+00 
       441  1.600000000E+02  0.000000000E+00  9.938316425E+00 
       442  1.602500000E+02  0.000000000E+00  9.936341479E+00 
       443  1.605000000E+02  0.000000000E+00  9.934299563E+00 
       444  1.607500000E+02  0.000000000E+00  9.932189156E+00 
       445  1.610000000E+02  0.000000000E+00  9.930008700E+00 
       446  1.612500000E+02  0.000000000E+00  9.927756602E+00 
       447  1.615000000E+02  0.000000000E+00  9.925431226E+00 
       448  1.617500000E+02  0.000000000E+00  9.923030901E+00 
       449  1.620000000E+02  0.000000000E+00  9.920553917E+00 
       450  1.622500000E+02  0.000000000E+00  9.917998523E+00 
       451  1.625000000E+02  0.000000000E+00  9.915362933E+00 
       452  1.627500000E+02  0.000000000E+00  9.912645315E+00 
       453  1.630000000E+02  0.000000000E+00  9.909843804E+00 
       454  1.632500000E+02  0.000000000E+00  9.906956488E+00 
       455  1.635000000E+02  0.000000000E+00  9.903981421E+00 
       456  1.637500000E+02  0.000000000E+00  9.900916611E+00 
       457  1.640000000E+02  0.000000000E+00  9.897760028E+00 
       458  1.642500000E+02  0.000000000E+00  9.894509600E+00 
       459  1.645000000E+02  0.000000000E+00  9.891163212E+00 
       460  1.647500000E+02  0.000000000E+00  9.887718710E+00 
       461  1.650000000E+02  0.000000000E+00  9.884173895E+00 
       462  1.652500000E+02  0.000000000E+00  9.880526527E+00 
       463  1.655000000E+02  0.000000000E+00  9.876774325E+00 
       464  1.657500000E+02  0.000000000E+00  9.872914963E+00 
       465  1.660000000E+02  0.000000000E+00  9.868946073E+00 
       466  1.662500000E+02  0.000000000E+00  9.864865244E+00 
       467  1.665000000E+02  0.000000000E+00  9.860670021E+00 
       468  1.667500000E+02  0.000000000E+00  9.856357906E+00 
       469  1.670000000E+02  0.000000000E+00  9.851926359E+00 
       470  1.672500000E+02  0.000000000E+00  9.847372793E+00 
       471  1.675000000E+02  0.000000000E+00  9.842694580E+00 
       472  1.677500000E+02  0.000000000E+00  9.837889046E+00 
       473  1.680000000E+02  0.000000000E+00  9.832953474E+00 
       474  1.682500000E+02  0.000000000E+00  9.827885102E+00 
       475  1.685000000E+02  0.000000000E+00  9.822681124E+00 
       476  1.687500000E+02  0.000000000E+00  9.817338691E+00 
       477  1.690000000E+02  0.000000000E+00  9.811854908E+00 
       478  1.692500000E+02  0.000000000E+00  9.806226834E+00 
       479  1.695000000E+02  0.000000000E+00  9.800451488E+00 
       480  1.697500000E+02  0.000000000E+00  9.794525839E+00 
       481  1.700000000E+02  0.000000000E+00  9.788446817E+00 
       482  1.702500000E+02  0.000000000E+00  9.782211302E+00 
       483  1.705000000E+02  0.000000000E+00  9.775816135E+00 
       484  1.707500000E+02  0.000000000E+00  9.769258108E+00 
       485  1.710000000E+02  0.000000000E+00  9.762533971E+00 
       486  1.712500000E+02  0.000000000E+00  9.755640430E+00 
       487  1.715000000E+02  0.000000000E+00  9.748574146E+00 
       488  1.717500000E+02  0.000000000E+00  9.741331735E+00 
       489  1.720000000E+02  0.000000000E+00  9.733909771E+00 
       490  1.722500000E+02  0.000000000E+00  9.726304784E+00 
       491  1.725000000E+02  0.000000000E+00  9.718513260E+00 
       492  1.727500000E+02  0.000000000E+00  9.710531640E+00 
       493  1.730000000E+02  0.000000000E+00  9.702356324E+00 
       494  1.732500000E+02  0.000000000E+00  9.693983669E+00 
       495  1.735000000E+02  0.000000000E+00  9.685409988E+00 
       496  1.737500000E+02  0.000000000E+00  9.676631553E+00 
       497  1.740000000E+02  0.000000000E+00  9.667644593E+00 
       498  1.742500000E+02  0.000000000E+00  9.658445295E+00 
       499  1.745000000E+02  0.000000000E+00  9.649029804E+00 
       500  1.747500000E+02  0.000000000E+00  9.639394226E+00 
       501  1.750000000E+02  0.000000000E+00  9.629534623E+00 
       502  1.752500000E+02  0.000000000E+00  9.619447021E+00 
       503  1.755000000E+02  0.000000000E+00  9.609127401E+00 
       504  1.757500000E+02  0.000000000E+00  9.598571707E+00 
       505  1.760000000E+02  0.000000000E+00  9.587775845E+00 
       506  1.762500000E+02  0.000000000E+00  9.576735680E+00 
       507  1.765000000E+02  0.000000000E+00  9.565447041E+00 
       508  1.767500000E+02  0.000000000E+00  9.553905716E+00 
       509  1.770000000E+02  0.000000000E+00  9.542107460E+00 
       510  1.772500000E+02  0.000000000E+00  9.530047989E+00 
       511  1.775000000E+02  0.000000000E+00  9.517722983E+00 
       512  1.777500000E+02  0.000000000E+00  9.505128089E+00 
       513  1.780000000E+02  0.000000000E+00  9.492258917E+00 
       514  1.782500000E+02  0.000000000E+00  9.479111044E+00 
       515  1.785000000E+02  0.000000000E+00  9.465680013E+00 
       516  1.787500000E+02  0.000000000E+00  9.451961336E+00 
       517  1.790000000E+02  0.000000000E+00  9.437950491E+00 
       518  1.792500000E+02  0.000000000E+00  9.423642929E+00 
       519  1.795000000E+02  0.000000000E+00  9.409034066E+00 
       520  1.797500000E+02  0.000000000E+00  9.394119293E+00 
       521  1.800000000E+02  0.000000000E+00  9.378893971E+00 
       522  1.802500000E+02  0.000000000E+00  9.363353434E+00 
       523  1.805000000E+02  0.000000000E+00  9.347492990E+00 
       524  1.807500000E+02  0.000000000E+00  9.331307921E+00 
       525  1.810000000E+02  0.000000000E+00  9.314793489E+00 
       526  1.812500000E+02  0.000000000E+00  9.297944928E+00 
       527  1.815000000E+02  0.000000000E+00  9.280757455E+00 
       528  1.817500000E+02  0.000000000E+00  9.263226265E+00 
       529  1.820000000E+02  0.000000000E+00  9.245346536E+00 
       530  1.822500000E+02  0.000000000E+00  9.227113429E+00 
       531  1.825000000E+02  0.000000000E+00  9.208522090E+00 
       532  1.827500000E+02  0.000000000E+00  9.189567653E+00 
       533  1.830000000E+02  0.000000000E+00  9.170245240E+00 
       534  1.832500000E+02  0.000000000E+00  9.150549966E+00 
       535  1.835000000E+02  0.000000000E+00  9.130476940E+00 
       536  1.837500000E+02  0.000000000E+00  9.110021265E+00 
       537  1.840000000E+02  0.000000000E+00  9.089178048E+00 
       538  1.842500000E+02  0.000000000E+00  9.067942397E+00 
       539  1.845000000E+02  0.000000000E+00  9.046309428E+00 
       540  1.847500000E+02  0.000000000E+00  9.024274265E+00 
       541  1.850000000E+02  0.000000000E+00  9.001832053E+00 
       542  1.852500000E+02  0.000000000E+00  8.978977954E+00 
       543  1.855000000E+02  0.000000000E+00  8.955707158E+00 
       544  1.857500000E+02  0.000000000E+00  8.932014888E+00 
       545  1.860000000E+02  0.000000000E+00  8.907896408E+00 
       546  1.862500000E+02  0.000000000E+00  8.883347030E+00 
       547  1.865000000E+02  0.000000000E+00  8.858362127E+00 
       548  1.867500000E+02  0.000000000E+00  8.832937137E+00 
       549  1.870000000E+02  0.000000000E+00  8.807067583E+00 
       550  1.872500000E+02  0.000000000E+00  8.780749081E+00 
       551  1.875000000E+02  0.000000000E+00  8.753977359E+00 
       552  1.877500000E+02  0.000000000E+00  8.726748272E+00 
       553  1.880000000E+02  0.000000000E+00  8.699057826E+00 
       554  1.882500000E+02  0.000000000E+00  8.670902199E+00 
       555  1.885000000E+02  0.000000000E+00  8.642277770E+00 
       556  1.887500000E+02  0.000000000E+00  8.613181147E+00 
       557  1.890000000E+02  0.000000000E+00  8.583609205E+00 
       558  1.892500000E+02  0.000000000E+00  8.553559124E+00 
       559  1.895000000E+02  0.000000000E+00  8.523028439E+00 
       560  1.897500000E+02  0.000000000E+00  8.492015091E+00 
       561  1.900000000E+02  0.000000000E+00  8.460517488E+00 
       562  1.902500000E+02  0.000000000E+00  8.428534581E+00 
       563  1.905000000E+02  0.000000000E+00  8.396065938E+00 
       564  1.907500000E+02  0.000000000E+00  8.363111845E+00 
       565  1.910000000E+02  0.000000000E+00  8.329673413E+00 
       566  1.912500000E+02  0.000000000E+00  8.295752701E+00 
       567  1.915000000E+02  0.000000000E+00  8.261352864E+00 
       568  1.917500000E+02  0.000000000E+00  8.226478320E+00 
       569  1.920000000E+02  0.000000000E+00  8.191134945E+00 
       570  1.922500000E+02  0.000000000E+00  8.155330299E+00 
       571  1.925000000E+02  0.000000000E+00  8.119073882E+00 
       572  1.927500000E+02  0.000000000E+00  8.082377448E+00 
       573  1.930000000E+02  0.000000000E+00  8.045255348E+00 
       574  1.932500000E+02  0.000000000E+00  8.007724950E+00 
       575  1.935000000E+02  0.000000000E+00  7.969807114E+00 
       576  1.937500000E+02  0.000000000E+00  7.931526760E+00 
       577  1.940000000E+02  0.000000000E+00  7.892913527E+00 
       578  1.942500000E+02  0.000000000E+00  7.854002551E+00 
       579  1.945000000E+02  0.000000000E+00  7.814835383E+00 
       580  1.947500000E+02  0.000000000E+00  7.775461074E+00 
       581  1.950000000E+02  0.000000000E+00  7.735937476E+00 
       582  1.952500000E+02  0.000000000E+00  7.696332776E+00 
       583  1.955000000E+02  0.000000000E+00  7.656727365E+00 
       584  1.957500000E+02  0.000000000E+00  7.617216075E+00 
       585  1.960000000E+02  0.000000000E+00  7.577910916E+00 
       586  1.962500000E+02  0.000000000E+00  7.538944436E+00 
       587  1.965000000E+02  0.000000000E+00  7.500473865E+00 
       588  1.967500000E+02  0.000000000E+00  7.462686323E+00 
       589  1.970000000E+02  0.000000000E+00  7.425805412E+00 
       590  1.972500000E+02  0.000000000E+00  7.390099692E+00 
       591  1.975000000E+02  0.000000000E+00  7.355893779E+00 
       592  1.977500000E+02  0.000000000E+00  7.323583177E+00 
       593  1.980000000E+02  0.000000000E+00  7.293654608E+00 
       594  1.982500000E+02  0.000000000E+00  7.266714799E+00 
       595  1.985000000E+02  0.000000000E+00  7.243532900E+00 
       596  1.987500000E+02  0.000000000E+00  7.225106341E+00 
       597  1.990000000E+02  0.000000000E+00  7.212770326E+00 
       598  1.992500000E+02  0.000000000E+00  7.208396928E+00 
       599  1.995000000E+02  0.000000000E+00  7.214800599E+00 
       600  1.997500000E+02  0.000000000E+00  7.239428448E+00 
       601  2.000000000E+02  0.000000000E+00  6.348183734E+00 
       602  2.001999988E+02  0.000000000E+00  5.720932063E+00 
       603  2.004032879E+02  0.000000000E+00  5.922475655E+00 
       604  2.006099214E+02  0.000000000E+00  6.121298001E+00 
       605  2.008199543E+02  0.000000000E+00  6.316183577E+00 
       606  2.010334426E+02  0.000000000E+00  6.506679518E+00 
       607  2.012504431E+02  0.000000000E+00  6.692387254E+00 
       608  2.014710137E+02  0.000000000E+00  6.872954702E+00 
       609  2.016952129E+02  0.000000000E+00  7.048075246E+00 
       610  2.019231006E+02  0.000000000E+00  7.217487346E+00 
       611  2.021547374E+02  0.000000000E+00  7.380973756E+00 
       612  2.023901849E+02  0.000000000E+00  7.538360493E+00 
       613  2.026295060E+02  0.000000000E+00  7.689515511E+00 
       614  2.028727642E+02  0.000000000E+00  7.834347228E+00 
       615  2.031200245E+02  0.000000000E+00  7.976004507E+00 
       616  2.033713525E+02  0.000000000E+00  8.114305378E+00 
       617  2.036268153E+02  0.000000000E+00  8.185762844E+00 
       618  2.038864808E+02  0.000000000E+00  8.251445469E+00 
       619  2.041504183E+02  0.000000000E+00  8.376184492E+00 
       620  2.044186979E+02  0.000000000E+00  8.493305556E+00 
       621  2.046913911E+02  0.000000000E+00  8.600173077E+00 
       622  2.049685706E+02  0.000000000E+00  8.700856572E+00 
       623  2.052503101E+02  0.000000000E+00  8.795524494E+00 
       624  2.055366847E+02  0.000000000E+00  8.884362857E+00 
       625  2.058277705E+02  0.000000000E+00  8.967572458E+00 
       626  2.061236452E+02  0.000000000E+00  9.045366211E+00 
       627  2.064243875E+02  0.000000000E+00  9.117966509E+00 
       628  2.067300774E+02  0.000000000E+00  9.185602807E+00 
       629  2.070407965E+02  0.000000000E+00  9.248509329E+00 
       630  2.073566273E+02  0.000000000E+00  9.306922952E+00 
       631  2.076776540E+02  0.000000000E+00  9.361081276E+00 
       632  2.080039622E+02  0.000000000E+00  9.411220867E+00 
       633  2.083356386E+02  0.000000000E+00  9.457575676E+00 
       634  2.086727716E+02  0.000000000E+00  9.500375655E+00 
       635  2.090154510E+02  0.000000000E+00  9.539845538E+00 
       636  2.093637679E+02  0.000000000E+00  9.576203803E+00 
       637  2.097178153E+02  0.000000000E+00  9.609661788E+00 
       638  2.100776872E+02  0.000000000E+00  9.640422971E+00 
       639  2.104434797E+02  0.000000000E+00  9.668682398E+00 
       640  2.108152899E+02  0.000000000E+00  9.694626235E+00 
       641  2.111932170E+02  0.000000000E+00  9.718431459E+00 
       642  2.115773617E+02  0.000000000E+00  9.740265651E+00 
       643  2.119678260E+02  0.000000000E+00  9.760286903E+00 
       644  2.123647142E+02  0.000000000E+00  9.778643807E+00 
       645  2.127681317E+02  0.000000000E+00  9.795475534E+00 
       646  2.131781861E+02  0.000000000E+00  9.810911974E+00 
       647  2.135949866E+02  0.000000000E+00  9.825073951E+00 
       648  2.140186441E+02  0.000000000E+00  9.838073476E+00 
       649  2.144492713E+02  0.000000000E+00  9.850014056E+00 
       650  2.148869831E+02  0.000000000E+00  9.860991029E+00 
       651  2.153318959E+02  0.000000000E+00  9.871091933E+00 
       652  2.157841282E+02  0.000000000E+00  9.880396890E+00 
       653  2.162438005E+02  0.000000000E+00  9.888979016E+00 
       654  2.167110350E+02  0.000000000E+00  9.896904824E+00 
       655  2.171859563E+02  0.000000000E+00  9.904234651E+00 
       656  2.176686908E+02  0.000000000E+00  9.911023070E+00 
       657  2.181593671E+02  0.000000000E+00  9.917319306E+00 
       658  2.186581157E+02  0.000000000E+00  9.923167636E+00 
       659  2.191650695E+02  0.000000000E+00  9.928607788E+00 
       660  2.196803635E+02  0.000000000E+00  9.933675326E+00 
       661  2.202041348E+02  0.000000000E+00  9.938402015E+00 
       662  2.207365230E+02  0.000000000E+00  9.942816176E+00 
       663  2.212776699E+02  0.000000000E+00  9.946943018E+00 
       664  2.218277194E+02  0.000000000E+00  9.950804956E+00 
       665  2.223868182E+02  0.000000000E+00  9.954421908E+00 
       666  2.229551149E+02  0.000000000E+00  9.957811572E+00 
       667  2.235327610E+02  0.000000000E+00  9.960989681E+00 
       668  2.241199103E+02  0.000000000E+00  9.963970246E+00 
       669  2.247167191E+02  0.000000000E+00  9.966765770E+00 
       670  2.253233464E+02  0.000000000E+00  9.969387447E+00 
       671  2.259399536E+02  0.000000000E+00  9.971845346E+00 
       672  2.265667050E+02  0.000000000E+00  9.974148570E+00 
       673  2.272037674E+02  0.000000000E+00  9.976305401E+00 
       674  2.278513104E+02  0.000000000E+00  9.978323432E+00 
       675  2.285095066E+02  0.000000000E+00  9.980209675E+00 
       676  2.291785311E+02  0.000000000E+00  9.981970665E+00 
       677  2.298585621E+02  0.000000000E+00  9.983612538E+00 
       678  2.305497807E+02  0.000000000E+00  9.985141109E+00 
       679  2.312523708E+02  0.000000000E+00  9.986561924E+00 
       680  2.319665197E+02  0.000000000E+00  9.987880318E+00 
       681  2.326924175E+02  0.000000000E+00  9.989101445E+00 
       682  2.334302574E+02  0.000000000E+00  9.990230316E+00 
       683  2.341802359E+02  0.000000000E+00  9.991271811E+00 
       684  2.349425527E+02  0.000000000E+00  9.992230705E+00 
       685  2.357174108E+02  0.000000000E+00  9.993111664E+00 
       686  2.365050165E+02  0.000000000E+00  9.993919256E+00 
       687  2.373055796E+02  0.000000000E+00  9.994657945E+00 
       688  2.381193132E+02  0.000000000E+00  9.995332083E+00 
       689  2.389464340E+02  0.000000000E+00  9.995945900E+00 
       690  2.397871622E+02  0.000000000E+00  9.996503491E+00 
       691  2.406417216E+02  0.000000000E+00  9.997008795E+00 
       692  2.415103399E+02  0.000000000E+00  9.997465579E+00 
       693  2.423932484E+02  0.000000000E+00  9.997877414E+00 
       694  2.432906820E+02  0.000000000E+00  9.998247651E+00 
       695  2.442028798E+02  0.000000000E+00  9.998579390E+00 
       696  2.451300847E+02  0.000000000E+00  9.998875458E+00 
       697  2.460725436E+02  0.000000000E+00  9.999138368E+00 
       698  2.470305073E+02  0.000000000E+00  9.999370290E+00 
       699  2.480042311E+02  0.000000000E+00  9.999573014E+00 
       700  2.489939742E+02  0.000000000E+00  9.999747905E+00 
       701  2.500000000E+02  0.000000000E+00  9.999895875E+00 
       702  2.510060258E+02  0.000000000E+00  1.000001556E+01 
       703  2.519957689E+02  0.000000000E+00  1.000010670E+01 
       704  2.529694927E+02  0.000000000E+00  1.000017083E+01 
       705  2.539274564E+02  0.000000000E+00  1.000020872E+01 
       706  2.548699153E+02  0.000000000E+00  1.000022046E+01 
       707  2.557971202E+02  0.000000000E+00  1.000020567E+01 
       708  2.567093180E+02  0.000000000E+00  1.000016346E+01 
       709  2.576067516E+02  0.000000000E+00  1.000009253E+01 
       710  2.584896601E+02  0.000000000E+00  9.999991294E+00 
       711  2.593582784E+02  0.000000000E+00  9.999857882E+00 
       712  2.602128379E+02  0.000000000E+00  9.999690207E+00 
       713  2.610535660E+02  0.000000000E+00  9.999485998E+00 
       714  2.618806868E+02  0.000000000E+00  9.999242854E+00 
       715  2.626944204E+02  0.000000000E+00  9.998958280E+00 
       716  2.634949835E+02  0.000000000E+00  9.998629734E+00 
       717  2.642825892E+02  0.000000000E+00  9.998254670E+00 
       718  2.650574473E+02  0.000000000E+00  9.997830581E+00 
       719  2.658197641E+02  0.000000000E+00  9.997355047E+00 
       720  2.665697426E+02  0.000000000E+00  9.996825790E+00 
       721  2.673075825E+02  0.000000000E+00  9.996240721E+00 
       722  2.680334803E+02  0.000000000E+00  9.995598001E+00 
       723  2.687476292E+02  0.000000000E+00  9.994896106E+00 
       724  2.694502193E+02  0.000000000E+00  9.994133891E+00 
       725  2.701414379E+02  0.000000000E+00  9.993310666E+00 
       726  2.708214689E+02  0.000000000E+00  9.992426276E+00 
       727  2.714904934E+02  0.000000000E+00  9.991481189E+00 
       728  2.721486896E+02  0.000000000E+00  9.990476595E+00 
       729  2.727962326E+02  0.000000000E+00  9.989414510E+00 
       730  2.734332950E+02  0.000000000E+00  9.988297892E+00 
       731  2.740600464E+02  0.000000000E+00  9.987130769E+00 
       732  2.746766536E+02  0.000000000E+00  9.985918376E+00 
       733  2.752832808E+02  0.000000000E+00  9.984667312E+00 
       734  2.758800897E+02  0.000000000E+00  9.983385700E+00 
       735  2.764672390E+02  0.000000000E+00  9.982083373E+00 
       736  2.770448851E+02  0.000000000E+00  9.980772069E+00 
       737  2.776131818E+02  0.000000000E+00  9.979465647E+00 
       738  2.781722806E+02  0.000000000E+00  9.978180317E+00 
       739  2.787223301E+02  0.000000000E+00  9.976934890E+00 
       740  2.792634769E+02  0.000000000E+00  9.975751052E+00 
       741  2.797958652E+02  0.000000000E+00  9.974653651E+00 
       742  2.803196365E+02  0.000000000E+00  9.973671011E+00 
       743  2.808349305E+02  0.000000000E+00  9.972835263E+00 
       744  2.813418843E+02  0.000000000E+00  9.972182704E+00 
       745  2.818406329E+02  0.000000000E+00  9.971754177E+00 
       746  2.823313092E+02  0.000000000E+00  9.971595555E+00 
       747  2.828140437E+02  0.000000000E+00  9.971757702E+00 
       748  2.832889650E+02  0.000000000E+00  9.972297581E+00 
       749  2.837561995E+02  0.000000000E+00  9.973278693E+00 
       750  2.842158718E+02  0.000000000E+00  9.974770945E+00 
       751  2.846681041E+02  0.000000000E+00  9.976851622E+00 
       752  2.851130169E+02  0.000000000E+00  9.979605855E+00 
       753  2.855507287E+02  0.000000000E+00  9.983127183E+00 
       754  2.859813560E+02  0.000000000E+00  9.987518145E+00 
       755  2.864050134E+02  0.000000000E+00  9.992890897E+00 
       756  2.868218139E+02  0.000000000E+00  9.999367866E+00 
       757  2.872318683E+02  0.000000000E+00  1.000708242E+01 
       758  2.876352858E+02  0.000000000E+00  1.001617960E+01 
       759  2.880321740E+02  0.000000000E+00  1.002681684E+01 
       760  2.884226383E+02  0.000000000E+00  1.003916477E+01 
       761  2.888067830E+02  0.000000000E+00  1.005340803E+01 
       762  2.891847101E+02  0.000000000E+00  1.006974619E+01 
       763  2.895565204E+02  0.000000000E+00  1.008839463E+01 
       764  2.899223128E+02  0.000000000E+00  1.010958558E+01 
       765  2.902821847E+02  0.000000000E+00  1.013356918E+01 
       766  2.906362321E+02  0.000000000E+00  1.016061462E+01 
       767  2.909845490E+02  0.000000000E+00  1.019101146E+01 
       768  2.913272284E+02  0.000000000E+00  1.022507089E+01 
       769  2.916643614E+02  0.000000000E+00  1.026312735E+01 
       770  2.919960378E+02  0.000000000E+00  1.030554009E+01 
       771  2.923223460E+02  0.000000000E+00  1.035269503E+01 
       772  2.926433727E+02  0.000000000E+00  1.040500675E+01 
       773  2.929592035E+02  0.000000000E+00  1.046292078E+01 
       774  2.932699226E+02  0.000000000E+00  1.052691608E+01 
       775  2.935756125E+02  0.000000000E+00  1.059750783E+01 
       776  2.938763548E+02  0.000000000E+00  1.067525062E+01 
       777  2.941722295E+02  0.000000000E+00  1.076074198E+01 
       778  2.944633153E+02  0.000000000E+00  1.085462635E+01 
       779  2.947496899E+02  0.000000000E+00  1.095759962E+01 
       780  2.950314294E+02  0.000000000E+00  1.107041423E+01 
       781  2.953086088E+02  0.000000000E+00  1.119388490E+01 
       782  2.955813021E+02  0.000000000E+00  1.132889526E+01 
       783  2.958495817E+02  0.000000000E+00  1.147640524E+01 
       784  2.961135192E+02  0.000000000E+00  1.163745951E+01 
       785  2.963731847E+02  0.000000000E+00  1.181319719E+01 
       786  2.966286475E+02  0.000000000E+00  1.200486282E+01 
       787  2.968799755E+02  0.000000000E+00  1.221381892E+01 
       788  2.971272358E+02  0.000000000E+00  1.244156041E+01 
       789  2.973704940E+02  0.000000000E+00  1.268973113E+01 
       790  2.976098151E+02  0.000000000E+00  1.296014279E+01 
       791  2.978452626E+02  0.000000000E+00  1.325479683E+01 
       792  2.980768994E+02  0.000000000E+00  1.357590970E+01 
       793  2.983047871E+02  0.000000000E+00  1.392594203E+01 
       794  2.985289863E+02  0.000000000E+00  1.430763250E+01 
       795  2.987495568E+02  0.000000000E+00  1.409125917E+01 
       796  2.989665574E+02  0.000000000E+00  1.385484164E+01 
       797  2.991800457E+02  0.000000000E+00  1.420856818E+01 
       798  2.993900786E+02  0.000000000E+00  1.459390868E+01 
       799  2.995967121E+02  0.000000000E+00  1.501434229E+01 
       800  2.998000012E+02  0.000000000E+00  1.547729711E+01 
       801  3.000000000E+02  0.000000000E+00  1.475066178E+01 
       802  3.002500000E+02  0.000000000E+00  1.359022995E+01 
       803  3.005000000E+02  0.000000000E+00  1.366337598E+01 
       804  3.007500000E+02  0.000000000E+00  1.369782458E+01 
       805  3.010000000E+02  0.000000000E+00  1.371068753E+01 
       806  3.012500000E+02  0.000000000E+00  1.370789469E+01 
       807  3.015000000E+02  0.000000000E+00  1.369327689E+01 
       808  3.017500000E+02  0.000000000E+00  1.366950537E+01 
       809  3.020000000E+02  0.000000000E+00  1.363854086E+01 
       810  3.022500000E+02  0.000000000E+00  1.360187426E+01 
       811  3.025000000E+02  0.000000000E+00  1.356066817E+01 
       812  3.027500000E+02  0.000000000E+00  1.351584618E+01 
       813  3.030000000E+02  0.000000000E+00  1.346815233E+01 
       814  3.032500000E+02  0.000000000E+00  1.341819262E+01 
       815  3.035000000E+02  0.000000000E+00  1.336646481E+01 
       816  3.037500000E+02  0.000000000E+00  1.331338054E+01 
       817  3.040000000E+02  0.000000000E+00  1.325928207E+01 
       818  3.042500000E+02  0.000000000E+00  1.320445515E+01 
       819  3.045000000E+02  0.000000000E+00  1.314913922E+01 
       820  3.047500000E+02  0.000000000E+00  1.309353538E+01 
       821  3.050000000E+02  0.000000000E+00  1.303781290E+01 
       822  3.052500000E+02  0.000000000E+00  1.298211444E+01 
       823  3.055000000E+02  0.000000000E+00  1.292656033E+01 
       824  3.057500000E+02  0.000000000E+00  1.287125211E+01 
       825  3.060000000E+02  0.000000000E+00  1.281627542E+01 
       826  3.062500000E+02  0.000000000E+00  1.276170246E+01 
       827  3.065000000E+02  0.000000000E+00  1.270759402E+01 
       828  3.067500000E+02  0.000000000E+00  1.265400114E+01 
       829  3.070000000E+02  0.000000000E+00  1.260096659E+01 
       830  3.072500000E+02  0.000000000E+00  1.254852607E+01 
       831  3.075000000E+02  0.000000000E+00  1.249670921E+01 
       832  3.077500000E+02  0.000000000E+00  1.244554047E+01 
       833  3.080000000E+02  0.000000000E+00  1.239503984E+01 
       834  3.082500000E+02  0.000000000E+00  1.234522351E+01 
       835  3.085000000E+02  0.000000000E+00  1.229610438E+01 
       836  3.087500000E+02  0.000000000E+00  1.224769253E+01 
       837  3.090000000E+02  0.000000000E+00  1.219999559E+01 
       838  3.092500000E+02  0.000000000E+00  1.215301909E+01 
       839  3.095000000E+02  0.000000000E+00  1.210676676E+01 
       840  3.097500000E+02  0.000000000E+00  1.206124073E+01 
       841  3.100000000E+02  0.000000000E+00  1.201644181E+01 
       842  3.102500000E+02  0.000000000E+00  1.197236961E+01 
       843  3.105000000E+02  0.000000000E+00  1.192902272E+01 
       844  3.107500000E+02  0.000000000E+00  1.188639885E+01 
       845  3.110000000E+02  0.000000000E+00  1.184449494E+01 
       846  3.112500000E+02  0.000000000E+00  1.180330725E+01 
       847  3.115000000E+02  0.000000000E+00  1.176283147E+01 
       848  3.117500000E+02  0.000000000E+00  1.172306278E+01 
       849  3.120000000E+02  0.000000000E+00  1.168399591E+01 
       850  3.122500000E+02  0.000000000E+00  1.164562521E+01 
       851  3.125000000E+02  0.000000000E+00  1.160794469E+01 
       852  3.127500000E+02  0.000000000E+00  1.157094807E+01 
       853  3.130000000E+02  0.000000000E+00  1.153462881E+01 
       854  3.132500000E+02  0.000000000E+00  1.149898015E+01 
       855  3.135000000E+02  0.000000000E+00  1.146399512E+01 
       856  3.137500000E+02  0.000000000E+00  1.142966660E+01 
       857  3.140000000E+02  0.000000000E+00  1.139598732E+01 
       858  3.142500000E+02  0.000000000E+00  1.136294987E+01 
       859  3.145000000E+02  0.000000000E+00  1.133054674E+01 
       860  3.147500000E+02  0.000000000E+00  1.129877032E+01 
       861  3.150000000E+02  0.000000000E+00  1.126761291E+01 
       862  3.152500000E+02  0.000000000E+00  1.123706678E+01 
       863  3.155000000E+02  0.000000000E+00  1.120712409E+01 
       864  3.157500000E+02  0.000000000E+00  1.117777700E+01 
       865  3.160000000E+02  0.000000000E+00  1.114901760E+01 
       866  3.162500000E+02  0.000000000E+00  1.112083797E+01 
       867  3.165000000E+02  0.000000000E+00  1.109323016E+01 
       868  3.167500000E+02  0.000000000E+00  1.106618620E+01 
       869  3.170000000E+02  0.000000000E+00  1.103969814E+01 
       870  3.172500000E+02  0.000000000E+00  1.101375799E+01 
       871  3.175000000E+02  0.000000000E+00  1.098835778E+01 
       872  3.177500000E+02  0.000000000E+00  1.096348957E+01 
       873  3.180000000E+02  0.000000000E+00  1.093914540E+01 
       874  3.182500000E+02  0.000000000E+00  1.091531734E+01 
       875  3.185000000E+02  0.000000000E+00  1.089199749E+01 
       876  3.187500000E+02  0.000000000E+00  1.086917797E+01 
       877  3.190000000E+02  0.000000000E+00  1.084685094E+01 
       878  3.192500000E+02  0.000000000E+00  1.082500857E+01 
       879  3.195000000E+02  0.000000000E+00  1.080364310E+01 
       880  3.197500000E+02  0.000000000E+00  1.078274677E+01 
       881  3.200000000E+02  0.000000000E+00  1.076231190E+01 
       882  3.202500000E+02  0.000000000E+00  1.074233083E+01 
       883  3.205000000E+02  0.000000000E+00  1.072279597E+01 
       884  3.207500000E+02  0.000000000E+00  1.070369977E+01 
       885  3.210000000E+02  0.000000000E+00  1.068503472E+01 
       886  3.212500000E+02  0.000000000E+00  1.066679339E+01 
       887  3.215000000E+02  0.000000000E+00  1.064896840E+01 
       888  3.217500000E+02  0.000000000E+00  1.063155241E+01 
       889  3.220000000E+02  0.000000000E+00  1.061453818E+01 
       890  3.222500000E+02  0.000000000E+00  1.059791849E+01 
       891  3.225000000E+02  0.000000000E+00  1.058168623E+01 
       892  3.227500000E+02  0.000000000E+00  1.056583432E+01 
       893  3.230000000E+02  0.000000000E+00  1.055035577E+01 
       894  3.232500000E+02  0.000000000E+00  1.053524364E+01 
       895  3.235000000E+02  0.000000000E+00  1.052049109E+01 
       896  3.237500000E+02  0.000000000E+00  1.050609133E+01 
       897  3.240000000E+02  0.000000000E+00  1.049203765E+01 
       898  3.242500000E+02  0.000000000E+00  1.047832341E+01 
       899  3.245000000E+02  0.000000000E+00  1.046494206E+01 
       900  3.247500000E+02  0.000000000E+00  1.045188712E+01 
       901  3.250000000E+02  0.000000000E+00  1.043915217E+01 
       902  3.252500000E+02  0.000000000E+00  1.042673090E+01 
       903  3.255000000E+02  0.000000000E+00  1.041461705E+01 
       904  3.257500000E+02  0.000000000E+00  1.040280445E+01 
       905  3.260000000E+02  0.000000000E+00  1.039128703E+01 
       906  3.262500000E+02  0.000000000E+00  1.038005877E+01 
       907  3.265000000E+02  0.000000000E+00  1.036911375E+01 
       908  3.267500000E+02  0.000000000E+00  1.035844612E+01 
       909  3.270000000E+02  0.000000000E+00  1.034805013E+01 
       910  3.272500000E+02  0.000000000E+00  1.033792009E+01 
       911  3.275000000E+02  0.000000000E+00  1.032805041E+01 
       912  3.277500000E+02  0.000000000E+00  1.031843557E+01 
       913  3.280000000E+02  0.000000000E+00  1.030907014E+01 
       914  3.282500000E+02  0.000000000E+00  1.029994877E+01 
       915  3.285000000E+02  0.000000000E+00  1.029106620E+01 
       916  3.287500000E+02  0.000000000E+00  1.028241724E+01 
       917  3.290000000E+02  0.000000000E+00  1.027399680E+01 
       918  3.292500000E+02  0.000000000E+00  1.026579985E+01 
       919  3.295000000E+02  0.000000000E+00  1.025782146E+01 
       920  3.297500000E+02  0.000000000E+00  1.025005677E+01 
       921  3.300000000E+02  0.000000000E+00  1.024250101E+01 
       922  3.302500000E+02  0.000000000E+00  1.023514950E+01 
       923  3.305000000E+02  0.000000000E+00  1.022799762E+01 
       924  3.307500000E+02  0.000000000E+00  1.022104085E+01 
       925  3.310000000E+02  0.000000000E+00  1.021427473E+01 
       926  3.312500000E+02  0.000000000E+00  1.020769490E+01 
       927  3.315000000E+02  0.000000000E+00  1.020129708E+01 
       928  3.317500000E+02  0.000000000E+00  1.019507704E+01 
       929  3.320000000E+02  0.000000000E+00  1.018903066E+01 
       930  3.322500000E+02  0.000000000E+00  1.018315389E+01 
       931  3.325000000E+02  0.000000000E+00  1.017744275E+01 
       932  3.327500000E+02  0.000000000E+00  1.017189335E+01 
       933  3.330000000E+02  0.000000000E+00  1.016650186E+01 
       934  3.332500000E+02  0.000000000E+00  1.016126452E+01 
       935  3.335000000E+02  0.000000000E+00  1.015617768E+01 
       936  3.337500000E+02  0.000000000E+00  1.015123774E+01 
       937  3.340000000E+02  0.000000000E+00  1.014644116E+01 
       938  3.342500000E+02  0.000000000E+00  1.014178449E+01 
       939  3.345000000E+02  0.000000000E+00  1.013726437E+01 
       940  3.347500000E+02  0.000000000E+00  1.013287747E+01 
       941  3.350000000E+02  0.000000000E+00  1.012862056E+01 
       942  3.352500000E+02  0.000000000E+00  1.012449048E+01 
       943  3.355000000E+02  0.000000000E+00  1.012048412E+01 
       944  3.357500000E+02  0.000000000E+00  1.011659846E+01 
       945  3.360000000E+02  0.000000000E+00  1.011283052E+01 
       946  3.362500000E+02  0.000000000E+00  1.010917742E+01 
       947  3.365000000E+02  0.000000000E+00  1.010563633E+01 
       948  3.367500000E+02  0.000000000E+00  1.010220447E+01 
       949  3.370000000E+02  0.000000000E+00  1.009887915E+01 
       950  3.372500000E+02  0.000000000E+00  1.009565773E+01 
       951  3.375000000E+02  0.000000000E+00  1.009253764E+01 
       952  3.377500000E+02  0.000000000E+00  1.008951636E+01 
       953  3.380000000E+02  0.000000000E+00  1.008659144E+01 
       954  3.382500000E+02  0.000000000E+00  1.008376050E+01 
       955  3.385000000E+02  0.000000000E+00  1.008102119E+01 
       956  3.387500000E+02  0.000000000E+00  1.007837124E+01 
       957  3.390000000E+02  0.000000000E+00  1.007580845E+01 
       958  3.392500000E+02  0.000000000E+00  1.007333064E+01 
       959  3.395000000E+02  0.000000000E+00  1.007093573E+01 
       960  3.397500000E+02  0.000000000E+00  1.006862165E+01 
       961  3.400000000E+02  0.000000000E+00  1.006638643E+01 
       962  3.402500000E+02  0.000000000E+00  1.006422811E+01 
       963  3.405000000E+02  0.000000000E+00  1.006214482E+01 
       964  3.407500000E+02  0.000000000E+00  1.006013473E+01 
       965  3.410000000E+02  0.000000000E+00  1.005819604E+01 
       966  3.412500000E+02  0.000000000E+00  1.005632704E+01 
       967  3.415000000E+02  0.000000000E+00  1.005452603E+01 
       968  3.417500000E+02  0.000000000E+00  1.005279139E+01 
       969  3.420000000E+02  0.000000000E+00  1.005112153E+01 
       970  3.422500000E+02  0.000000000E+00  1.004951492E+01 
       971  3.425000000E+02  0.000000000E+00  1.004797008E+01 
       972  3.427500000E+02  0.000000000E+00  1.004648555E+01 
       973  3.430000000E+02  0.000000000E+00  1.004505994E+01 
       974  3.432500000E+02  0.000000000E+00  1.004369190E+01 
       975  3.435000000E+02  0.000000000E+00  1.004238012E+01 
       976  3.437500000E+02  0.000000000E+00  1.004112335E+01 
       977  3.440000000E+02  0.000000000E+00  1.003992035E+01 
       978  3.442500000E+02  0.000000000E+00  1.003876994E+01 
       979  3.445000000E+02  0.000000000E+00  1.003767100E+01 
       980  3.447500000E+02  0.000000000E+00  1.003662243E+01 
       981  3.450000000E+02  0.000000000E+00  1.003562316E+01 
       982  3.452500000E+02  0.000000000E+00  1.003467218E+01 
       983  3.455000000E+02  0.000000000E+00  1.003376852E+01 
       984  3.457500000E+02  0.000000000E+00  1.003291124E+01 
       985  3.460000000E+02  0.000000000E+00  1.003209943E+01 
       986  3.462500000E+02  0.000000000E+00  1.003133223E+01 
       987  3.465000000E+02  0.000000000E+00  1.003060882E+01 
       988  3.467500000E+02  0.000000000E+00  1.002992841E+01 
       989  3.470000000E+02  0.000000000E+00  1.002929023E+01 
       990  3.472500000E+02  0.000000000E+00  1.002869358E+01 
       991  3.475000000E+02  0.000000000E+00  1.002813776E+01 
       992  3.477500000E+02  0.000000000E+00  1.002762213E+01 
       993  3.480000000E+02  0.000000000E+00  1.002714606E+01 
       994  3.482500000E+02  0.000000000E+00  1.002670899E+01 
       995  3.485000000E+02  0.000000000E+00  1.002631034E+01 
       996  3.487500000E+02  0.000000000E+00  1.002594962E+01 
       997  3.490000000E+02  0.000000000E+00  1.002562633E+01 
       998  3.492500000E+02  0.000000000E+00  1.002534001E+01 
       999  3.495000000E+02  0.000000000E+00  1.002509025E+01 
      1000  3.497500000E+02  0.000000000E+00  1.002487665E+01 
      1001  3.500000000E+02  0.000000000E+00  1.002469884E+01 
      1002  3.502500000E+02  0.000000000E+00  1.002455651E+01 
      1003  3.505000000E+02  0.000000000E+00  1.002444934E+01 
      1004  3.507500000E+02  0.000000000E+00  1.002437706E+01 
      1005  3.510000000E+02  0.000000000E+00  1.002433943E+01 
      1006  3.512500000E+02  0.000000000E+00  1.002433623E+01 
      1007  3.515000000E+02  0.000000000E+00  1.002436728E+01 
      1008  3.517500000E+02  0.000000000E+00  1.002443241E+01 
      1009  3.520000000E+02  0.000000000E+00  1.002453150E+01 
      1010  3.522500000E+02  0.000000000E+00  1.002466445E+01 
      1011  3.525000000E+02  0.000000000E+00  1.002483118E+01 
      1012  3.527500000E+02  0.000000000E+00  1.002503164E+01 
      1013  3.530000000E+02  0.000000000E+00  1.002526581E+01 
      1014  3.532500000E+02  0.000000000E+00  1.002553369E+01 
      1015  3.535000000E+02  0.000000000E+00  1.002583533E+01 
      1016  3.537500000E+02  0.000000000E+00  1.002617077E+01 
      1017  3.540000000E+02  0.000000000E+00  1.002654010E+01 
      1018  3.542500000E+02  0.000000000E+00  1.002694344E+01 
      1019  3.545000000E+02  0.000000000E+00  1.002738092E+01 
      1020  3.547500000E+02  0.000000000E+00  1.002785270E+01 
      1021  3.550000000E+02  0.000000000E+00  1.002835899E+01 
      1022  3.552500000E+02  0.000000000E+00  1.002889998E+01 
      1023  3.555000000E+02  0.000000000E+00  1.002947592E+01 
      1024  3.557500000E+02  0.000000000E+00  1.003008708E+01 
      1025  3.560000000E+02  0.000000000E+00  1.003073375E+01 
      1026  3.562500000E+02  0.000000000E+00  1.003141625E+01 
      1027  3.565000000E+02  0.000000000E+00  1.003213492E+01 
      1028  3.567500000E+02  0.000000000E+00  1.003289014E+01 
      1029  3.570000000E+02  0.000000000E+00  1.003368229E+01 
      1030  3.572500000E+02  0.000000000E+00  1.003451179E+01 
      1031  3.575000000E+02  0.000000000E+00  1.003537911E+01 
      1032  3.577500000E+02  0.000000000E+00  1.003628470E+01 
      1033  3.580000000E+02  0.000000000E+00  1.003722906E+01 
      1034  3.582500000E+02  0.000000000E+00  1.003821272E+01 
      1035  3.585000000E+02  0.000000000E+00  1.003923624E+01 
      1036  3.587500000E+02  0.000000000E+00  1.004030018E+01 
      1037  3.590000000E+02  0.000000000E+00  1.004140516E+01 
      1038  3.592500000E+02  0.000000000E+00  1.004255180E+01 
      1039  3.595000000E+02  0.000000000E+00  1.004374076E+01 
      1040  3.597500000E+02  0.000000000E+00  1.004497273E+01 
      1041  3.600000000E+02  0.000000000E+00  1.004624841E+01 
      1042  3.602500000E+02  0.000000000E+00  1.004756855E+01 
      1043  3.605000000E+02  0.000000000E+00  1.004893391E+01 
      1044  3.607500000E+02  0.000000000E+00  1.005034530E+01 
      1045  3.610000000E+02  0.000000000E+00  1.005180353E+01 
      1046  3.612500000E+02  0.000000000E+00  1.005330945E+01 
      1047  3.615000000E+02  0.000000000E+00  1.005486396E+01 
      1048  3.617500000E+02  0.000000000E+00  1.005646797E+01 
      1049  3.620000000E+02  0.000000000E+00  1.005812240E+01 
      1050  3.622500000E+02  0.000000000E+00  1.005982825E+01 
      1051  3.625000000E+02  0.000000000E+00  1.006158650E+01 
      1052  3.627500000E+02  0.000000000E+00  1.006339820E+01 
      1053  3.630000000E+02  0.000000000E+00  1.006526441E+01 
      1054  3.632500000E+02  0.000000000E+00  1.006718623E+01 
      1055  3.635000000E+02  0.000000000E+00  1.006916479E+01 
      1056  3.637500000E+02  0.000000000E+00  1.007120125E+01 
      1057  3.640000000E+02  0.000000000E+00  1.007329682E+01 
      1058  3.642500000E+02  0.000000000E+00  1.007545272E+01 
      1059  3.645000000E+02  0.000000000E+00  1.007767022E+01 
      1060  3.647500000E+02  0.000000000E+00  1.007995063E+01 
      1061  3.650000000E+02  0.000000000E+00  1.008229528E+01 
      1062  3.652500000E+02  0.000000000E+00  1.008470555E+01 
      1063  3.655000000E+02  0.000000000E+00  1.008718285E+01 
      1064  3.657500000E+02  0.000000000E+00  1.008972863E+01 
      1065  3.660000000E+02  0.000000000E+00  1.009234439E+01 
      1066  3.662500000E+02  0.000000000E+00  1.009503165E+01 
      1067  3.665000000E+02  0.000000000E+00  1.009779199E+01 
      1068  3.667500000E+02  0.000000000E+00  1.010062701E+01 
      1069  3.670000000E+02  0.000000000E+00  1.010353836E+01 
      1070  3.672500000E+02  0.000000000E+00  1.010652775E+01 
      1071  3.675000000E+02  0.000000000E+00  1.010959691E+01 
      1072  3.677500000E+02  0.000000000E+00  1.011274762E+01 
      1073  3.680000000E+02  0.000000000E+00  1.011598172E+01 
      1074  3.682500000E+02  0.000000000E+00  1.011930107E+01 
      1075  3.685000000E+02  0.000000000E+00  1.012270761E+01 
      1076  3.687500000E+02  0.000000000E+00  1.012620329E+01 
      1077  3.690000000E+02  0.000000000E+00  1.012979014E+01 
      1078  3.692500000E+02  0.000000000E+00  1.013347022E+01 
      1079  3.695000000E+02  0.000000000E+00  1.013724565E+01 
      1080  3.697500000E+02  0.000000000E+00  1.014111860E+01 
      1081  3.700000000E+02  0.000000000E+00  1.014509129E+01 
      1082  3.702500000E+02  0.000000000E+00  1.014916600E+01 
      1083  3.705000000E+02  0.000000000E+00  1.015334505E+01 
      1084  3.707500000E+02  0.000000000E+00  1.015763084E+01 
      1085  3.710000000E+02  0.000000000E+00  1.016202579E+01 
      1086  3.712500000E+02  0.000000000E+00  1.016653241E+01 
      1087  3.715000000E+02  0.000000000E+00  1.017115326E+01 
      1088  3.717500000E+02  0.000000000E+00  1.017589094E+01 
      1089  3.720000000E+02  0.000000000E+00  1.018074814E+01 
      1090  3.722500000E+02  0.000000000E+00  1.018572758E+01 
      1091  3.725000000E+02  0.000000000E+00  1.019083208E+01 
      1092  3.727500000E+02  0.000000000E+00  1.019606448E+01 
      1093  3.730000000E+02  0.000000000E+00  1.020142772E+01 
      1094  3.732500000E+02  0.000000000E+00  1.020692478E+01 
      1095  3.735000000E+02  0.000000000E+00  1.021255871E+01 
      1096  3.737500000E+02  0.000000000E+00  1.021833264E+01 
      1097  3.740000000E+02  0.000000000E+00  1.022424977E+01 
      1098  3.742500000E+02  0.000000000E+00  1.023031333E+01 
      1099  3.745000000E+02  0.000000000E+00  1.023652667E+01 
      1100  3.747500000E+02  0.000000000E+00  1.024289317E+01 
      1101  3.750000000E+02  0.000000000E+00  1.024941630E+01 
      1102  3.752500000E+02  0.000000000E+00  1.025609961E+01 
      1103  3.755000000E+02  0.000000000E+00  1.026294669E+01 
      1104  3.757500000E+02  0.000000000E+00  1.026996122E+01 
      1105  3.760000000E+02  0.000000000E+00  1.027714698E+01 
      1106  3.762500000E+02  0.000000000E+00  1.028450777E+01 
      1107  3.765000000E+02  0.000000000E+00  1.029204751E+01 
      1108  3.767500000E+02  0.000000000E+00  1.029977016E+01 
      1109  3.770000000E+02  0.000000000E+00  1.030767979E+01 
      1110  3.772500000E+02  0.000000000E+00  1.031578051E+01 
      1111  3.775000000E+02  0.000000000E+00  1.032407652E+01 
      1112  3.777500000E+02  0.000000000E+00  1.033257210E+01 
      1113  3.780000000E+02  0.000000000E+00  1.034127161E+01 
      1114  3.782500000E+02  0.000000000E+00  1.035017946E+01 
      1115  3.785000000E+02  0.000000000E+00  1.035930015E+01 
      1116  3.787500000E+02  0.000000000E+00  1.036863828E+01 
      1117  3.790000000E+02  0.000000000E+00  1.037819847E+01 
      1118  3.792500000E+02  0.000000000E+00  1.038798546E+01 
      1119  3.795000000E+02  0.000000000E+00  1.039800404E+01 
      1120  3.797500000E+02  0.000000000E+00  1.040825909E+01 
      1121  3.800000000E+02  0.000000000E+00  1.041875553E+01 
      1122  3.802500000E+02  0.000000000E+00  1.042949840E+01 
      1123  3.805000000E+02  0.000000000E+00  1.044049276E+01 
      1124  3.807500000E+02  0.000000000E+00  1.045174376E+01 
      1125  3.810000000E+02  0.000000000E+00  1.046325663E+01 
      1126  3.812500000E+02  0.000000000E+00  1.047503665E+01 
      1127  3.815000000E+02  0.000000000E+00  1.048708916E+01 
      1128  3.817500000E+02  0.000000000E+00  1.049941957E+01 
      1129  3.820000000E+02  0.000000000E+00  1.051203334E+01 
      1130  3.822500000E+02  0.000000000E+00  1.052493600E+01 
      1131  3.825000000E+02  0.000000000E+00  1.053813314E+01 
      1132  3.827500000E+02  0.000000000E+00  1.055163037E+01 
      1133  3.830000000E+02  0.000000000E+00  1.056543339E+01 
      1134  3.832500000E+02  0.000000000E+00  1.057954791E+01 
      1135  3.835000000E+02  0.000000000E+00  1.059397970E+01 
      1136  3.837500000E+02  0.000000000E+00  1.060873457E+01 
      1137  3.840000000E+02  0.000000000E+00  1.062381834E+01 
      1138  3.842500000E+02  0.000000000E+00  1.063923690E+01 
      1139  3.845000000E+02  0.000000000E+00  1.065499612E+01 
      1140  3.847500000E+02  0.000000000E+00  1.067110192E+01 
      1141  3.850000000E+02  0.000000000E+00  1.068756021E+01 
      1142  3.852500000E+02  0.000000000E+00  1.070437691E+01 
      1143  3.855000000E+02  0.000000000E+00  1.072155795E+01 
      1144  3.857500000E+02  0.000000000E+00  1.073910924E+01 
      1145  3.860000000E+02  0.000000000E+00  1.075703667E+01 
      1146  3.862500000E+02  0.000000000E+00  1.077534609E+01 
      1147  3.865000000E+02  0.000000000E+00  1.079404334E+01 
      1148  3.867500000E+02  0.000000000E+00  1.081313417E+01 
      1149  3.870000000E+02  0.000000000E+00  1.083262430E+01 
      1150  3.872500000E+02  0.000000000E+00  1.085251933E+01 
      1151  3.875000000E+02  0.000000000E+00  1.087282481E+01 
      1152  3.877500000E+02  0.000000000E+00  1.089354613E+01 
      1153  3.880000000E+02  0.000000000E+00  1.091468856E+01 
      1154  3.882500000E+02  0.000000000E+00  1.093625723E+01 
      1155  3.885000000E+02  0.000000000E+00  1.095825704E+01 
      1156  3.887500000E+02  0.000000000E+00  1.098069270E+01 
      1157  3.890000000E+02  0.000000000E+00  1.100356867E+01 
      1158  3.892500000E+02  0.000000000E+00  1.102688910E+01 
      1159  3.895000000E+02  0.000000000E+00  1.105065782E+01 
      1160  3.897500000E+02  0.000000000E+00  1.107487826E+01 
      1161  3.900000000E+02  0.000000000E+00  1.109955341E+01 
      1162  3.902500000E+02  0.000000000E+00  1.112468574E+01 
      1163  3.905000000E+02  0.000000000E+00  1.115027714E+01 
      1164  3.907500000E+02  0.000000000E+00  1.117632880E+01 
      1165  3.910000000E+02  0.000000000E+00  1.120284114E+01 
      1166  3.912500000E+02  0.000000000E+00  1.122981367E+01 
      1167  3.915000000E+02  0.000000000E+00  1.125724487E+01 
      1168  3.917500000E+02  0.000000000E+00  1.128513200E+01 
      1169  3.920000000E+02  0.000000000E+00  1.131347094E+01 
      1170  3.922500000E+02  0.000000000E+00  1.134225597E+01 
      1171  3.925000000E+02  0.000000000E+00  1.137147950E+01 
      1172  3.927500000E+02  0.000000000E+00  1.140113180E+01 
      1173  3.930000000E+02  0.000000000E+00  1.143120063E+01 
      1174  3.932500000E+02  0.000000000E+00  1.146167087E+01 
      1175  3.935000000E+02  0.000000000E+00  1.149252399E+01 
      1176  3.937500000E+02  0.000000000E+00  1.152373757E+01 
      1177  3.940000000E+02  0.000000000E+00  1.155528456E+01 
      1178  3.942500000E+02  0.000000000E+00  1.158713256E+01 
      1179  3.945000000E+02  0.000000000E+00  1.161924289E+01 
      1180  3.947500000E+02  0.000000000E+00  1.165156944E+01 
      1181  3.950000000E+02  0.000000000E+00  1.168405742E+01 
      1182  3.952500000E+02  0.000000000E+00  1.171664178E+01 
      1183  3.955000000E+02  0.000000000E+00  1.174924525E+01 
      1184  3.957500000E+02  0.000000000E+00  1.178177610E+01 
      1185  3.960000000E+02  0.000000000E+00  1.181412526E+01 
      1186  3.962500000E+02  0.000000000E+00  1.184616291E+01 
      1187  3.965000000E+02  0.000000000E+00  1.187773410E+01 
      1188  3.967500000E+02  0.000000000E+00  1.190865333E+01 
      1189  3.970000000E+02  0.000000000E+00  1.193869766E+01 
      1190  3.972500000E+02  0.000000000E+00  1.196759771E+01 
      1191  3.975000000E+02  0.000000000E+00  1.199502588E+01 
      1192  3.977500000E+02  0.000000000E+00  1.202058044E+01 
      1193  3.980000000E+02  0.000000000E+00  1.204376349E+01 
      1194  3.982500000E+02  0.000000000E+00  1.206394945E+01 
      1195  3.985000000E+02  0.000000000E+00  1.208033787E+01 
      1196  3.987500000E+02  0.000000000E+00  1.209187908E+01 
      1197  3.990000000E+02  0.000000000E+00  1.209714824E+01 
      1198  3.992500000E+02  0.000000000E+00  1.209411164E+01 
      1199  3.995000000E+02  0.000000000E+00  1.207964011E+01 
      1200  3.997500000E+02  0.000000000E+00  1.204486483E+01 
      1201  4.000000000E+02  0.000000000E+00  1.296051309E+01 
      1202  4.002000034E+02  0.000000000E+00  1.356840366E+01 
      1203  4.004016387E+02  0.000000000E+00  1.329198401E+01 
      1204  4.006049192E+02  0.000000000E+00  1.303867650E+01 
      1205  4.008098583E+02  0.000000000E+00  1.280505519E+01 
      1206  4.010164696E+02  0.000000000E+00  1.258941511E+01 
      1207  4.012247666E+02  0.000000000E+00  1.239023426E+01 
      1208  4.014347631E+02  0.000000000E+00  1.220614786E+01 
      1209  4.016464731E+02  0.000000000E+00  1.203592712E+01 
      1210  4.018599104E+02  0.000000000E+00  1.187846215E+01 
      1211  4.020750892E+02  0.000000000E+00  1.173274754E+01 
      1212  4.022920237E+02  0.000000000E+00  1.159787011E+01 
      1213  4.025107282E+02  0.000000000E+00  1.146583196E+01 
      1214  4.027312172E+02  0.000000000E+00  1.134360723E+01 
      1215  4.029535052E+02  0.000000000E+00  1.123773950E+01 
      1216  4.031776069E+02  0.000000000E+00  1.113969119E+01 
      1217  4.034035370E+02  0.000000000E+00  1.104888743E+01 
      1218  4.036313106E+02  0.000000000E+00  1.096479974E+01 
      1219  4.038609426E+02  0.000000000E+00  1.088694146E+01 
      1220  4.040924483E+02  0.000000000E+00  1.081486373E+01 
      1221  4.043258428E+02  0.000000000E+00  1.074442921E+01 
      1222  4.045611417E+02  0.000000000E+00  1.067929364E+01 
      1223  4.047983604E+02  0.000000000E+00  1.062285917E+01 
      1224  4.050375146E+02  0.000000000E+00  1.057066745E+01 
      1225  4.052786201E+02  0.000000000E+00  1.052241819E+01 
      1226  4.055216929E+02  0.000000000E+00  1.047537207E+01 
      1227  4.057667489E+02  0.000000000E+00  1.042695098E+01 
      1228  4.060138044E+02  0.000000000E+00  1.037680344E+01 
      1229  4.062628756E+02  0.000000000E+00  1.033319314E+01 
      1230  4.065139791E+02  0.000000000E+00  1.029892206E+01 
      1231  4.067671314E+02  0.000000000E+00  1.026562939E+01 
      1232  4.070223492E+02  0.000000000E+00  1.023566321E+01 
      1233  4.072796494E+02  0.000000000E+00  1.020824389E+01 
      1234  4.075390490E+02  0.000000000E+00  1.018463658E+01 
      1235  4.078005650E+02  0.000000000E+00  1.016721570E+01 
      1236  4.080642148E+02  0.000000000E+00  1.015092776E+01 
      1237  4.083300158E+02  0.000000000E+00  1.013609063E+01 
      1238  4.085979855E+02  0.000000000E+00  1.012273272E+01 
      1239  4.088681416E+02  0.000000000E+00  1.013141519E+01 
      1240  4.091405020E+02  0.000000000E+00  1.013921111E+01 
      1241  4.094150846E+02  0.000000000E+00  1.012473840E+01 
      1242  4.096919076E+02  0.000000000E+00  1.011153557E+01 
      1243  4.099709892E+02  0.000000000E+00  1.009950507E+01 
      1244  4.102523480E+02  0.000000000E+00  1.008855613E+01 
      1245  4.105360024E+02  0.000000000E+00  1.007860427E+01 
      1246  4.108219711E+02  0.000000000E+00  1.006957093E+01 
      1247  4.111102732E+02  0.000000000E+00  1.006138302E+01 
      1248  4.114009276E+02  0.000000000E+00  1.005397265E+01 
      1249  4.116939535E+02  0.000000000E+00  1.004727673E+01 
      1250  4.119893702E+02  0.000000000E+00  1.004123667E+01 
      1251  4.122871973E+02  0.000000000E+00  1.003579811E+01 
      1252  4.125874544E+02  0.000000000E+00  1.003091063E+01 
      1253  4.128901614E+02  0.000000000E+00  1.002652750E+01 
      1254  4.131953383E+02  0.000000000E+00  1.002260543E+01 
      1255  4.135030051E+02  0.000000000E+00  1.001910434E+01 
      1256  4.138131823E+02  0.000000000E+00  1.001598718E+01 
      1257  4.141258902E+02  0.000000000E+00  1.001321969E+01 
      1258  4.144411496E+02  0.000000000E+00  1.001077023E+01 
      1259  4.147589813E+02  0.000000000E+00  1.000860961E+01 
      1260  4.150794062E+02  0.000000000E+00  1.000671091E+01 
      1261  4.154024455E+02  0.000000000E+00  1.000504936E+01 
      1262  4.157281206E+02  0.000000000E+00  1.000360212E+01 
      1263  4.160564529E+02  0.000000000E+00  1.000234824E+01 
      1264  4.163874641E+02  0.000000000E+00  1.000126845E+01 
      1265  4.167211762E+02  0.000000000E+00  1.000034509E+01 
      1266  4.170576110E+02  0.000000000E+00  9.999561961E+00 
      1267  4.173967909E+02  0.000000000E+00  9.998904251E+00 
      1268  4.177387382E+02  0.000000000E+00  9.998358413E+00 
      1269  4.180834756E+02  0.000000000E+00  9.997912079E+00 
      1270  4.184310257E+02  0.000000000E+00  9.997553974E+00 
      1271  4.187814116E+02  0.000000000E+00  9.997273830E+00 
      1272  4.191346563E+02  0.000000000E+00  9.997062317E+00 
      1273  4.194907832E+02  0.000000000E+00  9.996910961E+00 
      1274  4.198498158E+02  0.000000000E+00  9.996812088E+00 
      1275  4.202117779E+02  0.000000000E+00  9.996758757E+00 
      1276  4.205766933E+02  0.000000000E+00  9.996744685E+00 
      1277  4.209445860E+02  0.000000000E+00  9.996764225E+00 
      1278  4.213154806E+02  0.000000000E+00  9.996812306E+00 
      1279  4.216894013E+02  0.000000000E+00  9.996884368E+00 
      1280  4.220663728E+02  0.000000000E+00  9.996976332E+00 
      1281  4.224464202E+02  0.000000000E+00  9.997084556E+00 
      1282  4.228295685E+02  0.000000000E+00  9.997205802E+00 
      1283  4.232158429E+02  0.000000000E+00  9.997337196E+00 
      1284  4.236052691E+02  0.000000000E+00  9.997476198E+00 
      1285  4.239978726E+02  0.000000000E+00  9.997620571E+00 
      1286  4.243936795E+02  0.000000000E+00  9.997768354E+00 
      1287  4.247927158E+02  0.000000000E+00  9.997917836E+00 
      1288  4.251950080E+02  0.000000000E+00  9.998067534E+00 
      1289  4.256005825E+02  0.000000000E+00  9.998216168E+00 
      1290  4.260094662E+02  0.000000000E+00  9.998362644E+00 
      1291  4.264216861E+02  0.000000000E+00  9.998506033E+00 
      1292  4.268372694E+02  0.000000000E+00  9.998645557E+00 
      1293  4.272562434E+02  0.000000000E+00  9.998780571E+00 
      1294  4.276786360E+02  0.000000000E+00  9.998910550E+00 
      1295  4.281044750E+02  0.000000000E+00  9.999035074E+00 
      1296  4.285337884E+02  0.000000000E+00  9.999153820E+00 
      1297  4.289666047E+02  0.000000000E+00  9.999266548E+00 
      1298  4.294029525E+02  0.000000000E+00  9.999373090E+00 
      1299  4.298428605E+02  0.000000000E+00  9.999473347E+00 
      1300  4.302863578E+02  0.000000000E+00  9.999567272E+00 
      1301  4.307334737E+02  0.000000000E+00  9.999654870E+00 
      1302  4.311842377E+02  0.000000000E+00  9.999736190E+00 
      1303  4.316386795E+02  0.000000000E+00  9.999811313E+00 
      1304  4.320968293E+02  0.000000000E+00  9.999880356E+00 
      1305  4.325587172E+02  0.000000000E+00  9.999943460E+00 
      1306  4.330243737E+02  0.000000000E+00  1.000000079E+01 
      1307  4.334938296E+02  0.000000000E+00  1.000005252E+01 
      1308  4.339671159E+02  0.000000000E+00  1.000009885E+01 
      1309  4.344442638E+02  0.000000000E+00  1.000013999E+01 
      1310  4.349253049E+02  0.000000000E+00  1.000017616E+01 
      1311  4.354102708E+02  0.000000000E+00  1.000020757E+01 
      1312  4.358991937E+02  0.000000000E+00  1.000023445E+01 
      1313  4.363921059E+02  0.000000000E+00  1.000025703E+01 
      1314  4.368890398E+02  0.000000000E+00  1.000027555E+01 
      1315  4.373900283E+02  0.000000000E+00  1.000029022E+01 
      1316  4.378951044E+02  0.000000000E+00  1.000030129E+01 
      1317  4.384043016E+02  0.000000000E+00  1.000030896E+01 
      1318  4.389176534E+02  0.000000000E+00  1.000031347E+01 
      1319  4.394351937E+02  0.000000000E+00  1.000031503E+01 
      1320  4.399569568E+02  0.000000000E+00  1.000031386E+01 
      1321  4.404829770E+02  0.000000000E+00  1.000031015E+01 
      1322  4.410132892E+02  0.000000000E+00  1.000030411E+01 
      1323  4.415479282E+02  0.000000000E+00  1.000029594E+01 
      1324  4.420869295E+02  0.000000000E+00  1.000028582E+01 
      1325  4.426303286E+02  0.000000000E+00  1.000027394E+01 
      1326  4.431781614E+02  0.000000000E+00  1.000026046E+01 
      1327  4.437304641E+02  0.000000000E+00  1.000024556E+01 
      1328  4.442872731E+02  0.000000000E+00  1.000022940E+01 
      1329  4.448486253E+02  0.000000000E+00  1.000021213E+01 
      1330  4.454145576E+02  0.000000000E+00  1.000019391E+01 
      1331  4.459851075E+02  0.000000000E+00  1.000017486E+01 
      1332  4.465603126E+02  0.000000000E+00  1.000015512E+01 
      1333  4.471402109E+02  0.000000000E+00  1.000013483E+01 
      1334  4.477248408E+02  0.000000000E+00  1.000011409E+01 
      1335  4.483142407E+02  0.000000000E+00  1.000009303E+01 
      1336  4.489084497E+02  0.000000000E+00  1.000007174E+01 
      1337  4.495075070E+02  0.000000000E+00  1.000005032E+01 
      1338  4.501114521E+02  0.000000000E+00  1.000002887E+01 
      1339  4.507203248E+02  0.000000000E+00  1.000000747E+01 
      1340  4.513341655E+02  0.000000000E+00  9.999986195E+00 
      1341  4.519530147E+02  0.000000000E+00  9.999965118E+00 
      1342  4.525769132E+02  0.000000000E+00  9.999944304E+00 
      1343  4.532059021E+02  0.000000000E+00  9.999923807E+00 
      1344  4.538400232E+02  0.000000000E+00  9.999903679E+00 
      1345  4.544793181E+02  0.000000000E+00  9.999883964E+00 
      1346  4.551238292E+02  0.000000000E+00  9.999864698E+00 
      1347  4.557735990E+02  0.000000000E+00  9.999845910E+00 
      1348  4.564286703E+02  0.000000000E+00  9.999827626E+00 
      1349  4.570890866E+02  0.000000000E+00  9.999809862E+00 
      1350  4.577548913E+02  0.000000000E+00  9.999792629E+00 
      1351  4.584261284E+02  0.000000000E+00  9.999775931E+00 
      1352  4.591028423E+02  0.000000000E+00  9.999759767E+00 
      1353  4.597850777E+02  0.000000000E+00  9.999744131E+00 
      1354  4.604728795E+02  0.000000000E+00  9.999729009E+00 
      1355  4.611662932E+02  0.000000000E+00  9.999714382E+00 
      1356  4.618653647E+02  0.000000000E+00  9.999700229E+00 
      1357  4.625701400E+02  0.000000000E+00  9.999686520E+00 
      1358  4.632806657E+02  0.000000000E+00  9.999673223E+00 
      1359  4.639969887E+02  0.000000000E+00  9.999660303E+00 
      1360  4.647191564E+02  0.000000000E+00  9.999647720E+00 
      1361  4.654472164E+02  0.000000000E+00  9.999635430E+00 
      1362  4.661812167E+02  0.000000000E+00  9.999623390E+00 
      1363  4.669212059E+02  0.000000000E+00  9.999611552E+00 
      1364  4.676672328E+02  0.000000000E+00  9.999599868E+00 
      1365  4.684193468E+02  0.000000000E+00  9.999588288E+00 
      1366  4.691775973E+02  0.000000000E+00  9.999576761E+00 
      1367  4.699420346E+02  0.000000000E+00  9.999565237E+00 
      1368  4.707127091E+02  0.000000000E+00  9.999553661E+00 
      1369  4.714896716E+02  0.000000000E+00  9.999541981E+00 
      1370  4.722729736E+02  0.000000000E+00  9.999530136E+00 
      1371  4.730626666E+02  0.000000000E+00  9.999518063E+00 
      1372  4.738588030E+02  0.000000000E+00  9.999505687E+00 
      1373  4.746614352E+02  0.000000000E+00  9.999492917E+00 
      1374  4.754706162E+02  0.000000000E+00  9.999479640E+00 
      1375  4.762863994E+02  0.000000000E+00  9.999465707E+00 
      1376  4.771088389E+02  0.000000000E+00  9.999450916E+00 
      1377  4.779379887E+02  0.000000000E+00  9.999434993E+00 
      1378  4.787739038E+02  0.000000000E+00  9.999417558E+00 
      1379  4.796166392E+02  0.000000000E+00  9.999398083E+00 
      1380  4.804662507E+02  0.000000000E+00  9.999375836E+00 
      1381  4.813227944E+02  0.000000000E+00  9.999349798E+00 
      1382  4.821863268E+02  0.000000000E+00  9.999318555E+00 
      1383  4.830569049E+02  0.000000000E+00  9.999280144E+00 
      1384  4.839345862E+02  0.000000000E+00  9.999231850E+00 
      1385  4.848194287E+02  0.000000000E+00  9.999169919E+00 
      1386  4.857114908E+02  0.000000000E+00  9.999089161E+00 
      1387  4.866108314E+02  0.000000000E+00  9.998982406E+00 
      1388  4.875175099E+02  0.000000000E+00  9.998839744E+00 
      1389  4.884315862E+02  0.000000000E+00  9.998647477E+00 
      1390  4.893531206E+02  0.000000000E+00  9.998386646E+00 
      1391  4.902821741E+02  0.000000000E+00  9.998030989E+00 
      1392  4.912188078E+02  0.000000000E+00  9.997544079E+00 
      1393  4.921630837E+02  0.000000000E+00  9.996875314E+00 
      1394  4.931150642E+02  0.000000000E+00  9.995954293E+00 
      1395  4.940748120E+02  0.000000000E+00  9.994682921E+00 
      1396  4.950423907E+02  0.000000000E+00  9.992924284E+00 
      1397  4.960178639E+02  0.000000000E+00  9.990486915E+00 
      1398  4.970012963E+02  0.000000000E+00  9.987117054E+00 
      1399  4.979927527E+02  0.000000000E+00  9.979933454E+00 
      1400  4.989922986E+02  0.000000000E+00  9.970361385E+00 
      1401  5.000000000E+02  0.000000000E+00  9.966017596E+00 
