nodenumber     x-coordinate     y-coordinate           udm-11 
         1  0.000000000E+00  0.000000000E+00  1.000404297E+01 
         2  1.007701384E+00  0.000000000E+00  1.000391099E+01 
         3  2.007247274E+00  0.000000000E+00  1.000172052E+01 
         4  2.998703673E+00  0.000000000E+00  9.999788046E+00 
         5  3.982136051E+00  0.000000000E+00  9.999975580E+00 
         6  4.957609346E+00  0.000000000E+00  1.000011842E+01 
         7  5.925187975E+00  0.000000000E+00  1.000023965E+01 
         8  6.884935829E+00  0.000000000E+00  1.000034512E+01 
         9  7.836916284E+00  0.000000000E+00  1.000043909E+01 
        10  8.781192203E+00  0.000000000E+00  1.000052462E+01 
        11  9.717825941E+00  0.000000000E+00  1.000060387E+01 
        12  1.064687935E+01  0.000000000E+00  1.000067842E+01 
        13  1.156841377E+01  0.000000000E+00  1.000074935E+01 
        14  1.248249006E+01  0.000000000E+00  1.000081746E+01 
        15  1.338916858E+01  0.000000000E+00  1.000088330E+01 
        16  1.428850920E+01  0.000000000E+00  1.000094725E+01 
        17  1.518057130E+01  0.000000000E+00  1.000100958E+01 
        18  1.606541380E+01  0.000000000E+00  1.000107047E+01 
        19  1.694309512E+01  0.000000000E+00  1.000113004E+01 
        20  1.781367322E+01  0.000000000E+00  1.000118837E+01 
        21  1.867720559E+01  0.000000000E+00  1.000124551E+01 
        22  1.953374925E+01  0.000000000E+00  1.000130149E+01 
        23  2.038336076E+01  0.000000000E+00  1.000135634E+01 
        24  2.122609622E+01  0.000000000E+00  1.000141005E+01 
        25  2.206201128E+01  0.000000000E+00  1.000146263E+01 
        26  2.289116114E+01  0.000000000E+00  1.000151409E+01 
        27  2.371360056E+01  0.000000000E+00  1.000156443E+01 
        28  2.452938383E+01  0.000000000E+00  1.000161364E+01 
        29  2.533856484E+01  0.000000000E+00  1.000166173E+01 
        30  2.614119701E+01  0.000000000E+00  1.000170869E+01 
        31  2.693733335E+01  0.000000000E+00  1.000175453E+01 
        32  2.772702642E+01  0.000000000E+00  1.000179924E+01 
        33  2.851032837E+01  0.000000000E+00  1.000184283E+01 
        34  2.928729093E+01  0.000000000E+00  1.000188528E+01 
        35  3.005796541E+01  0.000000000E+00  1.000192661E+01 
        36  3.082240268E+01  0.000000000E+00  1.000196679E+01 
        37  3.158065324E+01  0.000000000E+00  1.000200584E+01 
        38  3.233276716E+01  0.000000000E+00  1.000204374E+01 
        39  3.307879409E+01  0.000000000E+00  1.000208047E+01 
        40  3.381878330E+01  0.000000000E+00  1.000211603E+01 
        41  3.455278365E+01  0.000000000E+00  1.000215040E+01 
        42  3.528084362E+01  0.000000000E+00  1.000218355E+01 
        43  3.600301127E+01  0.000000000E+00  1.000221547E+01 
        44  3.671933431E+01  0.000000000E+00  1.000224611E+01 
        45  3.742986002E+01  0.000000000E+00  1.000227545E+01 
        46  3.813463533E+01  0.000000000E+00  1.000230344E+01 
        47  3.883370678E+01  0.000000000E+00  1.000233004E+01 
        48  3.952712052E+01  0.000000000E+00  1.000235521E+01 
        49  4.021492235E+01  0.000000000E+00  1.000237888E+01 
        50  4.089715769E+01  0.000000000E+00  1.000240098E+01 
        51  4.157387159E+01  0.000000000E+00  1.000242146E+01 
        52  4.224510872E+01  0.000000000E+00  1.000244024E+01 
        53  4.291091342E+01  0.000000000E+00  1.000245723E+01 
        54  4.357132966E+01  0.000000000E+00  1.000247235E+01 
        55  4.422640104E+01  0.000000000E+00  1.000248549E+01 
        56  4.487617081E+01  0.000000000E+00  1.000249656E+01 
        57  4.552068189E+01  0.000000000E+00  1.000250544E+01 
        58  4.615997684E+01  0.000000000E+00  1.000251202E+01 
        59  4.679409786E+01  0.000000000E+00  1.000251618E+01 
        60  4.742308684E+01  0.000000000E+00  1.000251777E+01 
        61  4.804698530E+01  0.000000000E+00  1.000251667E+01 
        62  4.866583446E+01  0.000000000E+00  1.000251271E+01 
        63  4.927967516E+01  0.000000000E+00  1.000250576E+01 
        64  4.988854795E+01  0.000000000E+00  1.000249563E+01 
        65  5.049249303E+01  0.000000000E+00  1.000248218E+01 
        66  5.109155028E+01  0.000000000E+00  1.000246521E+01 
        67  5.168575926E+01  0.000000000E+00  1.000244454E+01 
        68  5.227515921E+01  0.000000000E+00  1.000241998E+01 
        69  5.285978905E+01  0.000000000E+00  1.000239133E+01 
        70  5.343968738E+01  0.000000000E+00  1.000235839E+01 
        71  5.401489250E+01  0.000000000E+00  1.000232093E+01 
        72  5.458544238E+01  0.000000000E+00  1.000227874E+01 
        73  5.515137472E+01  0.000000000E+00  1.000223158E+01 
        74  5.571272686E+01  0.000000000E+00  1.000217922E+01 
        75  5.626953590E+01  0.000000000E+00  1.000212141E+01 
        76  5.682183858E+01  0.000000000E+00  1.000205790E+01 
        77  5.736967139E+01  0.000000000E+00  1.000198841E+01 
        78  5.791307049E+01  0.000000000E+00  1.000191269E+01 
        79  5.845207178E+01  0.000000000E+00  1.000183044E+01 
        80  5.898671083E+01  0.000000000E+00  1.000174138E+01 
        81  5.951702297E+01  0.000000000E+00  1.000164520E+01 
        82  6.004304320E+01  0.000000000E+00  1.000154159E+01 
        83  6.056480627E+01  0.000000000E+00  1.000143023E+01 
        84  6.108234661E+01  0.000000000E+00  1.000131078E+01 
        85  6.159569842E+01  0.000000000E+00  1.000118289E+01 
        86  6.210489559E+01  0.000000000E+00  1.000104619E+01 
        87  6.260997174E+01  0.000000000E+00  1.000090031E+01 
        88  6.311096022E+01  0.000000000E+00  1.000074484E+01 
        89  6.360789412E+01  0.000000000E+00  1.000057938E+01 
        90  6.410080625E+01  0.000000000E+00  1.000040349E+01 
        91  6.458972916E+01  0.000000000E+00  1.000021671E+01 
        92  6.507469514E+01  0.000000000E+00  1.000001858E+01 
        93  6.555573621E+01  0.000000000E+00  9.999808579E+00 
        94  6.603288413E+01  0.000000000E+00  9.999586194E+00 
        95  6.650617042E+01  0.000000000E+00  9.999350867E+00 
        96  6.697562632E+01  0.000000000E+00  9.999102012E+00 
        97  6.744128283E+01  0.000000000E+00  9.998839012E+00 
        98  6.790317071E+01  0.000000000E+00  9.998561211E+00 
        99  6.836132046E+01  0.000000000E+00  9.998267919E+00 
       100  6.881576232E+01  0.000000000E+00  9.997958401E+00 
       101  6.926652631E+01  0.000000000E+00  9.997631878E+00 
       102  6.971364219E+01  0.000000000E+00  9.997287521E+00 
       103  7.015713949E+01  0.000000000E+00  9.996924448E+00 
       104  7.059704749E+01  0.000000000E+00  9.996541720E+00 
       105  7.103339524E+01  0.000000000E+00  9.996138334E+00 
       106  7.146621156E+01  0.000000000E+00  9.995713220E+00 
       107  7.189552503E+01  0.000000000E+00  9.995265232E+00 
       108  7.232136399E+01  0.000000000E+00  9.994793145E+00 
       109  7.274375656E+01  0.000000000E+00  9.994295643E+00 
       110  7.316273064E+01  0.000000000E+00  9.993771316E+00 
       111  7.357831389E+01  0.000000000E+00  9.993218648E+00 
       112  7.399053376E+01  0.000000000E+00  9.992636008E+00 
       113  7.439941746E+01  0.000000000E+00  9.992021640E+00 
       114  7.480499201E+01  0.000000000E+00  9.991373651E+00 
       115  7.520728416E+01  0.000000000E+00  9.990689996E+00 
       116  7.560632051E+01  0.000000000E+00  9.989968467E+00 
       117  7.600212738E+01  0.000000000E+00  9.989206678E+00 
       118  7.639473092E+01  0.000000000E+00  9.988402043E+00 
       119  7.678415706E+01  0.000000000E+00  9.987551763E+00 
       120  7.717043151E+01  0.000000000E+00  9.986652802E+00 
       121  7.755357977E+01  0.000000000E+00  9.985701865E+00 
       122  7.793362715E+01  0.000000000E+00  9.984695378E+00 
       123  7.831059875E+01  0.000000000E+00  9.983629454E+00 
       124  7.868451945E+01  0.000000000E+00  9.982499870E+00 
       125  7.905541395E+01  0.000000000E+00  9.981302036E+00 
       126  7.942330674E+01  0.000000000E+00  9.980030956E+00 
       127  7.978822211E+01  0.000000000E+00  9.978681196E+00 
       128  8.015018416E+01  0.000000000E+00  9.977246841E+00 
       129  8.050921679E+01  0.000000000E+00  9.975721453E+00 
       130  8.086534371E+01  0.000000000E+00  9.974098027E+00 
       131  8.121858844E+01  0.000000000E+00  9.972368936E+00 
       132  8.156897429E+01  0.000000000E+00  9.970525881E+00 
       133  8.191652442E+01  0.000000000E+00  9.968559831E+00 
       134  8.226126177E+01  0.000000000E+00  9.966460962E+00 
       135  8.260320909E+01  0.000000000E+00  9.964218591E+00 
       136  8.294238899E+01  0.000000000E+00  9.961821103E+00 
       137  8.327882384E+01  0.000000000E+00  9.959255878E+00 
       138  8.361253587E+01  0.000000000E+00  9.956509209E+00 
       139  8.394354712E+01  0.000000000E+00  9.953566214E+00 
       140  8.427187943E+01  0.000000000E+00  9.950410751E+00 
       141  8.459755450E+01  0.000000000E+00  9.947025313E+00 
       142  8.492059382E+01  0.000000000E+00  9.943390935E+00 
       143  8.524101873E+01  0.000000000E+00  9.939487079E+00 
       144  8.555885039E+01  0.000000000E+00  9.935291524E+00 
       145  8.587410979E+01  0.000000000E+00  9.930780248E+00 
       146  8.618681774E+01  0.000000000E+00  9.925927297E+00 
       147  8.649699489E+01  0.000000000E+00  9.920704663E+00 
       148  8.680466173E+01  0.000000000E+00  9.915082137E+00 
       149  8.710983857E+01  0.000000000E+00  9.909027174E+00 
       150  8.741254556E+01  0.000000000E+00  9.902504740E+00 
       151  8.771280270E+01  0.000000000E+00  9.895477163E+00 
       152  8.801062980E+01  0.000000000E+00  9.887903968E+00 
       153  8.830604654E+01  0.000000000E+00  9.879741719E+00 
       154  8.859907242E+01  0.000000000E+00  9.870943846E+00 
       155  8.888972679E+01  0.000000000E+00  9.861460479E+00 
       156  8.917802885E+01  0.000000000E+00  9.851238267E+00 
       157  8.946399764E+01  0.000000000E+00  9.840220205E+00 
       158  8.974765203E+01  0.000000000E+00  9.828345453E+00 
       159  9.002901076E+01  0.000000000E+00  9.815549157E+00 
       160  9.030809241E+01  0.000000000E+00  9.801762271E+00 
       161  9.058491540E+01  0.000000000E+00  9.786911381E+00 
       162  9.085949802E+01  0.000000000E+00  9.770918536E+00 
       163  9.113185839E+01  0.000000000E+00  9.753701074E+00 
       164  9.140201451E+01  0.000000000E+00  9.735171476E+00 
       165  9.166998421E+01  0.000000000E+00  9.715237207E+00 
       166  9.193578518E+01  0.000000000E+00  9.693800589E+00 
       167  9.219943499E+01  0.000000000E+00  9.670758680E+00 
       168  9.246095103E+01  0.000000000E+00  9.646003176E+00 
       169  9.272035058E+01  0.000000000E+00  9.619420193E+00 
       170  9.297765077E+01  0.000000000E+00  9.590891177E+00 
       171  9.323286858E+01  0.000000000E+00  9.560292142E+00 
       172  9.348602087E+01  0.000000000E+00  9.527491730E+00 
       173  9.373712436E+01  0.000000000E+00  9.491583093E+00 
       174  9.398619563E+01  0.000000000E+00  9.452963216E+00 
       175  9.423325112E+01  0.000000000E+00  9.412162815E+00 
       176  9.447830715E+01  0.000000000E+00  9.405574349E+00 
       177  9.472137990E+01  0.000000000E+00  9.396459733E+00 
       178  9.496248543E+01  0.000000000E+00  9.350723399E+00 
       179  9.520163964E+01  0.000000000E+00  9.299087272E+00 
       180  9.543885834E+01  0.000000000E+00  9.234999121E+00 
       181  9.567415720E+01  0.000000000E+00  9.169918351E+00 
       182  9.590755173E+01  0.000000000E+00  9.109445030E+00 
       183  9.613905737E+01  0.000000000E+00  9.047095401E+00 
       184  9.636868940E+01  0.000000000E+00  8.980892155E+00 
       185  9.659646297E+01  0.000000000E+00  8.910665747E+00 
       186  9.682239314E+01  0.000000000E+00  8.836247240E+00 
       187  9.704649481E+01  0.000000000E+00  8.754658701E+00 
       188  9.726878279E+01  0.000000000E+00  8.668369594E+00 
       189  9.748927176E+01  0.000000000E+00  8.577004794E+00 
       190  9.770797628E+01  0.000000000E+00  8.480601214E+00 
       191  9.792491078E+01  0.000000000E+00  8.378796247E+00 
       192  9.814008960E+01  0.000000000E+00  8.271644072E+00 
       193  9.835352693E+01  0.000000000E+00  8.162086161E+00 
       194  9.856523689E+01  0.000000000E+00  8.047096101E+00 
       195  9.877523344E+01  0.000000000E+00  7.930572314E+00 
       196  9.898353045E+01  0.000000000E+00  7.808639852E+00 
       197  9.919014168E+01  0.000000000E+00  7.677307776E+00 
       198  9.939508077E+01  0.000000000E+00  7.540273859E+00 
       199  9.959836126E+01  0.000000000E+00  7.397525546E+00 
       200  9.979999657E+01  0.000000000E+00  7.249110653E+00 
       201  1.000000000E+02  0.000000000E+00  7.689002876E+00 
       202  1.002500000E+02  0.000000000E+00  8.320849166E+00 
       203  1.005000000E+02  0.000000000E+00  8.304858723E+00 
       204  1.007500000E+02  0.000000000E+00  8.301370968E+00 
       205  1.010000000E+02  0.000000000E+00  8.305155512E+00 
       206  1.012500000E+02  0.000000000E+00  8.314269285E+00 
       207  1.015000000E+02  0.000000000E+00  8.327426453E+00 
       208  1.017500000E+02  0.000000000E+00  8.343713647E+00 
       209  1.020000000E+02  0.000000000E+00  8.362450758E+00 
       210  1.022500000E+02  0.000000000E+00  8.383114746E+00 
       211  1.025000000E+02  0.000000000E+00  8.405293994E+00 
       212  1.027500000E+02  0.000000000E+00  8.428659033E+00 
       213  1.030000000E+02  0.000000000E+00  8.452942727E+00 
       214  1.032500000E+02  0.000000000E+00  8.477926320E+00 
       215  1.035000000E+02  0.000000000E+00  8.503429273E+00 
       216  1.037500000E+02  0.000000000E+00  8.529301679E+00 
       217  1.040000000E+02  0.000000000E+00  8.555418472E+00 
       218  1.042500000E+02  0.000000000E+00  8.581674931E+00 
       219  1.045000000E+02  0.000000000E+00  8.607983130E+00 
       220  1.047500000E+02  0.000000000E+00  8.634269110E+00 
       221  1.050000000E+02  0.000000000E+00  8.660470600E+00 
       222  1.052500000E+02  0.000000000E+00  8.686535145E+00 
       223  1.055000000E+02  0.000000000E+00  8.712418588E+00 
       224  1.057500000E+02  0.000000000E+00  8.738083803E+00 
       225  1.060000000E+02  0.000000000E+00  8.763499643E+00 
       226  1.062500000E+02  0.000000000E+00  8.788640063E+00 
       227  1.065000000E+02  0.000000000E+00  8.813483378E+00 
       228  1.067500000E+02  0.000000000E+00  8.838011642E+00 
       229  1.070000000E+02  0.000000000E+00  8.862210118E+00 
       230  1.072500000E+02  0.000000000E+00  8.886066827E+00 
       231  1.075000000E+02  0.000000000E+00  8.909572169E+00 
       232  1.077500000E+02  0.000000000E+00  8.932718595E+00 
       233  1.080000000E+02  0.000000000E+00  8.955500323E+00 
       234  1.082500000E+02  0.000000000E+00  8.977913100E+00 
       235  1.085000000E+02  0.000000000E+00  8.999953997E+00 
       236  1.087500000E+02  0.000000000E+00  9.021621225E+00 
       237  1.090000000E+02  0.000000000E+00  9.042913985E+00 
       238  1.092500000E+02  0.000000000E+00  9.063832334E+00 
       239  1.095000000E+02  0.000000000E+00  9.084377070E+00 
       240  1.097500000E+02  0.000000000E+00  9.104549628E+00 
       241  1.100000000E+02  0.000000000E+00  9.124352001E+00 
       242  1.102500000E+02  0.000000000E+00  9.143786656E+00 
       243  1.105000000E+02  0.000000000E+00  9.162856473E+00 
       244  1.107500000E+02  0.000000000E+00  9.181564687E+00 
       245  1.110000000E+02  0.000000000E+00  9.199914839E+00 
       246  1.112500000E+02  0.000000000E+00  9.217910727E+00 
       247  1.115000000E+02  0.000000000E+00  9.235556376E+00 
       248  1.117500000E+02  0.000000000E+00  9.252855998E+00 
       249  1.120000000E+02  0.000000000E+00  9.269813962E+00 
       250  1.122500000E+02  0.000000000E+00  9.286434776E+00 
       251  1.125000000E+02  0.000000000E+00  9.302723054E+00 
       252  1.127500000E+02  0.000000000E+00  9.318683503E+00 
       253  1.130000000E+02  0.000000000E+00  9.334320904E+00 
       254  1.132500000E+02  0.000000000E+00  9.349640092E+00 
       255  1.135000000E+02  0.000000000E+00  9.364645949E+00 
       256  1.137500000E+02  0.000000000E+00  9.379343388E+00 
       257  1.140000000E+02  0.000000000E+00  9.393737339E+00 
       258  1.142500000E+02  0.000000000E+00  9.407832745E+00 
       259  1.145000000E+02  0.000000000E+00  9.421634553E+00 
       260  1.147500000E+02  0.000000000E+00  9.435147701E+00 
       261  1.150000000E+02  0.000000000E+00  9.448377115E+00 
       262  1.152500000E+02  0.000000000E+00  9.461327705E+00 
       263  1.155000000E+02  0.000000000E+00  9.474004354E+00 
       264  1.157500000E+02  0.000000000E+00  9.486411917E+00 
       265  1.160000000E+02  0.000000000E+00  9.498555216E+00 
       266  1.162500000E+02  0.000000000E+00  9.510439037E+00 
       267  1.165000000E+02  0.000000000E+00  9.522068123E+00 
       268  1.167500000E+02  0.000000000E+00  9.533447174E+00 
       269  1.170000000E+02  0.000000000E+00  9.544580845E+00 
       270  1.172500000E+02  0.000000000E+00  9.555473741E+00 
       271  1.175000000E+02  0.000000000E+00  9.566130415E+00 
       272  1.177500000E+02  0.000000000E+00  9.576555367E+00 
       273  1.180000000E+02  0.000000000E+00  9.586753045E+00 
       274  1.182500000E+02  0.000000000E+00  9.596727837E+00 
       275  1.185000000E+02  0.000000000E+00  9.606484075E+00 
       276  1.187500000E+02  0.000000000E+00  9.616026033E+00 
       277  1.190000000E+02  0.000000000E+00  9.625357925E+00 
       278  1.192500000E+02  0.000000000E+00  9.634483903E+00 
       279  1.195000000E+02  0.000000000E+00  9.643408058E+00 
       280  1.197500000E+02  0.000000000E+00  9.652134422E+00 
       281  1.200000000E+02  0.000000000E+00  9.660666962E+00 
       282  1.202500000E+02  0.000000000E+00  9.669009583E+00 
       283  1.205000000E+02  0.000000000E+00  9.677166127E+00 
       284  1.207500000E+02  0.000000000E+00  9.685140374E+00 
       285  1.210000000E+02  0.000000000E+00  9.692936039E+00 
       286  1.212500000E+02  0.000000000E+00  9.700556778E+00 
       287  1.215000000E+02  0.000000000E+00  9.708006179E+00 
       288  1.217500000E+02  0.000000000E+00  9.715287770E+00 
       289  1.220000000E+02  0.000000000E+00  9.722405018E+00 
       290  1.222500000E+02  0.000000000E+00  9.729361323E+00 
       291  1.225000000E+02  0.000000000E+00  9.736160029E+00 
       292  1.227500000E+02  0.000000000E+00  9.742804414E+00 
       293  1.230000000E+02  0.000000000E+00  9.749297697E+00 
       294  1.232500000E+02  0.000000000E+00  9.755643035E+00 
       295  1.235000000E+02  0.000000000E+00  9.761843528E+00 
       296  1.237500000E+02  0.000000000E+00  9.767902213E+00 
       297  1.240000000E+02  0.000000000E+00  9.773822070E+00 
       298  1.242500000E+02  0.000000000E+00  9.779606020E+00 
       299  1.245000000E+02  0.000000000E+00  9.785256928E+00 
       300  1.247500000E+02  0.000000000E+00  9.790777600E+00 
       301  1.250000000E+02  0.000000000E+00  9.796170788E+00 
       302  1.252500000E+02  0.000000000E+00  9.801439187E+00 
       303  1.255000000E+02  0.000000000E+00  9.806585437E+00 
       304  1.257500000E+02  0.000000000E+00  9.811612125E+00 
       305  1.260000000E+02  0.000000000E+00  9.816521786E+00 
       306  1.262500000E+02  0.000000000E+00  9.821316900E+00 
       307  1.265000000E+02  0.000000000E+00  9.825999896E+00 
       308  1.267500000E+02  0.000000000E+00  9.830573155E+00 
       309  1.270000000E+02  0.000000000E+00  9.835039005E+00 
       310  1.272500000E+02  0.000000000E+00  9.839399725E+00 
       311  1.275000000E+02  0.000000000E+00  9.843657548E+00 
       312  1.277500000E+02  0.000000000E+00  9.847814657E+00 
       313  1.280000000E+02  0.000000000E+00  9.851873190E+00 
       314  1.282500000E+02  0.000000000E+00  9.855835238E+00 
       315  1.285000000E+02  0.000000000E+00  9.859702848E+00 
       316  1.287500000E+02  0.000000000E+00  9.863478022E+00 
       317  1.290000000E+02  0.000000000E+00  9.867162718E+00 
       318  1.292500000E+02  0.000000000E+00  9.870758852E+00 
       319  1.295000000E+02  0.000000000E+00  9.874268299E+00 
       320  1.297500000E+02  0.000000000E+00  9.877692892E+00 
       321  1.300000000E+02  0.000000000E+00  9.881034424E+00 
       322  1.302500000E+02  0.000000000E+00  9.884294647E+00 
       323  1.305000000E+02  0.000000000E+00  9.887475278E+00 
       324  1.307500000E+02  0.000000000E+00  9.890577991E+00 
       325  1.310000000E+02  0.000000000E+00  9.893604426E+00 
       326  1.312500000E+02  0.000000000E+00  9.896556185E+00 
       327  1.315000000E+02  0.000000000E+00  9.899434836E+00 
       328  1.317500000E+02  0.000000000E+00  9.902241909E+00 
       329  1.320000000E+02  0.000000000E+00  9.904978902E+00 
       330  1.322500000E+02  0.000000000E+00  9.907647278E+00 
       331  1.325000000E+02  0.000000000E+00  9.910248465E+00 
       332  1.327500000E+02  0.000000000E+00  9.912783862E+00 
       333  1.330000000E+02  0.000000000E+00  9.915254833E+00 
       334  1.332500000E+02  0.000000000E+00  9.917662713E+00 
       335  1.335000000E+02  0.000000000E+00  9.920008805E+00 
       336  1.337500000E+02  0.000000000E+00  9.922294380E+00 
       337  1.340000000E+02  0.000000000E+00  9.924520682E+00 
       338  1.342500000E+02  0.000000000E+00  9.926688926E+00 
       339  1.345000000E+02  0.000000000E+00  9.928800296E+00 
       340  1.347500000E+02  0.000000000E+00  9.930855950E+00 
       341  1.350000000E+02  0.000000000E+00  9.932857016E+00 
       342  1.352500000E+02  0.000000000E+00  9.934804599E+00 
       343  1.355000000E+02  0.000000000E+00  9.936699772E+00 
       344  1.357500000E+02  0.000000000E+00  9.938543586E+00 
       345  1.360000000E+02  0.000000000E+00  9.940337064E+00 
       346  1.362500000E+02  0.000000000E+00  9.942081204E+00 
       347  1.365000000E+02  0.000000000E+00  9.943776979E+00 
       348  1.367500000E+02  0.000000000E+00  9.945425338E+00 
       349  1.370000000E+02  0.000000000E+00  9.947027204E+00 
       350  1.372500000E+02  0.000000000E+00  9.948583478E+00 
       351  1.375000000E+02  0.000000000E+00  9.950095036E+00 
       352  1.377500000E+02  0.000000000E+00  9.951562731E+00 
       353  1.380000000E+02  0.000000000E+00  9.952987393E+00 
       354  1.382500000E+02  0.000000000E+00  9.954369829E+00 
       355  1.385000000E+02  0.000000000E+00  9.955710824E+00 
       356  1.387500000E+02  0.000000000E+00  9.957011140E+00 
       357  1.390000000E+02  0.000000000E+00  9.958271519E+00 
       358  1.392500000E+02  0.000000000E+00  9.959492678E+00 
       359  1.395000000E+02  0.000000000E+00  9.960675316E+00 
       360  1.397500000E+02  0.000000000E+00  9.961820107E+00 
       361  1.400000000E+02  0.000000000E+00  9.962927706E+00 
       362  1.402500000E+02  0.000000000E+00  9.963998748E+00 
       363  1.405000000E+02  0.000000000E+00  9.965033845E+00 
       364  1.407500000E+02  0.000000000E+00  9.966033588E+00 
       365  1.410000000E+02  0.000000000E+00  9.966998550E+00 
       366  1.412500000E+02  0.000000000E+00  9.967929281E+00 
       367  1.415000000E+02  0.000000000E+00  9.968826313E+00 
       368  1.417500000E+02  0.000000000E+00  9.969690156E+00 
       369  1.420000000E+02  0.000000000E+00  9.970521299E+00 
       370  1.422500000E+02  0.000000000E+00  9.971320214E+00 
       371  1.425000000E+02  0.000000000E+00  9.972087351E+00 
       372  1.427500000E+02  0.000000000E+00  9.972823139E+00 
       373  1.430000000E+02  0.000000000E+00  9.973527990E+00 
       374  1.432500000E+02  0.000000000E+00  9.974202293E+00 
       375  1.435000000E+02  0.000000000E+00  9.974846419E+00 
       376  1.437500000E+02  0.000000000E+00  9.975460720E+00 
       377  1.440000000E+02  0.000000000E+00  9.976045524E+00 
       378  1.442500000E+02  0.000000000E+00  9.976601145E+00 
       379  1.445000000E+02  0.000000000E+00  9.977127872E+00 
       380  1.447500000E+02  0.000000000E+00  9.977625976E+00 
       381  1.450000000E+02  0.000000000E+00  9.978095709E+00 
       382  1.452500000E+02  0.000000000E+00  9.978537302E+00 
       383  1.455000000E+02  0.000000000E+00  9.978950965E+00 
       384  1.457500000E+02  0.000000000E+00  9.979336889E+00 
       385  1.460000000E+02  0.000000000E+00  9.979695245E+00 
       386  1.462500000E+02  0.000000000E+00  9.980026183E+00 
       387  1.465000000E+02  0.000000000E+00  9.980329832E+00 
       388  1.467500000E+02  0.000000000E+00  9.980606303E+00 
       389  1.470000000E+02  0.000000000E+00  9.980855682E+00 
       390  1.472500000E+02  0.000000000E+00  9.981078039E+00 
       391  1.475000000E+02  0.000000000E+00  9.981273419E+00 
       392  1.477500000E+02  0.000000000E+00  9.981441848E+00 
       393  1.480000000E+02  0.000000000E+00  9.981583332E+00 
       394  1.482500000E+02  0.000000000E+00  9.981697853E+00 
       395  1.485000000E+02  0.000000000E+00  9.981785372E+00 
       396  1.487500000E+02  0.000000000E+00  9.981845830E+00 
       397  1.490000000E+02  0.000000000E+00  9.981879145E+00 
       398  1.492500000E+02  0.000000000E+00  9.981885212E+00 
       399  1.495000000E+02  0.000000000E+00  9.981863906E+00 
       400  1.497500000E+02  0.000000000E+00  9.981815077E+00 
       401  1.500000000E+02  0.000000000E+00  9.981738554E+00 
       402  1.502500000E+02  0.000000000E+00  9.981634142E+00 
       403  1.505000000E+02  0.000000000E+00  9.981501625E+00 
       404  1.507500000E+02  0.000000000E+00  9.981340760E+00 
       405  1.510000000E+02  0.000000000E+00  9.981151283E+00 
       406  1.512500000E+02  0.000000000E+00  9.980932907E+00 
       407  1.515000000E+02  0.000000000E+00  9.980685317E+00 
       408  1.517500000E+02  0.000000000E+00  9.980408178E+00 
       409  1.520000000E+02  0.000000000E+00  9.980101127E+00 
       410  1.522500000E+02  0.000000000E+00  9.979763778E+00 
       411  1.525000000E+02  0.000000000E+00  9.979395718E+00 
       412  1.527500000E+02  0.000000000E+00  9.978996512E+00 
       413  1.530000000E+02  0.000000000E+00  9.978565694E+00 
       414  1.532500000E+02  0.000000000E+00  9.978102777E+00 
       415  1.535000000E+02  0.000000000E+00  9.977607243E+00 
       416  1.537500000E+02  0.000000000E+00  9.977078551E+00 
       417  1.540000000E+02  0.000000000E+00  9.976516131E+00 
       418  1.542500000E+02  0.000000000E+00  9.975919386E+00 
       419  1.545000000E+02  0.000000000E+00  9.975287691E+00 
       420  1.547500000E+02  0.000000000E+00  9.974620393E+00 
       421  1.550000000E+02  0.000000000E+00  9.973916810E+00 
       422  1.552500000E+02  0.000000000E+00  9.973176233E+00 
       423  1.555000000E+02  0.000000000E+00  9.972397922E+00 
       424  1.557500000E+02  0.000000000E+00  9.971581109E+00 
       425  1.560000000E+02  0.000000000E+00  9.970724994E+00 
       426  1.562500000E+02  0.000000000E+00  9.969828750E+00 
       427  1.565000000E+02  0.000000000E+00  9.968891515E+00 
       428  1.567500000E+02  0.000000000E+00  9.967912400E+00 
       429  1.570000000E+02  0.000000000E+00  9.966890483E+00 
       430  1.572500000E+02  0.000000000E+00  9.965824810E+00 
       431  1.575000000E+02  0.000000000E+00  9.964714394E+00 
       432  1.577500000E+02  0.000000000E+00  9.963558219E+00 
       433  1.580000000E+02  0.000000000E+00  9.962355231E+00 
       434  1.582500000E+02  0.000000000E+00  9.961104347E+00 
       435  1.585000000E+02  0.000000000E+00  9.959804447E+00 
       436  1.587500000E+02  0.000000000E+00  9.958454380E+00 
       437  1.590000000E+02  0.000000000E+00  9.957052956E+00 
       438  1.592500000E+02  0.000000000E+00  9.955598956E+00 
       439  1.595000000E+02  0.000000000E+00  9.954091119E+00 
       440  1.597500000E+02  0.000000000E+00  9.952528153E+00 
       441  1.600000000E+02  0.000000000E+00  9.950908729E+00 
       442  1.602500000E+02  0.000000000E+00  9.949231479E+00 
       443  1.605000000E+02  0.000000000E+00  9.947494999E+00 
       444  1.607500000E+02  0.000000000E+00  9.945697850E+00 
       445  1.610000000E+02  0.000000000E+00  9.943838552E+00 
       446  1.612500000E+02  0.000000000E+00  9.941915587E+00 
       447  1.615000000E+02  0.000000000E+00  9.939927400E+00 
       448  1.617500000E+02  0.000000000E+00  9.937872395E+00 
       449  1.620000000E+02  0.000000000E+00  9.935748939E+00 
       450  1.622500000E+02  0.000000000E+00  9.933555355E+00 
       451  1.625000000E+02  0.000000000E+00  9.931289931E+00 
       452  1.627500000E+02  0.000000000E+00  9.928950908E+00 
       453  1.630000000E+02  0.000000000E+00  9.926536491E+00 
       454  1.632500000E+02  0.000000000E+00  9.924044842E+00 
       455  1.635000000E+02  0.000000000E+00  9.921474079E+00 
       456  1.637500000E+02  0.000000000E+00  9.918822281E+00 
       457  1.640000000E+02  0.000000000E+00  9.916087481E+00 
       458  1.642500000E+02  0.000000000E+00  9.913267671E+00 
       459  1.645000000E+02  0.000000000E+00  9.910360800E+00 
       460  1.647500000E+02  0.000000000E+00  9.907364771E+00 
       461  1.650000000E+02  0.000000000E+00  9.904277444E+00 
       462  1.652500000E+02  0.000000000E+00  9.901096636E+00 
       463  1.655000000E+02  0.000000000E+00  9.897820116E+00 
       464  1.657500000E+02  0.000000000E+00  9.894445611E+00 
       465  1.660000000E+02  0.000000000E+00  9.890970800E+00 
       466  1.662500000E+02  0.000000000E+00  9.887393317E+00 
       467  1.665000000E+02  0.000000000E+00  9.883710751E+00 
       468  1.667500000E+02  0.000000000E+00  9.879920643E+00 
       469  1.670000000E+02  0.000000000E+00  9.876020488E+00 
       470  1.672500000E+02  0.000000000E+00  9.872007734E+00 
       471  1.675000000E+02  0.000000000E+00  9.867879782E+00 
       472  1.677500000E+02  0.000000000E+00  9.863633985E+00 
       473  1.680000000E+02  0.000000000E+00  9.859267648E+00 
       474  1.682500000E+02  0.000000000E+00  9.854778029E+00 
       475  1.685000000E+02  0.000000000E+00  9.850162337E+00 
       476  1.687500000E+02  0.000000000E+00  9.845417733E+00 
       477  1.690000000E+02  0.000000000E+00  9.840541330E+00 
       478  1.692500000E+02  0.000000000E+00  9.835530191E+00 
       479  1.695000000E+02  0.000000000E+00  9.830381332E+00 
       480  1.697500000E+02  0.000000000E+00  9.825091717E+00 
       481  1.700000000E+02  0.000000000E+00  9.819658265E+00 
       482  1.702500000E+02  0.000000000E+00  9.814077841E+00 
       483  1.705000000E+02  0.000000000E+00  9.808347265E+00 
       484  1.707500000E+02  0.000000000E+00  9.802463305E+00 
       485  1.710000000E+02  0.000000000E+00  9.796422681E+00 
       486  1.712500000E+02  0.000000000E+00  9.790222061E+00 
       487  1.715000000E+02  0.000000000E+00  9.783858067E+00 
       488  1.717500000E+02  0.000000000E+00  9.777327269E+00 
       489  1.720000000E+02  0.000000000E+00  9.770626188E+00 
       490  1.722500000E+02  0.000000000E+00  9.763751296E+00 
       491  1.725000000E+02  0.000000000E+00  9.756699016E+00 
       492  1.727500000E+02  0.000000000E+00  9.749465719E+00 
       493  1.730000000E+02  0.000000000E+00  9.742047731E+00 
       494  1.732500000E+02  0.000000000E+00  9.734441326E+00 
       495  1.735000000E+02  0.000000000E+00  9.726642728E+00 
       496  1.737500000E+02  0.000000000E+00  9.718648116E+00 
       497  1.740000000E+02  0.000000000E+00  9.710453617E+00 
       498  1.742500000E+02  0.000000000E+00  9.702055311E+00 
       499  1.745000000E+02  0.000000000E+00  9.693449229E+00 
       500  1.747500000E+02  0.000000000E+00  9.684631355E+00 
       501  1.750000000E+02  0.000000000E+00  9.675597624E+00 
       502  1.752500000E+02  0.000000000E+00  9.666343926E+00 
       503  1.755000000E+02  0.000000000E+00  9.656866101E+00 
       504  1.757500000E+02  0.000000000E+00  9.647159944E+00 
       505  1.760000000E+02  0.000000000E+00  9.637221203E+00 
       506  1.762500000E+02  0.000000000E+00  9.627045580E+00 
       507  1.765000000E+02  0.000000000E+00  9.616628732E+00 
       508  1.767500000E+02  0.000000000E+00  9.605966271E+00 
       509  1.770000000E+02  0.000000000E+00  9.595053764E+00 
       510  1.772500000E+02  0.000000000E+00  9.583886732E+00 
       511  1.775000000E+02  0.000000000E+00  9.572460657E+00 
       512  1.777500000E+02  0.000000000E+00  9.560770973E+00 
       513  1.780000000E+02  0.000000000E+00  9.548813074E+00 
       514  1.782500000E+02  0.000000000E+00  9.536582313E+00 
       515  1.785000000E+02  0.000000000E+00  9.524074000E+00 
       516  1.787500000E+02  0.000000000E+00  9.511283405E+00 
       517  1.790000000E+02  0.000000000E+00  9.498205760E+00 
       518  1.792500000E+02  0.000000000E+00  9.484836256E+00 
       519  1.795000000E+02  0.000000000E+00  9.471170046E+00 
       520  1.797500000E+02  0.000000000E+00  9.457202247E+00 
       521  1.800000000E+02  0.000000000E+00  9.442927940E+00 
       522  1.802500000E+02  0.000000000E+00  9.428342168E+00 
       523  1.805000000E+02  0.000000000E+00  9.413439942E+00 
       524  1.807500000E+02  0.000000000E+00  9.398216240E+00 
       525  1.810000000E+02  0.000000000E+00  9.382666006E+00 
       526  1.812500000E+02  0.000000000E+00  9.366784156E+00 
       527  1.815000000E+02  0.000000000E+00  9.350565573E+00 
       528  1.817500000E+02  0.000000000E+00  9.334005115E+00 
       529  1.820000000E+02  0.000000000E+00  9.317097611E+00 
       530  1.822500000E+02  0.000000000E+00  9.299837868E+00 
       531  1.825000000E+02  0.000000000E+00  9.282220668E+00 
       532  1.827500000E+02  0.000000000E+00  9.264240771E+00 
       533  1.830000000E+02  0.000000000E+00  9.245892920E+00 
       534  1.832500000E+02  0.000000000E+00  9.227171839E+00 
       535  1.835000000E+02  0.000000000E+00  9.208072240E+00 
       536  1.837500000E+02  0.000000000E+00  9.188588821E+00 
       537  1.840000000E+02  0.000000000E+00  9.168716274E+00 
       538  1.842500000E+02  0.000000000E+00  9.148449284E+00 
       539  1.845000000E+02  0.000000000E+00  9.127782534E+00 
       540  1.847500000E+02  0.000000000E+00  9.106710712E+00 
       541  1.850000000E+02  0.000000000E+00  9.085228510E+00 
       542  1.852500000E+02  0.000000000E+00  9.063330636E+00 
       543  1.855000000E+02  0.000000000E+00  9.041011812E+00 
       544  1.857500000E+02  0.000000000E+00  9.018266788E+00 
       545  1.860000000E+02  0.000000000E+00  8.995090344E+00 
       546  1.862500000E+02  0.000000000E+00  8.971477300E+00 
       547  1.865000000E+02  0.000000000E+00  8.947422525E+00 
       548  1.867500000E+02  0.000000000E+00  8.922920950E+00 
       549  1.870000000E+02  0.000000000E+00  8.897967575E+00 
       550  1.872500000E+02  0.000000000E+00  8.872557486E+00 
       551  1.875000000E+02  0.000000000E+00  8.846685873E+00 
       552  1.877500000E+02  0.000000000E+00  8.820348039E+00 
       553  1.880000000E+02  0.000000000E+00  8.793539431E+00 
       554  1.882500000E+02  0.000000000E+00  8.766255655E+00 
       555  1.885000000E+02  0.000000000E+00  8.738492505E+00 
       556  1.887500000E+02  0.000000000E+00  8.710245995E+00 
       557  1.890000000E+02  0.000000000E+00  8.681512391E+00 
       558  1.892500000E+02  0.000000000E+00  8.652288253E+00 
       559  1.895000000E+02  0.000000000E+00  8.622570478E+00 
       560  1.897500000E+02  0.000000000E+00  8.592356355E+00 
       561  1.900000000E+02  0.000000000E+00  8.561643625E+00 
       562  1.902500000E+02  0.000000000E+00  8.530430550E+00 
       563  1.905000000E+02  0.000000000E+00  8.498715993E+00 
       564  1.907500000E+02  0.000000000E+00  8.466499512E+00 
       565  1.910000000E+02  0.000000000E+00  8.433781463E+00 
       566  1.912500000E+02  0.000000000E+00  8.400563127E+00 
       567  1.915000000E+02  0.000000000E+00  8.366846850E+00 
       568  1.917500000E+02  0.000000000E+00  8.332636209E+00 
       569  1.920000000E+02  0.000000000E+00  8.297936199E+00 
       570  1.922500000E+02  0.000000000E+00  8.262753458E+00 
       571  1.925000000E+02  0.000000000E+00  8.227096520E+00 
       572  1.927500000E+02  0.000000000E+00  8.190976116E+00 
       573  1.930000000E+02  0.000000000E+00  8.154405513E+00 
       574  1.932500000E+02  0.000000000E+00  8.117400928E+00 
       575  1.935000000E+02  0.000000000E+00  8.079981989E+00 
       576  1.937500000E+02  0.000000000E+00  8.042172293E+00 
       577  1.940000000E+02  0.000000000E+00  8.004000051E+00 
       578  1.942500000E+02  0.000000000E+00  7.965498850E+00 
       579  1.945000000E+02  0.000000000E+00  7.926708550E+00 
       580  1.947500000E+02  0.000000000E+00  7.887676353E+00 
       581  1.950000000E+02  0.000000000E+00  7.848458063E+00 
       582  1.952500000E+02  0.000000000E+00  7.809119609E+00 
       583  1.955000000E+02  0.000000000E+00  7.769738853E+00 
       584  1.957500000E+02  0.000000000E+00  7.730407797E+00 
       585  1.960000000E+02  0.000000000E+00  7.691235253E+00 
       586  1.962500000E+02  0.000000000E+00  7.652350132E+00 
       587  1.965000000E+02  0.000000000E+00  7.613905511E+00 
       588  1.967500000E+02  0.000000000E+00  7.576083719E+00 
       589  1.970000000E+02  0.000000000E+00  7.539102798E+00 
       590  1.972500000E+02  0.000000000E+00  7.503224796E+00 
       591  1.975000000E+02  0.000000000E+00  7.468766633E+00 
       592  1.977500000E+02  0.000000000E+00  7.436114622E+00 
       593  1.980000000E+02  0.000000000E+00  7.405744370E+00 
       594  1.982500000E+02  0.000000000E+00  7.378248970E+00 
       595  1.985000000E+02  0.000000000E+00  7.354380536E+00 
       596  1.987500000E+02  0.000000000E+00  7.335114721E+00 
       597  1.990000000E+02  0.000000000E+00  7.321757985E+00 
       598  1.992500000E+02  0.000000000E+00  7.316142730E+00 
       599  1.995000000E+02  0.000000000E+00  7.321024802E+00 
       600  1.997500000E+02  0.000000000E+00  7.343707812E+00 
       601  2.000000000E+02  0.000000000E+00  6.461024479E+00 
       602  2.001999988E+02  0.000000000E+00  5.840076689E+00 
       603  2.004032879E+02  0.000000000E+00  6.038569389E+00 
       604  2.006099214E+02  0.000000000E+00  6.234078609E+00 
       605  2.008199543E+02  0.000000000E+00  6.425482754E+00 
       606  2.010334426E+02  0.000000000E+00  6.612357926E+00 
       607  2.012504431E+02  0.000000000E+00  6.794333047E+00 
       608  2.014710137E+02  0.000000000E+00  6.971082720E+00 
       609  2.016952129E+02  0.000000000E+00  7.142326059E+00 
       610  2.019231006E+02  0.000000000E+00  7.307826057E+00 
       611  2.021547374E+02  0.000000000E+00  7.467388674E+00 
       612  2.023901849E+02  0.000000000E+00  7.620861654E+00 
       613  2.026295060E+02  0.000000000E+00  7.768133084E+00 
       614  2.028727642E+02  0.000000000E+00  7.909129836E+00 
       615  2.031200245E+02  0.000000000E+00  8.046977209E+00 
       616  2.033713525E+02  0.000000000E+00  8.181507491E+00 
       617  2.036268153E+02  0.000000000E+00  8.250058367E+00 
       618  2.038864808E+02  0.000000000E+00  8.312939655E+00 
       619  2.041504183E+02  0.000000000E+00  8.434157514E+00 
       620  2.044186979E+02  0.000000000E+00  8.547891947E+00 
       621  2.046913911E+02  0.000000000E+00  8.651553803E+00 
       622  2.049685706E+02  0.000000000E+00  8.749165622E+00 
       623  2.052503101E+02  0.000000000E+00  8.840899889E+00 
       624  2.055366847E+02  0.000000000E+00  8.926945199E+00 
       625  2.058277705E+02  0.000000000E+00  9.007503591E+00 
       626  2.061236452E+02  0.000000000E+00  9.082788001E+00 
       627  2.064243875E+02  0.000000000E+00  9.153019750E+00 
       628  2.067300774E+02  0.000000000E+00  9.218426243E+00 
       629  2.070407965E+02  0.000000000E+00  9.279238797E+00 
       630  2.073566273E+02  0.000000000E+00  9.335690652E+00 
       631  2.076776540E+02  0.000000000E+00  9.388015145E+00 
       632  2.080039622E+02  0.000000000E+00  9.436444065E+00 
       633  2.083356386E+02  0.000000000E+00  9.481206176E+00 
       634  2.086727716E+02  0.000000000E+00  9.522525927E+00 
       635  2.090154510E+02  0.000000000E+00  9.560622316E+00 
       636  2.093637679E+02  0.000000000E+00  9.595707938E+00 
       637  2.097178153E+02  0.000000000E+00  9.627988169E+00 
       638  2.100776872E+02  0.000000000E+00  9.657660514E+00 
       639  2.104434797E+02  0.000000000E+00  9.684914086E+00 
       640  2.108152899E+02  0.000000000E+00  9.709929212E+00 
       641  2.111932170E+02  0.000000000E+00  9.732877164E+00 
       642  2.115773617E+02  0.000000000E+00  9.753919991E+00 
       643  2.119678260E+02  0.000000000E+00  9.773210450E+00 
       644  2.123647142E+02  0.000000000E+00  9.790892026E+00 
       645  2.127681317E+02  0.000000000E+00  9.807099023E+00 
       646  2.131781861E+02  0.000000000E+00  9.821956726E+00 
       647  2.135949866E+02  0.000000000E+00  9.835581620E+00 
       648  2.140186441E+02  0.000000000E+00  9.848081654E+00 
       649  2.144492713E+02  0.000000000E+00  9.859556546E+00 
       650  2.148869831E+02  0.000000000E+00  9.870098127E+00 
       651  2.153318959E+02  0.000000000E+00  9.879790699E+00 
       652  2.157841282E+02  0.000000000E+00  9.888711424E+00 
       653  2.162438005E+02  0.000000000E+00  9.896930717E+00 
       654  2.167110350E+02  0.000000000E+00  9.904512648E+00 
       655  2.171859563E+02  0.000000000E+00  9.911515356E+00 
       656  2.176686908E+02  0.000000000E+00  9.917991454E+00 
       657  2.181593671E+02  0.000000000E+00  9.923988427E+00 
       658  2.186581157E+02  0.000000000E+00  9.929549029E+00 
       659  2.191650695E+02  0.000000000E+00  9.934711663E+00 
       660  2.196803635E+02  0.000000000E+00  9.939510754E+00 
       661  2.202041348E+02  0.000000000E+00  9.943977103E+00 
       662  2.207365230E+02  0.000000000E+00  9.948138227E+00 
       663  2.212776699E+02  0.000000000E+00  9.952018679E+00 
       664  2.218277194E+02  0.000000000E+00  9.955640353E+00 
       665  2.223868182E+02  0.000000000E+00  9.959022768E+00 
       666  2.229551149E+02  0.000000000E+00  9.962183328E+00 
       667  2.235327610E+02  0.000000000E+00  9.965137577E+00 
       668  2.241199103E+02  0.000000000E+00  9.967899415E+00 
       669  2.247167191E+02  0.000000000E+00  9.970481309E+00 
       670  2.253233464E+02  0.000000000E+00  9.972894483E+00 
       671  2.259399536E+02  0.000000000E+00  9.975149084E+00 
       672  2.265667050E+02  0.000000000E+00  9.977254337E+00 
       673  2.272037674E+02  0.000000000E+00  9.979218679E+00 
       674  2.278513104E+02  0.000000000E+00  9.981049880E+00 
       675  2.285095066E+02  0.000000000E+00  9.982755147E+00 
       676  2.291785311E+02  0.000000000E+00  9.984341215E+00 
       677  2.298585621E+02  0.000000000E+00  9.985814423E+00 
       678  2.305497807E+02  0.000000000E+00  9.987180784E+00 
       679  2.312523708E+02  0.000000000E+00  9.988446030E+00 
       680  2.319665197E+02  0.000000000E+00  9.989615665E+00 
       681  2.326924175E+02  0.000000000E+00  9.990694997E+00 
       682  2.334302574E+02  0.000000000E+00  9.991689161E+00 
       683  2.341802359E+02  0.000000000E+00  9.992603142E+00 
       684  2.349425527E+02  0.000000000E+00  9.993441785E+00 
       685  2.357174108E+02  0.000000000E+00  9.994209804E+00 
       686  2.365050165E+02  0.000000000E+00  9.994911783E+00 
       687  2.373055796E+02  0.000000000E+00  9.995552174E+00 
       688  2.381193132E+02  0.000000000E+00  9.996135289E+00 
       689  2.389464340E+02  0.000000000E+00  9.996665296E+00 
       690  2.397871622E+02  0.000000000E+00  9.997146203E+00 
       691  2.406417216E+02  0.000000000E+00  9.997581847E+00 
       692  2.415103399E+02  0.000000000E+00  9.997975877E+00 
       693  2.423932484E+02  0.000000000E+00  9.998331741E+00 
       694  2.432906820E+02  0.000000000E+00  9.998652663E+00 
       695  2.442028798E+02  0.000000000E+00  9.998941624E+00 
       696  2.451300847E+02  0.000000000E+00  9.999201346E+00 
       697  2.460725436E+02  0.000000000E+00  9.999434260E+00 
       698  2.470305073E+02  0.000000000E+00  9.999642490E+00 
       699  2.480042311E+02  0.000000000E+00  9.999827819E+00 
       700  2.489939742E+02  0.000000000E+00  9.999991670E+00 
       701  2.500000000E+02  0.000000000E+00  1.000013509E+01 
       702  2.510060258E+02  0.000000000E+00  1.000025683E+01 
       703  2.519957689E+02  0.000000000E+00  1.000035644E+01 
       704  2.529694927E+02  0.000000000E+00  1.000043520E+01 
       705  2.539274564E+02  0.000000000E+00  1.000049370E+01 
       706  2.548699153E+02  0.000000000E+00  1.000053195E+01 
       707  2.557971202E+02  0.000000000E+00  1.000054948E+01 
       708  2.567093180E+02  0.000000000E+00  1.000054540E+01 
       709  2.576067516E+02  0.000000000E+00  1.000051849E+01 
       710  2.584896601E+02  0.000000000E+00  1.000046721E+01 
       711  2.593582784E+02  0.000000000E+00  1.000038974E+01 
       712  2.602128379E+02  0.000000000E+00  1.000028410E+01 
       713  2.610535660E+02  0.000000000E+00  1.000014811E+01 
       714  2.618806868E+02  0.000000000E+00  9.999979436E+00 
       715  2.626944204E+02  0.000000000E+00  9.999775670E+00 
       716  2.634949835E+02  0.000000000E+00  9.999534322E+00 
       717  2.642825892E+02  0.000000000E+00  9.999252881E+00 
       718  2.650574473E+02  0.000000000E+00  9.998928849E+00 
       719  2.658197641E+02  0.000000000E+00  9.998559785E+00 
       720  2.665697426E+02  0.000000000E+00  9.998143353E+00 
       721  2.673075825E+02  0.000000000E+00  9.997677369E+00 
       722  2.680334803E+02  0.000000000E+00  9.997159861E+00 
       723  2.687476292E+02  0.000000000E+00  9.996589122E+00 
       724  2.694502193E+02  0.000000000E+00  9.995963782E+00 
       725  2.701414379E+02  0.000000000E+00  9.995282874E+00 
       726  2.708214689E+02  0.000000000E+00  9.994545916E+00 
       727  2.714904934E+02  0.000000000E+00  9.993752995E+00 
       728  2.721486896E+02  0.000000000E+00  9.992904861E+00 
       729  2.727962326E+02  0.000000000E+00  9.992003035E+00 
       730  2.734332950E+02  0.000000000E+00  9.991049914E+00 
       731  2.740600464E+02  0.000000000E+00  9.990048903E+00 
       732  2.746766536E+02  0.000000000E+00  9.989004549E+00 
       733  2.752832808E+02  0.000000000E+00  9.987922686E+00 
       734  2.758800897E+02  0.000000000E+00  9.986810604E+00 
       735  2.764672390E+02  0.000000000E+00  9.985677221E+00 
       736  2.770448851E+02  0.000000000E+00  9.984533277E+00 
       737  2.776131818E+02  0.000000000E+00  9.983391544E+00 
       738  2.781722806E+02  0.000000000E+00  9.982267052E+00 
       739  2.787223301E+02  0.000000000E+00  9.981177330E+00 
       740  2.792634769E+02  0.000000000E+00  9.980142675E+00 
       741  2.797958652E+02  0.000000000E+00  9.979186432E+00 
       742  2.803196365E+02  0.000000000E+00  9.978335296E+00 
       743  2.808349305E+02  0.000000000E+00  9.977619638E+00 
       744  2.813418843E+02  0.000000000E+00  9.977073851E+00 
       745  2.818406329E+02  0.000000000E+00  9.976736724E+00 
       746  2.823313092E+02  0.000000000E+00  9.976651848E+00 
       747  2.828140437E+02  0.000000000E+00  9.976867780E+00 
       748  2.832889650E+02  0.000000000E+00  9.977438916E+00 
       749  2.837561995E+02  0.000000000E+00  9.978425864E+00 
       750  2.842158718E+02  0.000000000E+00  9.979895546E+00 
       751  2.846681041E+02  0.000000000E+00  9.981922000E+00 
       752  2.851130169E+02  0.000000000E+00  9.984586854E+00 
       753  2.855507287E+02  0.000000000E+00  9.987979870E+00 
       754  2.859813560E+02  0.000000000E+00  9.992199514E+00 
       755  2.864050134E+02  0.000000000E+00  9.997353563E+00 
       756  2.868218139E+02  0.000000000E+00  1.000355972E+01 
       757  2.872318683E+02  0.000000000E+00  1.001094627E+01 
       758  2.876352858E+02  0.000000000E+00  1.001965278E+01 
       759  2.880321740E+02  0.000000000E+00  1.002983079E+01 
       760  2.884226383E+02  0.000000000E+00  1.004164458E+01 
       761  2.888067830E+02  0.000000000E+00  1.005527196E+01 
       762  2.891847101E+02  0.000000000E+00  1.007090511E+01 
       763  2.895565204E+02  0.000000000E+00  1.008875148E+01 
       764  2.899223128E+02  0.000000000E+00  1.010903471E+01 
       765  2.902821847E+02  0.000000000E+00  1.013199568E+01 
       766  2.906362321E+02  0.000000000E+00  1.015789357E+01 
       767  2.909845490E+02  0.000000000E+00  1.018700707E+01 
       768  2.913272284E+02  0.000000000E+00  1.021963567E+01 
       769  2.916643614E+02  0.000000000E+00  1.025610102E+01 
       770  2.919960378E+02  0.000000000E+00  1.029674852E+01 
       771  2.923223460E+02  0.000000000E+00  1.034194900E+01 
       772  2.926433727E+02  0.000000000E+00  1.039210058E+01 
       773  2.929592035E+02  0.000000000E+00  1.044763078E+01 
       774  2.932699226E+02  0.000000000E+00  1.050899886E+01 
       775  2.935756125E+02  0.000000000E+00  1.057669837E+01 
       776  2.938763548E+02  0.000000000E+00  1.065126013E+01 
       777  2.941722295E+02  0.000000000E+00  1.073325543E+01 
       778  2.944633153E+02  0.000000000E+00  1.082329976E+01 
       779  2.947496899E+02  0.000000000E+00  1.092205697E+01 
       780  2.950314294E+02  0.000000000E+00  1.103024390E+01 
       781  2.953086088E+02  0.000000000E+00  1.114863574E+01 
       782  2.955813021E+02  0.000000000E+00  1.127807201E+01 
       783  2.958495817E+02  0.000000000E+00  1.141946338E+01 
       784  2.961135192E+02  0.000000000E+00  1.157379939E+01 
       785  2.963731847E+02  0.000000000E+00  1.174215727E+01 
       786  2.966286475E+02  0.000000000E+00  1.192571194E+01 
       787  2.968799755E+02  0.000000000E+00  1.212574746E+01 
       788  2.971272358E+02  0.000000000E+00  1.234367010E+01 
       789  2.973704940E+02  0.000000000E+00  1.258102329E+01 
       790  2.976098151E+02  0.000000000E+00  1.283950476E+01 
       791  2.978452626E+02  0.000000000E+00  1.312098629E+01 
       792  2.980768994E+02  0.000000000E+00  1.342753636E+01 
       793  2.983047871E+02  0.000000000E+00  1.376144646E+01 
       794  2.985289863E+02  0.000000000E+00  1.412526132E+01 
       795  2.987495568E+02  0.000000000E+00  1.391402446E+01 
       796  2.989665574E+02  0.000000000E+00  1.368321586E+01 
       797  2.991800457E+02  0.000000000E+00  1.401890614E+01 
       798  2.993900786E+02  0.000000000E+00  1.438420093E+01 
       799  2.995967121E+02  0.000000000E+00  1.478228835E+01 
       800  2.998000012E+02  0.000000000E+00  1.522005421E+01 
       801  3.000000000E+02  0.000000000E+00  1.452308665E+01 
       802  3.002500000E+02  0.000000000E+00  1.341237012E+01 
       803  3.005000000E+02  0.000000000E+00  1.347894723E+01 
       804  3.007500000E+02  0.000000000E+00  1.350887160E+01 
       805  3.010000000E+02  0.000000000E+00  1.351835524E+01 
       806  3.012500000E+02  0.000000000E+00  1.351303067E+01 
       807  3.015000000E+02  0.000000000E+00  1.349653839E+01 
       808  3.017500000E+02  0.000000000E+00  1.347141785E+01 
       809  3.020000000E+02  0.000000000E+00  1.343953341E+01 
       810  3.022500000E+02  0.000000000E+00  1.340230283E+01 
       811  3.025000000E+02  0.000000000E+00  1.336083162E+01 
       812  3.027500000E+02  0.000000000E+00  1.331599787E+01 
       813  3.030000000E+02  0.000000000E+00  1.326850884E+01 
       814  3.032500000E+02  0.000000000E+00  1.321894036E+01 
       815  3.035000000E+02  0.000000000E+00  1.316776526E+01 
       816  3.037500000E+02  0.000000000E+00  1.311537435E+01 
       817  3.040000000E+02  0.000000000E+00  1.306209236E+01 
       818  3.042500000E+02  0.000000000E+00  1.300819025E+01 
       819  3.045000000E+02  0.000000000E+00  1.295389486E+01 
       820  3.047500000E+02  0.000000000E+00  1.289939653E+01 
       821  3.050000000E+02  0.000000000E+00  1.284485525E+01 
       822  3.052500000E+02  0.000000000E+00  1.279040571E+01 
       823  3.055000000E+02  0.000000000E+00  1.273616132E+01 
       824  3.057500000E+02  0.000000000E+00  1.268221757E+01 
       825  3.060000000E+02  0.000000000E+00  1.262865484E+01 
       826  3.062500000E+02  0.000000000E+00  1.257554070E+01 
       827  3.065000000E+02  0.000000000E+00  1.252293182E+01 
       828  3.067500000E+02  0.000000000E+00  1.247087563E+01 
       829  3.070000000E+02  0.000000000E+00  1.241941165E+01 
       830  3.072500000E+02  0.000000000E+00  1.236857266E+01 
       831  3.075000000E+02  0.000000000E+00  1.231838569E+01 
       832  3.077500000E+02  0.000000000E+00  1.226887281E+01 
       833  3.080000000E+02  0.000000000E+00  1.222005185E+01 
       834  3.082500000E+02  0.000000000E+00  1.217193703E+01 
       835  3.085000000E+02  0.000000000E+00  1.212453942E+01 
       836  3.087500000E+02  0.000000000E+00  1.207786739E+01 
       837  3.090000000E+02  0.000000000E+00  1.203192701E+01 
       838  3.092500000E+02  0.000000000E+00  1.198672235E+01 
       839  3.095000000E+02  0.000000000E+00  1.194225573E+01 
       840  3.097500000E+02  0.000000000E+00  1.189852800E+01 
       841  3.100000000E+02  0.000000000E+00  1.185553871E+01 
       842  3.102500000E+02  0.000000000E+00  1.181328629E+01 
       843  3.105000000E+02  0.000000000E+00  1.177176823E+01 
       844  3.107500000E+02  0.000000000E+00  1.173098114E+01 
       845  3.110000000E+02  0.000000000E+00  1.169092093E+01 
       846  3.112500000E+02  0.000000000E+00  1.165158287E+01 
       847  3.115000000E+02  0.000000000E+00  1.161296169E+01 
       848  3.117500000E+02  0.000000000E+00  1.157505163E+01 
       849  3.120000000E+02  0.000000000E+00  1.153784652E+01 
       850  3.122500000E+02  0.000000000E+00  1.150133985E+01 
       851  3.125000000E+02  0.000000000E+00  1.146552478E+01 
       852  3.127500000E+02  0.000000000E+00  1.143039421E+01 
       853  3.130000000E+02  0.000000000E+00  1.139594079E+01 
       854  3.132500000E+02  0.000000000E+00  1.136215699E+01 
       855  3.135000000E+02  0.000000000E+00  1.132903509E+01 
       856  3.137500000E+02  0.000000000E+00  1.129656723E+01 
       857  3.140000000E+02  0.000000000E+00  1.126474542E+01 
       858  3.142500000E+02  0.000000000E+00  1.123356156E+01 
       859  3.145000000E+02  0.000000000E+00  1.120300746E+01 
       860  3.147500000E+02  0.000000000E+00  1.117307485E+01 
       861  3.150000000E+02  0.000000000E+00  1.114375541E+01 
       862  3.152500000E+02  0.000000000E+00  1.111504076E+01 
       863  3.155000000E+02  0.000000000E+00  1.108692248E+01 
       864  3.157500000E+02  0.000000000E+00  1.105939212E+01 
       865  3.160000000E+02  0.000000000E+00  1.103244123E+01 
       866  3.162500000E+02  0.000000000E+00  1.100606131E+01 
       867  3.165000000E+02  0.000000000E+00  1.098024390E+01 
       868  3.167500000E+02  0.000000000E+00  1.095498051E+01 
       869  3.170000000E+02  0.000000000E+00  1.093026268E+01 
       870  3.172500000E+02  0.000000000E+00  1.090608194E+01 
       871  3.175000000E+02  0.000000000E+00  1.088242988E+01 
       872  3.177500000E+02  0.000000000E+00  1.085929808E+01 
       873  3.180000000E+02  0.000000000E+00  1.083667816E+01 
       874  3.182500000E+02  0.000000000E+00  1.081456178E+01 
       875  3.185000000E+02  0.000000000E+00  1.079294064E+01 
       876  3.187500000E+02  0.000000000E+00  1.077180648E+01 
       877  3.190000000E+02  0.000000000E+00  1.075115108E+01 
       878  3.192500000E+02  0.000000000E+00  1.073096628E+01 
       879  3.195000000E+02  0.000000000E+00  1.071124398E+01 
       880  3.197500000E+02  0.000000000E+00  1.069197610E+01 
       881  3.200000000E+02  0.000000000E+00  1.067315466E+01 
       882  3.202500000E+02  0.000000000E+00  1.065477172E+01 
       883  3.205000000E+02  0.000000000E+00  1.063681940E+01 
       884  3.207500000E+02  0.000000000E+00  1.061928991E+01 
       885  3.210000000E+02  0.000000000E+00  1.060217550E+01 
       886  3.212500000E+02  0.000000000E+00  1.058546850E+01 
       887  3.215000000E+02  0.000000000E+00  1.056916133E+01 
       888  3.217500000E+02  0.000000000E+00  1.055324645E+01 
       889  3.220000000E+02  0.000000000E+00  1.053771643E+01 
       890  3.222500000E+02  0.000000000E+00  1.052256389E+01 
       891  3.225000000E+02  0.000000000E+00  1.050778155E+01 
       892  3.227500000E+02  0.000000000E+00  1.049336220E+01 
       893  3.230000000E+02  0.000000000E+00  1.047929870E+01 
       894  3.232500000E+02  0.000000000E+00  1.046558402E+01 
       895  3.235000000E+02  0.000000000E+00  1.045221120E+01 
       896  3.237500000E+02  0.000000000E+00  1.043917335E+01 
       897  3.240000000E+02  0.000000000E+00  1.042646368E+01 
       898  3.242500000E+02  0.000000000E+00  1.041407550E+01 
       899  3.245000000E+02  0.000000000E+00  1.040200219E+01 
       900  3.247500000E+02  0.000000000E+00  1.039023720E+01 
       901  3.250000000E+02  0.000000000E+00  1.037877412E+01 
       902  3.252500000E+02  0.000000000E+00  1.036760657E+01 
       903  3.255000000E+02  0.000000000E+00  1.035672830E+01 
       904  3.257500000E+02  0.000000000E+00  1.034613314E+01 
       905  3.260000000E+02  0.000000000E+00  1.033581500E+01 
       906  3.262500000E+02  0.000000000E+00  1.032576790E+01 
       907  3.265000000E+02  0.000000000E+00  1.031598591E+01 
       908  3.267500000E+02  0.000000000E+00  1.030646325E+01 
       909  3.270000000E+02  0.000000000E+00  1.029719418E+01 
       910  3.272500000E+02  0.000000000E+00  1.028817307E+01 
       911  3.275000000E+02  0.000000000E+00  1.027939438E+01 
       912  3.277500000E+02  0.000000000E+00  1.027085266E+01 
       913  3.280000000E+02  0.000000000E+00  1.026254255E+01 
       914  3.282500000E+02  0.000000000E+00  1.025445878E+01 
       915  3.285000000E+02  0.000000000E+00  1.024659618E+01 
       916  3.287500000E+02  0.000000000E+00  1.023894963E+01 
       917  3.290000000E+02  0.000000000E+00  1.023151415E+01 
       918  3.292500000E+02  0.000000000E+00  1.022428483E+01 
       919  3.295000000E+02  0.000000000E+00  1.021725682E+01 
       920  3.297500000E+02  0.000000000E+00  1.021042540E+01 
       921  3.300000000E+02  0.000000000E+00  1.020378591E+01 
       922  3.302500000E+02  0.000000000E+00  1.019733378E+01 
       923  3.305000000E+02  0.000000000E+00  1.019106455E+01 
       924  3.307500000E+02  0.000000000E+00  1.018497380E+01 
       925  3.310000000E+02  0.000000000E+00  1.017905724E+01 
       926  3.312500000E+02  0.000000000E+00  1.017331063E+01 
       927  3.315000000E+02  0.000000000E+00  1.016772984E+01 
       928  3.317500000E+02  0.000000000E+00  1.016231080E+01 
       929  3.320000000E+02  0.000000000E+00  1.015704954E+01 
       930  3.322500000E+02  0.000000000E+00  1.015194216E+01 
       931  3.325000000E+02  0.000000000E+00  1.014698483E+01 
       932  3.327500000E+02  0.000000000E+00  1.014217383E+01 
       933  3.330000000E+02  0.000000000E+00  1.013750548E+01 
       934  3.332500000E+02  0.000000000E+00  1.013297622E+01 
       935  3.335000000E+02  0.000000000E+00  1.012858254E+01 
       936  3.337500000E+02  0.000000000E+00  1.012432100E+01 
       937  3.340000000E+02  0.000000000E+00  1.012018825E+01 
       938  3.342500000E+02  0.000000000E+00  1.011618101E+01 
       939  3.345000000E+02  0.000000000E+00  1.011229608E+01 
       940  3.347500000E+02  0.000000000E+00  1.010853032E+01 
       941  3.350000000E+02  0.000000000E+00  1.010488067E+01 
       942  3.352500000E+02  0.000000000E+00  1.010134413E+01 
       943  3.355000000E+02  0.000000000E+00  1.009791779E+01 
       944  3.357500000E+02  0.000000000E+00  1.009459878E+01 
       945  3.360000000E+02  0.000000000E+00  1.009138433E+01 
       946  3.362500000E+02  0.000000000E+00  1.008827171E+01 
       947  3.365000000E+02  0.000000000E+00  1.008525827E+01 
       948  3.367500000E+02  0.000000000E+00  1.008234143E+01 
       949  3.370000000E+02  0.000000000E+00  1.007951864E+01 
       950  3.372500000E+02  0.000000000E+00  1.007678746E+01 
       951  3.375000000E+02  0.000000000E+00  1.007414549E+01 
       952  3.377500000E+02  0.000000000E+00  1.007159038E+01 
       953  3.380000000E+02  0.000000000E+00  1.006911986E+01 
       954  3.382500000E+02  0.000000000E+00  1.006673171E+01 
       955  3.385000000E+02  0.000000000E+00  1.006442376E+01 
       956  3.387500000E+02  0.000000000E+00  1.006219392E+01 
       957  3.390000000E+02  0.000000000E+00  1.006004014E+01 
       958  3.392500000E+02  0.000000000E+00  1.005796043E+01 
       959  3.395000000E+02  0.000000000E+00  1.005595285E+01 
       960  3.397500000E+02  0.000000000E+00  1.005401552E+01 
       961  3.400000000E+02  0.000000000E+00  1.005214661E+01 
       962  3.402500000E+02  0.000000000E+00  1.005034435E+01 
       963  3.405000000E+02  0.000000000E+00  1.004860700E+01 
       964  3.407500000E+02  0.000000000E+00  1.004693290E+01 
       965  3.410000000E+02  0.000000000E+00  1.004532042E+01 
       966  3.412500000E+02  0.000000000E+00  1.004376798E+01 
       967  3.415000000E+02  0.000000000E+00  1.004227406E+01 
       968  3.417500000E+02  0.000000000E+00  1.004083717E+01 
       969  3.420000000E+02  0.000000000E+00  1.003945588E+01 
       970  3.422500000E+02  0.000000000E+00  1.003812880E+01 
       971  3.425000000E+02  0.000000000E+00  1.003685459E+01 
       972  3.427500000E+02  0.000000000E+00  1.003563194E+01 
       973  3.430000000E+02  0.000000000E+00  1.003445960E+01 
       974  3.432500000E+02  0.000000000E+00  1.003333635E+01 
       975  3.435000000E+02  0.000000000E+00  1.003226103E+01 
       976  3.437500000E+02  0.000000000E+00  1.003123250E+01 
       977  3.440000000E+02  0.000000000E+00  1.003024967E+01 
       978  3.442500000E+02  0.000000000E+00  1.002931149E+01 
       979  3.445000000E+02  0.000000000E+00  1.002841694E+01 
       980  3.447500000E+02  0.000000000E+00  1.002756507E+01 
       981  3.450000000E+02  0.000000000E+00  1.002675492E+01 
       982  3.452500000E+02  0.000000000E+00  1.002598561E+01 
       983  3.455000000E+02  0.000000000E+00  1.002525626E+01 
       984  3.457500000E+02  0.000000000E+00  1.002456607E+01 
       985  3.460000000E+02  0.000000000E+00  1.002391422E+01 
       986  3.462500000E+02  0.000000000E+00  1.002329998E+01 
       987  3.465000000E+02  0.000000000E+00  1.002272262E+01 
       988  3.467500000E+02  0.000000000E+00  1.002218146E+01 
       989  3.470000000E+02  0.000000000E+00  1.002167583E+01 
       990  3.472500000E+02  0.000000000E+00  1.002120512E+01 
       991  3.475000000E+02  0.000000000E+00  1.002076874E+01 
       992  3.477500000E+02  0.000000000E+00  1.002036613E+01 
       993  3.480000000E+02  0.000000000E+00  1.001999676E+01 
       994  3.482500000E+02  0.000000000E+00  1.001966015E+01 
       995  3.485000000E+02  0.000000000E+00  1.001935582E+01 
       996  3.487500000E+02  0.000000000E+00  1.001908334E+01 
       997  3.490000000E+02  0.000000000E+00  1.001884231E+01 
       998  3.492500000E+02  0.000000000E+00  1.001863234E+01 
       999  3.495000000E+02  0.000000000E+00  1.001845309E+01 
      1000  3.497500000E+02  0.000000000E+00  1.001830423E+01 
      1001  3.500000000E+02  0.000000000E+00  1.001818549E+01 
      1002  3.502500000E+02  0.000000000E+00  1.001809658E+01 
      1003  3.505000000E+02  0.000000000E+00  1.001803728E+01 
      1004  3.507500000E+02  0.000000000E+00  1.001800737E+01 
      1005  3.510000000E+02  0.000000000E+00  1.001800667E+01 
      1006  3.512500000E+02  0.000000000E+00  1.001803502E+01 
      1007  3.515000000E+02  0.000000000E+00  1.001809228E+01 
      1008  3.517500000E+02  0.000000000E+00  1.001817836E+01 
      1009  3.520000000E+02  0.000000000E+00  1.001829316E+01 
      1010  3.522500000E+02  0.000000000E+00  1.001843664E+01 
      1011  3.525000000E+02  0.000000000E+00  1.001860875E+01 
      1012  3.527500000E+02  0.000000000E+00  1.001880950E+01 
      1013  3.530000000E+02  0.000000000E+00  1.001903890E+01 
      1014  3.532500000E+02  0.000000000E+00  1.001929700E+01 
      1015  3.535000000E+02  0.000000000E+00  1.001958384E+01 
      1016  3.537500000E+02  0.000000000E+00  1.001989954E+01 
      1017  3.540000000E+02  0.000000000E+00  1.002024419E+01 
      1018  3.542500000E+02  0.000000000E+00  1.002061794E+01 
      1019  3.545000000E+02  0.000000000E+00  1.002102095E+01 
      1020  3.547500000E+02  0.000000000E+00  1.002145339E+01 
      1021  3.550000000E+02  0.000000000E+00  1.002191547E+01 
      1022  3.552500000E+02  0.000000000E+00  1.002240742E+01 
      1023  3.555000000E+02  0.000000000E+00  1.002292950E+01 
      1024  3.557500000E+02  0.000000000E+00  1.002348197E+01 
      1025  3.560000000E+02  0.000000000E+00  1.002406514E+01 
      1026  3.562500000E+02  0.000000000E+00  1.002467933E+01 
      1027  3.565000000E+02  0.000000000E+00  1.002532487E+01 
      1028  3.567500000E+02  0.000000000E+00  1.002600213E+01 
      1029  3.570000000E+02  0.000000000E+00  1.002671150E+01 
      1030  3.572500000E+02  0.000000000E+00  1.002745340E+01 
      1031  3.575000000E+02  0.000000000E+00  1.002822825E+01 
      1032  3.577500000E+02  0.000000000E+00  1.002903651E+01 
      1033  3.580000000E+02  0.000000000E+00  1.002987865E+01 
      1034  3.582500000E+02  0.000000000E+00  1.003075519E+01 
      1035  3.585000000E+02  0.000000000E+00  1.003166664E+01 
      1036  3.587500000E+02  0.000000000E+00  1.003261356E+01 
      1037  3.590000000E+02  0.000000000E+00  1.003359651E+01 
      1038  3.592500000E+02  0.000000000E+00  1.003461609E+01 
      1039  3.595000000E+02  0.000000000E+00  1.003567292E+01 
      1040  3.597500000E+02  0.000000000E+00  1.003676763E+01 
      1041  3.600000000E+02  0.000000000E+00  1.003790090E+01 
      1042  3.602500000E+02  0.000000000E+00  1.003907340E+01 
      1043  3.605000000E+02  0.000000000E+00  1.004028586E+01 
      1044  3.607500000E+02  0.000000000E+00  1.004153902E+01 
      1045  3.610000000E+02  0.000000000E+00  1.004283363E+01 
      1046  3.612500000E+02  0.000000000E+00  1.004417049E+01 
      1047  3.615000000E+02  0.000000000E+00  1.004555040E+01 
      1048  3.617500000E+02  0.000000000E+00  1.004697420E+01 
      1049  3.620000000E+02  0.000000000E+00  1.004844277E+01 
      1050  3.622500000E+02  0.000000000E+00  1.004995699E+01 
      1051  3.625000000E+02  0.000000000E+00  1.005151777E+01 
      1052  3.627500000E+02  0.000000000E+00  1.005312607E+01 
      1053  3.630000000E+02  0.000000000E+00  1.005478286E+01 
      1054  3.632500000E+02  0.000000000E+00  1.005648913E+01 
      1055  3.635000000E+02  0.000000000E+00  1.005824592E+01 
      1056  3.637500000E+02  0.000000000E+00  1.006005427E+01 
      1057  3.640000000E+02  0.000000000E+00  1.006191529E+01 
      1058  3.642500000E+02  0.000000000E+00  1.006383008E+01 
      1059  3.645000000E+02  0.000000000E+00  1.006579980E+01 
      1060  3.647500000E+02  0.000000000E+00  1.006782561E+01 
      1061  3.650000000E+02  0.000000000E+00  1.006990874E+01 
      1062  3.652500000E+02  0.000000000E+00  1.007205043E+01 
      1063  3.655000000E+02  0.000000000E+00  1.007425194E+01 
      1064  3.657500000E+02  0.000000000E+00  1.007651460E+01 
      1065  3.660000000E+02  0.000000000E+00  1.007883973E+01 
      1066  3.662500000E+02  0.000000000E+00  1.008122873E+01 
      1067  3.665000000E+02  0.000000000E+00  1.008368300E+01 
      1068  3.667500000E+02  0.000000000E+00  1.008620400E+01 
      1069  3.670000000E+02  0.000000000E+00  1.008879322E+01 
      1070  3.672500000E+02  0.000000000E+00  1.009145218E+01 
      1071  3.675000000E+02  0.000000000E+00  1.009418244E+01 
      1072  3.677500000E+02  0.000000000E+00  1.009698562E+01 
      1073  3.680000000E+02  0.000000000E+00  1.009986336E+01 
      1074  3.682500000E+02  0.000000000E+00  1.010281734E+01 
      1075  3.685000000E+02  0.000000000E+00  1.010584931E+01 
      1076  3.687500000E+02  0.000000000E+00  1.010896103E+01 
      1077  3.690000000E+02  0.000000000E+00  1.011215432E+01 
      1078  3.692500000E+02  0.000000000E+00  1.011543106E+01 
      1079  3.695000000E+02  0.000000000E+00  1.011879315E+01 
      1080  3.697500000E+02  0.000000000E+00  1.012224255E+01 
      1081  3.700000000E+02  0.000000000E+00  1.012578128E+01 
      1082  3.702500000E+02  0.000000000E+00  1.012941138E+01 
      1083  3.705000000E+02  0.000000000E+00  1.013313499E+01 
      1084  3.707500000E+02  0.000000000E+00  1.013695425E+01 
      1085  3.710000000E+02  0.000000000E+00  1.014087139E+01 
      1086  3.712500000E+02  0.000000000E+00  1.014488868E+01 
      1087  3.715000000E+02  0.000000000E+00  1.014900844E+01 
      1088  3.717500000E+02  0.000000000E+00  1.015323308E+01 
      1089  3.720000000E+02  0.000000000E+00  1.015756502E+01 
      1090  3.722500000E+02  0.000000000E+00  1.016200677E+01 
      1091  3.725000000E+02  0.000000000E+00  1.016656091E+01 
      1092  3.727500000E+02  0.000000000E+00  1.017123006E+01 
      1093  3.730000000E+02  0.000000000E+00  1.017601691E+01 
      1094  3.732500000E+02  0.000000000E+00  1.018092422E+01 
      1095  3.735000000E+02  0.000000000E+00  1.018595482E+01 
      1096  3.737500000E+02  0.000000000E+00  1.019111160E+01 
      1097  3.740000000E+02  0.000000000E+00  1.019639752E+01 
      1098  3.742500000E+02  0.000000000E+00  1.020181562E+01 
      1099  3.745000000E+02  0.000000000E+00  1.020736899E+01 
      1100  3.747500000E+02  0.000000000E+00  1.021306083E+01 
      1101  3.750000000E+02  0.000000000E+00  1.021889437E+01 
      1102  3.752500000E+02  0.000000000E+00  1.022487295E+01 
      1103  3.755000000E+02  0.000000000E+00  1.023099997E+01 
      1104  3.757500000E+02  0.000000000E+00  1.023727892E+01 
      1105  3.760000000E+02  0.000000000E+00  1.024371336E+01 
      1106  3.762500000E+02  0.000000000E+00  1.025030693E+01 
      1107  3.765000000E+02  0.000000000E+00  1.025706337E+01 
      1108  3.767500000E+02  0.000000000E+00  1.026398647E+01 
      1109  3.770000000E+02  0.000000000E+00  1.027108013E+01 
      1110  3.772500000E+02  0.000000000E+00  1.027834833E+01 
      1111  3.775000000E+02  0.000000000E+00  1.028579514E+01 
      1112  3.777500000E+02  0.000000000E+00  1.029342470E+01 
      1113  3.780000000E+02  0.000000000E+00  1.030124125E+01 
      1114  3.782500000E+02  0.000000000E+00  1.030924913E+01 
      1115  3.785000000E+02  0.000000000E+00  1.031745275E+01 
      1116  3.787500000E+02  0.000000000E+00  1.032585661E+01 
      1117  3.790000000E+02  0.000000000E+00  1.033446532E+01 
      1118  3.792500000E+02  0.000000000E+00  1.034328356E+01 
      1119  3.795000000E+02  0.000000000E+00  1.035231611E+01 
      1120  3.797500000E+02  0.000000000E+00  1.036156785E+01 
      1121  3.800000000E+02  0.000000000E+00  1.037104374E+01 
      1122  3.802500000E+02  0.000000000E+00  1.038074883E+01 
      1123  3.805000000E+02  0.000000000E+00  1.039068827E+01 
      1124  3.807500000E+02  0.000000000E+00  1.040086730E+01 
      1125  3.810000000E+02  0.000000000E+00  1.041129124E+01 
      1126  3.812500000E+02  0.000000000E+00  1.042196552E+01 
      1127  3.815000000E+02  0.000000000E+00  1.043289563E+01 
      1128  3.817500000E+02  0.000000000E+00  1.044408719E+01 
      1129  3.820000000E+02  0.000000000E+00  1.045554586E+01 
      1130  3.822500000E+02  0.000000000E+00  1.046727742E+01 
      1131  3.825000000E+02  0.000000000E+00  1.047928772E+01 
      1132  3.827500000E+02  0.000000000E+00  1.049158269E+01 
      1133  3.830000000E+02  0.000000000E+00  1.050416834E+01 
      1134  3.832500000E+02  0.000000000E+00  1.051705076E+01 
      1135  3.835000000E+02  0.000000000E+00  1.053023612E+01 
      1136  3.837500000E+02  0.000000000E+00  1.054373065E+01 
      1137  3.840000000E+02  0.000000000E+00  1.055754065E+01 
      1138  3.842500000E+02  0.000000000E+00  1.057167248E+01 
      1139  3.845000000E+02  0.000000000E+00  1.058613257E+01 
      1140  3.847500000E+02  0.000000000E+00  1.060092739E+01 
      1141  3.850000000E+02  0.000000000E+00  1.061606347E+01 
      1142  3.852500000E+02  0.000000000E+00  1.063154736E+01 
      1143  3.855000000E+02  0.000000000E+00  1.064738567E+01 
      1144  3.857500000E+02  0.000000000E+00  1.066358502E+01 
      1145  3.860000000E+02  0.000000000E+00  1.068015206E+01 
      1146  3.862500000E+02  0.000000000E+00  1.069709343E+01 
      1147  3.865000000E+02  0.000000000E+00  1.071441579E+01 
      1148  3.867500000E+02  0.000000000E+00  1.073212576E+01 
      1149  3.870000000E+02  0.000000000E+00  1.075022996E+01 
      1150  3.872500000E+02  0.000000000E+00  1.076873495E+01 
      1151  3.875000000E+02  0.000000000E+00  1.078764723E+01 
      1152  3.877500000E+02  0.000000000E+00  1.080697323E+01 
      1153  3.880000000E+02  0.000000000E+00  1.082671927E+01 
      1154  3.882500000E+02  0.000000000E+00  1.084689157E+01 
      1155  3.885000000E+02  0.000000000E+00  1.086749616E+01 
      1156  3.887500000E+02  0.000000000E+00  1.088853894E+01 
      1157  3.890000000E+02  0.000000000E+00  1.091002555E+01 
      1158  3.892500000E+02  0.000000000E+00  1.093196140E+01 
      1159  3.895000000E+02  0.000000000E+00  1.095435160E+01 
      1160  3.897500000E+02  0.000000000E+00  1.097720090E+01 
      1161  3.900000000E+02  0.000000000E+00  1.100051366E+01 
      1162  3.902500000E+02  0.000000000E+00  1.102429375E+01 
      1163  3.905000000E+02  0.000000000E+00  1.104854449E+01 
      1164  3.907500000E+02  0.000000000E+00  1.107326857E+01 
      1165  3.910000000E+02  0.000000000E+00  1.109846795E+01 
      1166  3.912500000E+02  0.000000000E+00  1.112414370E+01 
      1167  3.915000000E+02  0.000000000E+00  1.115029593E+01 
      1168  3.917500000E+02  0.000000000E+00  1.117692360E+01 
      1169  3.920000000E+02  0.000000000E+00  1.120402434E+01 
      1170  3.922500000E+02  0.000000000E+00  1.123159423E+01 
      1171  3.925000000E+02  0.000000000E+00  1.125962758E+01 
      1172  3.927500000E+02  0.000000000E+00  1.128811663E+01 
      1173  3.930000000E+02  0.000000000E+00  1.131705124E+01 
      1174  3.932500000E+02  0.000000000E+00  1.134641847E+01 
      1175  3.935000000E+02  0.000000000E+00  1.137620213E+01 
      1176  3.937500000E+02  0.000000000E+00  1.140638227E+01 
      1177  3.940000000E+02  0.000000000E+00  1.143693452E+01 
      1178  3.942500000E+02  0.000000000E+00  1.146782936E+01 
      1179  3.945000000E+02  0.000000000E+00  1.149903125E+01 
      1180  3.947500000E+02  0.000000000E+00  1.153049754E+01 
      1181  3.950000000E+02  0.000000000E+00  1.156217726E+01 
      1182  3.952500000E+02  0.000000000E+00  1.159400959E+01 
      1183  3.955000000E+02  0.000000000E+00  1.162592204E+01 
      1184  3.957500000E+02  0.000000000E+00  1.165782827E+01 
      1185  3.960000000E+02  0.000000000E+00  1.168962540E+01 
      1186  3.962500000E+02  0.000000000E+00  1.172119067E+01 
      1187  3.965000000E+02  0.000000000E+00  1.175237736E+01 
      1188  3.967500000E+02  0.000000000E+00  1.178300956E+01 
      1189  3.970000000E+02  0.000000000E+00  1.181287566E+01 
      1190  3.972500000E+02  0.000000000E+00  1.184171974E+01 
      1191  3.975000000E+02  0.000000000E+00  1.186923040E+01 
      1192  3.977500000E+02  0.000000000E+00  1.189502558E+01 
      1193  3.980000000E+02  0.000000000E+00  1.191863168E+01 
      1194  3.982500000E+02  0.000000000E+00  1.193945349E+01 
      1195  3.985000000E+02  0.000000000E+00  1.195672947E+01 
      1196  3.987500000E+02  0.000000000E+00  1.196946110E+01 
      1197  3.990000000E+02  0.000000000E+00  1.197629332E+01 
      1198  3.992500000E+02  0.000000000E+00  1.197529286E+01 
      1199  3.995000000E+02  0.000000000E+00  1.196348669E+01 
      1200  3.997500000E+02  0.000000000E+00  1.193246808E+01 
      1201  4.000000000E+02  0.000000000E+00  1.281133007E+01 
      1202  4.002000034E+02  0.000000000E+00  1.339559891E+01 
      1203  4.004016387E+02  0.000000000E+00  1.313366493E+01 
      1204  4.006049192E+02  0.000000000E+00  1.289343703E+01 
      1205  4.008098583E+02  0.000000000E+00  1.267171849E+01 
      1206  4.010164696E+02  0.000000000E+00  1.246693026E+01 
      1207  4.012247666E+02  0.000000000E+00  1.227765974E+01 
      1208  4.014347631E+02  0.000000000E+00  1.210263775E+01 
      1209  4.016464731E+02  0.000000000E+00  1.194071943E+01 
      1210  4.018599104E+02  0.000000000E+00  1.179086883E+01 
      1211  4.020750892E+02  0.000000000E+00  1.165214589E+01 
      1212  4.022920237E+02  0.000000000E+00  1.152369537E+01 
      1213  4.025107282E+02  0.000000000E+00  1.139784288E+01 
      1214  4.027312172E+02  0.000000000E+00  1.128131523E+01 
      1215  4.029535052E+02  0.000000000E+00  1.118042257E+01 
      1216  4.031776069E+02  0.000000000E+00  1.108696389E+01 
      1217  4.034035370E+02  0.000000000E+00  1.100039694E+01 
      1218  4.036313106E+02  0.000000000E+00  1.092022262E+01 
      1219  4.038609426E+02  0.000000000E+00  1.084598073E+01 
      1220  4.040924483E+02  0.000000000E+00  1.077724637E+01 
      1221  4.043258428E+02  0.000000000E+00  1.071004815E+01 
      1222  4.045611417E+02  0.000000000E+00  1.064790583E+01 
      1223  4.047983604E+02  0.000000000E+00  1.059409380E+01 
      1224  4.050375146E+02  0.000000000E+00  1.054432904E+01 
      1225  4.052786201E+02  0.000000000E+00  1.049832593E+01 
      1226  4.055216929E+02  0.000000000E+00  1.045345678E+01 
      1227  4.057667489E+02  0.000000000E+00  1.040724841E+01 
      1228  4.060138044E+02  0.000000000E+00  1.035936402E+01 
      1229  4.062628756E+02  0.000000000E+00  1.031774218E+01 
      1230  4.065139791E+02  0.000000000E+00  1.028507491E+01 
      1231  4.067671314E+02  0.000000000E+00  1.025333024E+01 
      1232  4.070223492E+02  0.000000000E+00  1.022476327E+01 
      1233  4.072796494E+02  0.000000000E+00  1.019862524E+01 
      1234  4.075390490E+02  0.000000000E+00  1.017613267E+01 
      1235  4.078005650E+02  0.000000000E+00  1.015956766E+01 
      1236  4.080642148E+02  0.000000000E+00  1.014407621E+01 
      1237  4.083300158E+02  0.000000000E+00  1.012996419E+01 
      1238  4.085979855E+02  0.000000000E+00  1.011725938E+01 
      1239  4.088681416E+02  0.000000000E+00  1.012560652E+01 
      1240  4.091405020E+02  0.000000000E+00  1.013311478E+01 
      1241  4.094150846E+02  0.000000000E+00  1.011935464E+01 
      1242  4.096919076E+02  0.000000000E+00  1.010680419E+01 
      1243  4.099709892E+02  0.000000000E+00  1.009536998E+01 
      1244  4.102523480E+02  0.000000000E+00  1.008496504E+01 
      1245  4.105360024E+02  0.000000000E+00  1.007550843E+01 
      1246  4.108219711E+02  0.000000000E+00  1.006692488E+01 
      1247  4.111102732E+02  0.000000000E+00  1.005914443E+01 
      1248  4.114009276E+02  0.000000000E+00  1.005210206E+01 
      1249  4.116939535E+02  0.000000000E+00  1.004573739E+01 
      1250  4.119893702E+02  0.000000000E+00  1.003999439E+01 
      1251  4.122871973E+02  0.000000000E+00  1.003482107E+01 
      1252  4.125874544E+02  0.000000000E+00  1.003016925E+01 
      1253  4.128901614E+02  0.000000000E+00  1.002599428E+01 
      1254  4.131953383E+02  0.000000000E+00  1.002225486E+01 
      1255  4.135030051E+02  0.000000000E+00  1.001891275E+01 
      1256  4.138131823E+02  0.000000000E+00  1.001593263E+01 
      1257  4.141258902E+02  0.000000000E+00  1.001328188E+01 
      1258  4.144411496E+02  0.000000000E+00  1.001093040E+01 
      1259  4.147589813E+02  0.000000000E+00  1.000885045E+01 
      1260  4.150794062E+02  0.000000000E+00  1.000701647E+01 
      1261  4.154024455E+02  0.000000000E+00  1.000540495E+01 
      1262  4.157281206E+02  0.000000000E+00  1.000399428E+01 
      1263  4.160564529E+02  0.000000000E+00  1.000276463E+01 
      1264  4.163874641E+02  0.000000000E+00  1.000169779E+01 
      1265  4.167211762E+02  0.000000000E+00  1.000077712E+01 
      1266  4.170576110E+02  0.000000000E+00  9.999987358E+00 
      1267  4.173967909E+02  0.000000000E+00  9.999314573E+00 
      1268  4.177387382E+02  0.000000000E+00  9.998746056E+00 
      1269  4.180834756E+02  0.000000000E+00  9.998270219E+00 
      1270  4.184310257E+02  0.000000000E+00  9.997876523E+00 
      1271  4.187814116E+02  0.000000000E+00  9.997555390E+00 
      1272  4.191346563E+02  0.000000000E+00  9.997298132E+00 
      1273  4.194907832E+02  0.000000000E+00  9.997096881E+00 
      1274  4.198498158E+02  0.000000000E+00  9.996944525E+00 
      1275  4.202117779E+02  0.000000000E+00  9.996834647E+00 
      1276  4.205766933E+02  0.000000000E+00  9.996761470E+00 
      1277  4.209445860E+02  0.000000000E+00  9.996719802E+00 
      1278  4.213154806E+02  0.000000000E+00  9.996704982E+00 
      1279  4.216894013E+02  0.000000000E+00  9.996712843E+00 
      1280  4.220663728E+02  0.000000000E+00  9.996739679E+00 
      1281  4.224464202E+02  0.000000000E+00  9.996782182E+00 
      1282  4.228295685E+02  0.000000000E+00  9.996837421E+00 
      1283  4.232158429E+02  0.000000000E+00  9.996902805E+00 
      1284  4.236052691E+02  0.000000000E+00  9.996976053E+00 
      1285  4.239978726E+02  0.000000000E+00  9.997055163E+00 
      1286  4.243936795E+02  0.000000000E+00  9.997138387E+00 
      1287  4.247927158E+02  0.000000000E+00  9.997224206E+00 
      1288  4.251950080E+02  0.000000000E+00  9.997311307E+00 
      1289  4.256005825E+02  0.000000000E+00  9.997398564E+00 
      1290  4.260094662E+02  0.000000000E+00  9.997485019E+00 
      1291  4.264216861E+02  0.000000000E+00  9.997569861E+00 
      1292  4.268372694E+02  0.000000000E+00  9.997652414E+00 
      1293  4.272562434E+02  0.000000000E+00  9.997732121E+00 
      1294  4.276786360E+02  0.000000000E+00  9.997808531E+00 
      1295  4.281044750E+02  0.000000000E+00  9.997881286E+00 
      1296  4.285337884E+02  0.000000000E+00  9.997950110E+00 
      1297  4.289666047E+02  0.000000000E+00  9.998014801E+00 
      1298  4.294029525E+02  0.000000000E+00  9.998075221E+00 
      1299  4.298428605E+02  0.000000000E+00  9.998131285E+00 
      1300  4.302863578E+02  0.000000000E+00  9.998182960E+00 
      1301  4.307334737E+02  0.000000000E+00  9.998230251E+00 
      1302  4.311842377E+02  0.000000000E+00  9.998273200E+00 
      1303  4.316386795E+02  0.000000000E+00  9.998311880E+00 
      1304  4.320968293E+02  0.000000000E+00  9.998346388E+00 
      1305  4.325587172E+02  0.000000000E+00  9.998376844E+00 
      1306  4.330243737E+02  0.000000000E+00  9.998403386E+00 
      1307  4.334938296E+02  0.000000000E+00  9.998426163E+00 
      1308  4.339671159E+02  0.000000000E+00  9.998445339E+00 
      1309  4.344442638E+02  0.000000000E+00  9.998461087E+00 
      1310  4.349253049E+02  0.000000000E+00  9.998473583E+00 
      1311  4.354102708E+02  0.000000000E+00  9.998483013E+00 
      1312  4.358991937E+02  0.000000000E+00  9.998489561E+00 
      1313  4.363921059E+02  0.000000000E+00  9.998493417E+00 
      1314  4.368890398E+02  0.000000000E+00  9.998494769E+00 
      1315  4.373900283E+02  0.000000000E+00  9.998493804E+00 
      1316  4.378951044E+02  0.000000000E+00  9.998490710E+00 
      1317  4.384043016E+02  0.000000000E+00  9.998485670E+00 
      1318  4.389176534E+02  0.000000000E+00  9.998478865E+00 
      1319  4.394351937E+02  0.000000000E+00  9.998470474E+00 
      1320  4.399569568E+02  0.000000000E+00  9.998460669E+00 
      1321  4.404829770E+02  0.000000000E+00  9.998449622E+00 
      1322  4.410132892E+02  0.000000000E+00  9.998437496E+00 
      1323  4.415479282E+02  0.000000000E+00  9.998424453E+00 
      1324  4.420869295E+02  0.000000000E+00  9.998410647E+00 
      1325  4.426303286E+02  0.000000000E+00  9.998396228E+00 
      1326  4.431781614E+02  0.000000000E+00  9.998381341E+00 
      1327  4.437304641E+02  0.000000000E+00  9.998366126E+00 
      1328  4.442872731E+02  0.000000000E+00  9.998350716E+00 
      1329  4.448486253E+02  0.000000000E+00  9.998335239E+00 
      1330  4.454145576E+02  0.000000000E+00  9.998319818E+00 
      1331  4.459851075E+02  0.000000000E+00  9.998304570E+00 
      1332  4.465603126E+02  0.000000000E+00  9.998289605E+00 
      1333  4.471402109E+02  0.000000000E+00  9.998275029E+00 
      1334  4.477248408E+02  0.000000000E+00  9.998260939E+00 
      1335  4.483142407E+02  0.000000000E+00  9.998247431E+00 
      1336  4.489084497E+02  0.000000000E+00  9.998234590E+00 
      1337  4.495075070E+02  0.000000000E+00  9.998222497E+00 
      1338  4.501114521E+02  0.000000000E+00  9.998211228E+00 
      1339  4.507203248E+02  0.000000000E+00  9.998200850E+00 
      1340  4.513341655E+02  0.000000000E+00  9.998191427E+00 
      1341  4.519530147E+02  0.000000000E+00  9.998183014E+00 
      1342  4.525769132E+02  0.000000000E+00  9.998175660E+00 
      1343  4.532059021E+02  0.000000000E+00  9.998169409E+00 
      1344  4.538400232E+02  0.000000000E+00  9.998164299E+00 
      1345  4.544793181E+02  0.000000000E+00  9.998160358E+00 
      1346  4.551238292E+02  0.000000000E+00  9.998157611E+00 
      1347  4.557735990E+02  0.000000000E+00  9.998156076E+00 
      1348  4.564286703E+02  0.000000000E+00  9.998155763E+00 
      1349  4.570890866E+02  0.000000000E+00  9.998156677E+00 
      1350  4.577548913E+02  0.000000000E+00  9.998158815E+00 
      1351  4.584261284E+02  0.000000000E+00  9.998162170E+00 
      1352  4.591028423E+02  0.000000000E+00  9.998166726E+00 
      1353  4.597850777E+02  0.000000000E+00  9.998172463E+00 
      1354  4.604728795E+02  0.000000000E+00  9.998179354E+00 
      1355  4.611662932E+02  0.000000000E+00  9.998187366E+00 
      1356  4.618653647E+02  0.000000000E+00  9.998196460E+00 
      1357  4.625701400E+02  0.000000000E+00  9.998206593E+00 
      1358  4.632806657E+02  0.000000000E+00  9.998217717E+00 
      1359  4.639969887E+02  0.000000000E+00  9.998229777E+00 
      1360  4.647191564E+02  0.000000000E+00  9.998242717E+00 
      1361  4.654472164E+02  0.000000000E+00  9.998256474E+00 
      1362  4.661812167E+02  0.000000000E+00  9.998270986E+00 
      1363  4.669212059E+02  0.000000000E+00  9.998286184E+00 
      1364  4.676672328E+02  0.000000000E+00  9.998302000E+00 
      1365  4.684193468E+02  0.000000000E+00  9.998318365E+00 
      1366  4.691775973E+02  0.000000000E+00  9.998335206E+00 
      1367  4.699420346E+02  0.000000000E+00  9.998352454E+00 
      1368  4.707127091E+02  0.000000000E+00  9.998370035E+00 
      1369  4.714896716E+02  0.000000000E+00  9.998387879E+00 
      1370  4.722729736E+02  0.000000000E+00  9.998405912E+00 
      1371  4.730626666E+02  0.000000000E+00  9.998424057E+00 
      1372  4.738588030E+02  0.000000000E+00  9.998442233E+00 
      1373  4.746614352E+02  0.000000000E+00  9.998460349E+00 
      1374  4.754706162E+02  0.000000000E+00  9.998478294E+00 
      1375  4.762863994E+02  0.000000000E+00  9.998495935E+00 
      1376  4.771088389E+02  0.000000000E+00  9.998513094E+00 
      1377  4.779379887E+02  0.000000000E+00  9.998529533E+00 
      1378  4.787739038E+02  0.000000000E+00  9.998544924E+00 
      1379  4.796166392E+02  0.000000000E+00  9.998558810E+00 
      1380  4.804662507E+02  0.000000000E+00  9.998570547E+00 
      1381  4.813227944E+02  0.000000000E+00  9.998579230E+00 
      1382  4.821863268E+02  0.000000000E+00  9.998583588E+00 
      1383  4.830569049E+02  0.000000000E+00  9.998581837E+00 
      1384  4.839345862E+02  0.000000000E+00  9.998571469E+00 
      1385  4.848194287E+02  0.000000000E+00  9.998548982E+00 
      1386  4.857114908E+02  0.000000000E+00  9.998509485E+00 
      1387  4.866108314E+02  0.000000000E+00  9.998446155E+00 
      1388  4.875175099E+02  0.000000000E+00  9.998349484E+00 
      1389  4.884315862E+02  0.000000000E+00  9.998206222E+00 
      1390  4.893531206E+02  0.000000000E+00  9.997997897E+00 
      1391  4.902821741E+02  0.000000000E+00  9.997698740E+00 
      1392  4.912188078E+02  0.000000000E+00  9.997272777E+00 
      1393  4.921630837E+02  0.000000000E+00  9.996669714E+00 
      1394  4.931150642E+02  0.000000000E+00  9.995819154E+00 
      1395  4.940748120E+02  0.000000000E+00  9.994622409E+00 
      1396  4.950423907E+02  0.000000000E+00  9.992940922E+00 
      1397  4.960178639E+02  0.000000000E+00  9.990579784E+00 
      1398  4.970012963E+02  0.000000000E+00  9.987278807E+00 
      1399  4.979927527E+02  0.000000000E+00  9.980155228E+00 
      1400  4.989922986E+02  0.000000000E+00  9.970598425E+00 
      1401  5.000000000E+02  0.000000000E+00  9.966241222E+00 
