nodenumber     x-coordinate     y-coordinate           udm-11 
         1  0.000000000E+00  0.000000000E+00  1.000137818E+01 
         2  1.007701384E+00  0.000000000E+00  1.000145447E+01 
         3  2.007247274E+00  0.000000000E+00  1.000104769E+01 
         4  2.998703673E+00  0.000000000E+00  1.000079980E+01 
         5  3.982136051E+00  0.000000000E+00  1.000123128E+01 
         6  4.957609346E+00  0.000000000E+00  1.000162246E+01 
         7  5.925187975E+00  0.000000000E+00  1.000199506E+01 
         8  6.884935829E+00  0.000000000E+00  1.000235926E+01 
         9  7.836916284E+00  0.000000000E+00  1.000272129E+01 
        10  8.781192203E+00  0.000000000E+00  1.000308502E+01 
        11  9.717825941E+00  0.000000000E+00  1.000345293E+01 
        12  1.064687935E+01  0.000000000E+00  1.000382666E+01 
        13  1.156841377E+01  0.000000000E+00  1.000420739E+01 
        14  1.248249006E+01  0.000000000E+00  1.000459604E+01 
        15  1.338916858E+01  0.000000000E+00  1.000499335E+01 
        16  1.428850920E+01  0.000000000E+00  1.000539999E+01 
        17  1.518057130E+01  0.000000000E+00  1.000581654E+01 
        18  1.606541380E+01  0.000000000E+00  1.000624358E+01 
        19  1.694309512E+01  0.000000000E+00  1.000668163E+01 
        20  1.781367322E+01  0.000000000E+00  1.000713121E+01 
        21  1.867720559E+01  0.000000000E+00  1.000759281E+01 
        22  1.953374925E+01  0.000000000E+00  1.000806690E+01 
        23  2.038336076E+01  0.000000000E+00  1.000855394E+01 
        24  2.122609622E+01  0.000000000E+00  1.000905436E+01 
        25  2.206201128E+01  0.000000000E+00  1.000956861E+01 
        26  2.289116114E+01  0.000000000E+00  1.001009708E+01 
        27  2.371360056E+01  0.000000000E+00  1.001064017E+01 
        28  2.452938383E+01  0.000000000E+00  1.001119826E+01 
        29  2.533856484E+01  0.000000000E+00  1.001177171E+01 
        30  2.614119701E+01  0.000000000E+00  1.001236087E+01 
        31  2.693733335E+01  0.000000000E+00  1.001296608E+01 
        32  2.772702642E+01  0.000000000E+00  1.001358764E+01 
        33  2.851032837E+01  0.000000000E+00  1.001422586E+01 
        34  2.928729093E+01  0.000000000E+00  1.001488103E+01 
        35  3.005796541E+01  0.000000000E+00  1.001555342E+01 
        36  3.082240268E+01  0.000000000E+00  1.001624327E+01 
        37  3.158065324E+01  0.000000000E+00  1.001695084E+01 
        38  3.233276716E+01  0.000000000E+00  1.001767633E+01 
        39  3.307879409E+01  0.000000000E+00  1.001841997E+01 
        40  3.381878330E+01  0.000000000E+00  1.001918194E+01 
        41  3.455278365E+01  0.000000000E+00  1.001996242E+01 
        42  3.528084362E+01  0.000000000E+00  1.002076157E+01 
        43  3.600301127E+01  0.000000000E+00  1.002157953E+01 
        44  3.671933431E+01  0.000000000E+00  1.002241644E+01 
        45  3.742986002E+01  0.000000000E+00  1.002327240E+01 
        46  3.813463533E+01  0.000000000E+00  1.002414751E+01 
        47  3.883370678E+01  0.000000000E+00  1.002504186E+01 
        48  3.952712052E+01  0.000000000E+00  1.002595551E+01 
        49  4.021492235E+01  0.000000000E+00  1.002688850E+01 
        50  4.089715769E+01  0.000000000E+00  1.002784087E+01 
        51  4.157387159E+01  0.000000000E+00  1.002881264E+01 
        52  4.224510872E+01  0.000000000E+00  1.002980380E+01 
        53  4.291091342E+01  0.000000000E+00  1.003081435E+01 
        54  4.357132966E+01  0.000000000E+00  1.003184425E+01 
        55  4.422640104E+01  0.000000000E+00  1.003289345E+01 
        56  4.487617081E+01  0.000000000E+00  1.003396189E+01 
        57  4.552068189E+01  0.000000000E+00  1.003504949E+01 
        58  4.615997684E+01  0.000000000E+00  1.003615615E+01 
        59  4.679409786E+01  0.000000000E+00  1.003728176E+01 
        60  4.742308684E+01  0.000000000E+00  1.003842619E+01 
        61  4.804698530E+01  0.000000000E+00  1.003958930E+01 
        62  4.866583446E+01  0.000000000E+00  1.004077092E+01 
        63  4.927967516E+01  0.000000000E+00  1.004197088E+01 
        64  4.988854795E+01  0.000000000E+00  1.004318899E+01 
        65  5.049249303E+01  0.000000000E+00  1.004442504E+01 
        66  5.109155028E+01  0.000000000E+00  1.004567880E+01 
        67  5.168575926E+01  0.000000000E+00  1.004695003E+01 
        68  5.227515921E+01  0.000000000E+00  1.004823847E+01 
        69  5.285978905E+01  0.000000000E+00  1.004954386E+01 
        70  5.343968738E+01  0.000000000E+00  1.005086590E+01 
        71  5.401489250E+01  0.000000000E+00  1.005220430E+01 
        72  5.458544238E+01  0.000000000E+00  1.005355872E+01 
        73  5.515137472E+01  0.000000000E+00  1.005492884E+01 
        74  5.571272686E+01  0.000000000E+00  1.005631430E+01 
        75  5.626953590E+01  0.000000000E+00  1.005771475E+01 
        76  5.682183858E+01  0.000000000E+00  1.005912979E+01 
        77  5.736967139E+01  0.000000000E+00  1.006055904E+01 
        78  5.791307049E+01  0.000000000E+00  1.006200208E+01 
        79  5.845207178E+01  0.000000000E+00  1.006345849E+01 
        80  5.898671083E+01  0.000000000E+00  1.006492782E+01 
        81  5.951702297E+01  0.000000000E+00  1.006640963E+01 
        82  6.004304320E+01  0.000000000E+00  1.006790344E+01 
        83  6.056480627E+01  0.000000000E+00  1.006940877E+01 
        84  6.108234661E+01  0.000000000E+00  1.007092512E+01 
        85  6.159569842E+01  0.000000000E+00  1.007245199E+01 
        86  6.210489559E+01  0.000000000E+00  1.007398885E+01 
        87  6.260997174E+01  0.000000000E+00  1.007553517E+01 
        88  6.311096022E+01  0.000000000E+00  1.007709039E+01 
        89  6.360789412E+01  0.000000000E+00  1.007865396E+01 
        90  6.410080625E+01  0.000000000E+00  1.008022529E+01 
        91  6.458972916E+01  0.000000000E+00  1.008180381E+01 
        92  6.507469514E+01  0.000000000E+00  1.008338892E+01 
        93  6.555573621E+01  0.000000000E+00  1.008498001E+01 
        94  6.603288413E+01  0.000000000E+00  1.008657646E+01 
        95  6.650617042E+01  0.000000000E+00  1.008817764E+01 
        96  6.697562632E+01  0.000000000E+00  1.008978291E+01 
        97  6.744128283E+01  0.000000000E+00  1.009139161E+01 
        98  6.790317071E+01  0.000000000E+00  1.009300309E+01 
        99  6.836132046E+01  0.000000000E+00  1.009461666E+01 
       100  6.881576232E+01  0.000000000E+00  1.009623163E+01 
       101  6.926652631E+01  0.000000000E+00  1.009784731E+01 
       102  6.971364219E+01  0.000000000E+00  1.009946297E+01 
       103  7.015713949E+01  0.000000000E+00  1.010107787E+01 
       104  7.059704749E+01  0.000000000E+00  1.010269126E+01 
       105  7.103339524E+01  0.000000000E+00  1.010430235E+01 
       106  7.146621156E+01  0.000000000E+00  1.010591033E+01 
       107  7.189552503E+01  0.000000000E+00  1.010751434E+01 
       108  7.232136399E+01  0.000000000E+00  1.010911349E+01 
       109  7.274375656E+01  0.000000000E+00  1.011070682E+01 
       110  7.316273064E+01  0.000000000E+00  1.011229333E+01 
       111  7.357831389E+01  0.000000000E+00  1.011387192E+01 
       112  7.399053376E+01  0.000000000E+00  1.011544141E+01 
       113  7.439941746E+01  0.000000000E+00  1.011700051E+01 
       114  7.480499201E+01  0.000000000E+00  1.011854781E+01 
       115  7.520728416E+01  0.000000000E+00  1.012008173E+01 
       116  7.560632051E+01  0.000000000E+00  1.012160053E+01 
       117  7.600212738E+01  0.000000000E+00  1.012310226E+01 
       118  7.639473092E+01  0.000000000E+00  1.012458476E+01 
       119  7.678415706E+01  0.000000000E+00  1.012604558E+01 
       120  7.717043151E+01  0.000000000E+00  1.012748198E+01 
       121  7.755357977E+01  0.000000000E+00  1.012889090E+01 
       122  7.793362715E+01  0.000000000E+00  1.013026889E+01 
       123  7.831059875E+01  0.000000000E+00  1.013161209E+01 
       124  7.868451945E+01  0.000000000E+00  1.013291617E+01 
       125  7.905541395E+01  0.000000000E+00  1.013417632E+01 
       126  7.942330674E+01  0.000000000E+00  1.013538718E+01 
       127  7.978822211E+01  0.000000000E+00  1.013654279E+01 
       128  8.015018416E+01  0.000000000E+00  1.013763657E+01 
       129  8.050921679E+01  0.000000000E+00  1.013866127E+01 
       130  8.086534371E+01  0.000000000E+00  1.013960890E+01 
       131  8.121858844E+01  0.000000000E+00  1.014047076E+01 
       132  8.156897429E+01  0.000000000E+00  1.014123732E+01 
       133  8.191652442E+01  0.000000000E+00  1.014189824E+01 
       134  8.226126177E+01  0.000000000E+00  1.014244235E+01 
       135  8.260320909E+01  0.000000000E+00  1.014285756E+01 
       136  8.294238899E+01  0.000000000E+00  1.014313091E+01 
       137  8.327882384E+01  0.000000000E+00  1.014324853E+01 
       138  8.361253587E+01  0.000000000E+00  1.014319563E+01 
       139  8.394354712E+01  0.000000000E+00  1.014295642E+01 
       140  8.427187943E+01  0.000000000E+00  1.014251418E+01 
       141  8.459755450E+01  0.000000000E+00  1.014185123E+01 
       142  8.492059382E+01  0.000000000E+00  1.014094896E+01 
       143  8.524101873E+01  0.000000000E+00  1.013978778E+01 
       144  8.555885039E+01  0.000000000E+00  1.013834715E+01 
       145  8.587410979E+01  0.000000000E+00  1.013660558E+01 
       146  8.618681774E+01  0.000000000E+00  1.013454063E+01 
       147  8.649699489E+01  0.000000000E+00  1.013212892E+01 
       148  8.680466173E+01  0.000000000E+00  1.012934609E+01 
       149  8.710983857E+01  0.000000000E+00  1.012616686E+01 
       150  8.741254556E+01  0.000000000E+00  1.012256497E+01 
       151  8.771280270E+01  0.000000000E+00  1.011851319E+01 
       152  8.801062980E+01  0.000000000E+00  1.011398332E+01 
       153  8.830604654E+01  0.000000000E+00  1.010894614E+01 
       154  8.859907242E+01  0.000000000E+00  1.010337138E+01 
       155  8.888972679E+01  0.000000000E+00  1.009722771E+01 
       156  8.917802885E+01  0.000000000E+00  1.009048271E+01 
       157  8.946399764E+01  0.000000000E+00  1.008310277E+01 
       158  8.974765203E+01  0.000000000E+00  1.007505307E+01 
       159  9.002901076E+01  0.000000000E+00  1.006629754E+01 
       160  9.030809241E+01  0.000000000E+00  1.005679873E+01 
       161  9.058491540E+01  0.000000000E+00  1.004651779E+01 
       162  9.085949802E+01  0.000000000E+00  1.003541438E+01 
       163  9.113185839E+01  0.000000000E+00  1.002344655E+01 
       164  9.140201451E+01  0.000000000E+00  1.001057067E+01 
       165  9.166998421E+01  0.000000000E+00  9.996741348E+00 
       166  9.193578518E+01  0.000000000E+00  9.981911280E+00 
       167  9.219943499E+01  0.000000000E+00  9.966031191E+00 
       168  9.246095103E+01  0.000000000E+00  9.949049702E+00 
       169  9.272035058E+01  0.000000000E+00  9.930913739E+00 
       170  9.297765077E+01  0.000000000E+00  9.911564812E+00 
       171  9.323286858E+01  0.000000000E+00  9.890941980E+00 
       172  9.348602087E+01  0.000000000E+00  9.868988350E+00 
       173  9.373712436E+01  0.000000000E+00  9.844901739E+00 
       174  9.398619563E+01  0.000000000E+00  9.819166683E+00 
       175  9.423325112E+01  0.000000000E+00  9.792388035E+00 
       176  9.447830715E+01  0.000000000E+00  9.795598580E+00 
       177  9.472137990E+01  0.000000000E+00  9.796199887E+00 
       178  9.496248543E+01  0.000000000E+00  9.765503454E+00 
       179  9.520163964E+01  0.000000000E+00  9.730585417E+00 
       180  9.543885834E+01  0.000000000E+00  9.685580878E+00 
       181  9.567415720E+01  0.000000000E+00  9.641372684E+00 
       182  9.590755173E+01  0.000000000E+00  9.602845515E+00 
       183  9.613905737E+01  0.000000000E+00  9.563957742E+00 
       184  9.636868940E+01  0.000000000E+00  9.523022500E+00 
       185  9.659646297E+01  0.000000000E+00  9.479961209E+00 
       186  9.682239314E+01  0.000000000E+00  9.434693297E+00 
       187  9.704649481E+01  0.000000000E+00  9.384881399E+00 
       188  9.726878279E+01  0.000000000E+00  9.332573062E+00 
       189  9.748927176E+01  0.000000000E+00  9.277571156E+00 
       190  9.770797628E+01  0.000000000E+00  9.219883446E+00 
       191  9.792491078E+01  0.000000000E+00  9.159308288E+00 
       192  9.814008960E+01  0.000000000E+00  9.095858176E+00 
       193  9.835352693E+01  0.000000000E+00  9.031799785E+00 
       194  9.856523689E+01  0.000000000E+00  8.964815046E+00 
       195  9.877523344E+01  0.000000000E+00  8.897875433E+00 
       196  9.898353045E+01  0.000000000E+00  8.828014670E+00 
       197  9.919014168E+01  0.000000000E+00  8.752165377E+00 
       198  9.939508077E+01  0.000000000E+00  8.673109732E+00 
       199  9.959836126E+01  0.000000000E+00  8.590784144E+00 
       200  9.979999657E+01  0.000000000E+00  8.504912160E+00 
       201  1.000000000E+02  0.000000000E+00  8.810371631E+00 
       202  1.002500000E+02  0.000000000E+00  9.243505082E+00 
       203  1.005000000E+02  0.000000000E+00  9.241240612E+00 
       204  1.007500000E+02  0.000000000E+00  9.245581642E+00 
       205  1.010000000E+02  0.000000000E+00  9.253805412E+00 
       206  1.012500000E+02  0.000000000E+00  9.264896943E+00 
       207  1.015000000E+02  0.000000000E+00  9.278176704E+00 
       208  1.017500000E+02  0.000000000E+00  9.293154331E+00 
       209  1.020000000E+02  0.000000000E+00  9.309457570E+00 
       210  1.022500000E+02  0.000000000E+00  9.326793657E+00 
       211  1.025000000E+02  0.000000000E+00  9.344926355E+00 
       212  1.027500000E+02  0.000000000E+00  9.363661330E+00 
       213  1.030000000E+02  0.000000000E+00  9.382836326E+00 
       214  1.032500000E+02  0.000000000E+00  9.402314293E+00 
       215  1.035000000E+02  0.000000000E+00  9.421978413E+00 
       216  1.037500000E+02  0.000000000E+00  9.441728410E+00 
       217  1.040000000E+02  0.000000000E+00  9.461477738E+00 
       218  1.042500000E+02  0.000000000E+00  9.481151412E+00 
       219  1.045000000E+02  0.000000000E+00  9.500684293E+00 
       220  1.047500000E+02  0.000000000E+00  9.520019722E+00 
       221  1.050000000E+02  0.000000000E+00  9.539108411E+00 
       222  1.052500000E+02  0.000000000E+00  9.557907535E+00 
       223  1.055000000E+02  0.000000000E+00  9.576379983E+00 
       224  1.057500000E+02  0.000000000E+00  9.594493718E+00 
       225  1.060000000E+02  0.000000000E+00  9.612221253E+00 
       226  1.062500000E+02  0.000000000E+00  9.629539184E+00 
       227  1.065000000E+02  0.000000000E+00  9.646427801E+00 
       228  1.067500000E+02  0.000000000E+00  9.662870739E+00 
       229  1.070000000E+02  0.000000000E+00  9.678854678E+00 
       230  1.072500000E+02  0.000000000E+00  9.694369069E+00 
       231  1.075000000E+02  0.000000000E+00  9.709405896E+00 
       232  1.077500000E+02  0.000000000E+00  9.723959455E+00 
       233  1.080000000E+02  0.000000000E+00  9.738026157E+00 
       234  1.082500000E+02  0.000000000E+00  9.751604347E+00 
       235  1.085000000E+02  0.000000000E+00  9.764694131E+00 
       236  1.087500000E+02  0.000000000E+00  9.777297228E+00 
       237  1.090000000E+02  0.000000000E+00  9.789416820E+00 
       238  1.092500000E+02  0.000000000E+00  9.801057418E+00 
       239  1.095000000E+02  0.000000000E+00  9.812224735E+00 
       240  1.097500000E+02  0.000000000E+00  9.822925568E+00 
       241  1.100000000E+02  0.000000000E+00  9.833167681E+00 
       242  1.102500000E+02  0.000000000E+00  9.842959704E+00 
       243  1.105000000E+02  0.000000000E+00  9.852311030E+00 
       244  1.107500000E+02  0.000000000E+00  9.861231719E+00 
       245  1.110000000E+02  0.000000000E+00  9.869732412E+00 
       246  1.112500000E+02  0.000000000E+00  9.877824243E+00 
       247  1.115000000E+02  0.000000000E+00  9.885518760E+00 
       248  1.117500000E+02  0.000000000E+00  9.892827853E+00 
       249  1.120000000E+02  0.000000000E+00  9.899763679E+00 
       250  1.122500000E+02  0.000000000E+00  9.906338599E+00 
       251  1.125000000E+02  0.000000000E+00  9.912565117E+00 
       252  1.127500000E+02  0.000000000E+00  9.918455822E+00 
       253  1.130000000E+02  0.000000000E+00  9.924023331E+00 
       254  1.132500000E+02  0.000000000E+00  9.929280247E+00 
       255  1.135000000E+02  0.000000000E+00  9.934239108E+00 
       256  1.137500000E+02  0.000000000E+00  9.938912348E+00 
       257  1.140000000E+02  0.000000000E+00  9.943312260E+00 
       258  1.142500000E+02  0.000000000E+00  9.947450959E+00 
       259  1.145000000E+02  0.000000000E+00  9.951340356E+00 
       260  1.147500000E+02  0.000000000E+00  9.954992126E+00 
       261  1.150000000E+02  0.000000000E+00  9.958417689E+00 
       262  1.152500000E+02  0.000000000E+00  9.961628182E+00 
       263  1.155000000E+02  0.000000000E+00  9.964634451E+00 
       264  1.157500000E+02  0.000000000E+00  9.967447027E+00 
       265  1.160000000E+02  0.000000000E+00  9.970076117E+00 
       266  1.162500000E+02  0.000000000E+00  9.972531596E+00 
       267  1.165000000E+02  0.000000000E+00  9.974822994E+00 
       268  1.167500000E+02  0.000000000E+00  9.976959495E+00 
       269  1.170000000E+02  0.000000000E+00  9.978949935E+00 
       270  1.172500000E+02  0.000000000E+00  9.980802793E+00 
       271  1.175000000E+02  0.000000000E+00  9.982526199E+00 
       272  1.177500000E+02  0.000000000E+00  9.984127929E+00 
       273  1.180000000E+02  0.000000000E+00  9.985615416E+00 
       274  1.182500000E+02  0.000000000E+00  9.986995745E+00 
       275  1.185000000E+02  0.000000000E+00  9.988275666E+00 
       276  1.187500000E+02  0.000000000E+00  9.989461597E+00 
       277  1.190000000E+02  0.000000000E+00  9.990559630E+00 
       278  1.192500000E+02  0.000000000E+00  9.991575545E+00 
       279  1.195000000E+02  0.000000000E+00  9.992514812E+00 
       280  1.197500000E+02  0.000000000E+00  9.993382603E+00 
       281  1.200000000E+02  0.000000000E+00  9.994183804E+00 
       282  1.202500000E+02  0.000000000E+00  9.994923021E+00 
       283  1.205000000E+02  0.000000000E+00  9.995604592E+00 
       284  1.207500000E+02  0.000000000E+00  9.996232600E+00 
       285  1.210000000E+02  0.000000000E+00  9.996810880E+00 
       286  1.212500000E+02  0.000000000E+00  9.997343030E+00 
       287  1.215000000E+02  0.000000000E+00  9.997832425E+00 
       288  1.217500000E+02  0.000000000E+00  9.998282223E+00 
       289  1.220000000E+02  0.000000000E+00  9.998695379E+00 
       290  1.222500000E+02  0.000000000E+00  9.999074654E+00 
       291  1.225000000E+02  0.000000000E+00  9.999422622E+00 
       292  1.227500000E+02  0.000000000E+00  9.999741688E+00 
       293  1.230000000E+02  0.000000000E+00  1.000003409E+01 
       294  1.232500000E+02  0.000000000E+00  1.000030190E+01 
       295  1.235000000E+02  0.000000000E+00  1.000054707E+01 
       296  1.237500000E+02  0.000000000E+00  1.000077138E+01 
       297  1.240000000E+02  0.000000000E+00  1.000097650E+01 
       298  1.242500000E+02  0.000000000E+00  1.000116399E+01 
       299  1.245000000E+02  0.000000000E+00  1.000133527E+01 
       300  1.247500000E+02  0.000000000E+00  1.000149166E+01 
       301  1.250000000E+02  0.000000000E+00  1.000163440E+01 
       302  1.252500000E+02  0.000000000E+00  1.000176461E+01 
       303  1.255000000E+02  0.000000000E+00  1.000188334E+01 
       304  1.257500000E+02  0.000000000E+00  1.000199156E+01 
       305  1.260000000E+02  0.000000000E+00  1.000209014E+01 
       306  1.262500000E+02  0.000000000E+00  1.000217991E+01 
       307  1.265000000E+02  0.000000000E+00  1.000226162E+01 
       308  1.267500000E+02  0.000000000E+00  1.000233597E+01 
       309  1.270000000E+02  0.000000000E+00  1.000240359E+01 
       310  1.272500000E+02  0.000000000E+00  1.000246507E+01 
       311  1.275000000E+02  0.000000000E+00  1.000252093E+01 
       312  1.277500000E+02  0.000000000E+00  1.000257168E+01 
       313  1.280000000E+02  0.000000000E+00  1.000261777E+01 
       314  1.282500000E+02  0.000000000E+00  1.000265961E+01 
       315  1.285000000E+02  0.000000000E+00  1.000269757E+01 
       316  1.287500000E+02  0.000000000E+00  1.000273201E+01 
       317  1.290000000E+02  0.000000000E+00  1.000276324E+01 
       318  1.292500000E+02  0.000000000E+00  1.000279154E+01 
       319  1.295000000E+02  0.000000000E+00  1.000281720E+01 
       320  1.297500000E+02  0.000000000E+00  1.000284044E+01 
       321  1.300000000E+02  0.000000000E+00  1.000286148E+01 
       322  1.302500000E+02  0.000000000E+00  1.000288054E+01 
       323  1.305000000E+02  0.000000000E+00  1.000289778E+01 
       324  1.307500000E+02  0.000000000E+00  1.000291338E+01 
       325  1.310000000E+02  0.000000000E+00  1.000292750E+01 
       326  1.312500000E+02  0.000000000E+00  1.000294026E+01 
       327  1.315000000E+02  0.000000000E+00  1.000295180E+01 
       328  1.317500000E+02  0.000000000E+00  1.000296222E+01 
       329  1.320000000E+02  0.000000000E+00  1.000297164E+01 
       330  1.322500000E+02  0.000000000E+00  1.000298015E+01 
       331  1.325000000E+02  0.000000000E+00  1.000298784E+01 
       332  1.327500000E+02  0.000000000E+00  1.000299477E+01 
       333  1.330000000E+02  0.000000000E+00  1.000300103E+01 
       334  1.332500000E+02  0.000000000E+00  1.000300668E+01 
       335  1.335000000E+02  0.000000000E+00  1.000301178E+01 
       336  1.337500000E+02  0.000000000E+00  1.000301638E+01 
       337  1.340000000E+02  0.000000000E+00  1.000302052E+01 
       338  1.342500000E+02  0.000000000E+00  1.000302426E+01 
       339  1.345000000E+02  0.000000000E+00  1.000302763E+01 
       340  1.347500000E+02  0.000000000E+00  1.000303066E+01 
       341  1.350000000E+02  0.000000000E+00  1.000303339E+01 
       342  1.352500000E+02  0.000000000E+00  1.000303585E+01 
       343  1.355000000E+02  0.000000000E+00  1.000303807E+01 
       344  1.357500000E+02  0.000000000E+00  1.000304007E+01 
       345  1.360000000E+02  0.000000000E+00  1.000304186E+01 
       346  1.362500000E+02  0.000000000E+00  1.000304348E+01 
       347  1.365000000E+02  0.000000000E+00  1.000304493E+01 
       348  1.367500000E+02  0.000000000E+00  1.000304624E+01 
       349  1.370000000E+02  0.000000000E+00  1.000304742E+01 
       350  1.372500000E+02  0.000000000E+00  1.000304847E+01 
       351  1.375000000E+02  0.000000000E+00  1.000304943E+01 
       352  1.377500000E+02  0.000000000E+00  1.000305028E+01 
       353  1.380000000E+02  0.000000000E+00  1.000305105E+01 
       354  1.382500000E+02  0.000000000E+00  1.000305174E+01 
       355  1.385000000E+02  0.000000000E+00  1.000305236E+01 
       356  1.387500000E+02  0.000000000E+00  1.000305291E+01 
       357  1.390000000E+02  0.000000000E+00  1.000305341E+01 
       358  1.392500000E+02  0.000000000E+00  1.000305386E+01 
       359  1.395000000E+02  0.000000000E+00  1.000305427E+01 
       360  1.397500000E+02  0.000000000E+00  1.000305463E+01 
       361  1.400000000E+02  0.000000000E+00  1.000305495E+01 
       362  1.402500000E+02  0.000000000E+00  1.000305524E+01 
       363  1.405000000E+02  0.000000000E+00  1.000305550E+01 
       364  1.407500000E+02  0.000000000E+00  1.000305574E+01 
       365  1.410000000E+02  0.000000000E+00  1.000305595E+01 
       366  1.412500000E+02  0.000000000E+00  1.000305614E+01 
       367  1.415000000E+02  0.000000000E+00  1.000305630E+01 
       368  1.417500000E+02  0.000000000E+00  1.000305645E+01 
       369  1.420000000E+02  0.000000000E+00  1.000305659E+01 
       370  1.422500000E+02  0.000000000E+00  1.000305671E+01 
       371  1.425000000E+02  0.000000000E+00  1.000305682E+01 
       372  1.427500000E+02  0.000000000E+00  1.000305692E+01 
       373  1.430000000E+02  0.000000000E+00  1.000305700E+01 
       374  1.432500000E+02  0.000000000E+00  1.000305708E+01 
       375  1.435000000E+02  0.000000000E+00  1.000305715E+01 
       376  1.437500000E+02  0.000000000E+00  1.000305721E+01 
       377  1.440000000E+02  0.000000000E+00  1.000305727E+01 
       378  1.442500000E+02  0.000000000E+00  1.000305732E+01 
       379  1.445000000E+02  0.000000000E+00  1.000305736E+01 
       380  1.447500000E+02  0.000000000E+00  1.000305740E+01 
       381  1.450000000E+02  0.000000000E+00  1.000305744E+01 
       382  1.452500000E+02  0.000000000E+00  1.000305747E+01 
       383  1.455000000E+02  0.000000000E+00  1.000305750E+01 
       384  1.457500000E+02  0.000000000E+00  1.000305753E+01 
       385  1.460000000E+02  0.000000000E+00  1.000305755E+01 
       386  1.462500000E+02  0.000000000E+00  1.000305757E+01 
       387  1.465000000E+02  0.000000000E+00  1.000305759E+01 
       388  1.467500000E+02  0.000000000E+00  1.000305760E+01 
       389  1.470000000E+02  0.000000000E+00  1.000305762E+01 
       390  1.472500000E+02  0.000000000E+00  1.000305763E+01 
       391  1.475000000E+02  0.000000000E+00  1.000305764E+01 
       392  1.477500000E+02  0.000000000E+00  1.000305765E+01 
       393  1.480000000E+02  0.000000000E+00  1.000305766E+01 
       394  1.482500000E+02  0.000000000E+00  1.000305766E+01 
       395  1.485000000E+02  0.000000000E+00  1.000305767E+01 
       396  1.487500000E+02  0.000000000E+00  1.000305767E+01 
       397  1.490000000E+02  0.000000000E+00  1.000305768E+01 
       398  1.492500000E+02  0.000000000E+00  1.000305768E+01 
       399  1.495000000E+02  0.000000000E+00  1.000305768E+01 
       400  1.497500000E+02  0.000000000E+00  1.000305768E+01 
       401  1.500000000E+02  0.000000000E+00  1.000305768E+01 
       402  1.502500000E+02  0.000000000E+00  1.000305768E+01 
       403  1.505000000E+02  0.000000000E+00  1.000305768E+01 
       404  1.507500000E+02  0.000000000E+00  1.000305768E+01 
       405  1.510000000E+02  0.000000000E+00  1.000305768E+01 
       406  1.512500000E+02  0.000000000E+00  1.000305768E+01 
       407  1.515000000E+02  0.000000000E+00  1.000305767E+01 
       408  1.517500000E+02  0.000000000E+00  1.000305767E+01 
       409  1.520000000E+02  0.000000000E+00  1.000305766E+01 
       410  1.522500000E+02  0.000000000E+00  1.000305765E+01 
       411  1.525000000E+02  0.000000000E+00  1.000305764E+01 
       412  1.527500000E+02  0.000000000E+00  1.000305763E+01 
       413  1.530000000E+02  0.000000000E+00  1.000305762E+01 
       414  1.532500000E+02  0.000000000E+00  1.000305761E+01 
       415  1.535000000E+02  0.000000000E+00  1.000305760E+01 
       416  1.537500000E+02  0.000000000E+00  1.000305758E+01 
       417  1.540000000E+02  0.000000000E+00  1.000305756E+01 
       418  1.542500000E+02  0.000000000E+00  1.000305754E+01 
       419  1.545000000E+02  0.000000000E+00  1.000305752E+01 
       420  1.547500000E+02  0.000000000E+00  1.000305749E+01 
       421  1.550000000E+02  0.000000000E+00  1.000305746E+01 
       422  1.552500000E+02  0.000000000E+00  1.000305743E+01 
       423  1.555000000E+02  0.000000000E+00  1.000305739E+01 
       424  1.557500000E+02  0.000000000E+00  1.000305735E+01 
       425  1.560000000E+02  0.000000000E+00  1.000305731E+01 
       426  1.562500000E+02  0.000000000E+00  1.000305725E+01 
       427  1.565000000E+02  0.000000000E+00  1.000305720E+01 
       428  1.567500000E+02  0.000000000E+00  1.000305713E+01 
       429  1.570000000E+02  0.000000000E+00  1.000305706E+01 
       430  1.572500000E+02  0.000000000E+00  1.000305698E+01 
       431  1.575000000E+02  0.000000000E+00  1.000305689E+01 
       432  1.577500000E+02  0.000000000E+00  1.000305679E+01 
       433  1.580000000E+02  0.000000000E+00  1.000305668E+01 
       434  1.582500000E+02  0.000000000E+00  1.000305656E+01 
       435  1.585000000E+02  0.000000000E+00  1.000305642E+01 
       436  1.587500000E+02  0.000000000E+00  1.000305626E+01 
       437  1.590000000E+02  0.000000000E+00  1.000305609E+01 
       438  1.592500000E+02  0.000000000E+00  1.000305589E+01 
       439  1.595000000E+02  0.000000000E+00  1.000305568E+01 
       440  1.597500000E+02  0.000000000E+00  1.000305544E+01 
       441  1.600000000E+02  0.000000000E+00  1.000305517E+01 
       442  1.602500000E+02  0.000000000E+00  1.000305487E+01 
       443  1.605000000E+02  0.000000000E+00  1.000305454E+01 
       444  1.607500000E+02  0.000000000E+00  1.000305417E+01 
       445  1.610000000E+02  0.000000000E+00  1.000305376E+01 
       446  1.612500000E+02  0.000000000E+00  1.000305330E+01 
       447  1.615000000E+02  0.000000000E+00  1.000305279E+01 
       448  1.617500000E+02  0.000000000E+00  1.000305222E+01 
       449  1.620000000E+02  0.000000000E+00  1.000305159E+01 
       450  1.622500000E+02  0.000000000E+00  1.000305088E+01 
       451  1.625000000E+02  0.000000000E+00  1.000305010E+01 
       452  1.627500000E+02  0.000000000E+00  1.000304923E+01 
       453  1.630000000E+02  0.000000000E+00  1.000304826E+01 
       454  1.632500000E+02  0.000000000E+00  1.000304718E+01 
       455  1.635000000E+02  0.000000000E+00  1.000304598E+01 
       456  1.637500000E+02  0.000000000E+00  1.000304465E+01 
       457  1.640000000E+02  0.000000000E+00  1.000304317E+01 
       458  1.642500000E+02  0.000000000E+00  1.000304152E+01 
       459  1.645000000E+02  0.000000000E+00  1.000303970E+01 
       460  1.647500000E+02  0.000000000E+00  1.000303767E+01 
       461  1.650000000E+02  0.000000000E+00  1.000303542E+01 
       462  1.652500000E+02  0.000000000E+00  1.000303292E+01 
       463  1.655000000E+02  0.000000000E+00  1.000303014E+01 
       464  1.657500000E+02  0.000000000E+00  1.000302706E+01 
       465  1.660000000E+02  0.000000000E+00  1.000302365E+01 
       466  1.662500000E+02  0.000000000E+00  1.000301986E+01 
       467  1.665000000E+02  0.000000000E+00  1.000301566E+01 
       468  1.667500000E+02  0.000000000E+00  1.000301101E+01 
       469  1.670000000E+02  0.000000000E+00  1.000300585E+01 
       470  1.672500000E+02  0.000000000E+00  1.000300014E+01 
       471  1.675000000E+02  0.000000000E+00  1.000299381E+01 
       472  1.677500000E+02  0.000000000E+00  1.000298680E+01 
       473  1.680000000E+02  0.000000000E+00  1.000297904E+01 
       474  1.682500000E+02  0.000000000E+00  1.000297046E+01 
       475  1.685000000E+02  0.000000000E+00  1.000296096E+01 
       476  1.687500000E+02  0.000000000E+00  1.000295045E+01 
       477  1.690000000E+02  0.000000000E+00  1.000293883E+01 
       478  1.692500000E+02  0.000000000E+00  1.000292598E+01 
       479  1.695000000E+02  0.000000000E+00  1.000291178E+01 
       480  1.697500000E+02  0.000000000E+00  1.000289610E+01 
       481  1.700000000E+02  0.000000000E+00  1.000287877E+01 
       482  1.702500000E+02  0.000000000E+00  1.000285964E+01 
       483  1.705000000E+02  0.000000000E+00  1.000283852E+01 
       484  1.707500000E+02  0.000000000E+00  1.000281522E+01 
       485  1.710000000E+02  0.000000000E+00  1.000278952E+01 
       486  1.712500000E+02  0.000000000E+00  1.000276118E+01 
       487  1.715000000E+02  0.000000000E+00  1.000272993E+01 
       488  1.717500000E+02  0.000000000E+00  1.000269550E+01 
       489  1.720000000E+02  0.000000000E+00  1.000265758E+01 
       490  1.722500000E+02  0.000000000E+00  1.000261581E+01 
       491  1.725000000E+02  0.000000000E+00  1.000256984E+01 
       492  1.727500000E+02  0.000000000E+00  1.000251926E+01 
       493  1.730000000E+02  0.000000000E+00  1.000246363E+01 
       494  1.732500000E+02  0.000000000E+00  1.000240246E+01 
       495  1.735000000E+02  0.000000000E+00  1.000233523E+01 
       496  1.737500000E+02  0.000000000E+00  1.000226138E+01 
       497  1.740000000E+02  0.000000000E+00  1.000218029E+01 
       498  1.742500000E+02  0.000000000E+00  1.000209128E+01 
       499  1.745000000E+02  0.000000000E+00  1.000199362E+01 
       500  1.747500000E+02  0.000000000E+00  1.000188652E+01 
       501  1.750000000E+02  0.000000000E+00  1.000176913E+01 
       502  1.752500000E+02  0.000000000E+00  1.000164051E+01 
       503  1.755000000E+02  0.000000000E+00  1.000149966E+01 
       504  1.757500000E+02  0.000000000E+00  1.000134549E+01 
       505  1.760000000E+02  0.000000000E+00  1.000117682E+01 
       506  1.762500000E+02  0.000000000E+00  1.000099239E+01 
       507  1.765000000E+02  0.000000000E+00  1.000079082E+01 
       508  1.767500000E+02  0.000000000E+00  1.000057065E+01 
       509  1.770000000E+02  0.000000000E+00  1.000033029E+01 
       510  1.772500000E+02  0.000000000E+00  1.000006802E+01 
       511  1.775000000E+02  0.000000000E+00  9.999782010E+00 
       512  1.777500000E+02  0.000000000E+00  9.999470296E+00 
       513  1.780000000E+02  0.000000000E+00  9.999130763E+00 
       514  1.782500000E+02  0.000000000E+00  9.998761149E+00 
       515  1.785000000E+02  0.000000000E+00  9.998359034E+00 
       516  1.787500000E+02  0.000000000E+00  9.997921829E+00 
       517  1.790000000E+02  0.000000000E+00  9.997446772E+00 
       518  1.792500000E+02  0.000000000E+00  9.996930919E+00 
       519  1.795000000E+02  0.000000000E+00  9.996371130E+00 
       520  1.797500000E+02  0.000000000E+00  9.995764067E+00 
       521  1.800000000E+02  0.000000000E+00  9.995106185E+00 
       522  1.802500000E+02  0.000000000E+00  9.994393718E+00 
       523  1.805000000E+02  0.000000000E+00  9.993622677E+00 
       524  1.807500000E+02  0.000000000E+00  9.992788841E+00 
       525  1.810000000E+02  0.000000000E+00  9.991887746E+00 
       526  1.812500000E+02  0.000000000E+00  9.990914683E+00 
       527  1.815000000E+02  0.000000000E+00  9.989864686E+00 
       528  1.817500000E+02  0.000000000E+00  9.988732533E+00 
       529  1.820000000E+02  0.000000000E+00  9.987512732E+00 
       530  1.822500000E+02  0.000000000E+00  9.986199523E+00 
       531  1.825000000E+02  0.000000000E+00  9.984786874E+00 
       532  1.827500000E+02  0.000000000E+00  9.983268474E+00 
       533  1.830000000E+02  0.000000000E+00  9.981637735E+00 
       534  1.832500000E+02  0.000000000E+00  9.979887791E+00 
       535  1.835000000E+02  0.000000000E+00  9.978011501E+00 
       536  1.837500000E+02  0.000000000E+00  9.976001446E+00 
       537  1.840000000E+02  0.000000000E+00  9.973849940E+00 
       538  1.842500000E+02  0.000000000E+00  9.971549031E+00 
       539  1.845000000E+02  0.000000000E+00  9.969090511E+00 
       540  1.847500000E+02  0.000000000E+00  9.966465924E+00 
       541  1.850000000E+02  0.000000000E+00  9.963666580E+00 
       542  1.852500000E+02  0.000000000E+00  9.960683567E+00 
       543  1.855000000E+02  0.000000000E+00  9.957507771E+00 
       544  1.857500000E+02  0.000000000E+00  9.954129887E+00 
       545  1.860000000E+02  0.000000000E+00  9.950540450E+00 
       546  1.862500000E+02  0.000000000E+00  9.946729852E+00 
       547  1.865000000E+02  0.000000000E+00  9.942688370E+00 
       548  1.867500000E+02  0.000000000E+00  9.938406195E+00 
       549  1.870000000E+02  0.000000000E+00  9.933873469E+00 
       550  1.872500000E+02  0.000000000E+00  9.929080311E+00 
       551  1.875000000E+02  0.000000000E+00  9.924016862E+00 
       552  1.877500000E+02  0.000000000E+00  9.918673323E+00 
       553  1.880000000E+02  0.000000000E+00  9.913040000E+00 
       554  1.882500000E+02  0.000000000E+00  9.907107348E+00 
       555  1.885000000E+02  0.000000000E+00  9.900866024E+00 
       556  1.887500000E+02  0.000000000E+00  9.894306937E+00 
       557  1.890000000E+02  0.000000000E+00  9.887421305E+00 
       558  1.892500000E+02  0.000000000E+00  9.880200712E+00 
       559  1.895000000E+02  0.000000000E+00  9.872637171E+00 
       560  1.897500000E+02  0.000000000E+00  9.864723186E+00 
       561  1.900000000E+02  0.000000000E+00  9.856451822E+00 
       562  1.902500000E+02  0.000000000E+00  9.847816771E+00 
       563  1.905000000E+02  0.000000000E+00  9.838812428E+00 
       564  1.907500000E+02  0.000000000E+00  9.829433967E+00 
       565  1.910000000E+02  0.000000000E+00  9.819677416E+00 
       566  1.912500000E+02  0.000000000E+00  9.809539745E+00 
       567  1.915000000E+02  0.000000000E+00  9.799018947E+00 
       568  1.917500000E+02  0.000000000E+00  9.788114133E+00 
       569  1.920000000E+02  0.000000000E+00  9.776825620E+00 
       570  1.922500000E+02  0.000000000E+00  9.765155039E+00 
       571  1.925000000E+02  0.000000000E+00  9.753105432E+00 
       572  1.927500000E+02  0.000000000E+00  9.740681372E+00 
       573  1.930000000E+02  0.000000000E+00  9.727889080E+00 
       574  1.932500000E+02  0.000000000E+00  9.714736563E+00 
       575  1.935000000E+02  0.000000000E+00  9.701233752E+00 
       576  1.937500000E+02  0.000000000E+00  9.687392669E+00 
       577  1.940000000E+02  0.000000000E+00  9.673227606E+00 
       578  1.942500000E+02  0.000000000E+00  9.658755329E+00 
       579  1.945000000E+02  0.000000000E+00  9.643995319E+00 
       580  1.947500000E+02  0.000000000E+00  9.628970039E+00 
       581  1.950000000E+02  0.000000000E+00  9.613705267E+00 
       582  1.952500000E+02  0.000000000E+00  9.598230472E+00 
       583  1.955000000E+02  0.000000000E+00  9.582579280E+00 
       584  1.957500000E+02  0.000000000E+00  9.566790034E+00 
       585  1.960000000E+02  0.000000000E+00  9.550906486E+00 
       586  1.962500000E+02  0.000000000E+00  9.534978652E+00 
       587  1.965000000E+02  0.000000000E+00  9.519063889E+00 
       588  1.967500000E+02  0.000000000E+00  9.503228258E+00 
       589  1.970000000E+02  0.000000000E+00  9.487548288E+00 
       590  1.972500000E+02  0.000000000E+00  9.472113274E+00 
       591  1.975000000E+02  0.000000000E+00  9.457028337E+00 
       592  1.977500000E+02  0.000000000E+00  9.442418577E+00 
       593  1.980000000E+02  0.000000000E+00  9.428434856E+00 
       594  1.982500000E+02  0.000000000E+00  9.415262103E+00 
       595  1.985000000E+02  0.000000000E+00  9.403131731E+00 
       596  1.987500000E+02  0.000000000E+00  9.392341164E+00 
       597  1.990000000E+02  0.000000000E+00  9.383286715E+00 
       598  1.992500000E+02  0.000000000E+00  9.376524065E+00 
       599  1.995000000E+02  0.000000000E+00  9.372892569E+00 
       600  1.997500000E+02  0.000000000E+00  9.374677383E+00 
       601  2.000000000E+02  0.000000000E+00  9.002768617E+00 
       602  2.001999988E+02  0.000000000E+00  8.740976394E+00 
       603  2.004032879E+02  0.000000000E+00  8.815767863E+00 
       604  2.006099214E+02  0.000000000E+00  8.887550524E+00 
       605  2.008199543E+02  0.000000000E+00  8.956566088E+00 
       606  2.010334426E+02  0.000000000E+00  9.022852128E+00 
       607  2.012504431E+02  0.000000000E+00  9.086450535E+00 
       608  2.014710137E+02  0.000000000E+00  9.147407260E+00 
       609  2.016952129E+02  0.000000000E+00  9.205771772E+00 
       610  2.019231006E+02  0.000000000E+00  9.261596538E+00 
       611  2.021547374E+02  0.000000000E+00  9.314936571E+00 
       612  2.023901849E+02  0.000000000E+00  9.365849037E+00 
       613  2.026295060E+02  0.000000000E+00  9.414392860E+00 
       614  2.028727642E+02  0.000000000E+00  9.460628401E+00 
       615  2.031200245E+02  0.000000000E+00  9.506050461E+00 
       616  2.033713525E+02  0.000000000E+00  9.550677301E+00 
       617  2.036268153E+02  0.000000000E+00  9.571951695E+00 
       618  2.038864808E+02  0.000000000E+00  9.590801515E+00 
       619  2.041504183E+02  0.000000000E+00  9.630273092E+00 
       620  2.044186979E+02  0.000000000E+00  9.667269605E+00 
       621  2.046913911E+02  0.000000000E+00  9.700607408E+00 
       622  2.049685706E+02  0.000000000E+00  9.731991198E+00 
       623  2.052503101E+02  0.000000000E+00  9.761491774E+00 
       624  2.055366847E+02  0.000000000E+00  9.789178829E+00 
       625  2.058277705E+02  0.000000000E+00  9.815120846E+00 
       626  2.061236452E+02  0.000000000E+00  9.839385028E+00 
       627  2.064243875E+02  0.000000000E+00  9.862037215E+00 
       628  2.067300774E+02  0.000000000E+00  9.883141861E+00 
       629  2.070407965E+02  0.000000000E+00  9.902762021E+00 
       630  2.073566273E+02  0.000000000E+00  9.920959372E+00 
       631  2.076776540E+02  0.000000000E+00  9.937794243E+00 
       632  2.080039622E+02  0.000000000E+00  9.953325668E+00 
       633  2.083356386E+02  0.000000000E+00  9.967611450E+00 
       634  2.086727716E+02  0.000000000E+00  9.980708235E+00 
       635  2.090154510E+02  0.000000000E+00  9.992671589E+00 
       636  2.093637679E+02  0.000000000E+00  1.000355609E+01 
       637  2.097178153E+02  0.000000000E+00  1.001341538E+01 
       638  2.100776872E+02  0.000000000E+00  1.002230228E+01 
       639  2.104434797E+02  0.000000000E+00  1.003026883E+01 
       640  2.108152899E+02  0.000000000E+00  1.003736631E+01 
       641  2.111932170E+02  0.000000000E+00  1.004364534E+01 
       642  2.115773617E+02  0.000000000E+00  1.004915581E+01 
       643  2.119678260E+02  0.000000000E+00  1.005394692E+01 
       644  2.123647142E+02  0.000000000E+00  1.005806713E+01 
       645  2.127681317E+02  0.000000000E+00  1.006156407E+01 
       646  2.131781861E+02  0.000000000E+00  1.006448448E+01 
       647  2.135949866E+02  0.000000000E+00  1.006687408E+01 
       648  2.140186441E+02  0.000000000E+00  1.006877743E+01 
       649  2.144492713E+02  0.000000000E+00  1.007023780E+01 
       650  2.148869831E+02  0.000000000E+00  1.007129695E+01 
       651  2.153318959E+02  0.000000000E+00  1.007199500E+01 
       652  2.157841282E+02  0.000000000E+00  1.007237025E+01 
       653  2.162438005E+02  0.000000000E+00  1.007245904E+01 
       654  2.167110350E+02  0.000000000E+00  1.007229562E+01 
       655  2.171859563E+02  0.000000000E+00  1.007191177E+01 
       656  2.176686908E+02  0.000000000E+00  1.007133690E+01 
       657  2.181593671E+02  0.000000000E+00  1.007059804E+01 
       658  2.186581157E+02  0.000000000E+00  1.006971967E+01 
       659  2.191650695E+02  0.000000000E+00  1.006872372E+01 
       660  2.196803635E+02  0.000000000E+00  1.006762963E+01 
       661  2.202041348E+02  0.000000000E+00  1.006645439E+01 
       662  2.207365230E+02  0.000000000E+00  1.006521265E+01 
       663  2.212776699E+02  0.000000000E+00  1.006391685E+01 
       664  2.218277194E+02  0.000000000E+00  1.006257737E+01 
       665  2.223868182E+02  0.000000000E+00  1.006120272E+01 
       666  2.229551149E+02  0.000000000E+00  1.005979970E+01 
       667  2.235327610E+02  0.000000000E+00  1.005837364E+01 
       668  2.241199103E+02  0.000000000E+00  1.005692855E+01 
       669  2.247167191E+02  0.000000000E+00  1.005546734E+01 
       670  2.253233464E+02  0.000000000E+00  1.005399200E+01 
       671  2.259399536E+02  0.000000000E+00  1.005250378E+01 
       672  2.265667050E+02  0.000000000E+00  1.005100330E+01 
       673  2.272037674E+02  0.000000000E+00  1.004949075E+01 
       674  2.278513104E+02  0.000000000E+00  1.004796595E+01 
       675  2.285095066E+02  0.000000000E+00  1.004642848E+01 
       676  2.291785311E+02  0.000000000E+00  1.004487776E+01 
       677  2.298585621E+02  0.000000000E+00  1.004331311E+01 
       678  2.305497807E+02  0.000000000E+00  1.004173382E+01 
       679  2.312523708E+02  0.000000000E+00  1.004013916E+01 
       680  2.319665197E+02  0.000000000E+00  1.003852843E+01 
       681  2.326924175E+02  0.000000000E+00  1.003690099E+01 
       682  2.334302574E+02  0.000000000E+00  1.003525628E+01 
       683  2.341802359E+02  0.000000000E+00  1.003359379E+01 
       684  2.349425527E+02  0.000000000E+00  1.003191314E+01 
       685  2.357174108E+02  0.000000000E+00  1.003021404E+01 
       686  2.365050165E+02  0.000000000E+00  1.002849628E+01 
       687  2.373055796E+02  0.000000000E+00  1.002675978E+01 
       688  2.381193132E+02  0.000000000E+00  1.002500457E+01 
       689  2.389464340E+02  0.000000000E+00  1.002323079E+01 
       690  2.397871622E+02  0.000000000E+00  1.002143866E+01 
       691  2.406417216E+02  0.000000000E+00  1.001962852E+01 
       692  2.415103399E+02  0.000000000E+00  1.001780076E+01 
       693  2.423932484E+02  0.000000000E+00  1.001595581E+01 
       694  2.432906820E+02  0.000000000E+00  1.001409410E+01 
       695  2.442028798E+02  0.000000000E+00  1.001221597E+01 
       696  2.451300847E+02  0.000000000E+00  1.001032155E+01 
       697  2.460725436E+02  0.000000000E+00  1.000841067E+01 
       698  2.470305073E+02  0.000000000E+00  1.000648260E+01 
       699  2.480042311E+02  0.000000000E+00  1.000453592E+01 
       700  2.489939742E+02  0.000000000E+00  1.000256806E+01 
       701  2.500000000E+02  0.000000000E+00  1.000057493E+01 
       702  2.510060258E+02  0.000000000E+00  9.998584410E+00 
       703  2.519957689E+02  0.000000000E+00  9.996624172E+00 
       704  2.529694927E+02  0.000000000E+00  9.994689644E+00 
       705  2.539274564E+02  0.000000000E+00  9.992777806E+00 
       706  2.548699153E+02  0.000000000E+00  9.990886791E+00 
       707  2.557971202E+02  0.000000000E+00  9.989015546E+00 
       708  2.567093180E+02  0.000000000E+00  9.987163630E+00 
       709  2.576067516E+02  0.000000000E+00  9.985331026E+00 
       710  2.584896601E+02  0.000000000E+00  9.983517995E+00 
       711  2.593582784E+02  0.000000000E+00  9.981724956E+00 
       712  2.602128379E+02  0.000000000E+00  9.979952403E+00 
       713  2.610535660E+02  0.000000000E+00  9.978200844E+00 
       714  2.618806868E+02  0.000000000E+00  9.976470763E+00 
       715  2.626944204E+02  0.000000000E+00  9.974762591E+00 
       716  2.634949835E+02  0.000000000E+00  9.973076697E+00 
       717  2.642825892E+02  0.000000000E+00  9.971413380E+00 
       718  2.650574473E+02  0.000000000E+00  9.969772865E+00 
       719  2.658197641E+02  0.000000000E+00  9.968155307E+00 
       720  2.665697426E+02  0.000000000E+00  9.966560799E+00 
       721  2.673075825E+02  0.000000000E+00  9.964989372E+00 
       722  2.680334803E+02  0.000000000E+00  9.963441004E+00 
       723  2.687476292E+02  0.000000000E+00  9.961915630E+00 
       724  2.694502193E+02  0.000000000E+00  9.960413149E+00 
       725  2.701414379E+02  0.000000000E+00  9.958933434E+00 
       726  2.708214689E+02  0.000000000E+00  9.957476340E+00 
       727  2.714904934E+02  0.000000000E+00  9.956041716E+00 
       728  2.721486896E+02  0.000000000E+00  9.954629422E+00 
       729  2.727962326E+02  0.000000000E+00  9.953239336E+00 
       730  2.734332950E+02  0.000000000E+00  9.951871382E+00 
       731  2.740600464E+02  0.000000000E+00  9.950525544E+00 
       732  2.746766536E+02  0.000000000E+00  9.949201901E+00 
       733  2.752832808E+02  0.000000000E+00  9.947900662E+00 
       734  2.758800897E+02  0.000000000E+00  9.946622210E+00 
       735  2.764672390E+02  0.000000000E+00  9.945367163E+00 
       736  2.770448851E+02  0.000000000E+00  9.944136444E+00 
       737  2.776131818E+02  0.000000000E+00  9.942931371E+00 
       738  2.781722806E+02  0.000000000E+00  9.941753763E+00 
       739  2.787223301E+02  0.000000000E+00  9.940606068E+00 
       740  2.792634769E+02  0.000000000E+00  9.939491510E+00 
       741  2.797958652E+02  0.000000000E+00  9.938414259E+00 
       742  2.803196365E+02  0.000000000E+00  9.937379620E+00 
       743  2.808349305E+02  0.000000000E+00  9.936394244E+00 
       744  2.813418843E+02  0.000000000E+00  9.935466349E+00 
       745  2.818406329E+02  0.000000000E+00  9.934605955E+00 
       746  2.823313092E+02  0.000000000E+00  9.933825128E+00 
       747  2.828140437E+02  0.000000000E+00  9.933138222E+00 
       748  2.832889650E+02  0.000000000E+00  9.932562109E+00 
       749  2.837561995E+02  0.000000000E+00  9.932116406E+00 
       750  2.842158718E+02  0.000000000E+00  9.931823680E+00 
       751  2.846681041E+02  0.000000000E+00  9.931709611E+00 
       752  2.851130169E+02  0.000000000E+00  9.931803078E+00 
       753  2.855507287E+02  0.000000000E+00  9.932136318E+00 
       754  2.859813560E+02  0.000000000E+00  9.932745069E+00 
       755  2.864050134E+02  0.000000000E+00  9.933668486E+00 
       756  2.868218139E+02  0.000000000E+00  9.934949093E+00 
       757  2.872318683E+02  0.000000000E+00  9.936632766E+00 
       758  2.876352858E+02  0.000000000E+00  9.938768630E+00 
       759  2.880321740E+02  0.000000000E+00  9.941408927E+00 
       760  2.884226383E+02  0.000000000E+00  9.944608858E+00 
       761  2.888067830E+02  0.000000000E+00  9.948426413E+00 
       762  2.891847101E+02  0.000000000E+00  9.952922195E+00 
       763  2.895565204E+02  0.000000000E+00  9.958159235E+00 
       764  2.899223128E+02  0.000000000E+00  9.964202831E+00 
       765  2.902821847E+02  0.000000000E+00  9.971120388E+00 
       766  2.906362321E+02  0.000000000E+00  9.978981298E+00 
       767  2.909845490E+02  0.000000000E+00  9.987856842E+00 
       768  2.913272284E+02  0.000000000E+00  9.997820129E+00 
       769  2.916643614E+02  0.000000000E+00  1.000894608E+01 
       770  2.919960378E+02  0.000000000E+00  1.002131147E+01 
       771  2.923223460E+02  0.000000000E+00  1.003499497E+01 
       772  2.926433727E+02  0.000000000E+00  1.005007730E+01 
       773  2.929592035E+02  0.000000000E+00  1.006664136E+01 
       774  2.932699226E+02  0.000000000E+00  1.008477248E+01 
       775  2.935756125E+02  0.000000000E+00  1.010455864E+01 
       776  2.938763548E+02  0.000000000E+00  1.012609079E+01 
       777  2.941722295E+02  0.000000000E+00  1.014946317E+01 
       778  2.944633153E+02  0.000000000E+00  1.017477364E+01 
       779  2.947496899E+02  0.000000000E+00  1.020212415E+01 
       780  2.950314294E+02  0.000000000E+00  1.023162109E+01 
       781  2.953086088E+02  0.000000000E+00  1.026337576E+01 
       782  2.955813021E+02  0.000000000E+00  1.029750487E+01 
       783  2.958495817E+02  0.000000000E+00  1.033413095E+01 
       784  2.961135192E+02  0.000000000E+00  1.037338294E+01 
       785  2.963731847E+02  0.000000000E+00  1.041539665E+01 
       786  2.966286475E+02  0.000000000E+00  1.046031532E+01 
       787  2.968799755E+02  0.000000000E+00  1.050829017E+01 
       788  2.971272358E+02  0.000000000E+00  1.055948098E+01 
       789  2.973704940E+02  0.000000000E+00  1.061405665E+01 
       790  2.976098151E+02  0.000000000E+00  1.067219584E+01 
       791  2.978452626E+02  0.000000000E+00  1.073408759E+01 
       792  2.980768994E+02  0.000000000E+00  1.079993199E+01 
       793  2.983047871E+02  0.000000000E+00  1.086994085E+01 
       794  2.985289863E+02  0.000000000E+00  1.094433846E+01 
       795  2.987495568E+02  0.000000000E+00  1.086336670E+01 
       796  2.989665574E+02  0.000000000E+00  1.077615652E+01 
       797  2.991800457E+02  0.000000000E+00  1.083697653E+01 
       798  2.993900786E+02  0.000000000E+00  1.090111133E+01 
       799  2.995967121E+02  0.000000000E+00  1.096874781E+01 
       800  2.998000012E+02  0.000000000E+00  1.104059276E+01 
       801  3.000000000E+02  0.000000000E+00  1.088253164E+01 
       802  3.002500000E+02  0.000000000E+00  1.064292731E+01 
       803  3.005000000E+02  0.000000000E+00  1.064668171E+01 
       804  3.007500000E+02  0.000000000E+00  1.064411447E+01 
       805  3.010000000E+02  0.000000000E+00  1.063795060E+01 
       806  3.012500000E+02  0.000000000E+00  1.062917171E+01 
       807  3.015000000E+02  0.000000000E+00  1.061842138E+01 
       808  3.017500000E+02  0.000000000E+00  1.060615494E+01 
       809  3.020000000E+02  0.000000000E+00  1.059271168E+01 
       810  3.022500000E+02  0.000000000E+00  1.057835387E+01 
       811  3.025000000E+02  0.000000000E+00  1.056328983E+01 
       812  3.027500000E+02  0.000000000E+00  1.054768852E+01 
       813  3.030000000E+02  0.000000000E+00  1.053168932E+01 
       814  3.032500000E+02  0.000000000E+00  1.051540872E+01 
       815  3.035000000E+02  0.000000000E+00  1.049894520E+01 
       816  3.037500000E+02  0.000000000E+00  1.048238282E+01 
       817  3.040000000E+02  0.000000000E+00  1.046579380E+01 
       818  3.042500000E+02  0.000000000E+00  1.044924065E+01 
       819  3.045000000E+02  0.000000000E+00  1.043277768E+01 
       820  3.047500000E+02  0.000000000E+00  1.041645230E+01 
       821  3.050000000E+02  0.000000000E+00  1.040030593E+01 
       822  3.052500000E+02  0.000000000E+00  1.038437485E+01 
       823  3.055000000E+02  0.000000000E+00  1.036869083E+01 
       824  3.057500000E+02  0.000000000E+00  1.035328161E+01 
       825  3.060000000E+02  0.000000000E+00  1.033817137E+01 
       826  3.062500000E+02  0.000000000E+00  1.032338109E+01 
       827  3.065000000E+02  0.000000000E+00  1.030892885E+01 
       828  3.067500000E+02  0.000000000E+00  1.029483005E+01 
       829  3.070000000E+02  0.000000000E+00  1.028109770E+01 
       830  3.072500000E+02  0.000000000E+00  1.026774257E+01 
       831  3.075000000E+02  0.000000000E+00  1.025477338E+01 
       832  3.077500000E+02  0.000000000E+00  1.024219694E+01 
       833  3.080000000E+02  0.000000000E+00  1.023001830E+01 
       834  3.082500000E+02  0.000000000E+00  1.021824088E+01 
       835  3.085000000E+02  0.000000000E+00  1.020686658E+01 
       836  3.087500000E+02  0.000000000E+00  1.019589590E+01 
       837  3.090000000E+02  0.000000000E+00  1.018532805E+01 
       838  3.092500000E+02  0.000000000E+00  1.017516102E+01 
       839  3.095000000E+02  0.000000000E+00  1.016539170E+01 
       840  3.097500000E+02  0.000000000E+00  1.015601598E+01 
       841  3.100000000E+02  0.000000000E+00  1.014702880E+01 
       842  3.102500000E+02  0.000000000E+00  1.013842428E+01 
       843  3.105000000E+02  0.000000000E+00  1.013019576E+01 
       844  3.107500000E+02  0.000000000E+00  1.012233590E+01 
       845  3.110000000E+02  0.000000000E+00  1.011483675E+01 
       846  3.112500000E+02  0.000000000E+00  1.010768983E+01 
       847  3.115000000E+02  0.000000000E+00  1.010088619E+01 
       848  3.117500000E+02  0.000000000E+00  1.009441647E+01 
       849  3.120000000E+02  0.000000000E+00  1.008827099E+01 
       850  3.122500000E+02  0.000000000E+00  1.008243979E+01 
       851  3.125000000E+02  0.000000000E+00  1.007691268E+01 
       852  3.127500000E+02  0.000000000E+00  1.007167932E+01 
       853  3.130000000E+02  0.000000000E+00  1.006672925E+01 
       854  3.132500000E+02  0.000000000E+00  1.006205196E+01 
       855  3.135000000E+02  0.000000000E+00  1.005763690E+01 
       856  3.137500000E+02  0.000000000E+00  1.005347356E+01 
       857  3.140000000E+02  0.000000000E+00  1.004955147E+01 
       858  3.142500000E+02  0.000000000E+00  1.004586030E+01 
       859  3.145000000E+02  0.000000000E+00  1.004238979E+01 
       860  3.147500000E+02  0.000000000E+00  1.003912988E+01 
       861  3.150000000E+02  0.000000000E+00  1.003607067E+01 
       862  3.152500000E+02  0.000000000E+00  1.003320250E+01 
       863  3.155000000E+02  0.000000000E+00  1.003051589E+01 
       864  3.157500000E+02  0.000000000E+00  1.002800164E+01 
       865  3.160000000E+02  0.000000000E+00  1.002565079E+01 
       866  3.162500000E+02  0.000000000E+00  1.002345467E+01 
       867  3.165000000E+02  0.000000000E+00  1.002140487E+01 
       868  3.167500000E+02  0.000000000E+00  1.001949328E+01 
       869  3.170000000E+02  0.000000000E+00  1.001771209E+01 
       870  3.172500000E+02  0.000000000E+00  1.001605378E+01 
       871  3.175000000E+02  0.000000000E+00  1.001451115E+01 
       872  3.177500000E+02  0.000000000E+00  1.001307727E+01 
       873  3.180000000E+02  0.000000000E+00  1.001174554E+01 
       874  3.182500000E+02  0.000000000E+00  1.001050965E+01 
       875  3.185000000E+02  0.000000000E+00  1.000936359E+01 
       876  3.187500000E+02  0.000000000E+00  1.000830161E+01 
       877  3.190000000E+02  0.000000000E+00  1.000731830E+01 
       878  3.192500000E+02  0.000000000E+00  1.000640848E+01 
       879  3.195000000E+02  0.000000000E+00  1.000556726E+01 
       880  3.197500000E+02  0.000000000E+00  1.000479003E+01 
       881  3.200000000E+02  0.000000000E+00  1.000407240E+01 
       882  3.202500000E+02  0.000000000E+00  1.000341027E+01 
       883  3.205000000E+02  0.000000000E+00  1.000279974E+01 
       884  3.207500000E+02  0.000000000E+00  1.000223717E+01 
       885  3.210000000E+02  0.000000000E+00  1.000171911E+01 
       886  3.212500000E+02  0.000000000E+00  1.000124235E+01 
       887  3.215000000E+02  0.000000000E+00  1.000080387E+01 
       888  3.217500000E+02  0.000000000E+00  1.000040084E+01 
       889  3.220000000E+02  0.000000000E+00  1.000003061E+01 
       890  3.222500000E+02  0.000000000E+00  9.999690712E+00 
       891  3.225000000E+02  0.000000000E+00  9.999378837E+00 
       892  3.227500000E+02  0.000000000E+00  9.999092837E+00 
       893  3.230000000E+02  0.000000000E+00  9.998830709E+00 
       894  3.232500000E+02  0.000000000E+00  9.998590588E+00 
       895  3.235000000E+02  0.000000000E+00  9.998370744E+00 
       896  3.237500000E+02  0.000000000E+00  9.998169568E+00 
       897  3.240000000E+02  0.000000000E+00  9.997985568E+00 
       898  3.242500000E+02  0.000000000E+00  9.997817360E+00 
       899  3.245000000E+02  0.000000000E+00  9.997663665E+00 
       900  3.247500000E+02  0.000000000E+00  9.997523296E+00 
       901  3.250000000E+02  0.000000000E+00  9.997395157E+00 
       902  3.252500000E+02  0.000000000E+00  9.997278237E+00 
       903  3.255000000E+02  0.000000000E+00  9.997171601E+00 
       904  3.257500000E+02  0.000000000E+00  9.997074387E+00 
       905  3.260000000E+02  0.000000000E+00  9.996985800E+00 
       906  3.262500000E+02  0.000000000E+00  9.996905108E+00 
       907  3.265000000E+02  0.000000000E+00  9.996831639E+00 
       908  3.267500000E+02  0.000000000E+00  9.996764772E+00 
       909  3.270000000E+02  0.000000000E+00  9.996703938E+00 
       910  3.272500000E+02  0.000000000E+00  9.996648614E+00 
       911  3.275000000E+02  0.000000000E+00  9.996598321E+00 
       912  3.277500000E+02  0.000000000E+00  9.996552617E+00 
       913  3.280000000E+02  0.000000000E+00  9.996511100E+00 
       914  3.282500000E+02  0.000000000E+00  9.996473398E+00 
       915  3.285000000E+02  0.000000000E+00  9.996439174E+00 
       916  3.287500000E+02  0.000000000E+00  9.996408117E+00 
       917  3.290000000E+02  0.000000000E+00  9.996379944E+00 
       918  3.292500000E+02  0.000000000E+00  9.996354395E+00 
       919  3.295000000E+02  0.000000000E+00  9.996331234E+00 
       920  3.297500000E+02  0.000000000E+00  9.996310244E+00 
       921  3.300000000E+02  0.000000000E+00  9.996291227E+00 
       922  3.302500000E+02  0.000000000E+00  9.996274003E+00 
       923  3.305000000E+02  0.000000000E+00  9.996258408E+00 
       924  3.307500000E+02  0.000000000E+00  9.996244292E+00 
       925  3.310000000E+02  0.000000000E+00  9.996231519E+00 
       926  3.312500000E+02  0.000000000E+00  9.996219963E+00 
       927  3.315000000E+02  0.000000000E+00  9.996209513E+00 
       928  3.317500000E+02  0.000000000E+00  9.996200064E+00 
       929  3.320000000E+02  0.000000000E+00  9.996191524E+00 
       930  3.322500000E+02  0.000000000E+00  9.996183806E+00 
       931  3.325000000E+02  0.000000000E+00  9.996176834E+00 
       932  3.327500000E+02  0.000000000E+00  9.996170537E+00 
       933  3.330000000E+02  0.000000000E+00  9.996164851E+00 
       934  3.332500000E+02  0.000000000E+00  9.996159719E+00 
       935  3.335000000E+02  0.000000000E+00  9.996155086E+00 
       936  3.337500000E+02  0.000000000E+00  9.996150907E+00 
       937  3.340000000E+02  0.000000000E+00  9.996147137E+00 
       938  3.342500000E+02  0.000000000E+00  9.996143737E+00 
       939  3.345000000E+02  0.000000000E+00  9.996140671E+00 
       940  3.347500000E+02  0.000000000E+00  9.996137908E+00 
       941  3.350000000E+02  0.000000000E+00  9.996135418E+00 
       942  3.352500000E+02  0.000000000E+00  9.996133174E+00 
       943  3.355000000E+02  0.000000000E+00  9.996131153E+00 
       944  3.357500000E+02  0.000000000E+00  9.996129333E+00 
       945  3.360000000E+02  0.000000000E+00  9.996127694E+00 
       946  3.362500000E+02  0.000000000E+00  9.996126218E+00 
       947  3.365000000E+02  0.000000000E+00  9.996124890E+00 
       948  3.367500000E+02  0.000000000E+00  9.996123695E+00 
       949  3.370000000E+02  0.000000000E+00  9.996122620E+00 
       950  3.372500000E+02  0.000000000E+00  9.996121653E+00 
       951  3.375000000E+02  0.000000000E+00  9.996120784E+00 
       952  3.377500000E+02  0.000000000E+00  9.996120002E+00 
       953  3.380000000E+02  0.000000000E+00  9.996119299E+00 
       954  3.382500000E+02  0.000000000E+00  9.996118667E+00 
       955  3.385000000E+02  0.000000000E+00  9.996118100E+00 
       956  3.387500000E+02  0.000000000E+00  9.996117590E+00 
       957  3.390000000E+02  0.000000000E+00  9.996117132E+00 
       958  3.392500000E+02  0.000000000E+00  9.996116720E+00 
       959  3.395000000E+02  0.000000000E+00  9.996116351E+00 
       960  3.397500000E+02  0.000000000E+00  9.996116019E+00 
       961  3.400000000E+02  0.000000000E+00  9.996115722E+00 
       962  3.402500000E+02  0.000000000E+00  9.996115455E+00 
       963  3.405000000E+02  0.000000000E+00  9.996115215E+00 
       964  3.407500000E+02  0.000000000E+00  9.996115000E+00 
       965  3.410000000E+02  0.000000000E+00  9.996114807E+00 
       966  3.412500000E+02  0.000000000E+00  9.996114635E+00 
       967  3.415000000E+02  0.000000000E+00  9.996114480E+00 
       968  3.417500000E+02  0.000000000E+00  9.996114341E+00 
       969  3.420000000E+02  0.000000000E+00  9.996114216E+00 
       970  3.422500000E+02  0.000000000E+00  9.996114104E+00 
       971  3.425000000E+02  0.000000000E+00  9.996114004E+00 
       972  3.427500000E+02  0.000000000E+00  9.996113915E+00 
       973  3.430000000E+02  0.000000000E+00  9.996113835E+00 
       974  3.432500000E+02  0.000000000E+00  9.996113763E+00 
       975  3.435000000E+02  0.000000000E+00  9.996113699E+00 
       976  3.437500000E+02  0.000000000E+00  9.996113641E+00 
       977  3.440000000E+02  0.000000000E+00  9.996113590E+00 
       978  3.442500000E+02  0.000000000E+00  9.996113544E+00 
       979  3.445000000E+02  0.000000000E+00  9.996113503E+00 
       980  3.447500000E+02  0.000000000E+00  9.996113466E+00 
       981  3.450000000E+02  0.000000000E+00  9.996113433E+00 
       982  3.452500000E+02  0.000000000E+00  9.996113404E+00 
       983  3.455000000E+02  0.000000000E+00  9.996113378E+00 
       984  3.457500000E+02  0.000000000E+00  9.996113355E+00 
       985  3.460000000E+02  0.000000000E+00  9.996113334E+00 
       986  3.462500000E+02  0.000000000E+00  9.996113316E+00 
       987  3.465000000E+02  0.000000000E+00  9.996113300E+00 
       988  3.467500000E+02  0.000000000E+00  9.996113285E+00 
       989  3.470000000E+02  0.000000000E+00  9.996113273E+00 
       990  3.472500000E+02  0.000000000E+00  9.996113261E+00 
       991  3.475000000E+02  0.000000000E+00  9.996113252E+00 
       992  3.477500000E+02  0.000000000E+00  9.996113243E+00 
       993  3.480000000E+02  0.000000000E+00  9.996113236E+00 
       994  3.482500000E+02  0.000000000E+00  9.996113230E+00 
       995  3.485000000E+02  0.000000000E+00  9.996113225E+00 
       996  3.487500000E+02  0.000000000E+00  9.996113220E+00 
       997  3.490000000E+02  0.000000000E+00  9.996113217E+00 
       998  3.492500000E+02  0.000000000E+00  9.996113214E+00 
       999  3.495000000E+02  0.000000000E+00  9.996113213E+00 
      1000  3.497500000E+02  0.000000000E+00  9.996113212E+00 
      1001  3.500000000E+02  0.000000000E+00  9.996113212E+00 
      1002  3.502500000E+02  0.000000000E+00  9.996113212E+00 
      1003  3.505000000E+02  0.000000000E+00  9.996113214E+00 
      1004  3.507500000E+02  0.000000000E+00  9.996113216E+00 
      1005  3.510000000E+02  0.000000000E+00  9.996113219E+00 
      1006  3.512500000E+02  0.000000000E+00  9.996113223E+00 
      1007  3.515000000E+02  0.000000000E+00  9.996113228E+00 
      1008  3.517500000E+02  0.000000000E+00  9.996113234E+00 
      1009  3.520000000E+02  0.000000000E+00  9.996113240E+00 
      1010  3.522500000E+02  0.000000000E+00  9.996113248E+00 
      1011  3.525000000E+02  0.000000000E+00  9.996113258E+00 
      1012  3.527500000E+02  0.000000000E+00  9.996113268E+00 
      1013  3.530000000E+02  0.000000000E+00  9.996113280E+00 
      1014  3.532500000E+02  0.000000000E+00  9.996113294E+00 
      1015  3.535000000E+02  0.000000000E+00  9.996113310E+00 
      1016  3.537500000E+02  0.000000000E+00  9.996113327E+00 
      1017  3.540000000E+02  0.000000000E+00  9.996113347E+00 
      1018  3.542500000E+02  0.000000000E+00  9.996113370E+00 
      1019  3.545000000E+02  0.000000000E+00  9.996113395E+00 
      1020  3.547500000E+02  0.000000000E+00  9.996113423E+00 
      1021  3.550000000E+02  0.000000000E+00  9.996113455E+00 
      1022  3.552500000E+02  0.000000000E+00  9.996113490E+00 
      1023  3.555000000E+02  0.000000000E+00  9.996113530E+00 
      1024  3.557500000E+02  0.000000000E+00  9.996113574E+00 
      1025  3.560000000E+02  0.000000000E+00  9.996113624E+00 
      1026  3.562500000E+02  0.000000000E+00  9.996113679E+00 
      1027  3.565000000E+02  0.000000000E+00  9.996113741E+00 
      1028  3.567500000E+02  0.000000000E+00  9.996113811E+00 
      1029  3.570000000E+02  0.000000000E+00  9.996113888E+00 
      1030  3.572500000E+02  0.000000000E+00  9.996113975E+00 
      1031  3.575000000E+02  0.000000000E+00  9.996114072E+00 
      1032  3.577500000E+02  0.000000000E+00  9.996114180E+00 
      1033  3.580000000E+02  0.000000000E+00  9.996114301E+00 
      1034  3.582500000E+02  0.000000000E+00  9.996114435E+00 
      1035  3.585000000E+02  0.000000000E+00  9.996114586E+00 
      1036  3.587500000E+02  0.000000000E+00  9.996114753E+00 
      1037  3.590000000E+02  0.000000000E+00  9.996114940E+00 
      1038  3.592500000E+02  0.000000000E+00  9.996115149E+00 
      1039  3.595000000E+02  0.000000000E+00  9.996115382E+00 
      1040  3.597500000E+02  0.000000000E+00  9.996115641E+00 
      1041  3.600000000E+02  0.000000000E+00  9.996115931E+00 
      1042  3.602500000E+02  0.000000000E+00  9.996116253E+00 
      1043  3.605000000E+02  0.000000000E+00  9.996116612E+00 
      1044  3.607500000E+02  0.000000000E+00  9.996117013E+00 
      1045  3.610000000E+02  0.000000000E+00  9.996117459E+00 
      1046  3.612500000E+02  0.000000000E+00  9.996117955E+00 
      1047  3.615000000E+02  0.000000000E+00  9.996118509E+00 
      1048  3.617500000E+02  0.000000000E+00  9.996119124E+00 
      1049  3.620000000E+02  0.000000000E+00  9.996119810E+00 
      1050  3.622500000E+02  0.000000000E+00  9.996120573E+00 
      1051  3.625000000E+02  0.000000000E+00  9.996121422E+00 
      1052  3.627500000E+02  0.000000000E+00  9.996122366E+00 
      1053  3.630000000E+02  0.000000000E+00  9.996123417E+00 
      1054  3.632500000E+02  0.000000000E+00  9.996124585E+00 
      1055  3.635000000E+02  0.000000000E+00  9.996125884E+00 
      1056  3.637500000E+02  0.000000000E+00  9.996127327E+00 
      1057  3.640000000E+02  0.000000000E+00  9.996128932E+00 
      1058  3.642500000E+02  0.000000000E+00  9.996130715E+00 
      1059  3.645000000E+02  0.000000000E+00  9.996132696E+00 
      1060  3.647500000E+02  0.000000000E+00  9.996134896E+00 
      1061  3.650000000E+02  0.000000000E+00  9.996137338E+00 
      1062  3.652500000E+02  0.000000000E+00  9.996140050E+00 
      1063  3.655000000E+02  0.000000000E+00  9.996143061E+00 
      1064  3.657500000E+02  0.000000000E+00  9.996146401E+00 
      1065  3.660000000E+02  0.000000000E+00  9.996150107E+00 
      1066  3.662500000E+02  0.000000000E+00  9.996154218E+00 
      1067  3.665000000E+02  0.000000000E+00  9.996158777E+00 
      1068  3.667500000E+02  0.000000000E+00  9.996163831E+00 
      1069  3.670000000E+02  0.000000000E+00  9.996169432E+00 
      1070  3.672500000E+02  0.000000000E+00  9.996175640E+00 
      1071  3.675000000E+02  0.000000000E+00  9.996182517E+00 
      1072  3.677500000E+02  0.000000000E+00  9.996190134E+00 
      1073  3.680000000E+02  0.000000000E+00  9.996198569E+00 
      1074  3.682500000E+02  0.000000000E+00  9.996207906E+00 
      1075  3.685000000E+02  0.000000000E+00  9.996218239E+00 
      1076  3.687500000E+02  0.000000000E+00  9.996229673E+00 
      1077  3.690000000E+02  0.000000000E+00  9.996242320E+00 
      1078  3.692500000E+02  0.000000000E+00  9.996256305E+00 
      1079  3.695000000E+02  0.000000000E+00  9.996271766E+00 
      1080  3.697500000E+02  0.000000000E+00  9.996288853E+00 
      1081  3.700000000E+02  0.000000000E+00  9.996307733E+00 
      1082  3.702500000E+02  0.000000000E+00  9.996328587E+00 
      1083  3.705000000E+02  0.000000000E+00  9.996351615E+00 
      1084  3.707500000E+02  0.000000000E+00  9.996377034E+00 
      1085  3.710000000E+02  0.000000000E+00  9.996405087E+00 
      1086  3.712500000E+02  0.000000000E+00  9.996436034E+00 
      1087  3.715000000E+02  0.000000000E+00  9.996470164E+00 
      1088  3.717500000E+02  0.000000000E+00  9.996507792E+00 
      1089  3.720000000E+02  0.000000000E+00  9.996549263E+00 
      1090  3.722500000E+02  0.000000000E+00  9.996594952E+00 
      1091  3.725000000E+02  0.000000000E+00  9.996645273E+00 
      1092  3.727500000E+02  0.000000000E+00  9.996700676E+00 
      1093  3.730000000E+02  0.000000000E+00  9.996761650E+00 
      1094  3.732500000E+02  0.000000000E+00  9.996828732E+00 
      1095  3.735000000E+02  0.000000000E+00  9.996902506E+00 
      1096  3.737500000E+02  0.000000000E+00  9.996983609E+00 
      1097  3.740000000E+02  0.000000000E+00  9.997072734E+00 
      1098  3.742500000E+02  0.000000000E+00  9.997170635E+00 
      1099  3.745000000E+02  0.000000000E+00  9.997278132E+00 
      1100  3.747500000E+02  0.000000000E+00  9.997396119E+00 
      1101  3.750000000E+02  0.000000000E+00  9.997525562E+00 
      1102  3.752500000E+02  0.000000000E+00  9.997667514E+00 
      1103  3.755000000E+02  0.000000000E+00  9.997823114E+00 
      1104  3.757500000E+02  0.000000000E+00  9.997993599E+00 
      1105  3.760000000E+02  0.000000000E+00  9.998180305E+00 
      1106  3.762500000E+02  0.000000000E+00  9.998384681E+00 
      1107  3.765000000E+02  0.000000000E+00  9.998608292E+00 
      1108  3.767500000E+02  0.000000000E+00  9.998852828E+00 
      1109  3.770000000E+02  0.000000000E+00  9.999120115E+00 
      1110  3.772500000E+02  0.000000000E+00  9.999412120E+00 
      1111  3.775000000E+02  0.000000000E+00  9.999730963E+00 
      1112  3.777500000E+02  0.000000000E+00  1.000007893E+01 
      1113  3.780000000E+02  0.000000000E+00  1.000045847E+01 
      1114  3.782500000E+02  0.000000000E+00  1.000087222E+01 
      1115  3.785000000E+02  0.000000000E+00  1.000132301E+01 
      1116  3.787500000E+02  0.000000000E+00  1.000181388E+01 
      1117  3.790000000E+02  0.000000000E+00  1.000234808E+01 
      1118  3.792500000E+02  0.000000000E+00  1.000292908E+01 
      1119  3.795000000E+02  0.000000000E+00  1.000356060E+01 
      1120  3.797500000E+02  0.000000000E+00  1.000424661E+01 
      1121  3.800000000E+02  0.000000000E+00  1.000499133E+01 
      1122  3.802500000E+02  0.000000000E+00  1.000579928E+01 
      1123  3.805000000E+02  0.000000000E+00  1.000667524E+01 
      1124  3.807500000E+02  0.000000000E+00  1.000762430E+01 
      1125  3.810000000E+02  0.000000000E+00  1.000865188E+01 
      1126  3.812500000E+02  0.000000000E+00  1.000976368E+01 
      1127  3.815000000E+02  0.000000000E+00  1.001096578E+01 
      1128  3.817500000E+02  0.000000000E+00  1.001226457E+01 
      1129  3.820000000E+02  0.000000000E+00  1.001366680E+01 
      1130  3.822500000E+02  0.000000000E+00  1.001517958E+01 
      1131  3.825000000E+02  0.000000000E+00  1.001681042E+01 
      1132  3.827500000E+02  0.000000000E+00  1.001856717E+01 
      1133  3.830000000E+02  0.000000000E+00  1.002045807E+01 
      1134  3.832500000E+02  0.000000000E+00  1.002249177E+01 
      1135  3.835000000E+02  0.000000000E+00  1.002467729E+01 
      1136  3.837500000E+02  0.000000000E+00  1.002702405E+01 
      1137  3.840000000E+02  0.000000000E+00  1.002954185E+01 
      1138  3.842500000E+02  0.000000000E+00  1.003224089E+01 
      1139  3.845000000E+02  0.000000000E+00  1.003513175E+01 
      1140  3.847500000E+02  0.000000000E+00  1.003822538E+01 
      1141  3.850000000E+02  0.000000000E+00  1.004153310E+01 
      1142  3.852500000E+02  0.000000000E+00  1.004506658E+01 
      1143  3.855000000E+02  0.000000000E+00  1.004883782E+01 
      1144  3.857500000E+02  0.000000000E+00  1.005285913E+01 
      1145  3.860000000E+02  0.000000000E+00  1.005714314E+01 
      1146  3.862500000E+02  0.000000000E+00  1.006170270E+01 
      1147  3.865000000E+02  0.000000000E+00  1.006655094E+01 
      1148  3.867500000E+02  0.000000000E+00  1.007170115E+01 
      1149  3.870000000E+02  0.000000000E+00  1.007716682E+01 
      1150  3.872500000E+02  0.000000000E+00  1.008296153E+01 
      1151  3.875000000E+02  0.000000000E+00  1.008909893E+01 
      1152  3.877500000E+02  0.000000000E+00  1.009559272E+01 
      1153  3.880000000E+02  0.000000000E+00  1.010245654E+01 
      1154  3.882500000E+02  0.000000000E+00  1.010970393E+01 
      1155  3.885000000E+02  0.000000000E+00  1.011734829E+01 
      1156  3.887500000E+02  0.000000000E+00  1.012540276E+01 
      1157  3.890000000E+02  0.000000000E+00  1.013388020E+01 
      1158  3.892500000E+02  0.000000000E+00  1.014279306E+01 
      1159  3.895000000E+02  0.000000000E+00  1.015215333E+01 
      1160  3.897500000E+02  0.000000000E+00  1.016197243E+01 
      1161  3.900000000E+02  0.000000000E+00  1.017226114E+01 
      1162  3.902500000E+02  0.000000000E+00  1.018302945E+01 
      1163  3.905000000E+02  0.000000000E+00  1.019428651E+01 
      1164  3.907500000E+02  0.000000000E+00  1.020604049E+01 
      1165  3.910000000E+02  0.000000000E+00  1.021829846E+01 
      1166  3.912500000E+02  0.000000000E+00  1.023106627E+01 
      1167  3.915000000E+02  0.000000000E+00  1.024434842E+01 
      1168  3.917500000E+02  0.000000000E+00  1.025814793E+01 
      1169  3.920000000E+02  0.000000000E+00  1.027246617E+01 
      1170  3.922500000E+02  0.000000000E+00  1.028730271E+01 
      1171  3.925000000E+02  0.000000000E+00  1.030265517E+01 
      1172  3.927500000E+02  0.000000000E+00  1.031851902E+01 
      1173  3.930000000E+02  0.000000000E+00  1.033488739E+01 
      1174  3.932500000E+02  0.000000000E+00  1.035175082E+01 
      1175  3.935000000E+02  0.000000000E+00  1.036909709E+01 
      1176  3.937500000E+02  0.000000000E+00  1.038691089E+01 
      1177  3.940000000E+02  0.000000000E+00  1.040517357E+01 
      1178  3.942500000E+02  0.000000000E+00  1.042386278E+01 
      1179  3.945000000E+02  0.000000000E+00  1.044295207E+01 
      1180  3.947500000E+02  0.000000000E+00  1.046241050E+01 
      1181  3.950000000E+02  0.000000000E+00  1.048220206E+01 
      1182  3.952500000E+02  0.000000000E+00  1.050228514E+01 
      1183  3.955000000E+02  0.000000000E+00  1.052261172E+01 
      1184  3.957500000E+02  0.000000000E+00  1.054312657E+01 
      1185  3.960000000E+02  0.000000000E+00  1.056376619E+01 
      1186  3.962500000E+02  0.000000000E+00  1.058445748E+01 
      1187  3.965000000E+02  0.000000000E+00  1.060511620E+01 
      1188  3.967500000E+02  0.000000000E+00  1.062564491E+01 
      1189  3.970000000E+02  0.000000000E+00  1.064593047E+01 
      1190  3.972500000E+02  0.000000000E+00  1.066584063E+01 
      1191  3.975000000E+02  0.000000000E+00  1.068521974E+01 
      1192  3.977500000E+02  0.000000000E+00  1.070388275E+01 
      1193  3.980000000E+02  0.000000000E+00  1.072160703E+01 
      1194  3.982500000E+02  0.000000000E+00  1.073812055E+01 
      1195  3.985000000E+02  0.000000000E+00  1.075308421E+01 
      1196  3.987500000E+02  0.000000000E+00  1.076606391E+01 
      1197  3.990000000E+02  0.000000000E+00  1.077648339E+01 
      1198  3.992500000E+02  0.000000000E+00  1.078353664E+01 
      1199  3.995000000E+02  0.000000000E+00  1.078600565E+01 
      1200  3.997500000E+02  0.000000000E+00  1.078054139E+01 
      1201  4.000000000E+02  0.000000000E+00  1.123710257E+01 
      1202  4.002000034E+02  0.000000000E+00  1.155033000E+01 
      1203  4.004016387E+02  0.000000000E+00  1.144109213E+01 
      1204  4.006049192E+02  0.000000000E+00  1.133882474E+01 
      1205  4.008098583E+02  0.000000000E+00  1.124254029E+01 
      1206  4.010164696E+02  0.000000000E+00  1.115186998E+01 
      1207  4.012247666E+02  0.000000000E+00  1.106647343E+01 
      1208  4.014347631E+02  0.000000000E+00  1.098603575E+01 
      1209  4.016464731E+02  0.000000000E+00  1.091026498E+01 
      1210  4.018599104E+02  0.000000000E+00  1.083888997E+01 
      1211  4.020750892E+02  0.000000000E+00  1.077165840E+01 
      1212  4.022920237E+02  0.000000000E+00  1.070833551E+01 
      1213  4.025107282E+02  0.000000000E+00  1.064383755E+01 
      1214  4.027312172E+02  0.000000000E+00  1.058313937E+01 
      1215  4.029535052E+02  0.000000000E+00  1.053096965E+01 
      1216  4.031776069E+02  0.000000000E+00  1.048186196E+01 
      1217  4.034035370E+02  0.000000000E+00  1.043565179E+01 
      1218  4.036313106E+02  0.000000000E+00  1.039218483E+01 
      1219  4.038609426E+02  0.000000000E+00  1.035131624E+01 
      1220  4.040924483E+02  0.000000000E+00  1.031291023E+01 
      1221  4.043258428E+02  0.000000000E+00  1.027389664E+01 
      1222  4.045611417E+02  0.000000000E+00  1.023727572E+01 
      1223  4.047983604E+02  0.000000000E+00  1.020590810E+01 
      1224  4.050375146E+02  0.000000000E+00  1.017649884E+01 
      1225  4.052786201E+02  0.000000000E+00  1.014894896E+01 
      1226  4.055216929E+02  0.000000000E+00  1.012089690E+01 
      1227  4.057667489E+02  0.000000000E+00  1.008986426E+01 
      1228  4.060138044E+02  0.000000000E+00  1.005509606E+01 
      1229  4.062628756E+02  0.000000000E+00  1.002451951E+01 
      1230  4.065139791E+02  0.000000000E+00  1.000118658E+01 
      1231  4.067671314E+02  0.000000000E+00  9.976701935E+00 
      1232  4.070223492E+02  0.000000000E+00  9.953838519E+00 
      1233  4.072796494E+02  0.000000000E+00  9.931452215E+00 
      1234  4.075390490E+02  0.000000000E+00  9.912075514E+00 
      1235  4.078005650E+02  0.000000000E+00  9.899416147E+00 
      1236  4.080642148E+02  0.000000000E+00  9.887019244E+00 
      1237  4.083300158E+02  0.000000000E+00  9.875530951E+00 
      1238  4.085979855E+02  0.000000000E+00  9.865082132E+00 
      1239  4.088681416E+02  0.000000000E+00  9.900578162E+00 
      1240  4.091405020E+02  0.000000000E+00  9.937156752E+00 
      1241  4.094150846E+02  0.000000000E+00  9.928448599E+00 
      1242  4.096919076E+02  0.000000000E+00  9.920535555E+00 
      1243  4.099709892E+02  0.000000000E+00  9.913364839E+00 
      1244  4.102523480E+02  0.000000000E+00  9.906886125E+00 
      1245  4.105360024E+02  0.000000000E+00  9.901051480E+00 
      1246  4.108219711E+02  0.000000000E+00  9.895815306E+00 
      1247  4.111102732E+02  0.000000000E+00  9.891134286E+00 
      1248  4.114009276E+02  0.000000000E+00  9.886967343E+00 
      1249  4.116939535E+02  0.000000000E+00  9.883275592E+00 
      1250  4.119893702E+02  0.000000000E+00  9.880022305E+00 
      1251  4.122871973E+02  0.000000000E+00  9.877172861E+00 
      1252  4.125874544E+02  0.000000000E+00  9.874694711E+00 
      1253  4.128901614E+02  0.000000000E+00  9.872557327E+00 
      1254  4.131953383E+02  0.000000000E+00  9.870732159E+00 
      1255  4.135030051E+02  0.000000000E+00  9.869192577E+00 
      1256  4.138131823E+02  0.000000000E+00  9.867913820E+00 
      1257  4.141258902E+02  0.000000000E+00  9.866872935E+00 
      1258  4.144411496E+02  0.000000000E+00  9.866048710E+00 
      1259  4.147589813E+02  0.000000000E+00  9.865421608E+00 
      1260  4.150794062E+02  0.000000000E+00  9.864973690E+00 
      1261  4.154024455E+02  0.000000000E+00  9.864688545E+00 
      1262  4.157281206E+02  0.000000000E+00  9.864551188E+00 
      1263  4.160564529E+02  0.000000000E+00  9.864547997E+00 
      1264  4.163874641E+02  0.000000000E+00  9.864666654E+00 
      1265  4.167211762E+02  0.000000000E+00  9.864896025E+00 
      1266  4.170576110E+02  0.000000000E+00  9.865226064E+00 
      1267  4.173967909E+02  0.000000000E+00  9.865647751E+00 
      1268  4.177387382E+02  0.000000000E+00  9.866153002E+00 
      1269  4.180834756E+02  0.000000000E+00  9.866734586E+00 
      1270  4.184310257E+02  0.000000000E+00  9.867386048E+00 
      1271  4.187814116E+02  0.000000000E+00  9.868101633E+00 
      1272  4.191346563E+02  0.000000000E+00  9.868876208E+00 
      1273  4.194907832E+02  0.000000000E+00  9.869705202E+00 
      1274  4.198498158E+02  0.000000000E+00  9.870584533E+00 
      1275  4.202117779E+02  0.000000000E+00  9.871510559E+00 
      1276  4.205766933E+02  0.000000000E+00  9.872480014E+00 
      1277  4.209445860E+02  0.000000000E+00  9.873489963E+00 
      1278  4.213154806E+02  0.000000000E+00  9.874537759E+00 
      1279  4.216894013E+02  0.000000000E+00  9.875621000E+00 
      1280  4.220663728E+02  0.000000000E+00  9.876737494E+00 
      1281  4.224464202E+02  0.000000000E+00  9.877885229E+00 
      1282  4.228295685E+02  0.000000000E+00  9.879062346E+00 
      1283  4.232158429E+02  0.000000000E+00  9.880267113E+00 
      1284  4.236052691E+02  0.000000000E+00  9.881497910E+00 
      1285  4.239978726E+02  0.000000000E+00  9.882753206E+00 
      1286  4.243936795E+02  0.000000000E+00  9.884031550E+00 
      1287  4.247927158E+02  0.000000000E+00  9.885331558E+00 
      1288  4.251950080E+02  0.000000000E+00  9.886651901E+00 
      1289  4.256005825E+02  0.000000000E+00  9.887991298E+00 
      1290  4.260094662E+02  0.000000000E+00  9.889348514E+00 
      1291  4.264216861E+02  0.000000000E+00  9.890722347E+00 
      1292  4.268372694E+02  0.000000000E+00  9.892111632E+00 
      1293  4.272562434E+02  0.000000000E+00  9.893515232E+00 
      1294  4.276786360E+02  0.000000000E+00  9.894932040E+00 
      1295  4.281044750E+02  0.000000000E+00  9.896360972E+00 
      1296  4.285337884E+02  0.000000000E+00  9.897800971E+00 
      1297  4.289666047E+02  0.000000000E+00  9.899251002E+00 
      1298  4.294029525E+02  0.000000000E+00  9.900710053E+00 
      1299  4.298428605E+02  0.000000000E+00  9.902177133E+00 
      1300  4.302863578E+02  0.000000000E+00  9.903651274E+00 
      1301  4.307334737E+02  0.000000000E+00  9.905131526E+00 
      1302  4.311842377E+02  0.000000000E+00  9.906616961E+00 
      1303  4.316386795E+02  0.000000000E+00  9.908106671E+00 
      1304  4.320968293E+02  0.000000000E+00  9.909599766E+00 
      1305  4.325587172E+02  0.000000000E+00  9.911095376E+00 
      1306  4.330243737E+02  0.000000000E+00  9.912592652E+00 
      1307  4.334938296E+02  0.000000000E+00  9.914090761E+00 
      1308  4.339671159E+02  0.000000000E+00  9.915588890E+00 
      1309  4.344442638E+02  0.000000000E+00  9.917086244E+00 
      1310  4.349253049E+02  0.000000000E+00  9.918582046E+00 
      1311  4.354102708E+02  0.000000000E+00  9.920075538E+00 
      1312  4.358991937E+02  0.000000000E+00  9.921565978E+00 
      1313  4.363921059E+02  0.000000000E+00  9.923052645E+00 
      1314  4.368890398E+02  0.000000000E+00  9.924534830E+00 
      1315  4.373900283E+02  0.000000000E+00  9.926011848E+00 
      1316  4.378951044E+02  0.000000000E+00  9.927483027E+00 
      1317  4.384043016E+02  0.000000000E+00  9.928947713E+00 
      1318  4.389176534E+02  0.000000000E+00  9.930405271E+00 
      1319  4.394351937E+02  0.000000000E+00  9.931855081E+00 
      1320  4.399569568E+02  0.000000000E+00  9.933296541E+00 
      1321  4.404829770E+02  0.000000000E+00  9.934729067E+00 
      1322  4.410132892E+02  0.000000000E+00  9.936152091E+00 
      1323  4.415479282E+02  0.000000000E+00  9.937565061E+00 
      1324  4.420869295E+02  0.000000000E+00  9.938967446E+00 
      1325  4.426303286E+02  0.000000000E+00  9.940358727E+00 
      1326  4.431781614E+02  0.000000000E+00  9.941738405E+00 
      1327  4.437304641E+02  0.000000000E+00  9.943105997E+00 
      1328  4.442872731E+02  0.000000000E+00  9.944461039E+00 
      1329  4.448486253E+02  0.000000000E+00  9.945803082E+00 
      1330  4.454145576E+02  0.000000000E+00  9.947131693E+00 
      1331  4.459851075E+02  0.000000000E+00  9.948446459E+00 
      1332  4.465603126E+02  0.000000000E+00  9.949746983E+00 
      1333  4.471402109E+02  0.000000000E+00  9.951032885E+00 
      1334  4.477248408E+02  0.000000000E+00  9.952303800E+00 
      1335  4.483142407E+02  0.000000000E+00  9.953559385E+00 
      1336  4.489084497E+02  0.000000000E+00  9.954799309E+00 
      1337  4.495075070E+02  0.000000000E+00  9.956023262E+00 
      1338  4.501114521E+02  0.000000000E+00  9.957230948E+00 
      1339  4.507203248E+02  0.000000000E+00  9.958422091E+00 
      1340  4.513341655E+02  0.000000000E+00  9.959596432E+00 
      1341  4.519530147E+02  0.000000000E+00  9.960753726E+00 
      1342  4.525769132E+02  0.000000000E+00  9.961893749E+00 
      1343  4.532059021E+02  0.000000000E+00  9.963016293E+00 
      1344  4.538400232E+02  0.000000000E+00  9.964121166E+00 
      1345  4.544793181E+02  0.000000000E+00  9.965208195E+00 
      1346  4.551238292E+02  0.000000000E+00  9.966277223E+00 
      1347  4.557735990E+02  0.000000000E+00  9.967328111E+00 
      1348  4.564286703E+02  0.000000000E+00  9.968360737E+00 
      1349  4.570890866E+02  0.000000000E+00  9.969374995E+00 
      1350  4.577548913E+02  0.000000000E+00  9.970370799E+00 
      1351  4.584261284E+02  0.000000000E+00  9.971348077E+00 
      1352  4.591028423E+02  0.000000000E+00  9.972306777E+00 
      1353  4.597850777E+02  0.000000000E+00  9.973246862E+00 
      1354  4.604728795E+02  0.000000000E+00  9.974168313E+00 
      1355  4.611662932E+02  0.000000000E+00  9.975071129E+00 
      1356  4.618653647E+02  0.000000000E+00  9.975955323E+00 
      1357  4.625701400E+02  0.000000000E+00  9.976820928E+00 
      1358  4.632806657E+02  0.000000000E+00  9.977667993E+00 
      1359  4.639969887E+02  0.000000000E+00  9.978496584E+00 
      1360  4.647191564E+02  0.000000000E+00  9.979306783E+00 
      1361  4.654472164E+02  0.000000000E+00  9.980098690E+00 
      1362  4.661812167E+02  0.000000000E+00  9.980872422E+00 
      1363  4.669212059E+02  0.000000000E+00  9.981628112E+00 
      1364  4.676672328E+02  0.000000000E+00  9.982365908E+00 
      1365  4.684193468E+02  0.000000000E+00  9.983085978E+00 
      1366  4.691775973E+02  0.000000000E+00  9.983788504E+00 
      1367  4.699420346E+02  0.000000000E+00  9.984473686E+00 
      1368  4.707127091E+02  0.000000000E+00  9.985141740E+00 
      1369  4.714896716E+02  0.000000000E+00  9.985792897E+00 
      1370  4.722729736E+02  0.000000000E+00  9.986427407E+00 
      1371  4.730626666E+02  0.000000000E+00  9.987045535E+00 
      1372  4.738588030E+02  0.000000000E+00  9.987647561E+00 
      1373  4.746614352E+02  0.000000000E+00  9.988233783E+00 
      1374  4.754706162E+02  0.000000000E+00  9.988804514E+00 
      1375  4.762863994E+02  0.000000000E+00  9.989360085E+00 
      1376  4.771088389E+02  0.000000000E+00  9.989900841E+00 
      1377  4.779379887E+02  0.000000000E+00  9.990427144E+00 
      1378  4.787739038E+02  0.000000000E+00  9.990939372E+00 
      1379  4.796166392E+02  0.000000000E+00  9.991437919E+00 
      1380  4.804662507E+02  0.000000000E+00  9.991923195E+00 
      1381  4.813227944E+02  0.000000000E+00  9.992395624E+00 
      1382  4.821863268E+02  0.000000000E+00  9.992855647E+00 
      1383  4.830569049E+02  0.000000000E+00  9.993303715E+00 
      1384  4.839345862E+02  0.000000000E+00  9.993740290E+00 
      1385  4.848194287E+02  0.000000000E+00  9.994165836E+00 
      1386  4.857114908E+02  0.000000000E+00  9.994580802E+00 
      1387  4.866108314E+02  0.000000000E+00  9.994985597E+00 
      1388  4.875175099E+02  0.000000000E+00  9.995380528E+00 
      1389  4.884315862E+02  0.000000000E+00  9.995765688E+00 
      1390  4.893531206E+02  0.000000000E+00  9.996140730E+00 
      1391  4.902821741E+02  0.000000000E+00  9.996504431E+00 
      1392  4.912188078E+02  0.000000000E+00  9.996853871E+00 
      1393  4.921630837E+02  0.000000000E+00  9.997182857E+00 
      1394  4.931150642E+02  0.000000000E+00  9.997479001E+00 
      1395  4.940748120E+02  0.000000000E+00  9.997718311E+00 
      1396  4.950423907E+02  0.000000000E+00  9.997855441E+00 
      1397  4.960178639E+02  0.000000000E+00  9.997806074E+00 
      1398  4.970012963E+02  0.000000000E+00  9.997421190E+00 
      1399  4.979927527E+02  0.000000000E+00  9.995624180E+00 
      1400  4.989922986E+02  0.000000000E+00  9.992361530E+00 
      1401  5.000000000E+02  0.000000000E+00  9.990592105E+00 
