nodenumber     x-coordinate     y-coordinate           udm-12 
         1  0.000000000E+00  0.000000000E+00  9.995970433E+00 
         2  1.007701384E+00  0.000000000E+00  9.996104727E+00 
         3  2.007247274E+00  0.000000000E+00  9.998320855E+00 
         4  2.998703673E+00  0.000000000E+00  1.000031316E+01 
         5  3.982136051E+00  0.000000000E+00  1.000019615E+01 
         6  4.957609346E+00  0.000000000E+00  1.000011978E+01 
         7  5.925187975E+00  0.000000000E+00  1.000006229E+01 
         8  6.884935829E+00  0.000000000E+00  1.000001850E+01 
         9  7.836916284E+00  0.000000000E+00  9.999984640E+00 
        10  8.781192203E+00  0.000000000E+00  9.999958005E+00 
        11  9.717825941E+00  0.000000000E+00  9.999936657E+00 
        12  1.064687935E+01  0.000000000E+00  9.999919203E+00 
        13  1.156841377E+01  0.000000000E+00  9.999904642E+00 
        14  1.248249006E+01  0.000000000E+00  9.999892251E+00 
        15  1.338916858E+01  0.000000000E+00  9.999881513E+00 
        16  1.428850920E+01  0.000000000E+00  9.999872053E+00 
        17  1.518057130E+01  0.000000000E+00  9.999863604E+00 
        18  1.606541380E+01  0.000000000E+00  9.999855971E+00 
        19  1.694309512E+01  0.000000000E+00  9.999849018E+00 
        20  1.781367322E+01  0.000000000E+00  9.999842650E+00 
        21  1.867720559E+01  0.000000000E+00  9.999836798E+00 
        22  1.953374925E+01  0.000000000E+00  9.999831421E+00 
        23  2.038336076E+01  0.000000000E+00  9.999826489E+00 
        24  2.122609622E+01  0.000000000E+00  9.999821990E+00 
        25  2.206201128E+01  0.000000000E+00  9.999817918E+00 
        26  2.289116114E+01  0.000000000E+00  9.999814277E+00 
        27  2.371360056E+01  0.000000000E+00  9.999811073E+00 
        28  2.452938383E+01  0.000000000E+00  9.999808321E+00 
        29  2.533856484E+01  0.000000000E+00  9.999806035E+00 
        30  2.614119701E+01  0.000000000E+00  9.999804233E+00 
        31  2.693733335E+01  0.000000000E+00  9.999802934E+00 
        32  2.772702642E+01  0.000000000E+00  9.999802157E+00 
        33  2.851032837E+01  0.000000000E+00  9.999801920E+00 
        34  2.928729093E+01  0.000000000E+00  9.999802243E+00 
        35  3.005796541E+01  0.000000000E+00  9.999803142E+00 
        36  3.082240268E+01  0.000000000E+00  9.999804633E+00 
        37  3.158065324E+01  0.000000000E+00  9.999806728E+00 
        38  3.233276716E+01  0.000000000E+00  9.999809438E+00 
        39  3.307879409E+01  0.000000000E+00  9.999812769E+00 
        40  3.381878330E+01  0.000000000E+00  9.999816726E+00 
        41  3.455278365E+01  0.000000000E+00  9.999821308E+00 
        42  3.528084362E+01  0.000000000E+00  9.999826511E+00 
        43  3.600301127E+01  0.000000000E+00  9.999832325E+00 
        44  3.671933431E+01  0.000000000E+00  9.999838737E+00 
        45  3.742986002E+01  0.000000000E+00  9.999845729E+00 
        46  3.813463533E+01  0.000000000E+00  9.999853274E+00 
        47  3.883370678E+01  0.000000000E+00  9.999861344E+00 
        48  3.952712052E+01  0.000000000E+00  9.999869904E+00 
        49  4.021492235E+01  0.000000000E+00  9.999878910E+00 
        50  4.089715769E+01  0.000000000E+00  9.999888316E+00 
        51  4.157387159E+01  0.000000000E+00  9.999898067E+00 
        52  4.224510872E+01  0.000000000E+00  9.999908102E+00 
        53  4.291091342E+01  0.000000000E+00  9.999918355E+00 
        54  4.357132966E+01  0.000000000E+00  9.999928750E+00 
        55  4.422640104E+01  0.000000000E+00  9.999939206E+00 
        56  4.487617081E+01  0.000000000E+00  9.999949637E+00 
        57  4.552068189E+01  0.000000000E+00  9.999959947E+00 
        58  4.615997684E+01  0.000000000E+00  9.999970034E+00 
        59  4.679409786E+01  0.000000000E+00  9.999979789E+00 
        60  4.742308684E+01  0.000000000E+00  9.999989097E+00 
        61  4.804698530E+01  0.000000000E+00  9.999997835E+00 
        62  4.866583446E+01  0.000000000E+00  1.000000587E+01 
        63  4.927967516E+01  0.000000000E+00  1.000001307E+01 
        64  4.988854795E+01  0.000000000E+00  1.000001929E+01 
        65  5.049249303E+01  0.000000000E+00  1.000002437E+01 
        66  5.109155028E+01  0.000000000E+00  1.000002817E+01 
        67  5.168575926E+01  0.000000000E+00  1.000003051E+01 
        68  5.227515921E+01  0.000000000E+00  1.000003121E+01 
        69  5.285978905E+01  0.000000000E+00  1.000003012E+01 
        70  5.343968738E+01  0.000000000E+00  1.000002702E+01 
        71  5.401489250E+01  0.000000000E+00  1.000002174E+01 
        72  5.458544238E+01  0.000000000E+00  1.000001408E+01 
        73  5.515137472E+01  0.000000000E+00  1.000000381E+01 
        74  5.571272686E+01  0.000000000E+00  9.999990742E+00 
        75  5.626953590E+01  0.000000000E+00  9.999974639E+00 
        76  5.682183858E+01  0.000000000E+00  9.999955276E+00 
        77  5.736967139E+01  0.000000000E+00  9.999932418E+00 
        78  5.791307049E+01  0.000000000E+00  9.999905821E+00 
        79  5.845207178E+01  0.000000000E+00  9.999875235E+00 
        80  5.898671083E+01  0.000000000E+00  9.999840403E+00 
        81  5.951702297E+01  0.000000000E+00  9.999801061E+00 
        82  6.004304320E+01  0.000000000E+00  9.999756938E+00 
        83  6.056480627E+01  0.000000000E+00  9.999707755E+00 
        84  6.108234661E+01  0.000000000E+00  9.999653228E+00 
        85  6.159569842E+01  0.000000000E+00  9.999593066E+00 
        86  6.210489559E+01  0.000000000E+00  9.999526971E+00 
        87  6.260997174E+01  0.000000000E+00  9.999454643E+00 
        88  6.311096022E+01  0.000000000E+00  9.999375772E+00 
        89  6.360789412E+01  0.000000000E+00  9.999290049E+00 
        90  6.410080625E+01  0.000000000E+00  9.999197158E+00 
        91  6.458972916E+01  0.000000000E+00  9.999096783E+00 
        92  6.507469514E+01  0.000000000E+00  9.998988607E+00 
        93  6.555573621E+01  0.000000000E+00  9.998872312E+00 
        94  6.603288413E+01  0.000000000E+00  9.998747584E+00 
        95  6.650617042E+01  0.000000000E+00  9.998614113E+00 
        96  6.697562632E+01  0.000000000E+00  9.998471597E+00 
        97  6.744128283E+01  0.000000000E+00  9.998319743E+00 
        98  6.790317071E+01  0.000000000E+00  9.998158269E+00 
        99  6.836132046E+01  0.000000000E+00  9.997986912E+00 
       100  6.881576232E+01  0.000000000E+00  9.997805428E+00 
       101  6.926652631E+01  0.000000000E+00  9.997613598E+00 
       102  6.971364219E+01  0.000000000E+00  9.997411234E+00 
       103  7.015713949E+01  0.000000000E+00  9.997198181E+00 
       104  7.059704749E+01  0.000000000E+00  9.996974328E+00 
       105  7.103339524E+01  0.000000000E+00  9.996739613E+00 
       106  7.146621156E+01  0.000000000E+00  9.996494029E+00 
       107  7.189552503E+01  0.000000000E+00  9.996237634E+00 
       108  7.232136399E+01  0.000000000E+00  9.995970562E+00 
       109  7.274375656E+01  0.000000000E+00  9.995693030E+00 
       110  7.316273064E+01  0.000000000E+00  9.995405354E+00 
       111  7.357831389E+01  0.000000000E+00  9.995107954E+00 
       112  7.399053376E+01  0.000000000E+00  9.994801375E+00 
       113  7.439941746E+01  0.000000000E+00  9.994486300E+00 
       114  7.480499201E+01  0.000000000E+00  9.994163561E+00 
       115  7.520728416E+01  0.000000000E+00  9.993834165E+00 
       116  7.560632051E+01  0.000000000E+00  9.993499304E+00 
       117  7.600212738E+01  0.000000000E+00  9.993160385E+00 
       118  7.639473092E+01  0.000000000E+00  9.992819044E+00 
       119  7.678415706E+01  0.000000000E+00  9.992477177E+00 
       120  7.717043151E+01  0.000000000E+00  9.992136961E+00 
       121  7.755357977E+01  0.000000000E+00  9.991800885E+00 
       122  7.793362715E+01  0.000000000E+00  9.991471783E+00 
       123  7.831059875E+01  0.000000000E+00  9.991152861E+00 
       124  7.868451945E+01  0.000000000E+00  9.990847738E+00 
       125  7.905541395E+01  0.000000000E+00  9.990560483E+00 
       126  7.942330674E+01  0.000000000E+00  9.990295655E+00 
       127  7.978822211E+01  0.000000000E+00  9.990058348E+00 
       128  8.015018416E+01  0.000000000E+00  9.989854239E+00 
       129  8.050921679E+01  0.000000000E+00  9.989689641E+00 
       130  8.086534371E+01  0.000000000E+00  9.989571552E+00 
       131  8.121858844E+01  0.000000000E+00  9.989507725E+00 
       132  8.156897429E+01  0.000000000E+00  9.989506712E+00 
       133  8.191652442E+01  0.000000000E+00  9.989577939E+00 
       134  8.226126177E+01  0.000000000E+00  9.989731800E+00 
       135  8.260320909E+01  0.000000000E+00  9.989979717E+00 
       136  8.294238899E+01  0.000000000E+00  9.990334208E+00 
       137  8.327882384E+01  0.000000000E+00  9.990808991E+00 
       138  8.361253587E+01  0.000000000E+00  9.991419077E+00 
       139  8.394354712E+01  0.000000000E+00  9.992180866E+00 
       140  8.427187943E+01  0.000000000E+00  9.993112256E+00 
       141  8.459755450E+01  0.000000000E+00  9.994232757E+00 
       142  8.492059382E+01  0.000000000E+00  9.995563608E+00 
       143  8.524101873E+01  0.000000000E+00  9.997127912E+00 
       144  8.555885039E+01  0.000000000E+00  9.998950767E+00 
       145  8.587410979E+01  0.000000000E+00  1.000105942E+01 
       146  8.618681774E+01  0.000000000E+00  1.000348340E+01 
       147  8.649699489E+01  0.000000000E+00  1.000625473E+01 
       148  8.680466173E+01  0.000000000E+00  1.000940804E+01 
       149  8.710983857E+01  0.000000000E+00  1.001298082E+01 
       150  8.741254556E+01  0.000000000E+00  1.001701355E+01 
       151  8.771280270E+01  0.000000000E+00  1.002154999E+01 
       152  8.801062980E+01  0.000000000E+00  1.002663732E+01 
       153  8.830604654E+01  0.000000000E+00  1.003232647E+01 
       154  8.859907242E+01  0.000000000E+00  1.003867230E+01 
       155  8.888972679E+01  0.000000000E+00  1.004573390E+01 
       156  8.917802885E+01  0.000000000E+00  1.005357493E+01 
       157  8.946399764E+01  0.000000000E+00  1.006226384E+01 
       158  8.974765203E+01  0.000000000E+00  1.007187429E+01 
       159  9.002901076E+01  0.000000000E+00  1.008248544E+01 
       160  9.030809241E+01  0.000000000E+00  1.009418238E+01 
       161  9.058491540E+01  0.000000000E+00  1.010705653E+01 
       162  9.085949802E+01  0.000000000E+00  1.012120605E+01 
       163  9.113185839E+01  0.000000000E+00  1.013673635E+01 
       164  9.140201451E+01  0.000000000E+00  1.015376057E+01 
       165  9.166998421E+01  0.000000000E+00  1.017240018E+01 
       166  9.193578518E+01  0.000000000E+00  1.019278549E+01 
       167  9.219943499E+01  0.000000000E+00  1.021505638E+01 
       168  9.246095103E+01  0.000000000E+00  1.023936292E+01 
       169  9.272035058E+01  0.000000000E+00  1.026586635E+01 
       170  9.297765077E+01  0.000000000E+00  1.029473875E+01 
       171  9.323286858E+01  0.000000000E+00  1.032616478E+01 
       172  9.348602087E+01  0.000000000E+00  1.036034496E+01 
       173  9.373712436E+01  0.000000000E+00  1.039829313E+01 
       174  9.398619563E+01  0.000000000E+00  1.043969419E+01 
       175  9.423325112E+01  0.000000000E+00  1.048410184E+01 
       176  9.447830715E+01  0.000000000E+00  1.049244414E+01 
       177  9.472137990E+01  0.000000000E+00  1.050383788E+01 
       178  9.496248543E+01  0.000000000E+00  1.055499168E+01 
       179  9.520163964E+01  0.000000000E+00  1.061362714E+01 
       180  9.543885834E+01  0.000000000E+00  1.068733530E+01 
       181  9.567415720E+01  0.000000000E+00  1.076357456E+01 
       182  9.590755173E+01  0.000000000E+00  1.083606951E+01 
       183  9.613905737E+01  0.000000000E+00  1.091223977E+01 
       184  9.636868940E+01  0.000000000E+00  1.099458314E+01 
       185  9.659646297E+01  0.000000000E+00  1.108358251E+01 
       186  9.682239314E+01  0.000000000E+00  1.117976158E+01 
       187  9.704649481E+01  0.000000000E+00  1.128724963E+01 
       188  9.726878279E+01  0.000000000E+00  1.140340096E+01 
       189  9.748927176E+01  0.000000000E+00  1.152932921E+01 
       190  9.770797628E+01  0.000000000E+00  1.166541895E+01 
       191  9.792491078E+01  0.000000000E+00  1.181296756E+01 
       192  9.814008960E+01  0.000000000E+00  1.197247578E+01 
       193  9.835352693E+01  0.000000000E+00  1.214071980E+01 
       194  9.856523689E+01  0.000000000E+00  1.232271028E+01 
       195  9.877523344E+01  0.000000000E+00  1.251356734E+01 
       196  9.898353045E+01  0.000000000E+00  1.272020474E+01 
       197  9.919014168E+01  0.000000000E+00  1.295003625E+01 
       198  9.939508077E+01  0.000000000E+00  1.319915999E+01 
       199  9.959836126E+01  0.000000000E+00  1.346939970E+01 
       200  9.979999657E+01  0.000000000E+00  1.376427579E+01 
       201  1.000000000E+02  0.000000000E+00  1.306364461E+01 
       202  1.002500000E+02  0.000000000E+00  1.201995908E+01 
       203  1.005000000E+02  0.000000000E+00  1.205442660E+01 
       204  1.007500000E+02  0.000000000E+00  1.206856075E+01 
       205  1.010000000E+02  0.000000000E+00  1.207125110E+01 
       206  1.012500000E+02  0.000000000E+00  1.206563453E+01 
       207  1.015000000E+02  0.000000000E+00  1.205374977E+01 
       208  1.017500000E+02  0.000000000E+00  1.203702517E+01 
       209  1.020000000E+02  0.000000000E+00  1.201651297E+01 
       210  1.022500000E+02  0.000000000E+00  1.199301555E+01 
       211  1.025000000E+02  0.000000000E+00  1.196715998E+01 
       212  1.027500000E+02  0.000000000E+00  1.193944530E+01 
       213  1.030000000E+02  0.000000000E+00  1.191027410E+01 
       214  1.032500000E+02  0.000000000E+00  1.187997465E+01 
       215  1.035000000E+02  0.000000000E+00  1.184881682E+01 
       216  1.037500000E+02  0.000000000E+00  1.181702391E+01 
       217  1.040000000E+02  0.000000000E+00  1.178478167E+01 
       218  1.042500000E+02  0.000000000E+00  1.175224516E+01 
       219  1.045000000E+02  0.000000000E+00  1.171954431E+01 
       220  1.047500000E+02  0.000000000E+00  1.168678813E+01 
       221  1.050000000E+02  0.000000000E+00  1.165406832E+01 
       222  1.052500000E+02  0.000000000E+00  1.162146200E+01 
       223  1.055000000E+02  0.000000000E+00  1.158903407E+01 
       224  1.057500000E+02  0.000000000E+00  1.155683913E+01 
       225  1.060000000E+02  0.000000000E+00  1.152492303E+01 
       226  1.062500000E+02  0.000000000E+00  1.149332418E+01 
       227  1.065000000E+02  0.000000000E+00  1.146207470E+01 
       228  1.067500000E+02  0.000000000E+00  1.143120132E+01 
       229  1.070000000E+02  0.000000000E+00  1.140072613E+01 
       230  1.072500000E+02  0.000000000E+00  1.137066731E+01 
       231  1.075000000E+02  0.000000000E+00  1.134103961E+01 
       232  1.077500000E+02  0.000000000E+00  1.131185490E+01 
       233  1.080000000E+02  0.000000000E+00  1.128312252E+01 
       234  1.082500000E+02  0.000000000E+00  1.125484967E+01 
       235  1.085000000E+02  0.000000000E+00  1.122704166E+01 
       236  1.087500000E+02  0.000000000E+00  1.119970221E+01 
       237  1.090000000E+02  0.000000000E+00  1.117283364E+01 
       238  1.092500000E+02  0.000000000E+00  1.114643706E+01 
       239  1.095000000E+02  0.000000000E+00  1.112051255E+01 
       240  1.097500000E+02  0.000000000E+00  1.109505926E+01 
       241  1.100000000E+02  0.000000000E+00  1.107007559E+01 
       242  1.102500000E+02  0.000000000E+00  1.104555923E+01 
       243  1.105000000E+02  0.000000000E+00  1.102150729E+01 
       244  1.107500000E+02  0.000000000E+00  1.099791638E+01 
       245  1.110000000E+02  0.000000000E+00  1.097478264E+01 
       246  1.112500000E+02  0.000000000E+00  1.095210185E+01 
       247  1.115000000E+02  0.000000000E+00  1.092986945E+01 
       248  1.117500000E+02  0.000000000E+00  1.090808058E+01 
       249  1.120000000E+02  0.000000000E+00  1.088673015E+01 
       250  1.122500000E+02  0.000000000E+00  1.086581284E+01 
       251  1.125000000E+02  0.000000000E+00  1.084532318E+01 
       252  1.127500000E+02  0.000000000E+00  1.082525551E+01 
       253  1.130000000E+02  0.000000000E+00  1.080560405E+01 
       254  1.132500000E+02  0.000000000E+00  1.078636292E+01 
       255  1.135000000E+02  0.000000000E+00  1.076752615E+01 
       256  1.137500000E+02  0.000000000E+00  1.074908768E+01 
       257  1.140000000E+02  0.000000000E+00  1.073104141E+01 
       258  1.142500000E+02  0.000000000E+00  1.071338119E+01 
       259  1.145000000E+02  0.000000000E+00  1.069610083E+01 
       260  1.147500000E+02  0.000000000E+00  1.067919413E+01 
       261  1.150000000E+02  0.000000000E+00  1.066265489E+01 
       262  1.152500000E+02  0.000000000E+00  1.064647686E+01 
       263  1.155000000E+02  0.000000000E+00  1.063065386E+01 
       264  1.157500000E+02  0.000000000E+00  1.061517968E+01 
       265  1.160000000E+02  0.000000000E+00  1.060004814E+01 
       266  1.162500000E+02  0.000000000E+00  1.058525309E+01 
       267  1.165000000E+02  0.000000000E+00  1.057078842E+01 
       268  1.167500000E+02  0.000000000E+00  1.055664804E+01 
       269  1.170000000E+02  0.000000000E+00  1.054282591E+01 
       270  1.172500000E+02  0.000000000E+00  1.052931605E+01 
       271  1.175000000E+02  0.000000000E+00  1.051611250E+01 
       272  1.177500000E+02  0.000000000E+00  1.050320938E+01 
       273  1.180000000E+02  0.000000000E+00  1.049060086E+01 
       274  1.182500000E+02  0.000000000E+00  1.047828117E+01 
       275  1.185000000E+02  0.000000000E+00  1.046624460E+01 
       276  1.187500000E+02  0.000000000E+00  1.045448550E+01 
       277  1.190000000E+02  0.000000000E+00  1.044299830E+01 
       278  1.192500000E+02  0.000000000E+00  1.043177749E+01 
       279  1.195000000E+02  0.000000000E+00  1.042081764E+01 
       280  1.197500000E+02  0.000000000E+00  1.041011338E+01 
       281  1.200000000E+02  0.000000000E+00  1.039965943E+01 
       282  1.202500000E+02  0.000000000E+00  1.038945057E+01 
       283  1.205000000E+02  0.000000000E+00  1.037948167E+01 
       284  1.207500000E+02  0.000000000E+00  1.036974766E+01 
       285  1.210000000E+02  0.000000000E+00  1.036024358E+01 
       286  1.212500000E+02  0.000000000E+00  1.035096451E+01 
       287  1.215000000E+02  0.000000000E+00  1.034190563E+01 
       288  1.217500000E+02  0.000000000E+00  1.033306221E+01 
       289  1.220000000E+02  0.000000000E+00  1.032442957E+01 
       290  1.222500000E+02  0.000000000E+00  1.031600315E+01 
       291  1.225000000E+02  0.000000000E+00  1.030777843E+01 
       292  1.227500000E+02  0.000000000E+00  1.029975100E+01 
       293  1.230000000E+02  0.000000000E+00  1.029191651E+01 
       294  1.232500000E+02  0.000000000E+00  1.028427070E+01 
       295  1.235000000E+02  0.000000000E+00  1.027680940E+01 
       296  1.237500000E+02  0.000000000E+00  1.026952850E+01 
       297  1.240000000E+02  0.000000000E+00  1.026242397E+01 
       298  1.242500000E+02  0.000000000E+00  1.025549187E+01 
       299  1.245000000E+02  0.000000000E+00  1.024872834E+01 
       300  1.247500000E+02  0.000000000E+00  1.024212959E+01 
       301  1.250000000E+02  0.000000000E+00  1.023569189E+01 
       302  1.252500000E+02  0.000000000E+00  1.022941162E+01 
       303  1.255000000E+02  0.000000000E+00  1.022328520E+01 
       304  1.257500000E+02  0.000000000E+00  1.021730916E+01 
       305  1.260000000E+02  0.000000000E+00  1.021148007E+01 
       306  1.262500000E+02  0.000000000E+00  1.020579460E+01 
       307  1.265000000E+02  0.000000000E+00  1.020024946E+01 
       308  1.267500000E+02  0.000000000E+00  1.019484146E+01 
       309  1.270000000E+02  0.000000000E+00  1.018956747E+01 
       310  1.272500000E+02  0.000000000E+00  1.018442443E+01 
       311  1.275000000E+02  0.000000000E+00  1.017940934E+01 
       312  1.277500000E+02  0.000000000E+00  1.017451926E+01 
       313  1.280000000E+02  0.000000000E+00  1.016975134E+01 
       314  1.282500000E+02  0.000000000E+00  1.016510278E+01 
       315  1.285000000E+02  0.000000000E+00  1.016057085E+01 
       316  1.287500000E+02  0.000000000E+00  1.015615286E+01 
       317  1.290000000E+02  0.000000000E+00  1.015184621E+01 
       318  1.292500000E+02  0.000000000E+00  1.014764835E+01 
       319  1.295000000E+02  0.000000000E+00  1.014355679E+01 
       320  1.297500000E+02  0.000000000E+00  1.013956908E+01 
       321  1.300000000E+02  0.000000000E+00  1.013568286E+01 
       322  1.302500000E+02  0.000000000E+00  1.013189580E+01 
       323  1.305000000E+02  0.000000000E+00  1.012820564E+01 
       324  1.307500000E+02  0.000000000E+00  1.012461016E+01 
       325  1.310000000E+02  0.000000000E+00  1.012110721E+01 
       326  1.312500000E+02  0.000000000E+00  1.011769468E+01 
       327  1.315000000E+02  0.000000000E+00  1.011437051E+01 
       328  1.317500000E+02  0.000000000E+00  1.011113270E+01 
       329  1.320000000E+02  0.000000000E+00  1.010797929E+01 
       330  1.322500000E+02  0.000000000E+00  1.010490836E+01 
       331  1.325000000E+02  0.000000000E+00  1.010191807E+01 
       332  1.327500000E+02  0.000000000E+00  1.009900659E+01 
       333  1.330000000E+02  0.000000000E+00  1.009617214E+01 
       334  1.332500000E+02  0.000000000E+00  1.009341302E+01 
       335  1.335000000E+02  0.000000000E+00  1.009072752E+01 
       336  1.337500000E+02  0.000000000E+00  1.008811402E+01 
       337  1.340000000E+02  0.000000000E+00  1.008557091E+01 
       338  1.342500000E+02  0.000000000E+00  1.008309664E+01 
       339  1.345000000E+02  0.000000000E+00  1.008068968E+01 
       340  1.347500000E+02  0.000000000E+00  1.007834857E+01 
       341  1.350000000E+02  0.000000000E+00  1.007607186E+01 
       342  1.352500000E+02  0.000000000E+00  1.007385814E+01 
       343  1.355000000E+02  0.000000000E+00  1.007170607E+01 
       344  1.357500000E+02  0.000000000E+00  1.006961430E+01 
       345  1.360000000E+02  0.000000000E+00  1.006758155E+01 
       346  1.362500000E+02  0.000000000E+00  1.006560656E+01 
       347  1.365000000E+02  0.000000000E+00  1.006368810E+01 
       348  1.367500000E+02  0.000000000E+00  1.006182500E+01 
       349  1.370000000E+02  0.000000000E+00  1.006001610E+01 
       350  1.372500000E+02  0.000000000E+00  1.005826027E+01 
       351  1.375000000E+02  0.000000000E+00  1.005655642E+01 
       352  1.377500000E+02  0.000000000E+00  1.005490350E+01 
       353  1.380000000E+02  0.000000000E+00  1.005330049E+01 
       354  1.382500000E+02  0.000000000E+00  1.005174637E+01 
       355  1.385000000E+02  0.000000000E+00  1.005024020E+01 
       356  1.387500000E+02  0.000000000E+00  1.004878103E+01 
       357  1.390000000E+02  0.000000000E+00  1.004736796E+01 
       358  1.392500000E+02  0.000000000E+00  1.004600012E+01 
       359  1.395000000E+02  0.000000000E+00  1.004467664E+01 
       360  1.397500000E+02  0.000000000E+00  1.004339672E+01 
       361  1.400000000E+02  0.000000000E+00  1.004215956E+01 
       362  1.402500000E+02  0.000000000E+00  1.004096440E+01 
       363  1.405000000E+02  0.000000000E+00  1.003981049E+01 
       364  1.407500000E+02  0.000000000E+00  1.003869714E+01 
       365  1.410000000E+02  0.000000000E+00  1.003762365E+01 
       366  1.412500000E+02  0.000000000E+00  1.003658937E+01 
       367  1.415000000E+02  0.000000000E+00  1.003559368E+01 
       368  1.417500000E+02  0.000000000E+00  1.003463595E+01 
       369  1.420000000E+02  0.000000000E+00  1.003371562E+01 
       370  1.422500000E+02  0.000000000E+00  1.003283214E+01 
       371  1.425000000E+02  0.000000000E+00  1.003198497E+01 
       372  1.427500000E+02  0.000000000E+00  1.003117361E+01 
       373  1.430000000E+02  0.000000000E+00  1.003039760E+01 
       374  1.432500000E+02  0.000000000E+00  1.002965647E+01 
       375  1.435000000E+02  0.000000000E+00  1.002894979E+01 
       376  1.437500000E+02  0.000000000E+00  1.002827718E+01 
       377  1.440000000E+02  0.000000000E+00  1.002763824E+01 
       378  1.442500000E+02  0.000000000E+00  1.002703264E+01 
       379  1.445000000E+02  0.000000000E+00  1.002646004E+01 
       380  1.447500000E+02  0.000000000E+00  1.002592013E+01 
       381  1.450000000E+02  0.000000000E+00  1.002541265E+01 
       382  1.452500000E+02  0.000000000E+00  1.002493734E+01 
       383  1.455000000E+02  0.000000000E+00  1.002449398E+01 
       384  1.457500000E+02  0.000000000E+00  1.002408235E+01 
       385  1.460000000E+02  0.000000000E+00  1.002370229E+01 
       386  1.462500000E+02  0.000000000E+00  1.002335363E+01 
       387  1.465000000E+02  0.000000000E+00  1.002303626E+01 
       388  1.467500000E+02  0.000000000E+00  1.002275006E+01 
       389  1.470000000E+02  0.000000000E+00  1.002249497E+01 
       390  1.472500000E+02  0.000000000E+00  1.002227092E+01 
       391  1.475000000E+02  0.000000000E+00  1.002207791E+01 
       392  1.477500000E+02  0.000000000E+00  1.002191591E+01 
       393  1.480000000E+02  0.000000000E+00  1.002178497E+01 
       394  1.482500000E+02  0.000000000E+00  1.002168513E+01 
       395  1.485000000E+02  0.000000000E+00  1.002161647E+01 
       396  1.487500000E+02  0.000000000E+00  1.002157909E+01 
       397  1.490000000E+02  0.000000000E+00  1.002157313E+01 
       398  1.492500000E+02  0.000000000E+00  1.002159875E+01 
       399  1.495000000E+02  0.000000000E+00  1.002165613E+01 
       400  1.497500000E+02  0.000000000E+00  1.002174548E+01 
       401  1.500000000E+02  0.000000000E+00  1.002186706E+01 
       402  1.502500000E+02  0.000000000E+00  1.002202112E+01 
       403  1.505000000E+02  0.000000000E+00  1.002220797E+01 
       404  1.507500000E+02  0.000000000E+00  1.002242793E+01 
       405  1.510000000E+02  0.000000000E+00  1.002268136E+01 
       406  1.512500000E+02  0.000000000E+00  1.002296865E+01 
       407  1.515000000E+02  0.000000000E+00  1.002329022E+01 
       408  1.517500000E+02  0.000000000E+00  1.002364650E+01 
       409  1.520000000E+02  0.000000000E+00  1.002403798E+01 
       410  1.522500000E+02  0.000000000E+00  1.002446517E+01 
       411  1.525000000E+02  0.000000000E+00  1.002492860E+01 
       412  1.527500000E+02  0.000000000E+00  1.002542885E+01 
       413  1.530000000E+02  0.000000000E+00  1.002596653E+01 
       414  1.532500000E+02  0.000000000E+00  1.002654227E+01 
       415  1.535000000E+02  0.000000000E+00  1.002715674E+01 
       416  1.537500000E+02  0.000000000E+00  1.002781064E+01 
       417  1.540000000E+02  0.000000000E+00  1.002850473E+01 
       418  1.542500000E+02  0.000000000E+00  1.002923977E+01 
       419  1.545000000E+02  0.000000000E+00  1.003001658E+01 
       420  1.547500000E+02  0.000000000E+00  1.003083600E+01 
       421  1.550000000E+02  0.000000000E+00  1.003169891E+01 
       422  1.552500000E+02  0.000000000E+00  1.003260624E+01 
       423  1.555000000E+02  0.000000000E+00  1.003355894E+01 
       424  1.557500000E+02  0.000000000E+00  1.003455802E+01 
       425  1.560000000E+02  0.000000000E+00  1.003560451E+01 
       426  1.562500000E+02  0.000000000E+00  1.003669948E+01 
       427  1.565000000E+02  0.000000000E+00  1.003784406E+01 
       428  1.567500000E+02  0.000000000E+00  1.003903940E+01 
       429  1.570000000E+02  0.000000000E+00  1.004028670E+01 
       430  1.572500000E+02  0.000000000E+00  1.004158721E+01 
       431  1.575000000E+02  0.000000000E+00  1.004294221E+01 
       432  1.577500000E+02  0.000000000E+00  1.004435303E+01 
       433  1.580000000E+02  0.000000000E+00  1.004582104E+01 
       434  1.582500000E+02  0.000000000E+00  1.004734767E+01 
       435  1.585000000E+02  0.000000000E+00  1.004893439E+01 
       436  1.587500000E+02  0.000000000E+00  1.005058270E+01 
       437  1.590000000E+02  0.000000000E+00  1.005229416E+01 
       438  1.592500000E+02  0.000000000E+00  1.005407039E+01 
       439  1.595000000E+02  0.000000000E+00  1.005591305E+01 
       440  1.597500000E+02  0.000000000E+00  1.005782385E+01 
       441  1.600000000E+02  0.000000000E+00  1.005980454E+01 
       442  1.602500000E+02  0.000000000E+00  1.006185693E+01 
       443  1.605000000E+02  0.000000000E+00  1.006398290E+01 
       444  1.607500000E+02  0.000000000E+00  1.006618436E+01 
       445  1.610000000E+02  0.000000000E+00  1.006846328E+01 
       446  1.612500000E+02  0.000000000E+00  1.007082169E+01 
       447  1.615000000E+02  0.000000000E+00  1.007326168E+01 
       448  1.617500000E+02  0.000000000E+00  1.007578538E+01 
       449  1.620000000E+02  0.000000000E+00  1.007839499E+01 
       450  1.622500000E+02  0.000000000E+00  1.008109278E+01 
       451  1.625000000E+02  0.000000000E+00  1.008388105E+01 
       452  1.627500000E+02  0.000000000E+00  1.008676219E+01 
       453  1.630000000E+02  0.000000000E+00  1.008973864E+01 
       454  1.632500000E+02  0.000000000E+00  1.009281289E+01 
       455  1.635000000E+02  0.000000000E+00  1.009598752E+01 
       456  1.637500000E+02  0.000000000E+00  1.009926514E+01 
       457  1.640000000E+02  0.000000000E+00  1.010264846E+01 
       458  1.642500000E+02  0.000000000E+00  1.010614024E+01 
       459  1.645000000E+02  0.000000000E+00  1.010974330E+01 
       460  1.647500000E+02  0.000000000E+00  1.011346053E+01 
       461  1.650000000E+02  0.000000000E+00  1.011729490E+01 
       462  1.652500000E+02  0.000000000E+00  1.012124945E+01 
       463  1.655000000E+02  0.000000000E+00  1.012532728E+01 
       464  1.657500000E+02  0.000000000E+00  1.012953155E+01 
       465  1.660000000E+02  0.000000000E+00  1.013386553E+01 
       466  1.662500000E+02  0.000000000E+00  1.013833253E+01 
       467  1.665000000E+02  0.000000000E+00  1.014293594E+01 
       468  1.667500000E+02  0.000000000E+00  1.014767924E+01 
       469  1.670000000E+02  0.000000000E+00  1.015256597E+01 
       470  1.672500000E+02  0.000000000E+00  1.015759975E+01 
       471  1.675000000E+02  0.000000000E+00  1.016278429E+01 
       472  1.677500000E+02  0.000000000E+00  1.016812335E+01 
       473  1.680000000E+02  0.000000000E+00  1.017362080E+01 
       474  1.682500000E+02  0.000000000E+00  1.017928058E+01 
       475  1.685000000E+02  0.000000000E+00  1.018510669E+01 
       476  1.687500000E+02  0.000000000E+00  1.019110325E+01 
       477  1.690000000E+02  0.000000000E+00  1.019727442E+01 
       478  1.692500000E+02  0.000000000E+00  1.020362448E+01 
       479  1.695000000E+02  0.000000000E+00  1.021015776E+01 
       480  1.697500000E+02  0.000000000E+00  1.021687871E+01 
       481  1.700000000E+02  0.000000000E+00  1.022379183E+01 
       482  1.702500000E+02  0.000000000E+00  1.023090173E+01 
       483  1.705000000E+02  0.000000000E+00  1.023821309E+01 
       484  1.707500000E+02  0.000000000E+00  1.024573068E+01 
       485  1.710000000E+02  0.000000000E+00  1.025345937E+01 
       486  1.712500000E+02  0.000000000E+00  1.026140409E+01 
       487  1.715000000E+02  0.000000000E+00  1.026956989E+01 
       488  1.717500000E+02  0.000000000E+00  1.027796189E+01 
       489  1.720000000E+02  0.000000000E+00  1.028658529E+01 
       490  1.722500000E+02  0.000000000E+00  1.029544539E+01 
       491  1.725000000E+02  0.000000000E+00  1.030454758E+01 
       492  1.727500000E+02  0.000000000E+00  1.031389735E+01 
       493  1.730000000E+02  0.000000000E+00  1.032350024E+01 
       494  1.732500000E+02  0.000000000E+00  1.033336192E+01 
       495  1.735000000E+02  0.000000000E+00  1.034348814E+01 
       496  1.737500000E+02  0.000000000E+00  1.035388472E+01 
       497  1.740000000E+02  0.000000000E+00  1.036455759E+01 
       498  1.742500000E+02  0.000000000E+00  1.037551275E+01 
       499  1.745000000E+02  0.000000000E+00  1.038675632E+01 
       500  1.747500000E+02  0.000000000E+00  1.039829447E+01 
       501  1.750000000E+02  0.000000000E+00  1.041013349E+01 
       502  1.752500000E+02  0.000000000E+00  1.042227973E+01 
       503  1.755000000E+02  0.000000000E+00  1.043473966E+01 
       504  1.757500000E+02  0.000000000E+00  1.044751980E+01 
       505  1.760000000E+02  0.000000000E+00  1.046062679E+01 
       506  1.762500000E+02  0.000000000E+00  1.047406733E+01 
       507  1.765000000E+02  0.000000000E+00  1.048784822E+01 
       508  1.767500000E+02  0.000000000E+00  1.050197634E+01 
       509  1.770000000E+02  0.000000000E+00  1.051645864E+01 
       510  1.772500000E+02  0.000000000E+00  1.053130218E+01 
       511  1.775000000E+02  0.000000000E+00  1.054651407E+01 
       512  1.777500000E+02  0.000000000E+00  1.056210153E+01 
       513  1.780000000E+02  0.000000000E+00  1.057807183E+01 
       514  1.782500000E+02  0.000000000E+00  1.059443233E+01 
       515  1.785000000E+02  0.000000000E+00  1.061119046E+01 
       516  1.787500000E+02  0.000000000E+00  1.062835374E+01 
       517  1.790000000E+02  0.000000000E+00  1.064592974E+01 
       518  1.792500000E+02  0.000000000E+00  1.066392612E+01 
       519  1.795000000E+02  0.000000000E+00  1.068235059E+01 
       520  1.797500000E+02  0.000000000E+00  1.070121094E+01 
       521  1.800000000E+02  0.000000000E+00  1.072051501E+01 
       522  1.802500000E+02  0.000000000E+00  1.074027072E+01 
       523  1.805000000E+02  0.000000000E+00  1.076048604E+01 
       524  1.807500000E+02  0.000000000E+00  1.078116899E+01 
       525  1.810000000E+02  0.000000000E+00  1.080232765E+01 
       526  1.812500000E+02  0.000000000E+00  1.082397016E+01 
       527  1.815000000E+02  0.000000000E+00  1.084610469E+01 
       528  1.817500000E+02  0.000000000E+00  1.086873946E+01 
       529  1.820000000E+02  0.000000000E+00  1.089188275E+01 
       530  1.822500000E+02  0.000000000E+00  1.091554285E+01 
       531  1.825000000E+02  0.000000000E+00  1.093972809E+01 
       532  1.827500000E+02  0.000000000E+00  1.096444684E+01 
       533  1.830000000E+02  0.000000000E+00  1.098970750E+01 
       534  1.832500000E+02  0.000000000E+00  1.101551845E+01 
       535  1.835000000E+02  0.000000000E+00  1.104188814E+01 
       536  1.837500000E+02  0.000000000E+00  1.106882498E+01 
       537  1.840000000E+02  0.000000000E+00  1.109633742E+01 
       538  1.842500000E+02  0.000000000E+00  1.112443387E+01 
       539  1.845000000E+02  0.000000000E+00  1.115312277E+01 
       540  1.847500000E+02  0.000000000E+00  1.118241250E+01 
       541  1.850000000E+02  0.000000000E+00  1.121231145E+01 
       542  1.852500000E+02  0.000000000E+00  1.124282793E+01 
       543  1.855000000E+02  0.000000000E+00  1.127397025E+01 
       544  1.857500000E+02  0.000000000E+00  1.130574663E+01 
       545  1.860000000E+02  0.000000000E+00  1.133816523E+01 
       546  1.862500000E+02  0.000000000E+00  1.137123411E+01 
       547  1.865000000E+02  0.000000000E+00  1.140496125E+01 
       548  1.867500000E+02  0.000000000E+00  1.143935451E+01 
       549  1.870000000E+02  0.000000000E+00  1.147442158E+01 
       550  1.872500000E+02  0.000000000E+00  1.151017002E+01 
       551  1.875000000E+02  0.000000000E+00  1.154660720E+01 
       552  1.877500000E+02  0.000000000E+00  1.158374025E+01 
       553  1.880000000E+02  0.000000000E+00  1.162157608E+01 
       554  1.882500000E+02  0.000000000E+00  1.166012128E+01 
       555  1.885000000E+02  0.000000000E+00  1.169938215E+01 
       556  1.887500000E+02  0.000000000E+00  1.173936457E+01 
       557  1.890000000E+02  0.000000000E+00  1.178007400E+01 
       558  1.892500000E+02  0.000000000E+00  1.182151541E+01 
       559  1.895000000E+02  0.000000000E+00  1.186369316E+01 
       560  1.897500000E+02  0.000000000E+00  1.190661098E+01 
       561  1.900000000E+02  0.000000000E+00  1.195027181E+01 
       562  1.902500000E+02  0.000000000E+00  1.199467772E+01 
       563  1.905000000E+02  0.000000000E+00  1.203982976E+01 
       564  1.907500000E+02  0.000000000E+00  1.208572780E+01 
       565  1.910000000E+02  0.000000000E+00  1.213237036E+01 
       566  1.912500000E+02  0.000000000E+00  1.217975440E+01 
       567  1.915000000E+02  0.000000000E+00  1.222787505E+01 
       568  1.917500000E+02  0.000000000E+00  1.227672537E+01 
       569  1.920000000E+02  0.000000000E+00  1.232629595E+01 
       570  1.922500000E+02  0.000000000E+00  1.237657459E+01 
       571  1.925000000E+02  0.000000000E+00  1.242754579E+01 
       572  1.927500000E+02  0.000000000E+00  1.247919023E+01 
       573  1.930000000E+02  0.000000000E+00  1.253148416E+01 
       574  1.932500000E+02  0.000000000E+00  1.258439864E+01 
       575  1.935000000E+02  0.000000000E+00  1.263789871E+01 
       576  1.937500000E+02  0.000000000E+00  1.269194230E+01 
       577  1.940000000E+02  0.000000000E+00  1.274647911E+01 
       578  1.942500000E+02  0.000000000E+00  1.280144909E+01 
       579  1.945000000E+02  0.000000000E+00  1.285678082E+01 
       580  1.947500000E+02  0.000000000E+00  1.291238944E+01 
       581  1.950000000E+02  0.000000000E+00  1.296817425E+01 
       582  1.952500000E+02  0.000000000E+00  1.302401576E+01 
       583  1.955000000E+02  0.000000000E+00  1.307977223E+01 
       584  1.957500000E+02  0.000000000E+00  1.313527537E+01 
       585  1.960000000E+02  0.000000000E+00  1.319032513E+01 
       586  1.962500000E+02  0.000000000E+00  1.324468321E+01 
       587  1.965000000E+02  0.000000000E+00  1.329806515E+01 
       588  1.967500000E+02  0.000000000E+00  1.335013012E+01 
       589  1.970000000E+02  0.000000000E+00  1.340046812E+01 
       590  1.972500000E+02  0.000000000E+00  1.344858331E+01 
       591  1.975000000E+02  0.000000000E+00  1.349387193E+01 
       592  1.977500000E+02  0.000000000E+00  1.353559266E+01 
       593  1.980000000E+02  0.000000000E+00  1.357282525E+01 
       594  1.982500000E+02  0.000000000E+00  1.360441130E+01 
       595  1.985000000E+02  0.000000000E+00  1.362886527E+01 
       596  1.987500000E+02  0.000000000E+00  1.364423366E+01 
       597  1.990000000E+02  0.000000000E+00  1.364785518E+01 
       598  1.992500000E+02  0.000000000E+00  1.363591367E+01 
       599  1.995000000E+02  0.000000000E+00  1.360250237E+01 
       600  1.997500000E+02  0.000000000E+00  1.353058360E+01 
       601  2.000000000E+02  0.000000000E+00  1.551315910E+01 
       602  2.001999988E+02  0.000000000E+00  1.682781824E+01 
       603  2.004032879E+02  0.000000000E+00  1.623126187E+01 
       604  2.006099214E+02  0.000000000E+00  1.568885850E+01 
       605  2.008199543E+02  0.000000000E+00  1.519261588E+01 
       606  2.010334426E+02  0.000000000E+00  1.473817190E+01 
       607  2.012504431E+02  0.000000000E+00  1.432167108E+01 
       608  2.014710137E+02  0.000000000E+00  1.393969080E+01 
       609  2.016952129E+02  0.000000000E+00  1.358918151E+01 
       610  2.019231006E+02  0.000000000E+00  1.326741712E+01 
       611  2.021547374E+02  0.000000000E+00  1.297195319E+01 
       612  2.023901849E+02  0.000000000E+00  1.270059136E+01 
       613  2.026295060E+02  0.000000000E+00  1.245134906E+01 
       614  2.028727642E+02  0.000000000E+00  1.222243343E+01 
       615  2.031200245E+02  0.000000000E+00  1.200779583E+01 
       616  2.033713525E+02  0.000000000E+00  1.180643858E+01 
       617  2.036268153E+02  0.000000000E+00  1.170050917E+01 
       618  2.038864808E+02  0.000000000E+00  1.160680119E+01 
       619  2.041504183E+02  0.000000000E+00  1.143988331E+01 
       620  2.044186979E+02  0.000000000E+00  1.128814323E+01 
       621  2.046913911E+02  0.000000000E+00  1.115386372E+01 
       622  2.049685706E+02  0.000000000E+00  1.103110552E+01 
       623  2.052503101E+02  0.000000000E+00  1.091898887E+01 
       624  2.055366847E+02  0.000000000E+00  1.081670246E+01 
       625  2.058277705E+02  0.000000000E+00  1.072349685E+01 
       626  2.061236452E+02  0.000000000E+00  1.063867872E+01 
       627  2.064243875E+02  0.000000000E+00  1.056160590E+01 
       628  2.067300774E+02  0.000000000E+00  1.049168279E+01 
       629  2.070407965E+02  0.000000000E+00  1.042835649E+01 
       630  2.073566273E+02  0.000000000E+00  1.037111319E+01 
       631  2.076776540E+02  0.000000000E+00  1.031947512E+01 
       632  2.080039622E+02  0.000000000E+00  1.027299768E+01 
       633  2.083356386E+02  0.000000000E+00  1.023126703E+01 
       634  2.086727716E+02  0.000000000E+00  1.019389777E+01 
       635  2.090154510E+02  0.000000000E+00  1.016053103E+01 
       636  2.093637679E+02  0.000000000E+00  1.013083258E+01 
       637  2.097178153E+02  0.000000000E+00  1.010449124E+01 
       638  2.100776872E+02  0.000000000E+00  1.008121739E+01 
       639  2.104434797E+02  0.000000000E+00  1.006074159E+01 
       640  2.108152899E+02  0.000000000E+00  1.004281338E+01 
       641  2.111932170E+02  0.000000000E+00  1.002720007E+01 
       642  2.115773617E+02  0.000000000E+00  1.001368573E+01 
       643  2.119678260E+02  0.000000000E+00  1.000207018E+01 
       644  2.123647142E+02  0.000000000E+00  9.992168046E+00 
       645  2.127681317E+02  0.000000000E+00  9.983807938E+00 
       646  2.131781861E+02  0.000000000E+00  9.976831581E+00 
       647  2.135949866E+02  0.000000000E+00  9.971093061E+00 
       648  2.140186441E+02  0.000000000E+00  9.966458081E+00 
       649  2.144492713E+02  0.000000000E+00  9.962803261E+00 
       650  2.148869831E+02  0.000000000E+00  9.960015464E+00 
       651  2.153318959E+02  0.000000000E+00  9.957991156E+00 
       652  2.157841282E+02  0.000000000E+00  9.956635805E+00 
       653  2.162438005E+02  0.000000000E+00  9.955863376E+00 
       654  2.167110350E+02  0.000000000E+00  9.955595256E+00 
       655  2.171859563E+02  0.000000000E+00  9.955760402E+00 
       656  2.176686908E+02  0.000000000E+00  9.956294904E+00 
       657  2.181593671E+02  0.000000000E+00  9.957140753E+00 
       658  2.186581157E+02  0.000000000E+00  9.958245848E+00 
       659  2.191650695E+02  0.000000000E+00  9.959563497E+00 
       660  2.196803635E+02  0.000000000E+00  9.961051981E+00 
       661  2.202041348E+02  0.000000000E+00  9.962674161E+00 
       662  2.207365230E+02  0.000000000E+00  9.964397103E+00 
       663  2.212776699E+02  0.000000000E+00  9.966191725E+00 
       664  2.218277194E+02  0.000000000E+00  9.968032469E+00 
       665  2.223868182E+02  0.000000000E+00  9.969896993E+00 
       666  2.229551149E+02  0.000000000E+00  9.971765880E+00 
       667  2.235327610E+02  0.000000000E+00  9.973622374E+00 
       668  2.241199103E+02  0.000000000E+00  9.975452129E+00 
       669  2.247167191E+02  0.000000000E+00  9.977242982E+00 
       670  2.253233464E+02  0.000000000E+00  9.978984736E+00 
       671  2.259399536E+02  0.000000000E+00  9.980668970E+00 
       672  2.265667050E+02  0.000000000E+00  9.982288852E+00 
       673  2.272037674E+02  0.000000000E+00  9.983838983E+00 
       674  2.278513104E+02  0.000000000E+00  9.985315234E+00 
       675  2.285095066E+02  0.000000000E+00  9.986714618E+00 
       676  2.291785311E+02  0.000000000E+00  9.988035154E+00 
       677  2.298585621E+02  0.000000000E+00  9.989275757E+00 
       678  2.305497807E+02  0.000000000E+00  9.990436127E+00 
       679  2.312523708E+02  0.000000000E+00  9.991516654E+00 
       680  2.319665197E+02  0.000000000E+00  9.992518325E+00 
       681  2.326924175E+02  0.000000000E+00  9.993442645E+00 
       682  2.334302574E+02  0.000000000E+00  9.994291560E+00 
       683  2.341802359E+02  0.000000000E+00  9.995067386E+00 
       684  2.349425527E+02  0.000000000E+00  9.995772743E+00 
       685  2.357174108E+02  0.000000000E+00  9.996410498E+00 
       686  2.365050165E+02  0.000000000E+00  9.996983706E+00 
       687  2.373055796E+02  0.000000000E+00  9.997495560E+00 
       688  2.381193132E+02  0.000000000E+00  9.997949337E+00 
       689  2.389464340E+02  0.000000000E+00  9.998348355E+00 
       690  2.397871622E+02  0.000000000E+00  9.998695926E+00 
       691  2.406417216E+02  0.000000000E+00  9.998995312E+00 
       692  2.415103399E+02  0.000000000E+00  9.999249684E+00 
       693  2.423932484E+02  0.000000000E+00  9.999462079E+00 
       694  2.432906820E+02  0.000000000E+00  9.999635353E+00 
       695  2.442028798E+02  0.000000000E+00  9.999772144E+00 
       696  2.451300847E+02  0.000000000E+00  9.999874813E+00 
       697  2.460725436E+02  0.000000000E+00  9.999945399E+00 
       698  2.470305073E+02  0.000000000E+00  9.999985545E+00 
       699  2.480042311E+02  0.000000000E+00  9.999996487E+00 
       700  2.489939742E+02  0.000000000E+00  9.999978878E+00 
       701  2.500000000E+02  0.000000000E+00  9.999932685E+00 
       702  2.510060258E+02  0.000000000E+00  9.999858631E+00 
       703  2.519957689E+02  0.000000000E+00  9.999758500E+00 
       704  2.529694927E+02  0.000000000E+00  9.999632877E+00 
       705  2.539274564E+02  0.000000000E+00  9.999481779E+00 
       706  2.548699153E+02  0.000000000E+00  9.999304715E+00 
       707  2.557971202E+02  0.000000000E+00  9.999100734E+00 
       708  2.567093180E+02  0.000000000E+00  9.998868473E+00 
       709  2.576067516E+02  0.000000000E+00  9.998606203E+00 
       710  2.584896601E+02  0.000000000E+00  9.998311864E+00 
       711  2.593582784E+02  0.000000000E+00  9.997983103E+00 
       712  2.602128379E+02  0.000000000E+00  9.997617302E+00 
       713  2.610535660E+02  0.000000000E+00  9.997211607E+00 
       714  2.618806868E+02  0.000000000E+00  9.996762946E+00 
       715  2.626944204E+02  0.000000000E+00  9.996268052E+00 
       716  2.634949835E+02  0.000000000E+00  9.995723480E+00 
       717  2.642825892E+02  0.000000000E+00  9.995125614E+00 
       718  2.650574473E+02  0.000000000E+00  9.994470684E+00 
       719  2.658197641E+02  0.000000000E+00  9.993754764E+00 
       720  2.665697426E+02  0.000000000E+00  9.992973777E+00 
       721  2.673075825E+02  0.000000000E+00  9.992123487E+00 
       722  2.680334803E+02  0.000000000E+00  9.991199493E+00 
       723  2.687476292E+02  0.000000000E+00  9.990197208E+00 
       724  2.694502193E+02  0.000000000E+00  9.989111842E+00 
       725  2.701414379E+02  0.000000000E+00  9.987938364E+00 
       726  2.708214689E+02  0.000000000E+00  9.986671467E+00 
       727  2.714904934E+02  0.000000000E+00  9.985305516E+00 
       728  2.721486896E+02  0.000000000E+00  9.983834490E+00 
       729  2.727962326E+02  0.000000000E+00  9.982251911E+00 
       730  2.734332950E+02  0.000000000E+00  9.980550757E+00 
       731  2.740600464E+02  0.000000000E+00  9.978723369E+00 
       732  2.746766536E+02  0.000000000E+00  9.976761335E+00 
       733  2.752832808E+02  0.000000000E+00  9.974655367E+00 
       734  2.758800897E+02  0.000000000E+00  9.972395156E+00 
       735  2.764672390E+02  0.000000000E+00  9.969969214E+00 
       736  2.770448851E+02  0.000000000E+00  9.967364690E+00 
       737  2.776131818E+02  0.000000000E+00  9.964567183E+00 
       738  2.781722806E+02  0.000000000E+00  9.961560517E+00 
       739  2.787223301E+02  0.000000000E+00  9.958326514E+00 
       740  2.792634769E+02  0.000000000E+00  9.954844733E+00 
       741  2.797958652E+02  0.000000000E+00  9.951092198E+00 
       742  2.803196365E+02  0.000000000E+00  9.947043105E+00 
       743  2.808349305E+02  0.000000000E+00  9.942668507E+00 
       744  2.813418843E+02  0.000000000E+00  9.937935978E+00 
       745  2.818406329E+02  0.000000000E+00  9.932809270E+00 
       746  2.823313092E+02  0.000000000E+00  9.927247937E+00 
       747  2.828140437E+02  0.000000000E+00  9.921206959E+00 
       748  2.832889650E+02  0.000000000E+00  9.914636345E+00 
       749  2.837561995E+02  0.000000000E+00  9.907480728E+00 
       750  2.842158718E+02  0.000000000E+00  9.899678949E+00 
       751  2.846681041E+02  0.000000000E+00  9.891163639E+00 
       752  2.851130169E+02  0.000000000E+00  9.881860800E+00 
       753  2.855507287E+02  0.000000000E+00  9.871689386E+00 
       754  2.859813560E+02  0.000000000E+00  9.860560901E+00 
       755  2.864050134E+02  0.000000000E+00  9.848379007E+00 
       756  2.868218139E+02  0.000000000E+00  9.835039144E+00 
       757  2.872318683E+02  0.000000000E+00  9.820428195E+00 
       758  2.876352858E+02  0.000000000E+00  9.804424167E+00 
       759  2.880321740E+02  0.000000000E+00  9.786895930E+00 
       760  2.884226383E+02  0.000000000E+00  9.767702998E+00 
       761  2.888067830E+02  0.000000000E+00  9.746695374E+00 
       762  2.891847101E+02  0.000000000E+00  9.723713466E+00 
       763  2.895565204E+02  0.000000000E+00  9.698588088E+00 
       764  2.899223128E+02  0.000000000E+00  9.671140540E+00 
       765  2.902821847E+02  0.000000000E+00  9.641182810E+00 
       766  2.906362321E+02  0.000000000E+00  9.608517874E+00 
       767  2.909845490E+02  0.000000000E+00  9.572940127E+00 
       768  2.913272284E+02  0.000000000E+00  9.534235958E+00 
       769  2.916643614E+02  0.000000000E+00  9.492184457E+00 
       770  2.919960378E+02  0.000000000E+00  9.446558294E+00 
       771  2.923223460E+02  0.000000000E+00  9.397124753E+00 
       772  2.926433727E+02  0.000000000E+00  9.343646952E+00 
       773  2.929592035E+02  0.000000000E+00  9.285885224E+00 
       774  2.932699226E+02  0.000000000E+00  9.223598706E+00 
       775  2.935756125E+02  0.000000000E+00  9.156547094E+00 
       776  2.938763548E+02  0.000000000E+00  9.084492594E+00 
       777  2.941722295E+02  0.000000000E+00  9.007202044E+00 
       778  2.944633153E+02  0.000000000E+00  8.924449225E+00 
       779  2.947496899E+02  0.000000000E+00  8.836017312E+00 
       780  2.950314294E+02  0.000000000E+00  8.741701489E+00 
       781  2.953086088E+02  0.000000000E+00  8.641311678E+00 
       782  2.955813021E+02  0.000000000E+00  8.534675358E+00 
       783  2.958495817E+02  0.000000000E+00  8.421640487E+00 
       784  2.961135192E+02  0.000000000E+00  8.302078437E+00 
       785  2.963731847E+02  0.000000000E+00  8.175886909E+00 
       786  2.966286475E+02  0.000000000E+00  8.042992849E+00 
       787  2.968799755E+02  0.000000000E+00  7.903355235E+00 
       788  2.971272358E+02  0.000000000E+00  7.756967734E+00 
       789  2.973704940E+02  0.000000000E+00  7.603861189E+00 
       790  2.976098151E+02  0.000000000E+00  7.444105830E+00 
       791  2.978452626E+02  0.000000000E+00  7.277813224E+00 
       792  2.980768994E+02  0.000000000E+00  7.105137865E+00 
       793  2.983047871E+02  0.000000000E+00  6.926278367E+00 
       794  2.985289863E+02  0.000000000E+00  6.741478295E+00 
       795  2.987495568E+02  0.000000000E+00  6.886333923E+00 
       796  2.989665574E+02  0.000000000E+00  7.040185142E+00 
       797  2.991800457E+02  0.000000000E+00  6.878994760E+00 
       798  2.993900786E+02  0.000000000E+00  6.713974014E+00 
       799  2.995967121E+02  0.000000000E+00  6.545563414E+00 
       800  2.998000012E+02  0.000000000E+00  6.374146126E+00 
       801  3.000000000E+02  0.000000000E+00  6.738524702E+00 
       802  3.002500000E+02  0.000000000E+00  7.282883901E+00 
       803  3.005000000E+02  0.000000000E+00  7.258401186E+00 
       804  3.007500000E+02  0.000000000E+00  7.252221760E+00 
       805  3.010000000E+02  0.000000000E+00  7.256854712E+00 
       806  3.012500000E+02  0.000000000E+00  7.269469924E+00 
       807  3.015000000E+02  0.000000000E+00  7.288185122E+00 
       808  3.017500000E+02  0.000000000E+00  7.311657996E+00 
       809  3.020000000E+02  0.000000000E+00  7.338885934E+00 
       810  3.022500000E+02  0.000000000E+00  7.369095898E+00 
       811  3.025000000E+02  0.000000000E+00  7.401678188E+00 
       812  3.027500000E+02  0.000000000E+00  7.436143780E+00 
       813  3.030000000E+02  0.000000000E+00  7.472095384E+00 
       814  3.032500000E+02  0.000000000E+00  7.509206991E+00 
       815  3.035000000E+02  0.000000000E+00  7.547208963E+00 
       816  3.037500000E+02  0.000000000E+00  7.585876871E+00 
       817  3.040000000E+02  0.000000000E+00  7.625022971E+00 
       818  3.042500000E+02  0.000000000E+00  7.664489577E+00 
       819  3.045000000E+02  0.000000000E+00  7.704143826E+00 
       820  3.047500000E+02  0.000000000E+00  7.743873501E+00 
       821  3.050000000E+02  0.000000000E+00  7.783583663E+00 
       822  3.052500000E+02  0.000000000E+00  7.823193897E+00 
       823  3.055000000E+02  0.000000000E+00  7.862636052E+00 
       824  3.057500000E+02  0.000000000E+00  7.901852377E+00 
       825  3.060000000E+02  0.000000000E+00  7.940793966E+00 
       826  3.062500000E+02  0.000000000E+00  7.979419456E+00 
       827  3.065000000E+02  0.000000000E+00  8.017693933E+00 
       828  3.067500000E+02  0.000000000E+00  8.055588010E+00 
       829  3.070000000E+02  0.000000000E+00  8.093077046E+00 
       830  3.072500000E+02  0.000000000E+00  8.130140478E+00 
       831  3.075000000E+02  0.000000000E+00  8.166761258E+00 
       832  3.077500000E+02  0.000000000E+00  8.202925366E+00 
       833  3.080000000E+02  0.000000000E+00  8.238621397E+00 
       834  3.082500000E+02  0.000000000E+00  8.273840206E+00 
       835  3.085000000E+02  0.000000000E+00  8.308574600E+00 
       836  3.087500000E+02  0.000000000E+00  8.342819080E+00 
       837  3.090000000E+02  0.000000000E+00  8.376569607E+00 
       838  3.092500000E+02  0.000000000E+00  8.409823413E+00 
       839  3.095000000E+02  0.000000000E+00  8.442578828E+00 
       840  3.097500000E+02  0.000000000E+00  8.474835136E+00 
       841  3.100000000E+02  0.000000000E+00  8.506592448E+00 
       842  3.102500000E+02  0.000000000E+00  8.537851591E+00 
       843  3.105000000E+02  0.000000000E+00  8.568614016E+00 
       844  3.107500000E+02  0.000000000E+00  8.598881711E+00 
       845  3.110000000E+02  0.000000000E+00  8.628657137E+00 
       846  3.112500000E+02  0.000000000E+00  8.657943156E+00 
       847  3.115000000E+02  0.000000000E+00  8.686742986E+00 
       848  3.117500000E+02  0.000000000E+00  8.715060148E+00 
       849  3.120000000E+02  0.000000000E+00  8.742898428E+00 
       850  3.122500000E+02  0.000000000E+00  8.770261839E+00 
       851  3.125000000E+02  0.000000000E+00  8.797154593E+00 
       852  3.127500000E+02  0.000000000E+00  8.823581072E+00 
       853  3.130000000E+02  0.000000000E+00  8.849545803E+00 
       854  3.132500000E+02  0.000000000E+00  8.875053438E+00 
       855  3.135000000E+02  0.000000000E+00  8.900108739E+00 
       856  3.137500000E+02  0.000000000E+00  8.924716557E+00 
       857  3.140000000E+02  0.000000000E+00  8.948881820E+00 
       858  3.142500000E+02  0.000000000E+00  8.972609523E+00 
       859  3.145000000E+02  0.000000000E+00  8.995904712E+00 
       860  3.147500000E+02  0.000000000E+00  9.018772480E+00 
       861  3.150000000E+02  0.000000000E+00  9.041217955E+00 
       862  3.152500000E+02  0.000000000E+00  9.063246292E+00 
       863  3.155000000E+02  0.000000000E+00  9.084862670E+00 
       864  3.157500000E+02  0.000000000E+00  9.106072283E+00 
       865  3.160000000E+02  0.000000000E+00  9.126880333E+00 
       866  3.162500000E+02  0.000000000E+00  9.147292031E+00 
       867  3.165000000E+02  0.000000000E+00  9.167312588E+00 
       868  3.167500000E+02  0.000000000E+00  9.186947212E+00 
       869  3.170000000E+02  0.000000000E+00  9.206201105E+00 
       870  3.172500000E+02  0.000000000E+00  9.225079463E+00 
       871  3.175000000E+02  0.000000000E+00  9.243587465E+00 
       872  3.177500000E+02  0.000000000E+00  9.261730280E+00 
       873  3.180000000E+02  0.000000000E+00  9.279513058E+00 
       874  3.182500000E+02  0.000000000E+00  9.296940931E+00 
       875  3.185000000E+02  0.000000000E+00  9.314019009E+00 
       876  3.187500000E+02  0.000000000E+00  9.330752380E+00 
       877  3.190000000E+02  0.000000000E+00  9.347146107E+00 
       878  3.192500000E+02  0.000000000E+00  9.363205227E+00 
       879  3.195000000E+02  0.000000000E+00  9.378934750E+00 
       880  3.197500000E+02  0.000000000E+00  9.394339657E+00 
       881  3.200000000E+02  0.000000000E+00  9.409424899E+00 
       882  3.202500000E+02  0.000000000E+00  9.424195394E+00 
       883  3.205000000E+02  0.000000000E+00  9.438656030E+00 
       884  3.207500000E+02  0.000000000E+00  9.452811660E+00 
       885  3.210000000E+02  0.000000000E+00  9.466667102E+00 
       886  3.212500000E+02  0.000000000E+00  9.480227140E+00 
       887  3.215000000E+02  0.000000000E+00  9.493496521E+00 
       888  3.217500000E+02  0.000000000E+00  9.506479955E+00 
       889  3.220000000E+02  0.000000000E+00  9.519182114E+00 
       890  3.222500000E+02  0.000000000E+00  9.531607630E+00 
       891  3.225000000E+02  0.000000000E+00  9.543761098E+00 
       892  3.227500000E+02  0.000000000E+00  9.555647072E+00 
       893  3.230000000E+02  0.000000000E+00  9.567270063E+00 
       894  3.232500000E+02  0.000000000E+00  9.578634545E+00 
       895  3.235000000E+02  0.000000000E+00  9.589744947E+00 
       896  3.237500000E+02  0.000000000E+00  9.600605656E+00 
       897  3.240000000E+02  0.000000000E+00  9.611221017E+00 
       898  3.242500000E+02  0.000000000E+00  9.621595331E+00 
       899  3.245000000E+02  0.000000000E+00  9.631732855E+00 
       900  3.247500000E+02  0.000000000E+00  9.641637803E+00 
       901  3.250000000E+02  0.000000000E+00  9.651314343E+00 
       902  3.252500000E+02  0.000000000E+00  9.660766598E+00 
       903  3.255000000E+02  0.000000000E+00  9.669998647E+00 
       904  3.257500000E+02  0.000000000E+00  9.679014521E+00 
       905  3.260000000E+02  0.000000000E+00  9.687818208E+00 
       906  3.262500000E+02  0.000000000E+00  9.696413647E+00 
       907  3.265000000E+02  0.000000000E+00  9.704804731E+00 
       908  3.267500000E+02  0.000000000E+00  9.712995309E+00 
       909  3.270000000E+02  0.000000000E+00  9.720989179E+00 
       910  3.272500000E+02  0.000000000E+00  9.728790094E+00 
       911  3.275000000E+02  0.000000000E+00  9.736401761E+00 
       912  3.277500000E+02  0.000000000E+00  9.743827837E+00 
       913  3.280000000E+02  0.000000000E+00  9.751071932E+00 
       914  3.282500000E+02  0.000000000E+00  9.758137610E+00 
       915  3.285000000E+02  0.000000000E+00  9.765028385E+00 
       916  3.287500000E+02  0.000000000E+00  9.771747724E+00 
       917  3.290000000E+02  0.000000000E+00  9.778299048E+00 
       918  3.292500000E+02  0.000000000E+00  9.784685728E+00 
       919  3.295000000E+02  0.000000000E+00  9.790911087E+00 
       920  3.297500000E+02  0.000000000E+00  9.796978400E+00 
       921  3.300000000E+02  0.000000000E+00  9.802890896E+00 
       922  3.302500000E+02  0.000000000E+00  9.808651755E+00 
       923  3.305000000E+02  0.000000000E+00  9.814264108E+00 
       924  3.307500000E+02  0.000000000E+00  9.819731040E+00 
       925  3.310000000E+02  0.000000000E+00  9.825055589E+00 
       926  3.312500000E+02  0.000000000E+00  9.830240742E+00 
       927  3.315000000E+02  0.000000000E+00  9.835289442E+00 
       928  3.317500000E+02  0.000000000E+00  9.840204584E+00 
       929  3.320000000E+02  0.000000000E+00  9.844989014E+00 
       930  3.322500000E+02  0.000000000E+00  9.849645534E+00 
       931  3.325000000E+02  0.000000000E+00  9.854176897E+00 
       932  3.327500000E+02  0.000000000E+00  9.858585810E+00 
       933  3.330000000E+02  0.000000000E+00  9.862874933E+00 
       934  3.332500000E+02  0.000000000E+00  9.867046881E+00 
       935  3.335000000E+02  0.000000000E+00  9.871104223E+00 
       936  3.337500000E+02  0.000000000E+00  9.875049480E+00 
       937  3.340000000E+02  0.000000000E+00  9.878885130E+00 
       938  3.342500000E+02  0.000000000E+00  9.882613605E+00 
       939  3.345000000E+02  0.000000000E+00  9.886237292E+00 
       940  3.347500000E+02  0.000000000E+00  9.889758532E+00 
       941  3.350000000E+02  0.000000000E+00  9.893179623E+00 
       942  3.352500000E+02  0.000000000E+00  9.896502818E+00 
       943  3.355000000E+02  0.000000000E+00  9.899730328E+00 
       944  3.357500000E+02  0.000000000E+00  9.902864318E+00 
       945  3.360000000E+02  0.000000000E+00  9.905906911E+00 
       946  3.362500000E+02  0.000000000E+00  9.908860187E+00 
       947  3.365000000E+02  0.000000000E+00  9.911726183E+00 
       948  3.367500000E+02  0.000000000E+00  9.914506894E+00 
       949  3.370000000E+02  0.000000000E+00  9.917204273E+00 
       950  3.372500000E+02  0.000000000E+00  9.919820232E+00 
       951  3.375000000E+02  0.000000000E+00  9.922356641E+00 
       952  3.377500000E+02  0.000000000E+00  9.924815329E+00 
       953  3.380000000E+02  0.000000000E+00  9.927198085E+00 
       954  3.382500000E+02  0.000000000E+00  9.929506658E+00 
       955  3.385000000E+02  0.000000000E+00  9.931742757E+00 
       956  3.387500000E+02  0.000000000E+00  9.933908051E+00 
       957  3.390000000E+02  0.000000000E+00  9.936004171E+00 
       958  3.392500000E+02  0.000000000E+00  9.938032709E+00 
       959  3.395000000E+02  0.000000000E+00  9.939995219E+00 
       960  3.397500000E+02  0.000000000E+00  9.941893215E+00 
       961  3.400000000E+02  0.000000000E+00  9.943728176E+00 
       962  3.402500000E+02  0.000000000E+00  9.945501543E+00 
       963  3.405000000E+02  0.000000000E+00  9.947214720E+00 
       964  3.407500000E+02  0.000000000E+00  9.948869076E+00 
       965  3.410000000E+02  0.000000000E+00  9.950465941E+00 
       966  3.412500000E+02  0.000000000E+00  9.952006613E+00 
       967  3.415000000E+02  0.000000000E+00  9.953492351E+00 
       968  3.417500000E+02  0.000000000E+00  9.954924383E+00 
       969  3.420000000E+02  0.000000000E+00  9.956303900E+00 
       970  3.422500000E+02  0.000000000E+00  9.957632059E+00 
       971  3.425000000E+02  0.000000000E+00  9.958909985E+00 
       972  3.427500000E+02  0.000000000E+00  9.960138767E+00 
       973  3.430000000E+02  0.000000000E+00  9.961319464E+00 
       974  3.432500000E+02  0.000000000E+00  9.962453101E+00 
       975  3.435000000E+02  0.000000000E+00  9.963540669E+00 
       976  3.437500000E+02  0.000000000E+00  9.964583131E+00 
       977  3.440000000E+02  0.000000000E+00  9.965581415E+00 
       978  3.442500000E+02  0.000000000E+00  9.966536421E+00 
       979  3.445000000E+02  0.000000000E+00  9.967449014E+00 
       980  3.447500000E+02  0.000000000E+00  9.968320033E+00 
       981  3.450000000E+02  0.000000000E+00  9.969150284E+00 
       982  3.452500000E+02  0.000000000E+00  9.969940544E+00 
       983  3.455000000E+02  0.000000000E+00  9.970691561E+00 
       984  3.457500000E+02  0.000000000E+00  9.971404055E+00 
       985  3.460000000E+02  0.000000000E+00  9.972078714E+00 
       986  3.462500000E+02  0.000000000E+00  9.972716201E+00 
       987  3.465000000E+02  0.000000000E+00  9.973317149E+00 
       988  3.467500000E+02  0.000000000E+00  9.973882163E+00 
       989  3.470000000E+02  0.000000000E+00  9.974411822E+00 
       990  3.472500000E+02  0.000000000E+00  9.974906677E+00 
       991  3.475000000E+02  0.000000000E+00  9.975367251E+00 
       992  3.477500000E+02  0.000000000E+00  9.975794043E+00 
       993  3.480000000E+02  0.000000000E+00  9.976187523E+00 
       994  3.482500000E+02  0.000000000E+00  9.976548136E+00 
       995  3.485000000E+02  0.000000000E+00  9.976876302E+00 
       996  3.487500000E+02  0.000000000E+00  9.977172415E+00 
       997  3.490000000E+02  0.000000000E+00  9.977436842E+00 
       998  3.492500000E+02  0.000000000E+00  9.977669928E+00 
       999  3.495000000E+02  0.000000000E+00  9.977871992E+00 
      1000  3.497500000E+02  0.000000000E+00  9.978043327E+00 
      1001  3.500000000E+02  0.000000000E+00  9.978184204E+00 
      1002  3.502500000E+02  0.000000000E+00  9.978294868E+00 
      1003  3.505000000E+02  0.000000000E+00  9.978375541E+00 
      1004  3.507500000E+02  0.000000000E+00  9.978426422E+00 
      1005  3.510000000E+02  0.000000000E+00  9.978447685E+00 
      1006  3.512500000E+02  0.000000000E+00  9.978439482E+00 
      1007  3.515000000E+02  0.000000000E+00  9.978401942E+00 
      1008  3.517500000E+02  0.000000000E+00  9.978335169E+00 
      1009  3.520000000E+02  0.000000000E+00  9.978239247E+00 
      1010  3.522500000E+02  0.000000000E+00  9.978114235E+00 
      1011  3.525000000E+02  0.000000000E+00  9.977960172E+00 
      1012  3.527500000E+02  0.000000000E+00  9.977777073E+00 
      1013  3.530000000E+02  0.000000000E+00  9.977564930E+00 
      1014  3.532500000E+02  0.000000000E+00  9.977323715E+00 
      1015  3.535000000E+02  0.000000000E+00  9.977053377E+00 
      1016  3.537500000E+02  0.000000000E+00  9.976753843E+00 
      1017  3.540000000E+02  0.000000000E+00  9.976425019E+00 
      1018  3.542500000E+02  0.000000000E+00  9.976066788E+00 
      1019  3.545000000E+02  0.000000000E+00  9.975679013E+00 
      1020  3.547500000E+02  0.000000000E+00  9.975261534E+00 
      1021  3.550000000E+02  0.000000000E+00  9.974814171E+00 
      1022  3.552500000E+02  0.000000000E+00  9.974336722E+00 
      1023  3.555000000E+02  0.000000000E+00  9.973828962E+00 
      1024  3.557500000E+02  0.000000000E+00  9.973290647E+00 
      1025  3.560000000E+02  0.000000000E+00  9.972721511E+00 
      1026  3.562500000E+02  0.000000000E+00  9.972121265E+00 
      1027  3.565000000E+02  0.000000000E+00  9.971489602E+00 
      1028  3.567500000E+02  0.000000000E+00  9.970826190E+00 
      1029  3.570000000E+02  0.000000000E+00  9.970130678E+00 
      1030  3.572500000E+02  0.000000000E+00  9.969402693E+00 
      1031  3.575000000E+02  0.000000000E+00  9.968641841E+00 
      1032  3.577500000E+02  0.000000000E+00  9.967847705E+00 
      1033  3.580000000E+02  0.000000000E+00  9.967019849E+00 
      1034  3.582500000E+02  0.000000000E+00  9.966157812E+00 
      1035  3.585000000E+02  0.000000000E+00  9.965261114E+00 
      1036  3.587500000E+02  0.000000000E+00  9.964329252E+00 
      1037  3.590000000E+02  0.000000000E+00  9.963361701E+00 
      1038  3.592500000E+02  0.000000000E+00  9.962357916E+00 
      1039  3.595000000E+02  0.000000000E+00  9.961317326E+00 
      1040  3.597500000E+02  0.000000000E+00  9.960239341E+00 
      1041  3.600000000E+02  0.000000000E+00  9.959123347E+00 
      1042  3.602500000E+02  0.000000000E+00  9.957968708E+00 
      1043  3.605000000E+02  0.000000000E+00  9.956774764E+00 
      1044  3.607500000E+02  0.000000000E+00  9.955540834E+00 
      1045  3.610000000E+02  0.000000000E+00  9.954266212E+00 
      1046  3.612500000E+02  0.000000000E+00  9.952950168E+00 
      1047  3.615000000E+02  0.000000000E+00  9.951591952E+00 
      1048  3.617500000E+02  0.000000000E+00  9.950190785E+00 
      1049  3.620000000E+02  0.000000000E+00  9.948745869E+00 
      1050  3.622500000E+02  0.000000000E+00  9.947256376E+00 
      1051  3.625000000E+02  0.000000000E+00  9.945721459E+00 
      1052  3.627500000E+02  0.000000000E+00  9.944140242E+00 
      1053  3.630000000E+02  0.000000000E+00  9.942511825E+00 
      1054  3.632500000E+02  0.000000000E+00  9.940835283E+00 
      1055  3.635000000E+02  0.000000000E+00  9.939109664E+00 
      1056  3.637500000E+02  0.000000000E+00  9.937333990E+00 
      1057  3.640000000E+02  0.000000000E+00  9.935507257E+00 
      1058  3.642500000E+02  0.000000000E+00  9.933628433E+00 
      1059  3.645000000E+02  0.000000000E+00  9.931696459E+00 
      1060  3.647500000E+02  0.000000000E+00  9.929710250E+00 
      1061  3.650000000E+02  0.000000000E+00  9.927668689E+00 
      1062  3.652500000E+02  0.000000000E+00  9.925570634E+00 
      1063  3.655000000E+02  0.000000000E+00  9.923414912E+00 
      1064  3.657500000E+02  0.000000000E+00  9.921200321E+00 
      1065  3.660000000E+02  0.000000000E+00  9.918925630E+00 
      1066  3.662500000E+02  0.000000000E+00  9.916589576E+00 
      1067  3.665000000E+02  0.000000000E+00  9.914190865E+00 
      1068  3.667500000E+02  0.000000000E+00  9.911728174E+00 
      1069  3.670000000E+02  0.000000000E+00  9.909200147E+00 
      1070  3.672500000E+02  0.000000000E+00  9.906605393E+00 
      1071  3.675000000E+02  0.000000000E+00  9.903942493E+00 
      1072  3.677500000E+02  0.000000000E+00  9.901209990E+00 
      1073  3.680000000E+02  0.000000000E+00  9.898406397E+00 
      1074  3.682500000E+02  0.000000000E+00  9.895530188E+00 
      1075  3.685000000E+02  0.000000000E+00  9.892579806E+00 
      1076  3.687500000E+02  0.000000000E+00  9.889553656E+00 
      1077  3.690000000E+02  0.000000000E+00  9.886450109E+00 
      1078  3.692500000E+02  0.000000000E+00  9.883267496E+00 
      1079  3.695000000E+02  0.000000000E+00  9.880004112E+00 
      1080  3.697500000E+02  0.000000000E+00  9.876658216E+00 
      1081  3.700000000E+02  0.000000000E+00  9.873228025E+00 
      1082  3.702500000E+02  0.000000000E+00  9.869711719E+00 
      1083  3.705000000E+02  0.000000000E+00  9.866107437E+00 
      1084  3.707500000E+02  0.000000000E+00  9.862413279E+00 
      1085  3.710000000E+02  0.000000000E+00  9.858627303E+00 
      1086  3.712500000E+02  0.000000000E+00  9.854747524E+00 
      1087  3.715000000E+02  0.000000000E+00  9.850771917E+00 
      1088  3.717500000E+02  0.000000000E+00  9.846698412E+00 
      1089  3.720000000E+02  0.000000000E+00  9.842524897E+00 
      1090  3.722500000E+02  0.000000000E+00  9.838249215E+00 
      1091  3.725000000E+02  0.000000000E+00  9.833869165E+00 
      1092  3.727500000E+02  0.000000000E+00  9.829382498E+00 
      1093  3.730000000E+02  0.000000000E+00  9.824786923E+00 
      1094  3.732500000E+02  0.000000000E+00  9.820080099E+00 
      1095  3.735000000E+02  0.000000000E+00  9.815259638E+00 
      1096  3.737500000E+02  0.000000000E+00  9.810323107E+00 
      1097  3.740000000E+02  0.000000000E+00  9.805268021E+00 
      1098  3.742500000E+02  0.000000000E+00  9.800091849E+00 
      1099  3.745000000E+02  0.000000000E+00  9.794792008E+00 
      1100  3.747500000E+02  0.000000000E+00  9.789365867E+00 
      1101  3.750000000E+02  0.000000000E+00  9.783810743E+00 
      1102  3.752500000E+02  0.000000000E+00  9.778123903E+00 
      1103  3.755000000E+02  0.000000000E+00  9.772302562E+00 
      1104  3.757500000E+02  0.000000000E+00  9.766343883E+00 
      1105  3.760000000E+02  0.000000000E+00  9.760244977E+00 
      1106  3.762500000E+02  0.000000000E+00  9.754002902E+00 
      1107  3.765000000E+02  0.000000000E+00  9.747614662E+00 
      1108  3.767500000E+02  0.000000000E+00  9.741077209E+00 
      1109  3.770000000E+02  0.000000000E+00  9.734387441E+00 
      1110  3.772500000E+02  0.000000000E+00  9.727542202E+00 
      1111  3.775000000E+02  0.000000000E+00  9.720538280E+00 
      1112  3.777500000E+02  0.000000000E+00  9.713372412E+00 
      1113  3.780000000E+02  0.000000000E+00  9.706041276E+00 
      1114  3.782500000E+02  0.000000000E+00  9.698541501E+00 
      1115  3.785000000E+02  0.000000000E+00  9.690869656E+00 
      1116  3.787500000E+02  0.000000000E+00  9.683022259E+00 
      1117  3.790000000E+02  0.000000000E+00  9.674995771E+00 
      1118  3.792500000E+02  0.000000000E+00  9.666786601E+00 
      1119  3.795000000E+02  0.000000000E+00  9.658391103E+00 
      1120  3.797500000E+02  0.000000000E+00  9.649805576E+00 
      1121  3.800000000E+02  0.000000000E+00  9.641026266E+00 
      1122  3.802500000E+02  0.000000000E+00  9.632049368E+00 
      1123  3.805000000E+02  0.000000000E+00  9.622871021E+00 
      1124  3.807500000E+02  0.000000000E+00  9.613487316E+00 
      1125  3.810000000E+02  0.000000000E+00  9.603894288E+00 
      1126  3.812500000E+02  0.000000000E+00  9.594087927E+00 
      1127  3.815000000E+02  0.000000000E+00  9.584064170E+00 
      1128  3.817500000E+02  0.000000000E+00  9.573818907E+00 
      1129  3.820000000E+02  0.000000000E+00  9.563347980E+00 
      1130  3.822500000E+02  0.000000000E+00  9.552647186E+00 
      1131  3.825000000E+02  0.000000000E+00  9.541712277E+00 
      1132  3.827500000E+02  0.000000000E+00  9.530538962E+00 
      1133  3.830000000E+02  0.000000000E+00  9.519122912E+00 
      1134  3.832500000E+02  0.000000000E+00  9.507459755E+00 
      1135  3.835000000E+02  0.000000000E+00  9.495545085E+00 
      1136  3.837500000E+02  0.000000000E+00  9.483374461E+00 
      1137  3.840000000E+02  0.000000000E+00  9.470943412E+00 
      1138  3.842500000E+02  0.000000000E+00  9.458247436E+00 
      1139  3.845000000E+02  0.000000000E+00  9.445282009E+00 
      1140  3.847500000E+02  0.000000000E+00  9.432042583E+00 
      1141  3.850000000E+02  0.000000000E+00  9.418524596E+00 
      1142  3.852500000E+02  0.000000000E+00  9.404723470E+00 
      1143  3.855000000E+02  0.000000000E+00  9.390634622E+00 
      1144  3.857500000E+02  0.000000000E+00  9.376253466E+00 
      1145  3.860000000E+02  0.000000000E+00  9.361575422E+00 
      1146  3.862500000E+02  0.000000000E+00  9.346595918E+00 
      1147  3.865000000E+02  0.000000000E+00  9.331310404E+00 
      1148  3.867500000E+02  0.000000000E+00  9.315714357E+00 
      1149  3.870000000E+02  0.000000000E+00  9.299803293E+00 
      1150  3.872500000E+02  0.000000000E+00  9.283572774E+00 
      1151  3.875000000E+02  0.000000000E+00  9.267018424E+00 
      1152  3.877500000E+02  0.000000000E+00  9.250135944E+00 
      1153  3.880000000E+02  0.000000000E+00  9.232921123E+00 
      1154  3.882500000E+02  0.000000000E+00  9.215369859E+00 
      1155  3.885000000E+02  0.000000000E+00  9.197478180E+00 
      1156  3.887500000E+02  0.000000000E+00  9.179242264E+00 
      1157  3.890000000E+02  0.000000000E+00  9.160658467E+00 
      1158  3.892500000E+02  0.000000000E+00  9.141723351E+00 
      1159  3.895000000E+02  0.000000000E+00  9.122433721E+00 
      1160  3.897500000E+02  0.000000000E+00  9.102786658E+00 
      1161  3.900000000E+02  0.000000000E+00  9.082779570E+00 
      1162  3.902500000E+02  0.000000000E+00  9.062410236E+00 
      1163  3.905000000E+02  0.000000000E+00  9.041676868E+00 
      1164  3.907500000E+02  0.000000000E+00  9.020578177E+00 
      1165  3.910000000E+02  0.000000000E+00  8.999113448E+00 
      1166  3.912500000E+02  0.000000000E+00  8.977282628E+00 
      1167  3.915000000E+02  0.000000000E+00  8.955086428E+00 
      1168  3.917500000E+02  0.000000000E+00  8.932526444E+00 
      1169  3.920000000E+02  0.000000000E+00  8.909605284E+00 
      1170  3.922500000E+02  0.000000000E+00  8.886326734E+00 
      1171  3.925000000E+02  0.000000000E+00  8.862695934E+00 
      1172  3.927500000E+02  0.000000000E+00  8.838719591E+00 
      1173  3.930000000E+02  0.000000000E+00  8.814406225E+00 
      1174  3.932500000E+02  0.000000000E+00  8.789766456E+00 
      1175  3.935000000E+02  0.000000000E+00  8.764813337E+00 
      1176  3.937500000E+02  0.000000000E+00  8.739562748E+00 
      1177  3.940000000E+02  0.000000000E+00  8.714033855E+00 
      1178  3.942500000E+02  0.000000000E+00  8.688249652E+00 
      1179  3.945000000E+02  0.000000000E+00  8.662237599E+00 
      1180  3.947500000E+02  0.000000000E+00  8.636030386E+00 
      1181  3.950000000E+02  0.000000000E+00  8.609666830E+00 
      1182  3.952500000E+02  0.000000000E+00  8.583192957E+00 
      1183  3.955000000E+02  0.000000000E+00  8.556663302E+00 
      1184  3.957500000E+02  0.000000000E+00  8.530142478E+00 
      1185  3.960000000E+02  0.000000000E+00  8.503707092E+00 
      1186  3.962500000E+02  0.000000000E+00  8.477448098E+00 
      1187  3.965000000E+02  0.000000000E+00  8.451473704E+00 
      1188  3.967500000E+02  0.000000000E+00  8.425913032E+00 
      1189  3.970000000E+02  0.000000000E+00  8.400920744E+00 
      1190  3.972500000E+02  0.000000000E+00  8.376683013E+00 
      1191  3.975000000E+02  0.000000000E+00  8.353425338E+00 
      1192  3.977500000E+02  0.000000000E+00  8.331423019E+00 
      1193  3.980000000E+02  0.000000000E+00  8.311015539E+00 
      1194  3.982500000E+02  0.000000000E+00  8.292626987E+00 
      1195  3.985000000E+02  0.000000000E+00  8.276796244E+00 
      1196  3.987500000E+02  0.000000000E+00  8.264224030E+00 
      1197  3.990000000E+02  0.000000000E+00  8.255851450E+00 
      1198  3.992500000E+02  0.000000000E+00  8.253003492E+00 
      1199  3.995000000E+02  0.000000000E+00  8.257682589E+00 
      1200  3.997500000E+02  0.000000000E+00  8.275277380E+00 
      1201  4.000000000E+02  0.000000000E+00  7.703531724E+00 
      1202  4.002000034E+02  0.000000000E+00  7.309604393E+00 
      1203  4.004016387E+02  0.000000000E+00  7.455264453E+00 
      1204  4.006049192E+02  0.000000000E+00  7.595336655E+00 
      1205  4.008098583E+02  0.000000000E+00  7.729859470E+00 
      1206  4.010164696E+02  0.000000000E+00  7.858827414E+00 
      1207  4.012247666E+02  0.000000000E+00  7.982266057E+00 
      1208  4.014347631E+02  0.000000000E+00  8.100227391E+00 
      1209  4.016464731E+02  0.000000000E+00  8.212785693E+00 
      1210  4.018599104E+02  0.000000000E+00  8.320034234E+00 
      1211  4.020750892E+02  0.000000000E+00  8.422082579E+00 
      1212  4.022920237E+02  0.000000000E+00  8.519054093E+00 
      1213  4.025107282E+02  0.000000000E+00  8.616826666E+00 
      1214  4.027312172E+02  0.000000000E+00  8.709443352E+00 
      1215  4.029535052E+02  0.000000000E+00  8.791237466E+00 
      1216  4.031776069E+02  0.000000000E+00  8.868585994E+00 
      1217  4.034035370E+02  0.000000000E+00  8.941649624E+00 
      1218  4.036313106E+02  0.000000000E+00  9.010591890E+00 
      1219  4.038609426E+02  0.000000000E+00  9.075577978E+00 
      1220  4.040924483E+02  0.000000000E+00  9.136773700E+00 
      1221  4.043258428E+02  0.000000000E+00  9.197720939E+00 
      1222  4.045611417E+02  0.000000000E+00  9.254958450E+00 
      1223  4.047983604E+02  0.000000000E+00  9.305233155E+00 
      1224  4.050375146E+02  0.000000000E+00  9.352404944E+00 
      1225  4.052786201E+02  0.000000000E+00  9.396628264E+00 
      1226  4.055216929E+02  0.000000000E+00  9.440419021E+00 
      1227  4.057667489E+02  0.000000000E+00  9.486233261E+00 
      1228  4.060138044E+02  0.000000000E+00  9.534491425E+00 
      1229  4.062628756E+02  0.000000000E+00  9.577028183E+00 
      1230  4.065139791E+02  0.000000000E+00  9.610915737E+00 
      1231  4.067671314E+02  0.000000000E+00  9.644329131E+00 
      1232  4.070223492E+02  0.000000000E+00  9.674811263E+00 
      1233  4.072796494E+02  0.000000000E+00  9.703142623E+00 
      1234  4.075390490E+02  0.000000000E+00  9.727863701E+00 
      1235  4.078005650E+02  0.000000000E+00  9.746420430E+00 
      1236  4.080642148E+02  0.000000000E+00  9.764017527E+00 
      1237  4.083300158E+02  0.000000000E+00  9.780285493E+00 
      1238  4.085979855E+02  0.000000000E+00  9.795169416E+00 
      1239  4.088681416E+02  0.000000000E+00  9.786048690E+00 
      1240  4.091405020E+02  0.000000000E+00  9.777832289E+00 
      1241  4.094150846E+02  0.000000000E+00  9.794015253E+00 
      1242  4.096919076E+02  0.000000000E+00  9.809013519E+00 
      1243  4.099709892E+02  0.000000000E+00  9.822908386E+00 
      1244  4.102523480E+02  0.000000000E+00  9.835776452E+00 
      1245  4.105360024E+02  0.000000000E+00  9.847689792E+00 
      1246  4.108219711E+02  0.000000000E+00  9.858716133E+00 
      1247  4.111102732E+02  0.000000000E+00  9.868919034E+00 
      1248  4.114009276E+02  0.000000000E+00  9.878358069E+00 
      1249  4.116939535E+02  0.000000000E+00  9.887089015E+00 
      1250  4.119893702E+02  0.000000000E+00  9.895164022E+00 
      1251  4.122871973E+02  0.000000000E+00  9.902631803E+00 
      1252  4.125874544E+02  0.000000000E+00  9.909537804E+00 
      1253  4.128901614E+02  0.000000000E+00  9.915924379E+00 
      1254  4.131953383E+02  0.000000000E+00  9.921830955E+00 
      1255  4.135030051E+02  0.000000000E+00  9.927294202E+00 
      1256  4.138131823E+02  0.000000000E+00  9.932348184E+00 
      1257  4.141258902E+02  0.000000000E+00  9.937024517E+00 
      1258  4.144411496E+02  0.000000000E+00  9.941352515E+00 
      1259  4.147589813E+02  0.000000000E+00  9.945359331E+00 
      1260  4.150794062E+02  0.000000000E+00  9.949070096E+00 
      1261  4.154024455E+02  0.000000000E+00  9.952508042E+00 
      1262  4.157281206E+02  0.000000000E+00  9.955694635E+00 
      1263  4.160564529E+02  0.000000000E+00  9.958649687E+00 
      1264  4.163874641E+02  0.000000000E+00  9.961391467E+00 
      1265  4.167211762E+02  0.000000000E+00  9.963936813E+00 
      1266  4.170576110E+02  0.000000000E+00  9.966301229E+00 
      1267  4.173967909E+02  0.000000000E+00  9.968498980E+00 
      1268  4.177387382E+02  0.000000000E+00  9.970543185E+00 
      1269  4.180834756E+02  0.000000000E+00  9.972445897E+00 
      1270  4.184310257E+02  0.000000000E+00  9.974218186E+00 
      1271  4.187814116E+02  0.000000000E+00  9.975870212E+00 
      1272  4.191346563E+02  0.000000000E+00  9.977411298E+00 
      1273  4.194907832E+02  0.000000000E+00  9.978849991E+00 
      1274  4.198498158E+02  0.000000000E+00  9.980194126E+00 
      1275  4.202117779E+02  0.000000000E+00  9.981450882E+00 
      1276  4.205766933E+02  0.000000000E+00  9.982626838E+00 
      1277  4.209445860E+02  0.000000000E+00  9.983728017E+00 
      1278  4.213154806E+02  0.000000000E+00  9.984759938E+00 
      1279  4.216894013E+02  0.000000000E+00  9.985727655E+00 
      1280  4.220663728E+02  0.000000000E+00  9.986635797E+00 
      1281  4.224464202E+02  0.000000000E+00  9.987488604E+00 
      1282  4.228295685E+02  0.000000000E+00  9.988289964E+00 
      1283  4.232158429E+02  0.000000000E+00  9.989043437E+00 
      1284  4.236052691E+02  0.000000000E+00  9.989752292E+00 
      1285  4.239978726E+02  0.000000000E+00  9.990419528E+00 
      1286  4.243936795E+02  0.000000000E+00  9.991047897E+00 
      1287  4.247927158E+02  0.000000000E+00  9.991639931E+00 
      1288  4.251950080E+02  0.000000000E+00  9.992197957E+00 
      1289  4.256005825E+02  0.000000000E+00  9.992724119E+00 
      1290  4.260094662E+02  0.000000000E+00  9.993220393E+00 
      1291  4.264216861E+02  0.000000000E+00  9.993688604E+00 
      1292  4.268372694E+02  0.000000000E+00  9.994130435E+00 
      1293  4.272562434E+02  0.000000000E+00  9.994547448E+00 
      1294  4.276786360E+02  0.000000000E+00  9.994941086E+00 
      1295  4.281044750E+02  0.000000000E+00  9.995312691E+00 
      1296  4.285337884E+02  0.000000000E+00  9.995663509E+00 
      1297  4.289666047E+02  0.000000000E+00  9.995994700E+00 
      1298  4.294029525E+02  0.000000000E+00  9.996307346E+00 
      1299  4.298428605E+02  0.000000000E+00  9.996602457E+00 
      1300  4.302863578E+02  0.000000000E+00  9.996880977E+00 
      1301  4.307334737E+02  0.000000000E+00  9.997143790E+00 
      1302  4.311842377E+02  0.000000000E+00  9.997391726E+00 
      1303  4.316386795E+02  0.000000000E+00  9.997625565E+00 
      1304  4.320968293E+02  0.000000000E+00  9.997846039E+00 
      1305  4.325587172E+02  0.000000000E+00  9.998053839E+00 
      1306  4.330243737E+02  0.000000000E+00  9.998249616E+00 
      1307  4.334938296E+02  0.000000000E+00  9.998433986E+00 
      1308  4.339671159E+02  0.000000000E+00  9.998607529E+00 
      1309  4.344442638E+02  0.000000000E+00  9.998770796E+00 
      1310  4.349253049E+02  0.000000000E+00  9.998924309E+00 
      1311  4.354102708E+02  0.000000000E+00  9.999068561E+00 
      1312  4.358991937E+02  0.000000000E+00  9.999204022E+00 
      1313  4.363921059E+02  0.000000000E+00  9.999331138E+00 
      1314  4.368890398E+02  0.000000000E+00  9.999450332E+00 
      1315  4.373900283E+02  0.000000000E+00  9.999562007E+00 
      1316  4.378951044E+02  0.000000000E+00  9.999666547E+00 
      1317  4.384043016E+02  0.000000000E+00  9.999764317E+00 
      1318  4.389176534E+02  0.000000000E+00  9.999855664E+00 
      1319  4.394351937E+02  0.000000000E+00  9.999940920E+00 
      1320  4.399569568E+02  0.000000000E+00  1.000002040E+01 
      1321  4.404829770E+02  0.000000000E+00  1.000009441E+01 
      1322  4.410132892E+02  0.000000000E+00  1.000016323E+01 
      1323  4.415479282E+02  0.000000000E+00  1.000022714E+01 
      1324  4.420869295E+02  0.000000000E+00  1.000028639E+01 
      1325  4.426303286E+02  0.000000000E+00  1.000034125E+01 
      1326  4.431781614E+02  0.000000000E+00  1.000039194E+01 
      1327  4.437304641E+02  0.000000000E+00  1.000043869E+01 
      1328  4.442872731E+02  0.000000000E+00  1.000048172E+01 
      1329  4.448486253E+02  0.000000000E+00  1.000052123E+01 
      1330  4.454145576E+02  0.000000000E+00  1.000055742E+01 
      1331  4.459851075E+02  0.000000000E+00  1.000059048E+01 
      1332  4.465603126E+02  0.000000000E+00  1.000062057E+01 
      1333  4.471402109E+02  0.000000000E+00  1.000064787E+01 
      1334  4.477248408E+02  0.000000000E+00  1.000067253E+01 
      1335  4.483142407E+02  0.000000000E+00  1.000069472E+01 
      1336  4.489084497E+02  0.000000000E+00  1.000071455E+01 
      1337  4.495075070E+02  0.000000000E+00  1.000073218E+01 
      1338  4.501114521E+02  0.000000000E+00  1.000074772E+01 
      1339  4.507203248E+02  0.000000000E+00  1.000076129E+01 
      1340  4.513341655E+02  0.000000000E+00  1.000077300E+01 
      1341  4.519530147E+02  0.000000000E+00  1.000078295E+01 
      1342  4.525769132E+02  0.000000000E+00  1.000079124E+01 
      1343  4.532059021E+02  0.000000000E+00  1.000079794E+01 
      1344  4.538400232E+02  0.000000000E+00  1.000080315E+01 
      1345  4.544793181E+02  0.000000000E+00  1.000080692E+01 
      1346  4.551238292E+02  0.000000000E+00  1.000080932E+01 
      1347  4.557735990E+02  0.000000000E+00  1.000081042E+01 
      1348  4.564286703E+02  0.000000000E+00  1.000081025E+01 
      1349  4.570890866E+02  0.000000000E+00  1.000080887E+01 
      1350  4.577548913E+02  0.000000000E+00  1.000080631E+01 
      1351  4.584261284E+02  0.000000000E+00  1.000080259E+01 
      1352  4.591028423E+02  0.000000000E+00  1.000079775E+01 
      1353  4.597850777E+02  0.000000000E+00  1.000079180E+01 
      1354  4.604728795E+02  0.000000000E+00  1.000078474E+01 
      1355  4.611662932E+02  0.000000000E+00  1.000077660E+01 
      1356  4.618653647E+02  0.000000000E+00  1.000076736E+01 
      1357  4.625701400E+02  0.000000000E+00  1.000075703E+01 
      1358  4.632806657E+02  0.000000000E+00  1.000074560E+01 
      1359  4.639969887E+02  0.000000000E+00  1.000073305E+01 
      1360  4.647191564E+02  0.000000000E+00  1.000071939E+01 
      1361  4.654472164E+02  0.000000000E+00  1.000070459E+01 
      1362  4.661812167E+02  0.000000000E+00  1.000068864E+01 
      1363  4.669212059E+02  0.000000000E+00  1.000067153E+01 
      1364  4.676672328E+02  0.000000000E+00  1.000065324E+01 
      1365  4.684193468E+02  0.000000000E+00  1.000063377E+01 
      1366  4.691775973E+02  0.000000000E+00  1.000061312E+01 
      1367  4.699420346E+02  0.000000000E+00  1.000059129E+01 
      1368  4.707127091E+02  0.000000000E+00  1.000056830E+01 
      1369  4.714896716E+02  0.000000000E+00  1.000054417E+01 
      1370  4.722729736E+02  0.000000000E+00  1.000051896E+01 
      1371  4.730626666E+02  0.000000000E+00  1.000049273E+01 
      1372  4.738588030E+02  0.000000000E+00  1.000046557E+01 
      1373  4.746614352E+02  0.000000000E+00  1.000043762E+01 
      1374  4.754706162E+02  0.000000000E+00  1.000040905E+01 
      1375  4.762863994E+02  0.000000000E+00  1.000038009E+01 
      1376  4.771088389E+02  0.000000000E+00  1.000035104E+01 
      1377  4.779379887E+02  0.000000000E+00  1.000032230E+01 
      1378  4.787739038E+02  0.000000000E+00  1.000029439E+01 
      1379  4.796166392E+02  0.000000000E+00  1.000026799E+01 
      1380  4.804662507E+02  0.000000000E+00  1.000024402E+01 
      1381  4.813227944E+02  0.000000000E+00  1.000022369E+01 
      1382  4.821863268E+02  0.000000000E+00  1.000020861E+01 
      1383  4.830569049E+02  0.000000000E+00  1.000020097E+01 
      1384  4.839345862E+02  0.000000000E+00  1.000020371E+01 
      1385  4.848194287E+02  0.000000000E+00  1.000022081E+01 
      1386  4.857114908E+02  0.000000000E+00  1.000025774E+01 
      1387  4.866108314E+02  0.000000000E+00  1.000032199E+01 
      1388  4.875175099E+02  0.000000000E+00  1.000042384E+01 
      1389  4.884315862E+02  0.000000000E+00  1.000057750E+01 
      1390  4.893531206E+02  0.000000000E+00  1.000080259E+01 
      1391  4.902821741E+02  0.000000000E+00  1.000112635E+01 
      1392  4.912188078E+02  0.000000000E+00  1.000158656E+01 
      1393  4.921630837E+02  0.000000000E+00  1.000223584E+01 
      1394  4.931150642E+02  0.000000000E+00  1.000314749E+01 
      1395  4.940748120E+02  0.000000000E+00  1.000442385E+01 
      1396  4.950423907E+02  0.000000000E+00  1.000620798E+01 
      1397  4.960178639E+02  0.000000000E+00  1.000870032E+01 
      1398  4.970012963E+02  0.000000000E+00  1.001216471E+01 
      1399  4.979927527E+02  0.000000000E+00  1.001952934E+01 
      1400  4.989922986E+02  0.000000000E+00  1.002944360E+01 
      1401  5.000000000E+02  0.000000000E+00  1.003400797E+01 
