nodenumber     x-coordinate     y-coordinate           udm-12 
         1  0.000000000E+00  0.000000000E+00  9.996424492E+00 
         2  1.007701384E+00  0.000000000E+00  9.996525662E+00 
         3  2.007247274E+00  0.000000000E+00  9.998439138E+00 
         4  2.998703673E+00  0.000000000E+00  1.000013940E+01 
         5  3.982136051E+00  0.000000000E+00  9.999972998E+00 
         6  4.957609346E+00  0.000000000E+00  9.999847154E+00 
         7  5.925187975E+00  0.000000000E+00  9.999741248E+00 
         8  6.884935829E+00  0.000000000E+00  9.999649786E+00 
         9  7.836916284E+00  0.000000000E+00  9.999568845E+00 
        10  8.781192203E+00  0.000000000E+00  9.999495650E+00 
        11  9.717825941E+00  0.000000000E+00  9.999428233E+00 
        12  1.064687935E+01  0.000000000E+00  9.999365190E+00 
        13  1.156841377E+01  0.000000000E+00  9.999305517E+00 
        14  1.248249006E+01  0.000000000E+00  9.999248492E+00 
        15  1.338916858E+01  0.000000000E+00  9.999193597E+00 
        16  1.428850920E+01  0.000000000E+00  9.999140460E+00 
        17  1.518057130E+01  0.000000000E+00  9.999088815E+00 
        18  1.606541380E+01  0.000000000E+00  9.999038476E+00 
        19  1.694309512E+01  0.000000000E+00  9.998989314E+00 
        20  1.781367322E+01  0.000000000E+00  9.998941247E+00 
        21  1.867720559E+01  0.000000000E+00  9.998894225E+00 
        22  1.953374925E+01  0.000000000E+00  9.998848226E+00 
        23  2.038336076E+01  0.000000000E+00  9.998803248E+00 
        24  2.122609622E+01  0.000000000E+00  9.998759305E+00 
        25  2.206201128E+01  0.000000000E+00  9.998716424E+00 
        26  2.289116114E+01  0.000000000E+00  9.998674640E+00 
        27  2.371360056E+01  0.000000000E+00  9.998633997E+00 
        28  2.452938383E+01  0.000000000E+00  9.998594543E+00 
        29  2.533856484E+01  0.000000000E+00  9.998556330E+00 
        30  2.614119701E+01  0.000000000E+00  9.998519413E+00 
        31  2.693733335E+01  0.000000000E+00  9.998483846E+00 
        32  2.772702642E+01  0.000000000E+00  9.998449686E+00 
        33  2.851032837E+01  0.000000000E+00  9.998416986E+00 
        34  2.928729093E+01  0.000000000E+00  9.998385802E+00 
        35  3.005796541E+01  0.000000000E+00  9.998356185E+00 
        36  3.082240268E+01  0.000000000E+00  9.998328185E+00 
        37  3.158065324E+01  0.000000000E+00  9.998301848E+00 
        38  3.233276716E+01  0.000000000E+00  9.998277221E+00 
        39  3.307879409E+01  0.000000000E+00  9.998254343E+00 
        40  3.381878330E+01  0.000000000E+00  9.998233252E+00 
        41  3.455278365E+01  0.000000000E+00  9.998213983E+00 
        42  3.528084362E+01  0.000000000E+00  9.998196565E+00 
        43  3.600301127E+01  0.000000000E+00  9.998181026E+00 
        44  3.671933431E+01  0.000000000E+00  9.998167387E+00 
        45  3.742986002E+01  0.000000000E+00  9.998155665E+00 
        46  3.813463533E+01  0.000000000E+00  9.998145874E+00 
        47  3.883370678E+01  0.000000000E+00  9.998138022E+00 
        48  3.952712052E+01  0.000000000E+00  9.998132111E+00 
        49  4.021492235E+01  0.000000000E+00  9.998128141E+00 
        50  4.089715769E+01  0.000000000E+00  9.998126102E+00 
        51  4.157387159E+01  0.000000000E+00  9.998125982E+00 
        52  4.224510872E+01  0.000000000E+00  9.998127762E+00 
        53  4.291091342E+01  0.000000000E+00  9.998131416E+00 
        54  4.357132966E+01  0.000000000E+00  9.998136912E+00 
        55  4.422640104E+01  0.000000000E+00  9.998144214E+00 
        56  4.487617081E+01  0.000000000E+00  9.998153274E+00 
        57  4.552068189E+01  0.000000000E+00  9.998164043E+00 
        58  4.615997684E+01  0.000000000E+00  9.998176460E+00 
        59  4.679409786E+01  0.000000000E+00  9.998190461E+00 
        60  4.742308684E+01  0.000000000E+00  9.998205972E+00 
        61  4.804698530E+01  0.000000000E+00  9.998222913E+00 
        62  4.866583446E+01  0.000000000E+00  9.998241197E+00 
        63  4.927967516E+01  0.000000000E+00  9.998260729E+00 
        64  4.988854795E+01  0.000000000E+00  9.998281407E+00 
        65  5.049249303E+01  0.000000000E+00  9.998303123E+00 
        66  5.109155028E+01  0.000000000E+00  9.998325760E+00 
        67  5.168575926E+01  0.000000000E+00  9.998349196E+00 
        68  5.227515921E+01  0.000000000E+00  9.998373303E+00 
        69  5.285978905E+01  0.000000000E+00  9.998397944E+00 
        70  5.343968738E+01  0.000000000E+00  9.998422980E+00 
        71  5.401489250E+01  0.000000000E+00  9.998448263E+00 
        72  5.458544238E+01  0.000000000E+00  9.998473641E+00 
        73  5.515137472E+01  0.000000000E+00  9.998498958E+00 
        74  5.571272686E+01  0.000000000E+00  9.998524053E+00 
        75  5.626953590E+01  0.000000000E+00  9.998548759E+00 
        76  5.682183858E+01  0.000000000E+00  9.998572909E+00 
        77  5.736967139E+01  0.000000000E+00  9.998596329E+00 
        78  5.791307049E+01  0.000000000E+00  9.998618847E+00 
        79  5.845207178E+01  0.000000000E+00  9.998640284E+00 
        80  5.898671083E+01  0.000000000E+00  9.998660462E+00 
        81  5.951702297E+01  0.000000000E+00  9.998679202E+00 
        82  6.004304320E+01  0.000000000E+00  9.998696323E+00 
        83  6.056480627E+01  0.000000000E+00  9.998711644E+00 
        84  6.108234661E+01  0.000000000E+00  9.998724985E+00 
        85  6.159569842E+01  0.000000000E+00  9.998736165E+00 
        86  6.210489559E+01  0.000000000E+00  9.998745005E+00 
        87  6.260997174E+01  0.000000000E+00  9.998751329E+00 
        88  6.311096022E+01  0.000000000E+00  9.998754960E+00 
        89  6.360789412E+01  0.000000000E+00  9.998755726E+00 
        90  6.410080625E+01  0.000000000E+00  9.998753458E+00 
        91  6.458972916E+01  0.000000000E+00  9.998747988E+00 
        92  6.507469514E+01  0.000000000E+00  9.998739156E+00 
        93  6.555573621E+01  0.000000000E+00  9.998726803E+00 
        94  6.603288413E+01  0.000000000E+00  9.998710778E+00 
        95  6.650617042E+01  0.000000000E+00  9.998690937E+00 
        96  6.697562632E+01  0.000000000E+00  9.998667142E+00 
        97  6.744128283E+01  0.000000000E+00  9.998639264E+00 
        98  6.790317071E+01  0.000000000E+00  9.998607185E+00 
        99  6.836132046E+01  0.000000000E+00  9.998570797E+00 
       100  6.881576232E+01  0.000000000E+00  9.998530008E+00 
       101  6.926652631E+01  0.000000000E+00  9.998484739E+00 
       102  6.971364219E+01  0.000000000E+00  9.998434930E+00 
       103  7.015713949E+01  0.000000000E+00  9.998380543E+00 
       104  7.059704749E+01  0.000000000E+00  9.998321563E+00 
       105  7.103339524E+01  0.000000000E+00  9.998258003E+00 
       106  7.146621156E+01  0.000000000E+00  9.998189910E+00 
       107  7.189552503E+01  0.000000000E+00  9.998117367E+00 
       108  7.232136399E+01  0.000000000E+00  9.998040500E+00 
       109  7.274375656E+01  0.000000000E+00  9.997959484E+00 
       110  7.316273064E+01  0.000000000E+00  9.997874554E+00 
       111  7.357831389E+01  0.000000000E+00  9.997786006E+00 
       112  7.399053376E+01  0.000000000E+00  9.997694213E+00 
       113  7.439941746E+01  0.000000000E+00  9.997599629E+00 
       114  7.480499201E+01  0.000000000E+00  9.997502808E+00 
       115  7.520728416E+01  0.000000000E+00  9.997404409E+00 
       116  7.560632051E+01  0.000000000E+00  9.997305215E+00 
       117  7.600212738E+01  0.000000000E+00  9.997206148E+00 
       118  7.639473092E+01  0.000000000E+00  9.997108284E+00 
       119  7.678415706E+01  0.000000000E+00  9.997012874E+00 
       120  7.717043151E+01  0.000000000E+00  9.996921365E+00 
       121  7.755357977E+01  0.000000000E+00  9.996835421E+00 
       122  7.793362715E+01  0.000000000E+00  9.996756949E+00 
       123  7.831059875E+01  0.000000000E+00  9.996688127E+00 
       124  7.868451945E+01  0.000000000E+00  9.996631433E+00 
       125  7.905541395E+01  0.000000000E+00  9.996589679E+00 
       126  7.942330674E+01  0.000000000E+00  9.996566042E+00 
       127  7.978822211E+01  0.000000000E+00  9.996564106E+00 
       128  8.015018416E+01  0.000000000E+00  9.996587894E+00 
       129  8.050921679E+01  0.000000000E+00  9.996641932E+00 
       130  8.086534371E+01  0.000000000E+00  9.996731285E+00 
       131  8.121858844E+01  0.000000000E+00  9.996861603E+00 
       132  8.156897429E+01  0.000000000E+00  9.997039184E+00 
       133  8.191652442E+01  0.000000000E+00  9.997271034E+00 
       134  8.226126177E+01  0.000000000E+00  9.997564928E+00 
       135  8.260320909E+01  0.000000000E+00  9.997929481E+00 
       136  8.294238899E+01  0.000000000E+00  9.998374224E+00 
       137  8.327882384E+01  0.000000000E+00  9.998909679E+00 
       138  8.361253587E+01  0.000000000E+00  9.999547445E+00 
       139  8.394354712E+01  0.000000000E+00  1.000030029E+01 
       140  8.427187943E+01  0.000000000E+00  1.000118224E+01 
       141  8.459755450E+01  0.000000000E+00  1.000220869E+01 
       142  8.492059382E+01  0.000000000E+00  1.000339651E+01 
       143  8.524101873E+01  0.000000000E+00  1.000476418E+01 
       144  8.555885039E+01  0.000000000E+00  1.000633186E+01 
       145  8.587410979E+01  0.000000000E+00  1.000812158E+01 
       146  8.618681774E+01  0.000000000E+00  1.001015736E+01 
       147  8.649699489E+01  0.000000000E+00  1.001246535E+01 
       148  8.680466173E+01  0.000000000E+00  1.001507399E+01 
       149  8.710983857E+01  0.000000000E+00  1.001801419E+01 
       150  8.741254556E+01  0.000000000E+00  1.002131949E+01 
       151  8.771280270E+01  0.000000000E+00  1.002502629E+01 
       152  8.801062980E+01  0.000000000E+00  1.002917398E+01 
       153  8.830604654E+01  0.000000000E+00  1.003380522E+01 
       154  8.859907242E+01  0.000000000E+00  1.003896614E+01 
       155  8.888972679E+01  0.000000000E+00  1.004470658E+01 
       156  8.917802885E+01  0.000000000E+00  1.005108035E+01 
       157  8.946399764E+01  0.000000000E+00  1.005814550E+01 
       158  8.974765203E+01  0.000000000E+00  1.006596462E+01 
       159  9.002901076E+01  0.000000000E+00  1.007460514E+01 
       160  9.030809241E+01  0.000000000E+00  1.008413966E+01 
       161  9.058491540E+01  0.000000000E+00  1.009464631E+01 
       162  9.085949802E+01  0.000000000E+00  1.010620911E+01 
       163  9.113185839E+01  0.000000000E+00  1.011891839E+01 
       164  9.140201451E+01  0.000000000E+00  1.013287122E+01 
       165  9.166998421E+01  0.000000000E+00  1.014817185E+01 
       166  9.193578518E+01  0.000000000E+00  1.016493222E+01 
       167  9.219943499E+01  0.000000000E+00  1.018327249E+01 
       168  9.246095103E+01  0.000000000E+00  1.020332163E+01 
       169  9.272035058E+01  0.000000000E+00  1.022521818E+01 
       170  9.297765077E+01  0.000000000E+00  1.024910971E+01 
       171  9.323286858E+01  0.000000000E+00  1.027515447E+01 
       172  9.348602087E+01  0.000000000E+00  1.030352473E+01 
       173  9.373712436E+01  0.000000000E+00  1.033504615E+01 
       174  9.398619563E+01  0.000000000E+00  1.036948001E+01 
       175  9.423325112E+01  0.000000000E+00  1.040648360E+01 
       176  9.447830715E+01  0.000000000E+00  1.041433281E+01 
       177  9.472137990E+01  0.000000000E+00  1.042477677E+01 
       178  9.496248543E+01  0.000000000E+00  1.046756427E+01 
       179  9.520163964E+01  0.000000000E+00  1.051668123E+01 
       180  9.543885834E+01  0.000000000E+00  1.057847535E+01 
       181  9.567415720E+01  0.000000000E+00  1.064244659E+01 
       182  9.590755173E+01  0.000000000E+00  1.070336859E+01 
       183  9.613905737E+01  0.000000000E+00  1.076744191E+01 
       184  9.636868940E+01  0.000000000E+00  1.083674638E+01 
       185  9.659646297E+01  0.000000000E+00  1.091168591E+01 
       186  9.682239314E+01  0.000000000E+00  1.099269685E+01 
       187  9.704649481E+01  0.000000000E+00  1.108324102E+01 
       188  9.726878279E+01  0.000000000E+00  1.118109227E+01 
       189  9.748927176E+01  0.000000000E+00  1.128717288E+01 
       190  9.770797628E+01  0.000000000E+00  1.140179143E+01 
       191  9.792491078E+01  0.000000000E+00  1.152601302E+01 
       192  9.814008960E+01  0.000000000E+00  1.166023579E+01 
       193  9.835352693E+01  0.000000000E+00  1.180172625E+01 
       194  9.856523689E+01  0.000000000E+00  1.195464431E+01 
       195  9.877523344E+01  0.000000000E+00  1.211484746E+01 
       196  9.898353045E+01  0.000000000E+00  1.228807720E+01 
       197  9.919014168E+01  0.000000000E+00  1.248048073E+01 
       198  9.939508077E+01  0.000000000E+00  1.268869476E+01 
       199  9.959836126E+01  0.000000000E+00  1.291413954E+01 
       200  9.979999657E+01  0.000000000E+00  1.315960530E+01 
       201  1.000000000E+02  0.000000000E+00  1.255383771E+01 
       202  1.002500000E+02  0.000000000E+00  1.165409336E+01 
       203  1.005000000E+02  0.000000000E+00  1.167694079E+01 
       204  1.007500000E+02  0.000000000E+00  1.168298059E+01 
       205  1.010000000E+02  0.000000000E+00  1.167963882E+01 
       206  1.012500000E+02  0.000000000E+00  1.166955556E+01 
       207  1.015000000E+02  0.000000000E+00  1.165444865E+01 
       208  1.017500000E+02  0.000000000E+00  1.163552221E+01 
       209  1.020000000E+02  0.000000000E+00  1.161366297E+01 
       210  1.022500000E+02  0.000000000E+00  1.158954629E+01 
       211  1.025000000E+02  0.000000000E+00  1.156369894E+01 
       212  1.027500000E+02  0.000000000E+00  1.153653899E+01 
       213  1.030000000E+02  0.000000000E+00  1.150840248E+01 
       214  1.032500000E+02  0.000000000E+00  1.147956218E+01 
       215  1.035000000E+02  0.000000000E+00  1.145024109E+01 
       216  1.037500000E+02  0.000000000E+00  1.142062248E+01 
       217  1.040000000E+02  0.000000000E+00  1.139085754E+01 
       218  1.042500000E+02  0.000000000E+00  1.136107131E+01 
       219  1.045000000E+02  0.000000000E+00  1.133136730E+01 
       220  1.047500000E+02  0.000000000E+00  1.130183118E+01 
       221  1.050000000E+02  0.000000000E+00  1.127253382E+01 
       222  1.052500000E+02  0.000000000E+00  1.124353365E+01 
       223  1.055000000E+02  0.000000000E+00  1.121487867E+01 
       224  1.057500000E+02  0.000000000E+00  1.118660811E+01 
       225  1.060000000E+02  0.000000000E+00  1.115875374E+01 
       226  1.062500000E+02  0.000000000E+00  1.113134107E+01 
       227  1.065000000E+02  0.000000000E+00  1.110439022E+01 
       228  1.067500000E+02  0.000000000E+00  1.107791682E+01 
       229  1.070000000E+02  0.000000000E+00  1.105193259E+01 
       230  1.072500000E+02  0.000000000E+00  1.102644598E+01 
       231  1.075000000E+02  0.000000000E+00  1.100146265E+01 
       232  1.077500000E+02  0.000000000E+00  1.097698584E+01 
       233  1.080000000E+02  0.000000000E+00  1.095301679E+01 
       234  1.082500000E+02  0.000000000E+00  1.092955500E+01 
       235  1.085000000E+02  0.000000000E+00  1.090659849E+01 
       236  1.087500000E+02  0.000000000E+00  1.088414405E+01 
       237  1.090000000E+02  0.000000000E+00  1.086218743E+01 
       238  1.092500000E+02  0.000000000E+00  1.084072347E+01 
       239  1.095000000E+02  0.000000000E+00  1.081974628E+01 
       240  1.097500000E+02  0.000000000E+00  1.079924936E+01 
       241  1.100000000E+02  0.000000000E+00  1.077922569E+01 
       242  1.102500000E+02  0.000000000E+00  1.075966784E+01 
       243  1.105000000E+02  0.000000000E+00  1.074056803E+01 
       244  1.107500000E+02  0.000000000E+00  1.072191821E+01 
       245  1.110000000E+02  0.000000000E+00  1.070371014E+01 
       246  1.112500000E+02  0.000000000E+00  1.068593541E+01 
       247  1.115000000E+02  0.000000000E+00  1.066858549E+01 
       248  1.117500000E+02  0.000000000E+00  1.065165179E+01 
       249  1.120000000E+02  0.000000000E+00  1.063512569E+01 
       250  1.122500000E+02  0.000000000E+00  1.061899855E+01 
       251  1.125000000E+02  0.000000000E+00  1.060326175E+01 
       252  1.127500000E+02  0.000000000E+00  1.058790670E+01 
       253  1.130000000E+02  0.000000000E+00  1.057292489E+01 
       254  1.132500000E+02  0.000000000E+00  1.055830786E+01 
       255  1.135000000E+02  0.000000000E+00  1.054404726E+01 
       256  1.137500000E+02  0.000000000E+00  1.053013483E+01 
       257  1.140000000E+02  0.000000000E+00  1.051656242E+01 
       258  1.142500000E+02  0.000000000E+00  1.050332202E+01 
       259  1.145000000E+02  0.000000000E+00  1.049040572E+01 
       260  1.147500000E+02  0.000000000E+00  1.047780576E+01 
       261  1.150000000E+02  0.000000000E+00  1.046551451E+01 
       262  1.152500000E+02  0.000000000E+00  1.045352449E+01 
       263  1.155000000E+02  0.000000000E+00  1.044182837E+01 
       264  1.157500000E+02  0.000000000E+00  1.043041896E+01 
       265  1.160000000E+02  0.000000000E+00  1.041928922E+01 
       266  1.162500000E+02  0.000000000E+00  1.040843226E+01 
       267  1.165000000E+02  0.000000000E+00  1.039784135E+01 
       268  1.167500000E+02  0.000000000E+00  1.038750991E+01 
       269  1.170000000E+02  0.000000000E+00  1.037743150E+01 
       270  1.172500000E+02  0.000000000E+00  1.036759985E+01 
       271  1.175000000E+02  0.000000000E+00  1.035800882E+01 
       272  1.177500000E+02  0.000000000E+00  1.034865243E+01 
       273  1.180000000E+02  0.000000000E+00  1.033952486E+01 
       274  1.182500000E+02  0.000000000E+00  1.033062041E+01 
       275  1.185000000E+02  0.000000000E+00  1.032193353E+01 
       276  1.187500000E+02  0.000000000E+00  1.031345884E+01 
       277  1.190000000E+02  0.000000000E+00  1.030519105E+01 
       278  1.192500000E+02  0.000000000E+00  1.029712505E+01 
       279  1.195000000E+02  0.000000000E+00  1.028925584E+01 
       280  1.197500000E+02  0.000000000E+00  1.028157856E+01 
       281  1.200000000E+02  0.000000000E+00  1.027408848E+01 
       282  1.202500000E+02  0.000000000E+00  1.026678099E+01 
       283  1.205000000E+02  0.000000000E+00  1.025965161E+01 
       284  1.207500000E+02  0.000000000E+00  1.025269598E+01 
       285  1.210000000E+02  0.000000000E+00  1.024590986E+01 
       286  1.212500000E+02  0.000000000E+00  1.023928911E+01 
       287  1.215000000E+02  0.000000000E+00  1.023282973E+01 
       288  1.217500000E+02  0.000000000E+00  1.022652779E+01 
       289  1.220000000E+02  0.000000000E+00  1.022037951E+01 
       290  1.222500000E+02  0.000000000E+00  1.021438118E+01 
       291  1.225000000E+02  0.000000000E+00  1.020852920E+01 
       292  1.227500000E+02  0.000000000E+00  1.020282008E+01 
       293  1.230000000E+02  0.000000000E+00  1.019725041E+01 
       294  1.232500000E+02  0.000000000E+00  1.019181688E+01 
       295  1.235000000E+02  0.000000000E+00  1.018651626E+01 
       296  1.237500000E+02  0.000000000E+00  1.018134543E+01 
       297  1.240000000E+02  0.000000000E+00  1.017630132E+01 
       298  1.242500000E+02  0.000000000E+00  1.017138097E+01 
       299  1.245000000E+02  0.000000000E+00  1.016658149E+01 
       300  1.247500000E+02  0.000000000E+00  1.016190006E+01 
       301  1.250000000E+02  0.000000000E+00  1.015733394E+01 
       302  1.252500000E+02  0.000000000E+00  1.015288048E+01 
       303  1.255000000E+02  0.000000000E+00  1.014853706E+01 
       304  1.257500000E+02  0.000000000E+00  1.014430116E+01 
       305  1.260000000E+02  0.000000000E+00  1.014017032E+01 
       306  1.262500000E+02  0.000000000E+00  1.013614212E+01 
       307  1.265000000E+02  0.000000000E+00  1.013221425E+01 
       308  1.267500000E+02  0.000000000E+00  1.012838440E+01 
       309  1.270000000E+02  0.000000000E+00  1.012465036E+01 
       310  1.272500000E+02  0.000000000E+00  1.012100997E+01 
       311  1.275000000E+02  0.000000000E+00  1.011746110E+01 
       312  1.277500000E+02  0.000000000E+00  1.011400170E+01 
       313  1.280000000E+02  0.000000000E+00  1.011062975E+01 
       314  1.282500000E+02  0.000000000E+00  1.010734329E+01 
       315  1.285000000E+02  0.000000000E+00  1.010414040E+01 
       316  1.287500000E+02  0.000000000E+00  1.010101922E+01 
       317  1.290000000E+02  0.000000000E+00  1.009797792E+01 
       318  1.292500000E+02  0.000000000E+00  1.009501472E+01 
       319  1.295000000E+02  0.000000000E+00  1.009212788E+01 
       320  1.297500000E+02  0.000000000E+00  1.008931569E+01 
       321  1.300000000E+02  0.000000000E+00  1.008657649E+01 
       322  1.302500000E+02  0.000000000E+00  1.008390866E+01 
       323  1.305000000E+02  0.000000000E+00  1.008131062E+01 
       324  1.307500000E+02  0.000000000E+00  1.007878081E+01 
       325  1.310000000E+02  0.000000000E+00  1.007631772E+01 
       326  1.312500000E+02  0.000000000E+00  1.007391986E+01 
       327  1.315000000E+02  0.000000000E+00  1.007158578E+01 
       328  1.317500000E+02  0.000000000E+00  1.006931407E+01 
       329  1.320000000E+02  0.000000000E+00  1.006710334E+01 
       330  1.322500000E+02  0.000000000E+00  1.006495224E+01 
       331  1.325000000E+02  0.000000000E+00  1.006285943E+01 
       332  1.327500000E+02  0.000000000E+00  1.006082362E+01 
       333  1.330000000E+02  0.000000000E+00  1.005884355E+01 
       334  1.332500000E+02  0.000000000E+00  1.005691796E+01 
       335  1.335000000E+02  0.000000000E+00  1.005504564E+01 
       336  1.337500000E+02  0.000000000E+00  1.005322540E+01 
       337  1.340000000E+02  0.000000000E+00  1.005145608E+01 
       338  1.342500000E+02  0.000000000E+00  1.004973655E+01 
       339  1.345000000E+02  0.000000000E+00  1.004806568E+01 
       340  1.347500000E+02  0.000000000E+00  1.004644238E+01 
       341  1.350000000E+02  0.000000000E+00  1.004486560E+01 
       342  1.352500000E+02  0.000000000E+00  1.004333428E+01 
       343  1.355000000E+02  0.000000000E+00  1.004184741E+01 
       344  1.357500000E+02  0.000000000E+00  1.004040399E+01 
       345  1.360000000E+02  0.000000000E+00  1.003900304E+01 
       346  1.362500000E+02  0.000000000E+00  1.003764361E+01 
       347  1.365000000E+02  0.000000000E+00  1.003632477E+01 
       348  1.367500000E+02  0.000000000E+00  1.003504561E+01 
       349  1.370000000E+02  0.000000000E+00  1.003380523E+01 
       350  1.372500000E+02  0.000000000E+00  1.003260276E+01 
       351  1.375000000E+02  0.000000000E+00  1.003143736E+01 
       352  1.377500000E+02  0.000000000E+00  1.003030819E+01 
       353  1.380000000E+02  0.000000000E+00  1.002921445E+01 
       354  1.382500000E+02  0.000000000E+00  1.002815534E+01 
       355  1.385000000E+02  0.000000000E+00  1.002713009E+01 
       356  1.387500000E+02  0.000000000E+00  1.002613796E+01 
       357  1.390000000E+02  0.000000000E+00  1.002517820E+01 
       358  1.392500000E+02  0.000000000E+00  1.002425011E+01 
       359  1.395000000E+02  0.000000000E+00  1.002335299E+01 
       360  1.397500000E+02  0.000000000E+00  1.002248616E+01 
       361  1.400000000E+02  0.000000000E+00  1.002164897E+01 
       362  1.402500000E+02  0.000000000E+00  1.002084077E+01 
       363  1.405000000E+02  0.000000000E+00  1.002006094E+01 
       364  1.407500000E+02  0.000000000E+00  1.001930889E+01 
       365  1.410000000E+02  0.000000000E+00  1.001858402E+01 
       366  1.412500000E+02  0.000000000E+00  1.001788576E+01 
       367  1.415000000E+02  0.000000000E+00  1.001721358E+01 
       368  1.417500000E+02  0.000000000E+00  1.001656693E+01 
       369  1.420000000E+02  0.000000000E+00  1.001594531E+01 
       370  1.422500000E+02  0.000000000E+00  1.001534822E+01 
       371  1.425000000E+02  0.000000000E+00  1.001477517E+01 
       372  1.427500000E+02  0.000000000E+00  1.001422571E+01 
       373  1.430000000E+02  0.000000000E+00  1.001369940E+01 
       374  1.432500000E+02  0.000000000E+00  1.001319581E+01 
       375  1.435000000E+02  0.000000000E+00  1.001271454E+01 
       376  1.437500000E+02  0.000000000E+00  1.001225519E+01 
       377  1.440000000E+02  0.000000000E+00  1.001181739E+01 
       378  1.442500000E+02  0.000000000E+00  1.001140079E+01 
       379  1.445000000E+02  0.000000000E+00  1.001100505E+01 
       380  1.447500000E+02  0.000000000E+00  1.001062986E+01 
       381  1.450000000E+02  0.000000000E+00  1.001027490E+01 
       382  1.452500000E+02  0.000000000E+00  1.000993991E+01 
       383  1.455000000E+02  0.000000000E+00  1.000962460E+01 
       384  1.457500000E+02  0.000000000E+00  1.000932874E+01 
       385  1.460000000E+02  0.000000000E+00  1.000905210E+01 
       386  1.462500000E+02  0.000000000E+00  1.000879447E+01 
       387  1.465000000E+02  0.000000000E+00  1.000855564E+01 
       388  1.467500000E+02  0.000000000E+00  1.000833546E+01 
       389  1.470000000E+02  0.000000000E+00  1.000813375E+01 
       390  1.472500000E+02  0.000000000E+00  1.000795039E+01 
       391  1.475000000E+02  0.000000000E+00  1.000778525E+01 
       392  1.477500000E+02  0.000000000E+00  1.000763824E+01 
       393  1.480000000E+02  0.000000000E+00  1.000750927E+01 
       394  1.482500000E+02  0.000000000E+00  1.000739829E+01 
       395  1.485000000E+02  0.000000000E+00  1.000730524E+01 
       396  1.487500000E+02  0.000000000E+00  1.000723011E+01 
       397  1.490000000E+02  0.000000000E+00  1.000717289E+01 
       398  1.492500000E+02  0.000000000E+00  1.000713360E+01 
       399  1.495000000E+02  0.000000000E+00  1.000711227E+01 
       400  1.497500000E+02  0.000000000E+00  1.000710896E+01 
       401  1.500000000E+02  0.000000000E+00  1.000712376E+01 
       402  1.502500000E+02  0.000000000E+00  1.000715675E+01 
       403  1.505000000E+02  0.000000000E+00  1.000720805E+01 
       404  1.507500000E+02  0.000000000E+00  1.000727781E+01 
       405  1.510000000E+02  0.000000000E+00  1.000736619E+01 
       406  1.512500000E+02  0.000000000E+00  1.000747337E+01 
       407  1.515000000E+02  0.000000000E+00  1.000759955E+01 
       408  1.517500000E+02  0.000000000E+00  1.000774497E+01 
       409  1.520000000E+02  0.000000000E+00  1.000790988E+01 
       410  1.522500000E+02  0.000000000E+00  1.000809455E+01 
       411  1.525000000E+02  0.000000000E+00  1.000829928E+01 
       412  1.527500000E+02  0.000000000E+00  1.000852439E+01 
       413  1.530000000E+02  0.000000000E+00  1.000877023E+01 
       414  1.532500000E+02  0.000000000E+00  1.000903717E+01 
       415  1.535000000E+02  0.000000000E+00  1.000932560E+01 
       416  1.537500000E+02  0.000000000E+00  1.000963595E+01 
       417  1.540000000E+02  0.000000000E+00  1.000996867E+01 
       418  1.542500000E+02  0.000000000E+00  1.001032423E+01 
       419  1.545000000E+02  0.000000000E+00  1.001070313E+01 
       420  1.547500000E+02  0.000000000E+00  1.001110591E+01 
       421  1.550000000E+02  0.000000000E+00  1.001153311E+01 
       422  1.552500000E+02  0.000000000E+00  1.001198533E+01 
       423  1.555000000E+02  0.000000000E+00  1.001246319E+01 
       424  1.557500000E+02  0.000000000E+00  1.001296731E+01 
       425  1.560000000E+02  0.000000000E+00  1.001349839E+01 
       426  1.562500000E+02  0.000000000E+00  1.001405713E+01 
       427  1.565000000E+02  0.000000000E+00  1.001464427E+01 
       428  1.567500000E+02  0.000000000E+00  1.001526058E+01 
       429  1.570000000E+02  0.000000000E+00  1.001590685E+01 
       430  1.572500000E+02  0.000000000E+00  1.001658394E+01 
       431  1.575000000E+02  0.000000000E+00  1.001729270E+01 
       432  1.577500000E+02  0.000000000E+00  1.001803405E+01 
       433  1.580000000E+02  0.000000000E+00  1.001880893E+01 
       434  1.582500000E+02  0.000000000E+00  1.001961832E+01 
       435  1.585000000E+02  0.000000000E+00  1.002046324E+01 
       436  1.587500000E+02  0.000000000E+00  1.002134473E+01 
       437  1.590000000E+02  0.000000000E+00  1.002226390E+01 
       438  1.592500000E+02  0.000000000E+00  1.002322188E+01 
       439  1.595000000E+02  0.000000000E+00  1.002421984E+01 
       440  1.597500000E+02  0.000000000E+00  1.002525899E+01 
       441  1.600000000E+02  0.000000000E+00  1.002634061E+01 
       442  1.602500000E+02  0.000000000E+00  1.002746598E+01 
       443  1.605000000E+02  0.000000000E+00  1.002863646E+01 
       444  1.607500000E+02  0.000000000E+00  1.002985344E+01 
       445  1.610000000E+02  0.000000000E+00  1.003111836E+01 
       446  1.612500000E+02  0.000000000E+00  1.003243270E+01 
       447  1.615000000E+02  0.000000000E+00  1.003379799E+01 
       448  1.617500000E+02  0.000000000E+00  1.003521583E+01 
       449  1.620000000E+02  0.000000000E+00  1.003668784E+01 
       450  1.622500000E+02  0.000000000E+00  1.003821572E+01 
       451  1.625000000E+02  0.000000000E+00  1.003980120E+01 
       452  1.627500000E+02  0.000000000E+00  1.004144607E+01 
       453  1.630000000E+02  0.000000000E+00  1.004315218E+01 
       454  1.632500000E+02  0.000000000E+00  1.004492145E+01 
       455  1.635000000E+02  0.000000000E+00  1.004675581E+01 
       456  1.637500000E+02  0.000000000E+00  1.004865731E+01 
       457  1.640000000E+02  0.000000000E+00  1.005062802E+01 
       458  1.642500000E+02  0.000000000E+00  1.005267007E+01 
       459  1.645000000E+02  0.000000000E+00  1.005478568E+01 
       460  1.647500000E+02  0.000000000E+00  1.005697710E+01 
       461  1.650000000E+02  0.000000000E+00  1.005924668E+01 
       462  1.652500000E+02  0.000000000E+00  1.006159681E+01 
       463  1.655000000E+02  0.000000000E+00  1.006402995E+01 
       464  1.657500000E+02  0.000000000E+00  1.006654864E+01 
       465  1.660000000E+02  0.000000000E+00  1.006915548E+01 
       466  1.662500000E+02  0.000000000E+00  1.007185316E+01 
       467  1.665000000E+02  0.000000000E+00  1.007464441E+01 
       468  1.667500000E+02  0.000000000E+00  1.007753206E+01 
       469  1.670000000E+02  0.000000000E+00  1.008051901E+01 
       470  1.672500000E+02  0.000000000E+00  1.008360824E+01 
       471  1.675000000E+02  0.000000000E+00  1.008680279E+01 
       472  1.677500000E+02  0.000000000E+00  1.009010581E+01 
       473  1.680000000E+02  0.000000000E+00  1.009352050E+01 
       474  1.682500000E+02  0.000000000E+00  1.009705016E+01 
       475  1.685000000E+02  0.000000000E+00  1.010069818E+01 
       476  1.687500000E+02  0.000000000E+00  1.010446802E+01 
       477  1.690000000E+02  0.000000000E+00  1.010836323E+01 
       478  1.692500000E+02  0.000000000E+00  1.011238746E+01 
       479  1.695000000E+02  0.000000000E+00  1.011654444E+01 
       480  1.697500000E+02  0.000000000E+00  1.012083798E+01 
       481  1.700000000E+02  0.000000000E+00  1.012527201E+01 
       482  1.702500000E+02  0.000000000E+00  1.012985053E+01 
       483  1.705000000E+02  0.000000000E+00  1.013457764E+01 
       484  1.707500000E+02  0.000000000E+00  1.013945754E+01 
       485  1.710000000E+02  0.000000000E+00  1.014449453E+01 
       486  1.712500000E+02  0.000000000E+00  1.014969301E+01 
       487  1.715000000E+02  0.000000000E+00  1.015505748E+01 
       488  1.717500000E+02  0.000000000E+00  1.016059252E+01 
       489  1.720000000E+02  0.000000000E+00  1.016630284E+01 
       490  1.722500000E+02  0.000000000E+00  1.017219326E+01 
       491  1.725000000E+02  0.000000000E+00  1.017826867E+01 
       492  1.727500000E+02  0.000000000E+00  1.018453410E+01 
       493  1.730000000E+02  0.000000000E+00  1.019099467E+01 
       494  1.732500000E+02  0.000000000E+00  1.019765561E+01 
       495  1.735000000E+02  0.000000000E+00  1.020452227E+01 
       496  1.737500000E+02  0.000000000E+00  1.021160010E+01 
       497  1.740000000E+02  0.000000000E+00  1.021889467E+01 
       498  1.742500000E+02  0.000000000E+00  1.022641165E+01 
       499  1.745000000E+02  0.000000000E+00  1.023415684E+01 
       500  1.747500000E+02  0.000000000E+00  1.024213615E+01 
       501  1.750000000E+02  0.000000000E+00  1.025035560E+01 
       502  1.752500000E+02  0.000000000E+00  1.025882132E+01 
       503  1.755000000E+02  0.000000000E+00  1.026753956E+01 
       504  1.757500000E+02  0.000000000E+00  1.027651671E+01 
       505  1.760000000E+02  0.000000000E+00  1.028575925E+01 
       506  1.762500000E+02  0.000000000E+00  1.029527379E+01 
       507  1.765000000E+02  0.000000000E+00  1.030506704E+01 
       508  1.767500000E+02  0.000000000E+00  1.031514587E+01 
       509  1.770000000E+02  0.000000000E+00  1.032551722E+01 
       510  1.772500000E+02  0.000000000E+00  1.033618819E+01 
       511  1.775000000E+02  0.000000000E+00  1.034716597E+01 
       512  1.777500000E+02  0.000000000E+00  1.035845789E+01 
       513  1.780000000E+02  0.000000000E+00  1.037007138E+01 
       514  1.782500000E+02  0.000000000E+00  1.038201400E+01 
       515  1.785000000E+02  0.000000000E+00  1.039429343E+01 
       516  1.787500000E+02  0.000000000E+00  1.040691745E+01 
       517  1.790000000E+02  0.000000000E+00  1.041989399E+01 
       518  1.792500000E+02  0.000000000E+00  1.043323107E+01 
       519  1.795000000E+02  0.000000000E+00  1.044693683E+01 
       520  1.797500000E+02  0.000000000E+00  1.046101952E+01 
       521  1.800000000E+02  0.000000000E+00  1.047548752E+01 
       522  1.802500000E+02  0.000000000E+00  1.049034931E+01 
       523  1.805000000E+02  0.000000000E+00  1.050561348E+01 
       524  1.807500000E+02  0.000000000E+00  1.052128873E+01 
       525  1.810000000E+02  0.000000000E+00  1.053738386E+01 
       526  1.812500000E+02  0.000000000E+00  1.055390780E+01 
       527  1.815000000E+02  0.000000000E+00  1.057086955E+01 
       528  1.817500000E+02  0.000000000E+00  1.058827823E+01 
       529  1.820000000E+02  0.000000000E+00  1.060614305E+01 
       530  1.822500000E+02  0.000000000E+00  1.062447333E+01 
       531  1.825000000E+02  0.000000000E+00  1.064327845E+01 
       532  1.827500000E+02  0.000000000E+00  1.066256792E+01 
       533  1.830000000E+02  0.000000000E+00  1.068235129E+01 
       534  1.832500000E+02  0.000000000E+00  1.070263822E+01 
       535  1.835000000E+02  0.000000000E+00  1.072343843E+01 
       536  1.837500000E+02  0.000000000E+00  1.074476174E+01 
       537  1.840000000E+02  0.000000000E+00  1.076661799E+01 
       538  1.842500000E+02  0.000000000E+00  1.078901711E+01 
       539  1.845000000E+02  0.000000000E+00  1.081196907E+01 
       540  1.847500000E+02  0.000000000E+00  1.083548391E+01 
       541  1.850000000E+02  0.000000000E+00  1.085957168E+01 
       542  1.852500000E+02  0.000000000E+00  1.088424246E+01 
       543  1.855000000E+02  0.000000000E+00  1.090950637E+01 
       544  1.857500000E+02  0.000000000E+00  1.093537353E+01 
       545  1.860000000E+02  0.000000000E+00  1.096185406E+01 
       546  1.862500000E+02  0.000000000E+00  1.098895806E+01 
       547  1.865000000E+02  0.000000000E+00  1.101669560E+01 
       548  1.867500000E+02  0.000000000E+00  1.104507672E+01 
       549  1.870000000E+02  0.000000000E+00  1.107411137E+01 
       550  1.872500000E+02  0.000000000E+00  1.110380943E+01 
       551  1.875000000E+02  0.000000000E+00  1.113418069E+01 
       552  1.877500000E+02  0.000000000E+00  1.116523478E+01 
       553  1.880000000E+02  0.000000000E+00  1.119698117E+01 
       554  1.882500000E+02  0.000000000E+00  1.122942915E+01 
       555  1.885000000E+02  0.000000000E+00  1.126258775E+01 
       556  1.887500000E+02  0.000000000E+00  1.129646575E+01 
       557  1.890000000E+02  0.000000000E+00  1.133107157E+01 
       558  1.892500000E+02  0.000000000E+00  1.136641327E+01 
       559  1.895000000E+02  0.000000000E+00  1.140249843E+01 
       560  1.897500000E+02  0.000000000E+00  1.143933413E+01 
       561  1.900000000E+02  0.000000000E+00  1.147692680E+01 
       562  1.902500000E+02  0.000000000E+00  1.151528218E+01 
       563  1.905000000E+02  0.000000000E+00  1.155440515E+01 
       564  1.907500000E+02  0.000000000E+00  1.159429964E+01 
       565  1.910000000E+02  0.000000000E+00  1.163496843E+01 
       566  1.912500000E+02  0.000000000E+00  1.167641301E+01 
       567  1.915000000E+02  0.000000000E+00  1.171863333E+01 
       568  1.917500000E+02  0.000000000E+00  1.176162759E+01 
       569  1.920000000E+02  0.000000000E+00  1.180539191E+01 
       570  1.922500000E+02  0.000000000E+00  1.184992003E+01 
       571  1.925000000E+02  0.000000000E+00  1.189520292E+01 
       572  1.927500000E+02  0.000000000E+00  1.194122829E+01 
       573  1.930000000E+02  0.000000000E+00  1.198798009E+01 
       574  1.932500000E+02  0.000000000E+00  1.203543785E+01 
       575  1.935000000E+02  0.000000000E+00  1.208357597E+01 
       576  1.937500000E+02  0.000000000E+00  1.213236280E+01 
       577  1.940000000E+02  0.000000000E+00  1.218175969E+01 
       578  1.942500000E+02  0.000000000E+00  1.223171968E+01 
       579  1.945000000E+02  0.000000000E+00  1.228218612E+01 
       580  1.947500000E+02  0.000000000E+00  1.233309090E+01 
       581  1.950000000E+02  0.000000000E+00  1.238435242E+01 
       582  1.952500000E+02  0.000000000E+00  1.243587308E+01 
       583  1.955000000E+02  0.000000000E+00  1.248753629E+01 
       584  1.957500000E+02  0.000000000E+00  1.253920287E+01 
       585  1.960000000E+02  0.000000000E+00  1.259070655E+01 
       586  1.962500000E+02  0.000000000E+00  1.264184849E+01 
       587  1.965000000E+02  0.000000000E+00  1.269239051E+01 
       588  1.967500000E+02  0.000000000E+00  1.274204642E+01 
       589  1.970000000E+02  0.000000000E+00  1.279047114E+01 
       590  1.972500000E+02  0.000000000E+00  1.283724644E+01 
       591  1.975000000E+02  0.000000000E+00  1.288186233E+01 
       592  1.977500000E+02  0.000000000E+00  1.292369171E+01 
       593  1.980000000E+02  0.000000000E+00  1.296195545E+01 
       594  1.982500000E+02  0.000000000E+00  1.299567209E+01 
       595  1.985000000E+02  0.000000000E+00  1.302358265E+01 
       596  1.987500000E+02  0.000000000E+00  1.304403168E+01 
       597  1.990000000E+02  0.000000000E+00  1.305476523E+01 
       598  1.992500000E+02  0.000000000E+00  1.305255490E+01 
       599  1.995000000E+02  0.000000000E+00  1.303241111E+01 
       600  1.997500000E+02  0.000000000E+00  1.298005807E+01 
       601  2.000000000E+02  0.000000000E+00  1.469624358E+01 
       602  2.001999988E+02  0.000000000E+00  1.583980253E+01 
       603  2.004032879E+02  0.000000000E+00  1.534123994E+01 
       604  2.006099214E+02  0.000000000E+00  1.488607757E+01 
       605  2.008199543E+02  0.000000000E+00  1.446810694E+01 
       606  2.010334426E+02  0.000000000E+00  1.408403336E+01 
       607  2.012504431E+02  0.000000000E+00  1.373091962E+01 
       608  2.014710137E+02  0.000000000E+00  1.340613684E+01 
       609  2.016952129E+02  0.000000000E+00  1.310732388E+01 
       610  2.019231006E+02  0.000000000E+00  1.283235374E+01 
       611  2.021547374E+02  0.000000000E+00  1.257930487E+01 
       612  2.023901849E+02  0.000000000E+00  1.234643666E+01 
       613  2.026295060E+02  0.000000000E+00  1.213216835E+01 
       614  2.028727642E+02  0.000000000E+00  1.193506066E+01 
       615  2.031200245E+02  0.000000000E+00  1.174990680E+01 
       616  2.033713525E+02  0.000000000E+00  1.157592743E+01 
       617  2.036268153E+02  0.000000000E+00  1.148468006E+01 
       618  2.038864808E+02  0.000000000E+00  1.140385034E+01 
       619  2.041504183E+02  0.000000000E+00  1.125916357E+01 
       620  2.044186979E+02  0.000000000E+00  1.112755414E+01 
       621  2.046913911E+02  0.000000000E+00  1.101106541E+01 
       622  2.049685706E+02  0.000000000E+00  1.090453462E+01 
       623  2.052503101E+02  0.000000000E+00  1.080721866E+01 
       624  2.055366847E+02  0.000000000E+00  1.071842901E+01 
       625  2.058277705E+02  0.000000000E+00  1.063752689E+01 
       626  2.061236452E+02  0.000000000E+00  1.056391889E+01 
       627  2.064243875E+02  0.000000000E+00  1.049705324E+01 
       628  2.067300774E+02  0.000000000E+00  1.043641635E+01 
       629  2.070407965E+02  0.000000000E+00  1.038152982E+01 
       630  2.073566273E+02  0.000000000E+00  1.033194778E+01 
       631  2.076776540E+02  0.000000000E+00  1.028725438E+01 
       632  2.080039622E+02  0.000000000E+00  1.024706174E+01 
       633  2.083356386E+02  0.000000000E+00  1.021100795E+01 
       634  2.086727716E+02  0.000000000E+00  1.017875535E+01 
       635  2.090154510E+02  0.000000000E+00  1.014998892E+01 
       636  2.093637679E+02  0.000000000E+00  1.012441489E+01 
       637  2.097178153E+02  0.000000000E+00  1.010175941E+01 
       638  2.100776872E+02  0.000000000E+00  1.008176734E+01 
       639  2.104434797E+02  0.000000000E+00  1.006420118E+01 
       640  2.108152899E+02  0.000000000E+00  1.004884002E+01 
       641  2.111932170E+02  0.000000000E+00  1.003547862E+01 
       642  2.115773617E+02  0.000000000E+00  1.002392650E+01 
       643  2.119678260E+02  0.000000000E+00  1.001400712E+01 
       644  2.123647142E+02  0.000000000E+00  1.000555710E+01 
       645  2.127681317E+02  0.000000000E+00  9.998425462E+00 
       646  2.131781861E+02  0.000000000E+00  9.992472948E+00 
       647  2.135949866E+02  0.000000000E+00  9.987571317E+00 
       648  2.140186441E+02  0.000000000E+00  9.983602718E+00 
       649  2.144492713E+02  0.000000000E+00  9.980459069E+00 
       650  2.148869831E+02  0.000000000E+00  9.978041465E+00 
       651  2.153318959E+02  0.000000000E+00  9.976259609E+00 
       652  2.157841282E+02  0.000000000E+00  9.975031271E+00 
       653  2.162438005E+02  0.000000000E+00  9.974281796E+00 
       654  2.167110350E+02  0.000000000E+00  9.973943418E+00 
       655  2.171859563E+02  0.000000000E+00  9.973954927E+00 
       656  2.176686908E+02  0.000000000E+00  9.974261409E+00 
       657  2.181593671E+02  0.000000000E+00  9.974813525E+00 
       658  2.186581157E+02  0.000000000E+00  9.975567086E+00 
       659  2.191650695E+02  0.000000000E+00  9.976482751E+00 
       660  2.196803635E+02  0.000000000E+00  9.977525630E+00 
       661  2.202041348E+02  0.000000000E+00  9.978664916E+00 
       662  2.207365230E+02  0.000000000E+00  9.979873548E+00 
       663  2.212776699E+02  0.000000000E+00  9.981127887E+00 
       664  2.218277194E+02  0.000000000E+00  9.982407416E+00 
       665  2.223868182E+02  0.000000000E+00  9.983694460E+00 
       666  2.229551149E+02  0.000000000E+00  9.984973917E+00 
       667  2.235327610E+02  0.000000000E+00  9.986233014E+00 
       668  2.241199103E+02  0.000000000E+00  9.987461079E+00 
       669  2.247167191E+02  0.000000000E+00  9.988649326E+00 
       670  2.253233464E+02  0.000000000E+00  9.989790660E+00 
       671  2.259399536E+02  0.000000000E+00  9.990879495E+00 
       672  2.265667050E+02  0.000000000E+00  9.991911584E+00 
       673  2.272037674E+02  0.000000000E+00  9.992883866E+00 
       674  2.278513104E+02  0.000000000E+00  9.993794327E+00 
       675  2.285095066E+02  0.000000000E+00  9.994641864E+00 
       676  2.291785311E+02  0.000000000E+00  9.995426171E+00 
       677  2.298585621E+02  0.000000000E+00  9.996147627E+00 
       678  2.305497807E+02  0.000000000E+00  9.996807196E+00 
       679  2.312523708E+02  0.000000000E+00  9.997406340E+00 
       680  2.319665197E+02  0.000000000E+00  9.997946932E+00 
       681  2.326924175E+02  0.000000000E+00  9.998431184E+00 
       682  2.334302574E+02  0.000000000E+00  9.998861576E+00 
       683  2.341802359E+02  0.000000000E+00  9.999240796E+00 
       684  2.349425527E+02  0.000000000E+00  9.999571684E+00 
       685  2.357174108E+02  0.000000000E+00  9.999857182E+00 
       686  2.365050165E+02  0.000000000E+00  1.000010029E+01 
       687  2.373055796E+02  0.000000000E+00  1.000030401E+01 
       688  2.381193132E+02  0.000000000E+00  1.000047134E+01 
       689  2.389464340E+02  0.000000000E+00  1.000060521E+01 
       690  2.397871622E+02  0.000000000E+00  1.000070848E+01 
       691  2.406417216E+02  0.000000000E+00  1.000078389E+01 
       692  2.415103399E+02  0.000000000E+00  1.000083404E+01 
       693  2.423932484E+02  0.000000000E+00  1.000086137E+01 
       694  2.432906820E+02  0.000000000E+00  1.000086816E+01 
       695  2.442028798E+02  0.000000000E+00  1.000085649E+01 
       696  2.451300847E+02  0.000000000E+00  1.000082816E+01 
       697  2.460725436E+02  0.000000000E+00  1.000078476E+01 
       698  2.470305073E+02  0.000000000E+00  1.000072759E+01 
       699  2.480042311E+02  0.000000000E+00  1.000065761E+01 
       700  2.489939742E+02  0.000000000E+00  1.000057539E+01 
       701  2.500000000E+02  0.000000000E+00  1.000048106E+01 
       702  2.510060258E+02  0.000000000E+00  1.000037602E+01 
       703  2.519957689E+02  0.000000000E+00  1.000026191E+01 
       704  2.529694927E+02  0.000000000E+00  1.000013859E+01 
       705  2.539274564E+02  0.000000000E+00  1.000000560E+01 
       706  2.548699153E+02  0.000000000E+00  9.999862218E+00 
       707  2.557971202E+02  0.000000000E+00  9.999707456E+00 
       708  2.567093180E+02  0.000000000E+00  9.999540069E+00 
       709  2.576067516E+02  0.000000000E+00  9.999358569E+00 
       710  2.584896601E+02  0.000000000E+00  9.999161236E+00 
       711  2.593582784E+02  0.000000000E+00  9.998946126E+00 
       712  2.602128379E+02  0.000000000E+00  9.998711078E+00 
       713  2.610535660E+02  0.000000000E+00  9.998453722E+00 
       714  2.618806868E+02  0.000000000E+00  9.998171481E+00 
       715  2.626944204E+02  0.000000000E+00  9.997861574E+00 
       716  2.634949835E+02  0.000000000E+00  9.997521023E+00 
       717  2.642825892E+02  0.000000000E+00  9.997146648E+00 
       718  2.650574473E+02  0.000000000E+00  9.996735071E+00 
       719  2.658197641E+02  0.000000000E+00  9.996282713E+00 
       720  2.665697426E+02  0.000000000E+00  9.995785786E+00 
       721  2.673075825E+02  0.000000000E+00  9.995240289E+00 
       722  2.680334803E+02  0.000000000E+00  9.994641995E+00 
       723  2.687476292E+02  0.000000000E+00  9.993986437E+00 
       724  2.694502193E+02  0.000000000E+00  9.993268890E+00 
       725  2.701414379E+02  0.000000000E+00  9.992484341E+00 
       726  2.708214689E+02  0.000000000E+00  9.991627462E+00 
       727  2.714904934E+02  0.000000000E+00  9.990692571E+00 
       728  2.721486896E+02  0.000000000E+00  9.989673581E+00 
       729  2.727962326E+02  0.000000000E+00  9.988563949E+00 
       730  2.734332950E+02  0.000000000E+00  9.987356607E+00 
       731  2.740600464E+02  0.000000000E+00  9.986043884E+00 
       732  2.746766536E+02  0.000000000E+00  9.984617419E+00 
       733  2.752832808E+02  0.000000000E+00  9.983068057E+00 
       734  2.758800897E+02  0.000000000E+00  9.981385735E+00 
       735  2.764672390E+02  0.000000000E+00  9.979559344E+00 
       736  2.770448851E+02  0.000000000E+00  9.977576592E+00 
       737  2.776131818E+02  0.000000000E+00  9.975423831E+00 
       738  2.781722806E+02  0.000000000E+00  9.973085880E+00 
       739  2.787223301E+02  0.000000000E+00  9.970545830E+00 
       740  2.792634769E+02  0.000000000E+00  9.967784820E+00 
       741  2.797958652E+02  0.000000000E+00  9.964781806E+00 
       742  2.803196365E+02  0.000000000E+00  9.961513309E+00 
       743  2.808349305E+02  0.000000000E+00  9.957953139E+00 
       744  2.813418843E+02  0.000000000E+00  9.954072107E+00 
       745  2.818406329E+02  0.000000000E+00  9.949837716E+00 
       746  2.823313092E+02  0.000000000E+00  9.945213840E+00 
       747  2.828140437E+02  0.000000000E+00  9.940160381E+00 
       748  2.832889650E+02  0.000000000E+00  9.934632918E+00 
       749  2.837561995E+02  0.000000000E+00  9.928582344E+00 
       750  2.842158718E+02  0.000000000E+00  9.921954485E+00 
       751  2.846681041E+02  0.000000000E+00  9.914689722E+00 
       752  2.851130169E+02  0.000000000E+00  9.906722605E+00 
       753  2.855507287E+02  0.000000000E+00  9.897981466E+00 
       754  2.859813560E+02  0.000000000E+00  9.888388040E+00 
       755  2.864050134E+02  0.000000000E+00  9.877857088E+00 
       756  2.868218139E+02  0.000000000E+00  9.866296039E+00 
       757  2.872318683E+02  0.000000000E+00  9.853604651E+00 
       758  2.876352858E+02  0.000000000E+00  9.839674693E+00 
       759  2.880321740E+02  0.000000000E+00  9.824389665E+00 
       760  2.884226383E+02  0.000000000E+00  9.807624557E+00 
       761  2.888067830E+02  0.000000000E+00  9.789245649E+00 
       762  2.891847101E+02  0.000000000E+00  9.769110377E+00 
       763  2.895565204E+02  0.000000000E+00  9.747067257E+00 
       764  2.899223128E+02  0.000000000E+00  9.722955886E+00 
       765  2.902821847E+02  0.000000000E+00  9.696607023E+00 
       766  2.906362321E+02  0.000000000E+00  9.667842773E+00 
       767  2.909845490E+02  0.000000000E+00  9.636476859E+00 
       768  2.913272284E+02  0.000000000E+00  9.602315024E+00 
       769  2.916643614E+02  0.000000000E+00  9.565155541E+00 
       770  2.919960378E+02  0.000000000E+00  9.524789868E+00 
       771  2.923223460E+02  0.000000000E+00  9.481003432E+00 
       772  2.926433727E+02  0.000000000E+00  9.433576576E+00 
       773  2.929592035E+02  0.000000000E+00  9.382285642E+00 
       774  2.932699226E+02  0.000000000E+00  9.326904232E+00 
       775  2.935756125E+02  0.000000000E+00  9.267204628E+00 
       776  2.938763548E+02  0.000000000E+00  9.202959370E+00 
       777  2.941722295E+02  0.000000000E+00  9.133943005E+00 
       778  2.944633153E+02  0.000000000E+00  9.059934005E+00 
       779  2.947496899E+02  0.000000000E+00  8.980716815E+00 
       780  2.950314294E+02  0.000000000E+00  8.896084080E+00 
       781  2.953086088E+02  0.000000000E+00  8.805838967E+00 
       782  2.955813021E+02  0.000000000E+00  8.709797620E+00 
       783  2.958495817E+02  0.000000000E+00  8.607791712E+00 
       784  2.961135192E+02  0.000000000E+00  8.499671060E+00 
       785  2.963731847E+02  0.000000000E+00  8.385306259E+00 
       786  2.966286475E+02  0.000000000E+00  8.264591352E+00 
       787  2.968799755E+02  0.000000000E+00  8.137446454E+00 
       788  2.971272358E+02  0.000000000E+00  8.003820301E+00 
       789  2.973704940E+02  0.000000000E+00  7.863692713E+00 
       790  2.976098151E+02  0.000000000E+00  7.717076869E+00 
       791  2.978452626E+02  0.000000000E+00  7.564021415E+00 
       792  2.980768994E+02  0.000000000E+00  7.404612317E+00 
       793  2.983047871E+02  0.000000000E+00  7.238974414E+00 
       794  2.985289863E+02  0.000000000E+00  7.067272725E+00 
       795  2.987495568E+02  0.000000000E+00  7.210773745E+00 
       796  2.989665574E+02  0.000000000E+00  7.363210657E+00 
       797  2.991800457E+02  0.000000000E+00  7.214345409E+00 
       798  2.993900786E+02  0.000000000E+00  7.061380638E+00 
       799  2.995967121E+02  0.000000000E+00  6.904659734E+00 
       800  2.998000012E+02  0.000000000E+00  6.744351476E+00 
       801  3.000000000E+02  0.000000000E+00  7.093462197E+00 
       802  3.002500000E+02  0.000000000E+00  7.615552731E+00 
       803  3.005000000E+02  0.000000000E+00  7.597118080E+00 
       804  3.007500000E+02  0.000000000E+00  7.595554865E+00 
       805  3.010000000E+02  0.000000000E+00  7.603863520E+00 
       806  3.012500000E+02  0.000000000E+00  7.619412545E+00 
       807  3.015000000E+02  0.000000000E+00  7.640453971E+00 
       808  3.017500000E+02  0.000000000E+00  7.665742761E+00 
       809  3.020000000E+02  0.000000000E+00  7.694350032E+00 
       810  3.022500000E+02  0.000000000E+00  7.725560450E+00 
       811  3.025000000E+02  0.000000000E+00  7.758810553E+00 
       812  3.027500000E+02  0.000000000E+00  7.793649055E+00 
       813  3.030000000E+02  0.000000000E+00  7.829709918E+00 
       814  3.032500000E+02  0.000000000E+00  7.866693345E+00 
       815  3.035000000E+02  0.000000000E+00  7.904351909E+00 
       816  3.037500000E+02  0.000000000E+00  7.942480192E+00 
       817  3.040000000E+02  0.000000000E+00  7.980906850E+00 
       818  3.042500000E+02  0.000000000E+00  8.019488457E+00 
       819  3.045000000E+02  0.000000000E+00  8.058104643E+00 
       820  3.047500000E+02  0.000000000E+00  8.096654210E+00 
       821  3.050000000E+02  0.000000000E+00  8.135051995E+00 
       822  3.052500000E+02  0.000000000E+00  8.173226311E+00 
       823  3.055000000E+02  0.000000000E+00  8.211116854E+00 
       824  3.057500000E+02  0.000000000E+00  8.248672960E+00 
       825  3.060000000E+02  0.000000000E+00  8.285852162E+00 
       826  3.062500000E+02  0.000000000E+00  8.322618977E+00 
       827  3.065000000E+02  0.000000000E+00  8.358943891E+00 
       828  3.067500000E+02  0.000000000E+00  8.394802500E+00 
       829  3.070000000E+02  0.000000000E+00  8.430174782E+00 
       830  3.072500000E+02  0.000000000E+00  8.465044480E+00 
       831  3.075000000E+02  0.000000000E+00  8.499398573E+00 
       832  3.077500000E+02  0.000000000E+00  8.533226827E+00 
       833  3.080000000E+02  0.000000000E+00  8.566521409E+00 
       834  3.082500000E+02  0.000000000E+00  8.599276558E+00 
       835  3.085000000E+02  0.000000000E+00  8.631488295E+00 
       836  3.087500000E+02  0.000000000E+00  8.663154187E+00 
       837  3.090000000E+02  0.000000000E+00  8.694273130E+00 
       838  3.092500000E+02  0.000000000E+00  8.724845166E+00 
       839  3.095000000E+02  0.000000000E+00  8.754871332E+00 
       840  3.097500000E+02  0.000000000E+00  8.784353519E+00 
       841  3.100000000E+02  0.000000000E+00  8.813294355E+00 
       842  3.102500000E+02  0.000000000E+00  8.841697106E+00 
       843  3.105000000E+02  0.000000000E+00  8.869565582E+00 
       844  3.107500000E+02  0.000000000E+00  8.896904067E+00 
       845  3.110000000E+02  0.000000000E+00  8.923717248E+00 
       846  3.112500000E+02  0.000000000E+00  8.950010157E+00 
       847  3.115000000E+02  0.000000000E+00  8.975788121E+00 
       848  3.117500000E+02  0.000000000E+00  9.001056723E+00 
       849  3.120000000E+02  0.000000000E+00  9.025821754E+00 
       850  3.122500000E+02  0.000000000E+00  9.050089189E+00 
       851  3.125000000E+02  0.000000000E+00  9.073865153E+00 
       852  3.127500000E+02  0.000000000E+00  9.097155896E+00 
       853  3.130000000E+02  0.000000000E+00  9.119967773E+00 
       854  3.132500000E+02  0.000000000E+00  9.142307220E+00 
       855  3.135000000E+02  0.000000000E+00  9.164180743E+00 
       856  3.137500000E+02  0.000000000E+00  9.185594898E+00 
       857  3.140000000E+02  0.000000000E+00  9.206556279E+00 
       858  3.142500000E+02  0.000000000E+00  9.227071510E+00 
       859  3.145000000E+02  0.000000000E+00  9.247147227E+00 
       860  3.147500000E+02  0.000000000E+00  9.266790078E+00 
       861  3.150000000E+02  0.000000000E+00  9.286006708E+00 
       862  3.152500000E+02  0.000000000E+00  9.304803756E+00 
       863  3.155000000E+02  0.000000000E+00  9.323187846E+00 
       864  3.157500000E+02  0.000000000E+00  9.341165584E+00 
       865  3.160000000E+02  0.000000000E+00  9.358743551E+00 
       866  3.162500000E+02  0.000000000E+00  9.375928298E+00 
       867  3.165000000E+02  0.000000000E+00  9.392726346E+00 
       868  3.167500000E+02  0.000000000E+00  9.409144176E+00 
       869  3.170000000E+02  0.000000000E+00  9.425188233E+00 
       870  3.172500000E+02  0.000000000E+00  9.440864917E+00 
       871  3.175000000E+02  0.000000000E+00  9.456180584E+00 
       872  3.177500000E+02  0.000000000E+00  9.471141541E+00 
       873  3.180000000E+02  0.000000000E+00  9.485754046E+00 
       874  3.182500000E+02  0.000000000E+00  9.500024307E+00 
       875  3.185000000E+02  0.000000000E+00  9.513958477E+00 
       876  3.187500000E+02  0.000000000E+00  9.527562653E+00 
       877  3.190000000E+02  0.000000000E+00  9.540842878E+00 
       878  3.192500000E+02  0.000000000E+00  9.553805134E+00 
       879  3.195000000E+02  0.000000000E+00  9.566455346E+00 
       880  3.197500000E+02  0.000000000E+00  9.578799379E+00 
       881  3.200000000E+02  0.000000000E+00  9.590843036E+00 
       882  3.202500000E+02  0.000000000E+00  9.602592058E+00 
       883  3.205000000E+02  0.000000000E+00  9.614052122E+00 
       884  3.207500000E+02  0.000000000E+00  9.625228843E+00 
       885  3.210000000E+02  0.000000000E+00  9.636127769E+00 
       886  3.212500000E+02  0.000000000E+00  9.646754387E+00 
       887  3.215000000E+02  0.000000000E+00  9.657114114E+00 
       888  3.217500000E+02  0.000000000E+00  9.667212303E+00 
       889  3.220000000E+02  0.000000000E+00  9.677054239E+00 
       890  3.222500000E+02  0.000000000E+00  9.686645141E+00 
       891  3.225000000E+02  0.000000000E+00  9.695990162E+00 
       892  3.227500000E+02  0.000000000E+00  9.705094383E+00 
       893  3.230000000E+02  0.000000000E+00  9.713962821E+00 
       894  3.232500000E+02  0.000000000E+00  9.722600422E+00 
       895  3.235000000E+02  0.000000000E+00  9.731012066E+00 
       896  3.237500000E+02  0.000000000E+00  9.739202564E+00 
       897  3.240000000E+02  0.000000000E+00  9.747176655E+00 
       898  3.242500000E+02  0.000000000E+00  9.754939015E+00 
       899  3.245000000E+02  0.000000000E+00  9.762494246E+00 
       900  3.247500000E+02  0.000000000E+00  9.769846884E+00 
       901  3.250000000E+02  0.000000000E+00  9.777001396E+00 
       902  3.252500000E+02  0.000000000E+00  9.783962181E+00 
       903  3.255000000E+02  0.000000000E+00  9.790733567E+00 
       904  3.257500000E+02  0.000000000E+00  9.797319816E+00 
       905  3.260000000E+02  0.000000000E+00  9.803725122E+00 
       906  3.262500000E+02  0.000000000E+00  9.809953610E+00 
       907  3.265000000E+02  0.000000000E+00  9.816009336E+00 
       908  3.267500000E+02  0.000000000E+00  9.821896291E+00 
       909  3.270000000E+02  0.000000000E+00  9.827618398E+00 
       910  3.272500000E+02  0.000000000E+00  9.833179512E+00 
       911  3.275000000E+02  0.000000000E+00  9.838583422E+00 
       912  3.277500000E+02  0.000000000E+00  9.843833851E+00 
       913  3.280000000E+02  0.000000000E+00  9.848934456E+00 
       914  3.282500000E+02  0.000000000E+00  9.853888829E+00 
       915  3.285000000E+02  0.000000000E+00  9.858700496E+00 
       916  3.287500000E+02  0.000000000E+00  9.863372918E+00 
       917  3.290000000E+02  0.000000000E+00  9.867909493E+00 
       918  3.292500000E+02  0.000000000E+00  9.872313555E+00 
       919  3.295000000E+02  0.000000000E+00  9.876588375E+00 
       920  3.297500000E+02  0.000000000E+00  9.880737160E+00 
       921  3.300000000E+02  0.000000000E+00  9.884763057E+00 
       922  3.302500000E+02  0.000000000E+00  9.888669148E+00 
       923  3.305000000E+02  0.000000000E+00  9.892458457E+00 
       924  3.307500000E+02  0.000000000E+00  9.896133947E+00 
       925  3.310000000E+02  0.000000000E+00  9.899698519E+00 
       926  3.312500000E+02  0.000000000E+00  9.903155017E+00 
       927  3.315000000E+02  0.000000000E+00  9.906506225E+00 
       928  3.317500000E+02  0.000000000E+00  9.909754868E+00 
       929  3.320000000E+02  0.000000000E+00  9.912903617E+00 
       930  3.322500000E+02  0.000000000E+00  9.915955081E+00 
       931  3.325000000E+02  0.000000000E+00  9.918911818E+00 
       932  3.327500000E+02  0.000000000E+00  9.921776325E+00 
       933  3.330000000E+02  0.000000000E+00  9.924551048E+00 
       934  3.332500000E+02  0.000000000E+00  9.927238378E+00 
       935  3.335000000E+02  0.000000000E+00  9.929840652E+00 
       936  3.337500000E+02  0.000000000E+00  9.932360152E+00 
       937  3.340000000E+02  0.000000000E+00  9.934799111E+00 
       938  3.342500000E+02  0.000000000E+00  9.937159709E+00 
       939  3.345000000E+02  0.000000000E+00  9.939444075E+00 
       940  3.347500000E+02  0.000000000E+00  9.941654287E+00 
       941  3.350000000E+02  0.000000000E+00  9.943792375E+00 
       942  3.352500000E+02  0.000000000E+00  9.945860319E+00 
       943  3.355000000E+02  0.000000000E+00  9.947860051E+00 
       944  3.357500000E+02  0.000000000E+00  9.949793455E+00 
       945  3.360000000E+02  0.000000000E+00  9.951662371E+00 
       946  3.362500000E+02  0.000000000E+00  9.953468588E+00 
       947  3.365000000E+02  0.000000000E+00  9.955213854E+00 
       948  3.367500000E+02  0.000000000E+00  9.956899870E+00 
       949  3.370000000E+02  0.000000000E+00  9.958528293E+00 
       950  3.372500000E+02  0.000000000E+00  9.960100737E+00 
       951  3.375000000E+02  0.000000000E+00  9.961618774E+00 
       952  3.377500000E+02  0.000000000E+00  9.963083932E+00 
       953  3.380000000E+02  0.000000000E+00  9.964497700E+00 
       954  3.382500000E+02  0.000000000E+00  9.965861524E+00 
       955  3.385000000E+02  0.000000000E+00  9.967176811E+00 
       956  3.387500000E+02  0.000000000E+00  9.968444929E+00 
       957  3.390000000E+02  0.000000000E+00  9.969667206E+00 
       958  3.392500000E+02  0.000000000E+00  9.970844933E+00 
       959  3.395000000E+02  0.000000000E+00  9.971979363E+00 
       960  3.397500000E+02  0.000000000E+00  9.973071711E+00 
       961  3.400000000E+02  0.000000000E+00  9.974123158E+00 
       962  3.402500000E+02  0.000000000E+00  9.975134847E+00 
       963  3.405000000E+02  0.000000000E+00  9.976107888E+00 
       964  3.407500000E+02  0.000000000E+00  9.977043355E+00 
       965  3.410000000E+02  0.000000000E+00  9.977942288E+00 
       966  3.412500000E+02  0.000000000E+00  9.978805694E+00 
       967  3.415000000E+02  0.000000000E+00  9.979634549E+00 
       968  3.417500000E+02  0.000000000E+00  9.980429793E+00 
       969  3.420000000E+02  0.000000000E+00  9.981192338E+00 
       970  3.422500000E+02  0.000000000E+00  9.981923062E+00 
       971  3.425000000E+02  0.000000000E+00  9.982622815E+00 
       972  3.427500000E+02  0.000000000E+00  9.983292416E+00 
       973  3.430000000E+02  0.000000000E+00  9.983932652E+00 
       974  3.432500000E+02  0.000000000E+00  9.984544285E+00 
       975  3.435000000E+02  0.000000000E+00  9.985128045E+00 
       976  3.437500000E+02  0.000000000E+00  9.985684637E+00 
       977  3.440000000E+02  0.000000000E+00  9.986214734E+00 
       978  3.442500000E+02  0.000000000E+00  9.986718987E+00 
       979  3.445000000E+02  0.000000000E+00  9.987198017E+00 
       980  3.447500000E+02  0.000000000E+00  9.987652418E+00 
       981  3.450000000E+02  0.000000000E+00  9.988082762E+00 
       982  3.452500000E+02  0.000000000E+00  9.988489591E+00 
       983  3.455000000E+02  0.000000000E+00  9.988873426E+00 
       984  3.457500000E+02  0.000000000E+00  9.989234759E+00 
       985  3.460000000E+02  0.000000000E+00  9.989574063E+00 
       986  3.462500000E+02  0.000000000E+00  9.989891783E+00 
       987  3.465000000E+02  0.000000000E+00  9.990188342E+00 
       988  3.467500000E+02  0.000000000E+00  9.990464139E+00 
       989  3.470000000E+02  0.000000000E+00  9.990719552E+00 
       990  3.472500000E+02  0.000000000E+00  9.990954936E+00 
       991  3.475000000E+02  0.000000000E+00  9.991170622E+00 
       992  3.477500000E+02  0.000000000E+00  9.991366921E+00 
       993  3.480000000E+02  0.000000000E+00  9.991544121E+00 
       994  3.482500000E+02  0.000000000E+00  9.991702492E+00 
       995  3.485000000E+02  0.000000000E+00  9.991842280E+00 
       996  3.487500000E+02  0.000000000E+00  9.991963711E+00 
       997  3.490000000E+02  0.000000000E+00  9.992066991E+00 
       998  3.492500000E+02  0.000000000E+00  9.992152306E+00 
       999  3.495000000E+02  0.000000000E+00  9.992219821E+00 
      1000  3.497500000E+02  0.000000000E+00  9.992269684E+00 
      1001  3.500000000E+02  0.000000000E+00  9.992302021E+00 
      1002  3.502500000E+02  0.000000000E+00  9.992316940E+00 
      1003  3.505000000E+02  0.000000000E+00  9.992314530E+00 
      1004  3.507500000E+02  0.000000000E+00  9.992294861E+00 
      1005  3.510000000E+02  0.000000000E+00  9.992257984E+00 
      1006  3.512500000E+02  0.000000000E+00  9.992203933E+00 
      1007  3.515000000E+02  0.000000000E+00  9.992132723E+00 
      1008  3.517500000E+02  0.000000000E+00  9.992044352E+00 
      1009  3.520000000E+02  0.000000000E+00  9.991938797E+00 
      1010  3.522500000E+02  0.000000000E+00  9.991816022E+00 
      1011  3.525000000E+02  0.000000000E+00  9.991675969E+00 
      1012  3.527500000E+02  0.000000000E+00  9.991518567E+00 
      1013  3.530000000E+02  0.000000000E+00  9.991343723E+00 
      1014  3.532500000E+02  0.000000000E+00  9.991151332E+00 
      1015  3.535000000E+02  0.000000000E+00  9.990941267E+00 
      1016  3.537500000E+02  0.000000000E+00  9.990713388E+00 
      1017  3.540000000E+02  0.000000000E+00  9.990467537E+00 
      1018  3.542500000E+02  0.000000000E+00  9.990203538E+00 
      1019  3.545000000E+02  0.000000000E+00  9.989921200E+00 
      1020  3.547500000E+02  0.000000000E+00  9.989620315E+00 
      1021  3.550000000E+02  0.000000000E+00  9.989300658E+00 
      1022  3.552500000E+02  0.000000000E+00  9.988961990E+00 
      1023  3.555000000E+02  0.000000000E+00  9.988604053E+00 
      1024  3.557500000E+02  0.000000000E+00  9.988226573E+00 
      1025  3.560000000E+02  0.000000000E+00  9.987829262E+00 
      1026  3.562500000E+02  0.000000000E+00  9.987411814E+00 
      1027  3.565000000E+02  0.000000000E+00  9.986973908E+00 
      1028  3.567500000E+02  0.000000000E+00  9.986515206E+00 
      1029  3.570000000E+02  0.000000000E+00  9.986035354E+00 
      1030  3.572500000E+02  0.000000000E+00  9.985533984E+00 
      1031  3.575000000E+02  0.000000000E+00  9.985010710E+00 
      1032  3.577500000E+02  0.000000000E+00  9.984465131E+00 
      1033  3.580000000E+02  0.000000000E+00  9.983896828E+00 
      1034  3.582500000E+02  0.000000000E+00  9.983305371E+00 
      1035  3.585000000E+02  0.000000000E+00  9.982690308E+00 
      1036  3.587500000E+02  0.000000000E+00  9.982051176E+00 
      1037  3.590000000E+02  0.000000000E+00  9.981387492E+00 
      1038  3.592500000E+02  0.000000000E+00  9.980698762E+00 
      1039  3.595000000E+02  0.000000000E+00  9.979984470E+00 
      1040  3.597500000E+02  0.000000000E+00  9.979244090E+00 
      1041  3.600000000E+02  0.000000000E+00  9.978477074E+00 
      1042  3.602500000E+02  0.000000000E+00  9.977682863E+00 
      1043  3.605000000E+02  0.000000000E+00  9.976860879E+00 
      1044  3.607500000E+02  0.000000000E+00  9.976010528E+00 
      1045  3.610000000E+02  0.000000000E+00  9.975131200E+00 
      1046  3.612500000E+02  0.000000000E+00  9.974222269E+00 
      1047  3.615000000E+02  0.000000000E+00  9.973283092E+00 
      1048  3.617500000E+02  0.000000000E+00  9.972313009E+00 
      1049  3.620000000E+02  0.000000000E+00  9.971311345E+00 
      1050  3.622500000E+02  0.000000000E+00  9.970277405E+00 
      1051  3.625000000E+02  0.000000000E+00  9.969210481E+00 
      1052  3.627500000E+02  0.000000000E+00  9.968109846E+00 
      1053  3.630000000E+02  0.000000000E+00  9.966974754E+00 
      1054  3.632500000E+02  0.000000000E+00  9.965804444E+00 
      1055  3.635000000E+02  0.000000000E+00  9.964598138E+00 
      1056  3.637500000E+02  0.000000000E+00  9.963355038E+00 
      1057  3.640000000E+02  0.000000000E+00  9.962074329E+00 
      1058  3.642500000E+02  0.000000000E+00  9.960755179E+00 
      1059  3.645000000E+02  0.000000000E+00  9.959396736E+00 
      1060  3.647500000E+02  0.000000000E+00  9.957998130E+00 
      1061  3.650000000E+02  0.000000000E+00  9.956558473E+00 
      1062  3.652500000E+02  0.000000000E+00  9.955076857E+00 
      1063  3.655000000E+02  0.000000000E+00  9.953552355E+00 
      1064  3.657500000E+02  0.000000000E+00  9.951984020E+00 
      1065  3.660000000E+02  0.000000000E+00  9.950370886E+00 
      1066  3.662500000E+02  0.000000000E+00  9.948711966E+00 
      1067  3.665000000E+02  0.000000000E+00  9.947006251E+00 
      1068  3.667500000E+02  0.000000000E+00  9.945252715E+00 
      1069  3.670000000E+02  0.000000000E+00  9.943450306E+00 
      1070  3.672500000E+02  0.000000000E+00  9.941597953E+00 
      1071  3.675000000E+02  0.000000000E+00  9.939694562E+00 
      1072  3.677500000E+02  0.000000000E+00  9.937739017E+00 
      1073  3.680000000E+02  0.000000000E+00  9.935730177E+00 
      1074  3.682500000E+02  0.000000000E+00  9.933666880E+00 
      1075  3.685000000E+02  0.000000000E+00  9.931547938E+00 
      1076  3.687500000E+02  0.000000000E+00  9.929372139E+00 
      1077  3.690000000E+02  0.000000000E+00  9.927138245E+00 
      1078  3.692500000E+02  0.000000000E+00  9.924844992E+00 
      1079  3.695000000E+02  0.000000000E+00  9.922491091E+00 
      1080  3.697500000E+02  0.000000000E+00  9.920075225E+00 
      1081  3.700000000E+02  0.000000000E+00  9.917596047E+00 
      1082  3.702500000E+02  0.000000000E+00  9.915052185E+00 
      1083  3.705000000E+02  0.000000000E+00  9.912442235E+00 
      1084  3.707500000E+02  0.000000000E+00  9.909764763E+00 
      1085  3.710000000E+02  0.000000000E+00  9.907018306E+00 
      1086  3.712500000E+02  0.000000000E+00  9.904201367E+00 
      1087  3.715000000E+02  0.000000000E+00  9.901312416E+00 
      1088  3.717500000E+02  0.000000000E+00  9.898349890E+00 
      1089  3.720000000E+02  0.000000000E+00  9.895312192E+00 
      1090  3.722500000E+02  0.000000000E+00  9.892197689E+00 
      1091  3.725000000E+02  0.000000000E+00  9.889004710E+00 
      1092  3.727500000E+02  0.000000000E+00  9.885731547E+00 
      1093  3.730000000E+02  0.000000000E+00  9.882376452E+00 
      1094  3.732500000E+02  0.000000000E+00  9.878937639E+00 
      1095  3.735000000E+02  0.000000000E+00  9.875413278E+00 
      1096  3.737500000E+02  0.000000000E+00  9.871801498E+00 
      1097  3.740000000E+02  0.000000000E+00  9.868100383E+00 
      1098  3.742500000E+02  0.000000000E+00  9.864307973E+00 
      1099  3.745000000E+02  0.000000000E+00  9.860422259E+00 
      1100  3.747500000E+02  0.000000000E+00  9.856441186E+00 
      1101  3.750000000E+02  0.000000000E+00  9.852362649E+00 
      1102  3.752500000E+02  0.000000000E+00  9.848184490E+00 
      1103  3.755000000E+02  0.000000000E+00  9.843904502E+00 
      1104  3.757500000E+02  0.000000000E+00  9.839520419E+00 
      1105  3.760000000E+02  0.000000000E+00  9.835029922E+00 
      1106  3.762500000E+02  0.000000000E+00  9.830430635E+00 
      1107  3.765000000E+02  0.000000000E+00  9.825720120E+00 
      1108  3.767500000E+02  0.000000000E+00  9.820895881E+00 
      1109  3.770000000E+02  0.000000000E+00  9.815955356E+00 
      1110  3.772500000E+02  0.000000000E+00  9.810895921E+00 
      1111  3.775000000E+02  0.000000000E+00  9.805714883E+00 
      1112  3.777500000E+02  0.000000000E+00  9.800409483E+00 
      1113  3.780000000E+02  0.000000000E+00  9.794976890E+00 
      1114  3.782500000E+02  0.000000000E+00  9.789414200E+00 
      1115  3.785000000E+02  0.000000000E+00  9.783718437E+00 
      1116  3.787500000E+02  0.000000000E+00  9.777886546E+00 
      1117  3.790000000E+02  0.000000000E+00  9.771915397E+00 
      1118  3.792500000E+02  0.000000000E+00  9.765801776E+00 
      1119  3.795000000E+02  0.000000000E+00  9.759542390E+00 
      1120  3.797500000E+02  0.000000000E+00  9.753133859E+00 
      1121  3.800000000E+02  0.000000000E+00  9.746572718E+00 
      1122  3.802500000E+02  0.000000000E+00  9.739855413E+00 
      1123  3.805000000E+02  0.000000000E+00  9.732978300E+00 
      1124  3.807500000E+02  0.000000000E+00  9.725937642E+00 
      1125  3.810000000E+02  0.000000000E+00  9.718729609E+00 
      1126  3.812500000E+02  0.000000000E+00  9.711350272E+00 
      1127  3.815000000E+02  0.000000000E+00  9.703795607E+00 
      1128  3.817500000E+02  0.000000000E+00  9.696061488E+00 
      1129  3.820000000E+02  0.000000000E+00  9.688143687E+00 
      1130  3.822500000E+02  0.000000000E+00  9.680037874E+00 
      1131  3.825000000E+02  0.000000000E+00  9.671739615E+00 
      1132  3.827500000E+02  0.000000000E+00  9.663244366E+00 
      1133  3.830000000E+02  0.000000000E+00  9.654547479E+00 
      1134  3.832500000E+02  0.000000000E+00  9.645644195E+00 
      1135  3.835000000E+02  0.000000000E+00  9.636529646E+00 
      1136  3.837500000E+02  0.000000000E+00  9.627198855E+00 
      1137  3.840000000E+02  0.000000000E+00  9.617646730E+00 
      1138  3.842500000E+02  0.000000000E+00  9.607868072E+00 
      1139  3.845000000E+02  0.000000000E+00  9.597857568E+00 
      1140  3.847500000E+02  0.000000000E+00  9.587609794E+00 
      1141  3.850000000E+02  0.000000000E+00  9.577119218E+00 
      1142  3.852500000E+02  0.000000000E+00  9.566380197E+00 
      1143  3.855000000E+02  0.000000000E+00  9.555386981E+00 
      1144  3.857500000E+02  0.000000000E+00  9.544133715E+00 
      1145  3.860000000E+02  0.000000000E+00  9.532614442E+00 
      1146  3.862500000E+02  0.000000000E+00  9.520823106E+00 
      1147  3.865000000E+02  0.000000000E+00  9.508753558E+00 
      1148  3.867500000E+02  0.000000000E+00  9.496399558E+00 
      1149  3.870000000E+02  0.000000000E+00  9.483754786E+00 
      1150  3.872500000E+02  0.000000000E+00  9.470812844E+00 
      1151  3.875000000E+02  0.000000000E+00  9.457567271E+00 
      1152  3.877500000E+02  0.000000000E+00  9.444011550E+00 
      1153  3.880000000E+02  0.000000000E+00  9.430139120E+00 
      1154  3.882500000E+02  0.000000000E+00  9.415943392E+00 
      1155  3.885000000E+02  0.000000000E+00  9.401417767E+00 
      1156  3.887500000E+02  0.000000000E+00  9.386555649E+00 
      1157  3.890000000E+02  0.000000000E+00  9.371350476E+00 
      1158  3.892500000E+02  0.000000000E+00  9.355795740E+00 
      1159  3.895000000E+02  0.000000000E+00  9.339885019E+00 
      1160  3.897500000E+02  0.000000000E+00  9.323612011E+00 
      1161  3.900000000E+02  0.000000000E+00  9.306970575E+00 
      1162  3.902500000E+02  0.000000000E+00  9.289954775E+00 
      1163  3.905000000E+02  0.000000000E+00  9.272558934E+00 
      1164  3.907500000E+02  0.000000000E+00  9.254777695E+00 
      1165  3.910000000E+02  0.000000000E+00  9.236606095E+00 
      1166  3.912500000E+02  0.000000000E+00  9.218039637E+00 
      1167  3.915000000E+02  0.000000000E+00  9.199074397E+00 
      1168  3.917500000E+02  0.000000000E+00  9.179707120E+00 
      1169  3.920000000E+02  0.000000000E+00  9.159935356E+00 
      1170  3.922500000E+02  0.000000000E+00  9.139757599E+00 
      1171  3.925000000E+02  0.000000000E+00  9.119173457E+00 
      1172  3.927500000E+02  0.000000000E+00  9.098183852E+00 
      1173  3.930000000E+02  0.000000000E+00  9.076791242E+00 
      1174  3.932500000E+02  0.000000000E+00  9.054999890E+00 
      1175  3.935000000E+02  0.000000000E+00  9.032816172E+00 
      1176  3.937500000E+02  0.000000000E+00  9.010248940E+00 
      1177  3.940000000E+02  0.000000000E+00  8.987309947E+00 
      1178  3.942500000E+02  0.000000000E+00  8.964014343E+00 
      1179  3.945000000E+02  0.000000000E+00  8.940381268E+00 
      1180  3.947500000E+02  0.000000000E+00  8.916434543E+00 
      1181  3.950000000E+02  0.000000000E+00  8.892203506E+00 
      1182  3.952500000E+02  0.000000000E+00  8.867723995E+00 
      1183  3.955000000E+02  0.000000000E+00  8.843039539E+00 
      1184  3.957500000E+02  0.000000000E+00  8.818202793E+00 
      1185  3.960000000E+02  0.000000000E+00  8.793277285E+00 
      1186  3.962500000E+02  0.000000000E+00  8.768339555E+00 
      1187  3.965000000E+02  0.000000000E+00  8.743481811E+00 
      1188  3.967500000E+02  0.000000000E+00  8.718815247E+00 
      1189  3.970000000E+02  0.000000000E+00  8.694474243E+00 
      1190  3.972500000E+02  0.000000000E+00  8.670621785E+00 
      1191  3.975000000E+02  0.000000000E+00  8.647456544E+00 
      1192  3.977500000E+02  0.000000000E+00  8.625222352E+00 
      1193  3.980000000E+02  0.000000000E+00  8.604221222E+00 
      1194  3.982500000E+02  0.000000000E+00  8.584831800E+00 
      1195  3.985000000E+02  0.000000000E+00  8.567536644E+00 
      1196  3.987500000E+02  0.000000000E+00  8.552964704E+00 
      1197  3.990000000E+02  0.000000000E+00  8.541962230E+00 
      1198  3.992500000E+02  0.000000000E+00  8.535722284E+00 
      1199  3.995000000E+02  0.000000000E+00  8.536049550E+00 
      1200  3.997500000E+02  0.000000000E+00  8.547810896E+00 
      1201  4.000000000E+02  0.000000000E+00  8.014906933E+00 
      1202  4.002000034E+02  0.000000000E+00  7.648170115E+00 
      1203  4.004016387E+02  0.000000000E+00  7.780532905E+00 
      1204  4.006049192E+02  0.000000000E+00  7.907289858E+00 
      1205  4.008098583E+02  0.000000000E+00  8.028604146E+00 
      1206  4.010164696E+02  0.000000000E+00  8.144523139E+00 
      1207  4.012247666E+02  0.000000000E+00  8.255118053E+00 
      1208  4.014347631E+02  0.000000000E+00  8.360480404E+00 
      1209  4.016464731E+02  0.000000000E+00  8.460718521E+00 
      1210  4.018599104E+02  0.000000000E+00  8.555954495E+00 
      1211  4.020750892E+02  0.000000000E+00  8.646321914E+00 
      1212  4.022920237E+02  0.000000000E+00  8.731963793E+00 
      1213  4.025107282E+02  0.000000000E+00  8.818198642E+00 
      1214  4.027312172E+02  0.000000000E+00  8.899680628E+00 
      1215  4.029535052E+02  0.000000000E+00  8.971335874E+00 
      1216  4.031776069E+02  0.000000000E+00  9.038937510E+00 
      1217  4.034035370E+02  0.000000000E+00  9.102648662E+00 
      1218  4.036313106E+02  0.000000000E+00  9.162632886E+00 
      1219  4.038609426E+02  0.000000000E+00  9.219053248E+00 
      1220  4.040924483E+02  0.000000000E+00  9.272071584E+00 
      1221  4.043258428E+02  0.000000000E+00  9.324833180E+00 
      1222  4.045611417E+02  0.000000000E+00  9.374283216E+00 
      1223  4.047983604E+02  0.000000000E+00  9.417556734E+00 
      1224  4.050375146E+02  0.000000000E+00  9.458083050E+00 
      1225  4.052786201E+02  0.000000000E+00  9.496006460E+00 
      1226  4.055216929E+02  0.000000000E+00  9.533535895E+00 
      1227  4.057667489E+02  0.000000000E+00  9.572816419E+00 
      1228  4.060138044E+02  0.000000000E+00  9.614196111E+00 
      1229  4.062628756E+02  0.000000000E+00  9.650543767E+00 
      1230  4.065139791E+02  0.000000000E+00  9.679322384E+00 
      1231  4.067671314E+02  0.000000000E+00  9.707656089E+00 
      1232  4.070223492E+02  0.000000000E+00  9.733428798E+00 
      1233  4.072796494E+02  0.000000000E+00  9.757308671E+00 
      1234  4.075390490E+02  0.000000000E+00  9.778078755E+00 
      1235  4.078005650E+02  0.000000000E+00  9.793566232E+00 
      1236  4.080642148E+02  0.000000000E+00  9.808237448E+00 
      1237  4.083300158E+02  0.000000000E+00  9.821780241E+00 
      1238  4.085979855E+02  0.000000000E+00  9.834149035E+00 
      1239  4.088681416E+02  0.000000000E+00  9.826521727E+00 
      1240  4.091405020E+02  0.000000000E+00  9.819708823E+00 
      1241  4.094150846E+02  0.000000000E+00  9.833265291E+00 
      1242  4.096919076E+02  0.000000000E+00  9.845809487E+00 
      1243  4.099709892E+02  0.000000000E+00  9.857412340E+00 
      1244  4.102523480E+02  0.000000000E+00  9.868140513E+00 
      1245  4.105360024E+02  0.000000000E+00  9.878056586E+00 
      1246  4.108219711E+02  0.000000000E+00  9.887219235E+00 
      1247  4.111102732E+02  0.000000000E+00  9.895683408E+00 
      1248  4.114009276E+02  0.000000000E+00  9.903500508E+00 
      1249  4.116939535E+02  0.000000000E+00  9.910718566E+00 
      1250  4.119893702E+02  0.000000000E+00  9.917382416E+00 
      1251  4.122871973E+02  0.000000000E+00  9.923533864E+00 
      1252  4.125874544E+02  0.000000000E+00  9.929211849E+00 
      1253  4.128901614E+02  0.000000000E+00  9.934452610E+00 
      1254  4.131953383E+02  0.000000000E+00  9.939289835E+00 
      1255  4.135030051E+02  0.000000000E+00  9.943754814E+00 
      1256  4.138131823E+02  0.000000000E+00  9.947876582E+00 
      1257  4.141258902E+02  0.000000000E+00  9.951682057E+00 
      1258  4.144411496E+02  0.000000000E+00  9.955196172E+00 
      1259  4.147589813E+02  0.000000000E+00  9.958442003E+00 
      1260  4.150794062E+02  0.000000000E+00  9.961440887E+00 
      1261  4.154024455E+02  0.000000000E+00  9.964212542E+00 
      1262  4.157281206E+02  0.000000000E+00  9.966775168E+00 
      1263  4.160564529E+02  0.000000000E+00  9.969145557E+00 
      1264  4.163874641E+02  0.000000000E+00  9.971339188E+00 
      1265  4.167211762E+02  0.000000000E+00  9.973370320E+00 
      1266  4.170576110E+02  0.000000000E+00  9.975252077E+00 
      1267  4.173967909E+02  0.000000000E+00  9.976996533E+00 
      1268  4.177387382E+02  0.000000000E+00  9.978614788E+00 
      1269  4.180834756E+02  0.000000000E+00  9.980117039E+00 
      1270  4.184310257E+02  0.000000000E+00  9.981512649E+00 
      1271  4.187814116E+02  0.000000000E+00  9.982810209E+00 
      1272  4.191346563E+02  0.000000000E+00  9.984017600E+00 
      1273  4.194907832E+02  0.000000000E+00  9.985142045E+00 
      1274  4.198498158E+02  0.000000000E+00  9.986190163E+00 
      1275  4.202117779E+02  0.000000000E+00  9.987168017E+00 
      1276  4.205766933E+02  0.000000000E+00  9.988081155E+00 
      1277  4.209445860E+02  0.000000000E+00  9.988934656E+00 
      1278  4.213154806E+02  0.000000000E+00  9.989733167E+00 
      1279  4.216894013E+02  0.000000000E+00  9.990480938E+00 
      1280  4.220663728E+02  0.000000000E+00  9.991181854E+00 
      1281  4.224464202E+02  0.000000000E+00  9.991839466E+00 
      1282  4.228295685E+02  0.000000000E+00  9.992457022E+00 
      1283  4.232158429E+02  0.000000000E+00  9.993037490E+00 
      1284  4.236052691E+02  0.000000000E+00  9.993583580E+00 
      1285  4.239978726E+02  0.000000000E+00  9.994097772E+00 
      1286  4.243936795E+02  0.000000000E+00  9.994582330E+00 
      1287  4.247927158E+02  0.000000000E+00  9.995039327E+00 
      1288  4.251950080E+02  0.000000000E+00  9.995470654E+00 
      1289  4.256005825E+02  0.000000000E+00  9.995878043E+00 
      1290  4.260094662E+02  0.000000000E+00  9.996263079E+00 
      1291  4.264216861E+02  0.000000000E+00  9.996627211E+00 
      1292  4.268372694E+02  0.000000000E+00  9.996971767E+00 
      1293  4.272562434E+02  0.000000000E+00  9.997297965E+00 
      1294  4.276786360E+02  0.000000000E+00  9.997606920E+00 
      1295  4.281044750E+02  0.000000000E+00  9.997899656E+00 
      1296  4.285337884E+02  0.000000000E+00  9.998177115E+00 
      1297  4.289666047E+02  0.000000000E+00  9.998440162E+00 
      1298  4.294029525E+02  0.000000000E+00  9.998689595E+00 
      1299  4.298428605E+02  0.000000000E+00  9.998926149E+00 
      1300  4.302863578E+02  0.000000000E+00  9.999150502E+00 
      1301  4.307334737E+02  0.000000000E+00  9.999363284E+00 
      1302  4.311842377E+02  0.000000000E+00  9.999565075E+00 
      1303  4.316386795E+02  0.000000000E+00  9.999756418E+00 
      1304  4.320968293E+02  0.000000000E+00  9.999937814E+00 
      1305  4.325587172E+02  0.000000000E+00  1.000010973E+01 
      1306  4.330243737E+02  0.000000000E+00  1.000027261E+01 
      1307  4.334938296E+02  0.000000000E+00  1.000042686E+01 
      1308  4.339671159E+02  0.000000000E+00  1.000057287E+01 
      1309  4.344442638E+02  0.000000000E+00  1.000071100E+01 
      1310  4.349253049E+02  0.000000000E+00  1.000084158E+01 
      1311  4.354102708E+02  0.000000000E+00  1.000096496E+01 
      1312  4.358991937E+02  0.000000000E+00  1.000108142E+01 
      1313  4.363921059E+02  0.000000000E+00  1.000119127E+01 
      1314  4.368890398E+02  0.000000000E+00  1.000129477E+01 
      1315  4.373900283E+02  0.000000000E+00  1.000139220E+01 
      1316  4.378951044E+02  0.000000000E+00  1.000148381E+01 
      1317  4.384043016E+02  0.000000000E+00  1.000156983E+01 
      1318  4.389176534E+02  0.000000000E+00  1.000165051E+01 
      1319  4.394351937E+02  0.000000000E+00  1.000172605E+01 
      1320  4.399569568E+02  0.000000000E+00  1.000179669E+01 
      1321  4.404829770E+02  0.000000000E+00  1.000186261E+01 
      1322  4.410132892E+02  0.000000000E+00  1.000192402E+01 
      1323  4.415479282E+02  0.000000000E+00  1.000198111E+01 
      1324  4.420869295E+02  0.000000000E+00  1.000203406E+01 
      1325  4.426303286E+02  0.000000000E+00  1.000208305E+01 
      1326  4.431781614E+02  0.000000000E+00  1.000212823E+01 
      1327  4.437304641E+02  0.000000000E+00  1.000216979E+01 
      1328  4.442872731E+02  0.000000000E+00  1.000220786E+01 
      1329  4.448486253E+02  0.000000000E+00  1.000224260E+01 
      1330  4.454145576E+02  0.000000000E+00  1.000227415E+01 
      1331  4.459851075E+02  0.000000000E+00  1.000230264E+01 
      1332  4.465603126E+02  0.000000000E+00  1.000232821E+01 
      1333  4.471402109E+02  0.000000000E+00  1.000235097E+01 
      1334  4.477248408E+02  0.000000000E+00  1.000237104E+01 
      1335  4.483142407E+02  0.000000000E+00  1.000238853E+01 
      1336  4.489084497E+02  0.000000000E+00  1.000240353E+01 
      1337  4.495075070E+02  0.000000000E+00  1.000241616E+01 
      1338  4.501114521E+02  0.000000000E+00  1.000242648E+01 
      1339  4.507203248E+02  0.000000000E+00  1.000243459E+01 
      1340  4.513341655E+02  0.000000000E+00  1.000244056E+01 
      1341  4.519530147E+02  0.000000000E+00  1.000244446E+01 
      1342  4.525769132E+02  0.000000000E+00  1.000244635E+01 
      1343  4.532059021E+02  0.000000000E+00  1.000244629E+01 
      1344  4.538400232E+02  0.000000000E+00  1.000244433E+01 
      1345  4.544793181E+02  0.000000000E+00  1.000244050E+01 
      1346  4.551238292E+02  0.000000000E+00  1.000243485E+01 
      1347  4.557735990E+02  0.000000000E+00  1.000242741E+01 
      1348  4.564286703E+02  0.000000000E+00  1.000241819E+01 
      1349  4.570890866E+02  0.000000000E+00  1.000240722E+01 
      1350  4.577548913E+02  0.000000000E+00  1.000239450E+01 
      1351  4.584261284E+02  0.000000000E+00  1.000238004E+01 
      1352  4.591028423E+02  0.000000000E+00  1.000236384E+01 
      1353  4.597850777E+02  0.000000000E+00  1.000234588E+01 
      1354  4.604728795E+02  0.000000000E+00  1.000232616E+01 
      1355  4.611662932E+02  0.000000000E+00  1.000230465E+01 
      1356  4.618653647E+02  0.000000000E+00  1.000228133E+01 
      1357  4.625701400E+02  0.000000000E+00  1.000225615E+01 
      1358  4.632806657E+02  0.000000000E+00  1.000222909E+01 
      1359  4.639969887E+02  0.000000000E+00  1.000220010E+01 
      1360  4.647191564E+02  0.000000000E+00  1.000216912E+01 
      1361  4.654472164E+02  0.000000000E+00  1.000213612E+01 
      1362  4.661812167E+02  0.000000000E+00  1.000210102E+01 
      1363  4.669212059E+02  0.000000000E+00  1.000206377E+01 
      1364  4.676672328E+02  0.000000000E+00  1.000202432E+01 
      1365  4.684193468E+02  0.000000000E+00  1.000198259E+01 
      1366  4.691775973E+02  0.000000000E+00  1.000193855E+01 
      1367  4.699420346E+02  0.000000000E+00  1.000189213E+01 
      1368  4.707127091E+02  0.000000000E+00  1.000184330E+01 
      1369  4.714896716E+02  0.000000000E+00  1.000179203E+01 
      1370  4.722729736E+02  0.000000000E+00  1.000173831E+01 
      1371  4.730626666E+02  0.000000000E+00  1.000168216E+01 
      1372  4.738588030E+02  0.000000000E+00  1.000162362E+01 
      1373  4.746614352E+02  0.000000000E+00  1.000156279E+01 
      1374  4.754706162E+02  0.000000000E+00  1.000149981E+01 
      1375  4.762863994E+02  0.000000000E+00  1.000143488E+01 
      1376  4.771088389E+02  0.000000000E+00  1.000136830E+01 
      1377  4.779379887E+02  0.000000000E+00  1.000130047E+01 
      1378  4.787739038E+02  0.000000000E+00  1.000123191E+01 
      1379  4.796166392E+02  0.000000000E+00  1.000116332E+01 
      1380  4.804662507E+02  0.000000000E+00  1.000109562E+01 
      1381  4.813227944E+02  0.000000000E+00  1.000103000E+01 
      1382  4.821863268E+02  0.000000000E+00  1.000096801E+01 
      1383  4.830569049E+02  0.000000000E+00  1.000091169E+01 
      1384  4.839345862E+02  0.000000000E+00  1.000086371E+01 
      1385  4.848194287E+02  0.000000000E+00  1.000082762E+01 
      1386  4.857114908E+02  0.000000000E+00  1.000080814E+01 
      1387  4.866108314E+02  0.000000000E+00  1.000081164E+01 
      1388  4.875175099E+02  0.000000000E+00  1.000084675E+01 
      1389  4.884315862E+02  0.000000000E+00  1.000092533E+01 
      1390  4.893531206E+02  0.000000000E+00  1.000106370E+01 
      1391  4.902821741E+02  0.000000000E+00  1.000128459E+01 
      1392  4.912188078E+02  0.000000000E+00  1.000161975E+01 
      1393  4.921630837E+02  0.000000000E+00  1.000211389E+01 
      1394  4.931150642E+02  0.000000000E+00  1.000283019E+01 
      1395  4.940748120E+02  0.000000000E+00  1.000385833E+01 
      1396  4.950423907E+02  0.000000000E+00  1.000532602E+01 
      1397  4.960178639E+02  0.000000000E+00  1.000741584E+01 
      1398  4.970012963E+02  0.000000000E+00  1.001037406E+01 
      1399  4.979927527E+02  0.000000000E+00  1.001680415E+01 
      1400  4.989922986E+02  0.000000000E+00  1.002559188E+01 
      1401  5.000000000E+02  0.000000000E+00  1.002968347E+01 
