nodenumber     x-coordinate     y-coordinate           udm-12 
         1  0.000000000E+00  0.000000000E+00  9.996789153E+00 
         2  1.007701384E+00  0.000000000E+00  9.996907903E+00 
         3  2.007247274E+00  0.000000000E+00  9.998695043E+00 
         4  2.998703673E+00  0.000000000E+00  1.000028963E+01 
         5  3.982136051E+00  0.000000000E+00  1.000019450E+01 
         6  4.957609346E+00  0.000000000E+00  1.000013676E+01 
         7  5.925187975E+00  0.000000000E+00  1.000009740E+01 
         8  6.884935829E+00  0.000000000E+00  1.000007129E+01 
         9  7.836916284E+00  0.000000000E+00  1.000005478E+01 
        10  8.781192203E+00  0.000000000E+00  1.000004527E+01 
        11  9.717825941E+00  0.000000000E+00  1.000004093E+01 
        12  1.064687935E+01  0.000000000E+00  1.000004041E+01 
        13  1.156841377E+01  0.000000000E+00  1.000004277E+01 
        14  1.248249006E+01  0.000000000E+00  1.000004730E+01 
        15  1.338916858E+01  0.000000000E+00  1.000005350E+01 
        16  1.428850920E+01  0.000000000E+00  1.000006099E+01 
        17  1.518057130E+01  0.000000000E+00  1.000006951E+01 
        18  1.606541380E+01  0.000000000E+00  1.000007886E+01 
        19  1.694309512E+01  0.000000000E+00  1.000008894E+01 
        20  1.781367322E+01  0.000000000E+00  1.000009964E+01 
        21  1.867720559E+01  0.000000000E+00  1.000011092E+01 
        22  1.953374925E+01  0.000000000E+00  1.000012277E+01 
        23  2.038336076E+01  0.000000000E+00  1.000013518E+01 
        24  2.122609622E+01  0.000000000E+00  1.000014819E+01 
        25  2.206201128E+01  0.000000000E+00  1.000016181E+01 
        26  2.289116114E+01  0.000000000E+00  1.000017610E+01 
        27  2.371360056E+01  0.000000000E+00  1.000019111E+01 
        28  2.452938383E+01  0.000000000E+00  1.000020688E+01 
        29  2.533856484E+01  0.000000000E+00  1.000022348E+01 
        30  2.614119701E+01  0.000000000E+00  1.000024097E+01 
        31  2.693733335E+01  0.000000000E+00  1.000025941E+01 
        32  2.772702642E+01  0.000000000E+00  1.000027886E+01 
        33  2.851032837E+01  0.000000000E+00  1.000029937E+01 
        34  2.928729093E+01  0.000000000E+00  1.000032100E+01 
        35  3.005796541E+01  0.000000000E+00  1.000034381E+01 
        36  3.082240268E+01  0.000000000E+00  1.000036784E+01 
        37  3.158065324E+01  0.000000000E+00  1.000039316E+01 
        38  3.233276716E+01  0.000000000E+00  1.000041980E+01 
        39  3.307879409E+01  0.000000000E+00  1.000044782E+01 
        40  3.381878330E+01  0.000000000E+00  1.000047724E+01 
        41  3.455278365E+01  0.000000000E+00  1.000050810E+01 
        42  3.528084362E+01  0.000000000E+00  1.000054045E+01 
        43  3.600301127E+01  0.000000000E+00  1.000057431E+01 
        44  3.671933431E+01  0.000000000E+00  1.000060971E+01 
        45  3.742986002E+01  0.000000000E+00  1.000064667E+01 
        46  3.813463533E+01  0.000000000E+00  1.000068521E+01 
        47  3.883370678E+01  0.000000000E+00  1.000072535E+01 
        48  3.952712052E+01  0.000000000E+00  1.000076710E+01 
        49  4.021492235E+01  0.000000000E+00  1.000081047E+01 
        50  4.089715769E+01  0.000000000E+00  1.000085545E+01 
        51  4.157387159E+01  0.000000000E+00  1.000090206E+01 
        52  4.224510872E+01  0.000000000E+00  1.000095027E+01 
        53  4.291091342E+01  0.000000000E+00  1.000100007E+01 
        54  4.357132966E+01  0.000000000E+00  1.000105146E+01 
        55  4.422640104E+01  0.000000000E+00  1.000110440E+01 
        56  4.487617081E+01  0.000000000E+00  1.000115886E+01 
        57  4.552068189E+01  0.000000000E+00  1.000121481E+01 
        58  4.615997684E+01  0.000000000E+00  1.000127220E+01 
        59  4.679409786E+01  0.000000000E+00  1.000133097E+01 
        60  4.742308684E+01  0.000000000E+00  1.000139108E+01 
        61  4.804698530E+01  0.000000000E+00  1.000145246E+01 
        62  4.866583446E+01  0.000000000E+00  1.000151503E+01 
        63  4.927967516E+01  0.000000000E+00  1.000157871E+01 
        64  4.988854795E+01  0.000000000E+00  1.000164341E+01 
        65  5.049249303E+01  0.000000000E+00  1.000170904E+01 
        66  5.109155028E+01  0.000000000E+00  1.000177550E+01 
        67  5.168575926E+01  0.000000000E+00  1.000184266E+01 
        68  5.227515921E+01  0.000000000E+00  1.000191041E+01 
        69  5.285978905E+01  0.000000000E+00  1.000197863E+01 
        70  5.343968738E+01  0.000000000E+00  1.000204718E+01 
        71  5.401489250E+01  0.000000000E+00  1.000211592E+01 
        72  5.458544238E+01  0.000000000E+00  1.000218471E+01 
        73  5.515137472E+01  0.000000000E+00  1.000225338E+01 
        74  5.571272686E+01  0.000000000E+00  1.000232179E+01 
        75  5.626953590E+01  0.000000000E+00  1.000238977E+01 
        76  5.682183858E+01  0.000000000E+00  1.000245715E+01 
        77  5.736967139E+01  0.000000000E+00  1.000252377E+01 
        78  5.791307049E+01  0.000000000E+00  1.000258944E+01 
        79  5.845207178E+01  0.000000000E+00  1.000265398E+01 
        80  5.898671083E+01  0.000000000E+00  1.000271723E+01 
        81  5.951702297E+01  0.000000000E+00  1.000277900E+01 
        82  6.004304320E+01  0.000000000E+00  1.000283910E+01 
        83  6.056480627E+01  0.000000000E+00  1.000289737E+01 
        84  6.108234661E+01  0.000000000E+00  1.000295361E+01 
        85  6.159569842E+01  0.000000000E+00  1.000300765E+01 
        86  6.210489559E+01  0.000000000E+00  1.000305932E+01 
        87  6.260997174E+01  0.000000000E+00  1.000310845E+01 
        88  6.311096022E+01  0.000000000E+00  1.000315486E+01 
        89  6.360789412E+01  0.000000000E+00  1.000319840E+01 
        90  6.410080625E+01  0.000000000E+00  1.000323890E+01 
        91  6.458972916E+01  0.000000000E+00  1.000327622E+01 
        92  6.507469514E+01  0.000000000E+00  1.000331022E+01 
        93  6.555573621E+01  0.000000000E+00  1.000334075E+01 
        94  6.603288413E+01  0.000000000E+00  1.000336770E+01 
        95  6.650617042E+01  0.000000000E+00  1.000339094E+01 
        96  6.697562632E+01  0.000000000E+00  1.000341037E+01 
        97  6.744128283E+01  0.000000000E+00  1.000342591E+01 
        98  6.790317071E+01  0.000000000E+00  1.000343746E+01 
        99  6.836132046E+01  0.000000000E+00  1.000344497E+01 
       100  6.881576232E+01  0.000000000E+00  1.000344839E+01 
       101  6.926652631E+01  0.000000000E+00  1.000344768E+01 
       102  6.971364219E+01  0.000000000E+00  1.000344284E+01 
       103  7.015713949E+01  0.000000000E+00  1.000343389E+01 
       104  7.059704749E+01  0.000000000E+00  1.000342085E+01 
       105  7.103339524E+01  0.000000000E+00  1.000340379E+01 
       106  7.146621156E+01  0.000000000E+00  1.000338281E+01 
       107  7.189552503E+01  0.000000000E+00  1.000335805E+01 
       108  7.232136399E+01  0.000000000E+00  1.000332967E+01 
       109  7.274375656E+01  0.000000000E+00  1.000329789E+01 
       110  7.316273064E+01  0.000000000E+00  1.000326297E+01 
       111  7.357831389E+01  0.000000000E+00  1.000322526E+01 
       112  7.399053376E+01  0.000000000E+00  1.000318512E+01 
       113  7.439941746E+01  0.000000000E+00  1.000314302E+01 
       114  7.480499201E+01  0.000000000E+00  1.000309951E+01 
       115  7.520728416E+01  0.000000000E+00  1.000305522E+01 
       116  7.560632051E+01  0.000000000E+00  1.000301089E+01 
       117  7.600212738E+01  0.000000000E+00  1.000296738E+01 
       118  7.639473092E+01  0.000000000E+00  1.000292568E+01 
       119  7.678415706E+01  0.000000000E+00  1.000288691E+01 
       120  7.717043151E+01  0.000000000E+00  1.000285239E+01 
       121  7.755357977E+01  0.000000000E+00  1.000282359E+01 
       122  7.793362715E+01  0.000000000E+00  1.000280221E+01 
       123  7.831059875E+01  0.000000000E+00  1.000279016E+01 
       124  7.868451945E+01  0.000000000E+00  1.000278963E+01 
       125  7.905541395E+01  0.000000000E+00  1.000280307E+01 
       126  7.942330674E+01  0.000000000E+00  1.000283326E+01 
       127  7.978822211E+01  0.000000000E+00  1.000288332E+01 
       128  8.015018416E+01  0.000000000E+00  1.000295677E+01 
       129  8.050921679E+01  0.000000000E+00  1.000305753E+01 
       130  8.086534371E+01  0.000000000E+00  1.000319000E+01 
       131  8.121858844E+01  0.000000000E+00  1.000335911E+01 
       132  8.156897429E+01  0.000000000E+00  1.000357034E+01 
       133  8.191652442E+01  0.000000000E+00  1.000382979E+01 
       134  8.226126177E+01  0.000000000E+00  1.000414424E+01 
       135  8.260320909E+01  0.000000000E+00  1.000452122E+01 
       136  8.294238899E+01  0.000000000E+00  1.000496906E+01 
       137  8.327882384E+01  0.000000000E+00  1.000549697E+01 
       138  8.361253587E+01  0.000000000E+00  1.000611514E+01 
       139  8.394354712E+01  0.000000000E+00  1.000683479E+01 
       140  8.427187943E+01  0.000000000E+00  1.000766827E+01 
       141  8.459755450E+01  0.000000000E+00  1.000862917E+01 
       142  8.492059382E+01  0.000000000E+00  1.000973241E+01 
       143  8.524101873E+01  0.000000000E+00  1.001099436E+01 
       144  8.555885039E+01  0.000000000E+00  1.001243293E+01 
       145  8.587410979E+01  0.000000000E+00  1.001406773E+01 
       146  8.618681774E+01  0.000000000E+00  1.001592017E+01 
       147  8.649699489E+01  0.000000000E+00  1.001801362E+01 
       148  8.680466173E+01  0.000000000E+00  1.002037355E+01 
       149  8.710983857E+01  0.000000000E+00  1.002302770E+01 
       150  8.741254556E+01  0.000000000E+00  1.002600624E+01 
       151  8.771280270E+01  0.000000000E+00  1.002934193E+01 
       152  8.801062980E+01  0.000000000E+00  1.003307035E+01 
       153  8.830604654E+01  0.000000000E+00  1.003723007E+01 
       154  8.859907242E+01  0.000000000E+00  1.004186290E+01 
       155  8.888972679E+01  0.000000000E+00  1.004701405E+01 
       156  8.917802885E+01  0.000000000E+00  1.005273244E+01 
       157  8.946399764E+01  0.000000000E+00  1.005907095E+01 
       158  8.974765203E+01  0.000000000E+00  1.006608663E+01 
       159  9.002901076E+01  0.000000000E+00  1.007384109E+01 
       160  9.030809241E+01  0.000000000E+00  1.008240072E+01 
       161  9.058491540E+01  0.000000000E+00  1.009183705E+01 
       162  9.085949802E+01  0.000000000E+00  1.010222714E+01 
       163  9.113185839E+01  0.000000000E+00  1.011365390E+01 
       164  9.140201451E+01  0.000000000E+00  1.012620650E+01 
       165  9.166998421E+01  0.000000000E+00  1.013998081E+01 
       166  9.193578518E+01  0.000000000E+00  1.015507988E+01 
       167  9.219943499E+01  0.000000000E+00  1.017161437E+01 
       168  9.246095103E+01  0.000000000E+00  1.018970311E+01 
       169  9.272035058E+01  0.000000000E+00  1.020947390E+01 
       170  9.297765077E+01  0.000000000E+00  1.023106251E+01 
       171  9.323286858E+01  0.000000000E+00  1.025461453E+01 
       172  9.348602087E+01  0.000000000E+00  1.028028940E+01 
       173  9.373712436E+01  0.000000000E+00  1.030882518E+01 
       174  9.398619563E+01  0.000000000E+00  1.034001898E+01 
       175  9.423325112E+01  0.000000000E+00  1.037357701E+01 
       176  9.447830715E+01  0.000000000E+00  1.038120975E+01 
       177  9.472137990E+01  0.000000000E+00  1.039119324E+01 
       178  9.496248543E+01  0.000000000E+00  1.043005286E+01 
       179  9.520163964E+01  0.000000000E+00  1.047467853E+01 
       180  9.543885834E+01  0.000000000E+00  1.053078225E+01 
       181  9.567415720E+01  0.000000000E+00  1.058893565E+01 
       182  9.590755173E+01  0.000000000E+00  1.064444714E+01 
       183  9.613905737E+01  0.000000000E+00  1.070289032E+01 
       184  9.636868940E+01  0.000000000E+00  1.076613951E+01 
       185  9.659646297E+01  0.000000000E+00  1.083456573E+01 
       186  9.682239314E+01  0.000000000E+00  1.090856912E+01 
       187  9.704649481E+01  0.000000000E+00  1.099128349E+01 
       188  9.726878279E+01  0.000000000E+00  1.108070467E+01 
       189  9.748927176E+01  0.000000000E+00  1.117767256E+01 
       190  9.770797628E+01  0.000000000E+00  1.128246865E+01 
       191  9.792491078E+01  0.000000000E+00  1.139605961E+01 
       192  9.814008960E+01  0.000000000E+00  1.151880658E+01 
       193  9.835352693E+01  0.000000000E+00  1.164823835E+01 
       194  9.856523689E+01  0.000000000E+00  1.178811388E+01 
       195  9.877523344E+01  0.000000000E+00  1.193467970E+01 
       196  9.898353045E+01  0.000000000E+00  1.209312481E+01 
       197  9.919014168E+01  0.000000000E+00  1.226900241E+01 
       198  9.939508077E+01  0.000000000E+00  1.245925404E+01 
       199  9.959836126E+01  0.000000000E+00  1.266514469E+01 
       200  9.979999657E+01  0.000000000E+00  1.288917190E+01 
       201  1.000000000E+02  0.000000000E+00  1.233099735E+01 
       202  1.002500000E+02  0.000000000E+00  1.150231635E+01 
       203  1.005000000E+02  0.000000000E+00  1.152131151E+01 
       204  1.007500000E+02  0.000000000E+00  1.152499166E+01 
       205  1.010000000E+02  0.000000000E+00  1.152016918E+01 
       206  1.012500000E+02  0.000000000E+00  1.150927188E+01 
       207  1.015000000E+02  0.000000000E+00  1.149387933E+01 
       208  1.017500000E+02  0.000000000E+00  1.147509797E+01 
       209  1.020000000E+02  0.000000000E+00  1.145374160E+01 
       210  1.022500000E+02  0.000000000E+00  1.143042892E+01 
       211  1.025000000E+02  0.000000000E+00  1.140564142E+01 
       212  1.027500000E+02  0.000000000E+00  1.137976011E+01 
       213  1.030000000E+02  0.000000000E+00  1.135309022E+01 
       214  1.032500000E+02  0.000000000E+00  1.132587852E+01 
       215  1.035000000E+02  0.000000000E+00  1.129832576E+01 
       216  1.037500000E+02  0.000000000E+00  1.127059604E+01 
       217  1.040000000E+02  0.000000000E+00  1.124282385E+01 
       218  1.042500000E+02  0.000000000E+00  1.121511957E+01 
       219  1.045000000E+02  0.000000000E+00  1.118757377E+01 
       220  1.047500000E+02  0.000000000E+00  1.116026065E+01 
       221  1.050000000E+02  0.000000000E+00  1.113324078E+01 
       222  1.052500000E+02  0.000000000E+00  1.110656342E+01 
       223  1.055000000E+02  0.000000000E+00  1.108026827E+01 
       224  1.057500000E+02  0.000000000E+00  1.105438706E+01 
       225  1.060000000E+02  0.000000000E+00  1.102894478E+01 
       226  1.062500000E+02  0.000000000E+00  1.100396075E+01 
       227  1.065000000E+02  0.000000000E+00  1.097944949E+01 
       228  1.067500000E+02  0.000000000E+00  1.095542149E+01 
       229  1.070000000E+02  0.000000000E+00  1.093188380E+01 
       230  1.072500000E+02  0.000000000E+00  1.090884058E+01 
       231  1.075000000E+02  0.000000000E+00  1.088629356E+01 
       232  1.077500000E+02  0.000000000E+00  1.086424241E+01 
       233  1.080000000E+02  0.000000000E+00  1.084268508E+01 
       234  1.082500000E+02  0.000000000E+00  1.082161808E+01 
       235  1.085000000E+02  0.000000000E+00  1.080103669E+01 
       236  1.087500000E+02  0.000000000E+00  1.078093522E+01 
       237  1.090000000E+02  0.000000000E+00  1.076130712E+01 
       238  1.092500000E+02  0.000000000E+00  1.074214520E+01 
       239  1.095000000E+02  0.000000000E+00  1.072344170E+01 
       240  1.097500000E+02  0.000000000E+00  1.070518844E+01 
       241  1.100000000E+02  0.000000000E+00  1.068737690E+01 
       242  1.102500000E+02  0.000000000E+00  1.066999829E+01 
       243  1.105000000E+02  0.000000000E+00  1.065304366E+01 
       244  1.107500000E+02  0.000000000E+00  1.063650392E+01 
       245  1.110000000E+02  0.000000000E+00  1.062036990E+01 
       246  1.112500000E+02  0.000000000E+00  1.060463241E+01 
       247  1.115000000E+02  0.000000000E+00  1.058928228E+01 
       248  1.117500000E+02  0.000000000E+00  1.057431036E+01 
       249  1.120000000E+02  0.000000000E+00  1.055970759E+01 
       250  1.122500000E+02  0.000000000E+00  1.054546498E+01 
       251  1.125000000E+02  0.000000000E+00  1.053157366E+01 
       252  1.127500000E+02  0.000000000E+00  1.051802491E+01 
       253  1.130000000E+02  0.000000000E+00  1.050481011E+01 
       254  1.132500000E+02  0.000000000E+00  1.049192083E+01 
       255  1.135000000E+02  0.000000000E+00  1.047934878E+01 
       256  1.137500000E+02  0.000000000E+00  1.046708584E+01 
       257  1.140000000E+02  0.000000000E+00  1.045512407E+01 
       258  1.142500000E+02  0.000000000E+00  1.044345572E+01 
       259  1.145000000E+02  0.000000000E+00  1.043207319E+01 
       260  1.147500000E+02  0.000000000E+00  1.042096910E+01 
       261  1.150000000E+02  0.000000000E+00  1.041013623E+01 
       262  1.152500000E+02  0.000000000E+00  1.039956754E+01 
       263  1.155000000E+02  0.000000000E+00  1.038925620E+01 
       264  1.157500000E+02  0.000000000E+00  1.037919554E+01 
       265  1.160000000E+02  0.000000000E+00  1.036937908E+01 
       266  1.162500000E+02  0.000000000E+00  1.035980052E+01 
       267  1.165000000E+02  0.000000000E+00  1.035045372E+01 
       268  1.167500000E+02  0.000000000E+00  1.034133275E+01 
       269  1.170000000E+02  0.000000000E+00  1.033243182E+01 
       270  1.172500000E+02  0.000000000E+00  1.032374530E+01 
       271  1.175000000E+02  0.000000000E+00  1.031526777E+01 
       272  1.177500000E+02  0.000000000E+00  1.030699391E+01 
       273  1.180000000E+02  0.000000000E+00  1.029891861E+01 
       274  1.182500000E+02  0.000000000E+00  1.029103687E+01 
       275  1.185000000E+02  0.000000000E+00  1.028334386E+01 
       276  1.187500000E+02  0.000000000E+00  1.027583490E+01 
       277  1.190000000E+02  0.000000000E+00  1.026850544E+01 
       278  1.192500000E+02  0.000000000E+00  1.026135106E+01 
       279  1.195000000E+02  0.000000000E+00  1.025436749E+01 
       280  1.197500000E+02  0.000000000E+00  1.024755057E+01 
       281  1.200000000E+02  0.000000000E+00  1.024089628E+01 
       282  1.202500000E+02  0.000000000E+00  1.023440071E+01 
       283  1.205000000E+02  0.000000000E+00  1.022806007E+01 
       284  1.207500000E+02  0.000000000E+00  1.022187068E+01 
       285  1.210000000E+02  0.000000000E+00  1.021582897E+01 
       286  1.212500000E+02  0.000000000E+00  1.020993147E+01 
       287  1.215000000E+02  0.000000000E+00  1.020417483E+01 
       288  1.217500000E+02  0.000000000E+00  1.019855577E+01 
       289  1.220000000E+02  0.000000000E+00  1.019307112E+01 
       290  1.222500000E+02  0.000000000E+00  1.018771780E+01 
       291  1.225000000E+02  0.000000000E+00  1.018249282E+01 
       292  1.227500000E+02  0.000000000E+00  1.017739327E+01 
       293  1.230000000E+02  0.000000000E+00  1.017241631E+01 
       294  1.232500000E+02  0.000000000E+00  1.016755920E+01 
       295  1.235000000E+02  0.000000000E+00  1.016281927E+01 
       296  1.237500000E+02  0.000000000E+00  1.015819389E+01 
       297  1.240000000E+02  0.000000000E+00  1.015368055E+01 
       298  1.242500000E+02  0.000000000E+00  1.014927677E+01 
       299  1.245000000E+02  0.000000000E+00  1.014498015E+01 
       300  1.247500000E+02  0.000000000E+00  1.014078835E+01 
       301  1.250000000E+02  0.000000000E+00  1.013669908E+01 
       302  1.252500000E+02  0.000000000E+00  1.013271012E+01 
       303  1.255000000E+02  0.000000000E+00  1.012881930E+01 
       304  1.257500000E+02  0.000000000E+00  1.012502450E+01 
       305  1.260000000E+02  0.000000000E+00  1.012132366E+01 
       306  1.262500000E+02  0.000000000E+00  1.011771475E+01 
       307  1.265000000E+02  0.000000000E+00  1.011419580E+01 
       308  1.267500000E+02  0.000000000E+00  1.011076489E+01 
       309  1.270000000E+02  0.000000000E+00  1.010742014E+01 
       310  1.272500000E+02  0.000000000E+00  1.010415970E+01 
       311  1.275000000E+02  0.000000000E+00  1.010098179E+01 
       312  1.277500000E+02  0.000000000E+00  1.009788463E+01 
       313  1.280000000E+02  0.000000000E+00  1.009486650E+01 
       314  1.282500000E+02  0.000000000E+00  1.009192572E+01 
       315  1.285000000E+02  0.000000000E+00  1.008906064E+01 
       316  1.287500000E+02  0.000000000E+00  1.008626965E+01 
       317  1.290000000E+02  0.000000000E+00  1.008355115E+01 
       318  1.292500000E+02  0.000000000E+00  1.008090359E+01 
       319  1.295000000E+02  0.000000000E+00  1.007832546E+01 
       320  1.297500000E+02  0.000000000E+00  1.007581527E+01 
       321  1.300000000E+02  0.000000000E+00  1.007337155E+01 
       322  1.302500000E+02  0.000000000E+00  1.007099287E+01 
       323  1.305000000E+02  0.000000000E+00  1.006867783E+01 
       324  1.307500000E+02  0.000000000E+00  1.006642504E+01 
       325  1.310000000E+02  0.000000000E+00  1.006423315E+01 
       326  1.312500000E+02  0.000000000E+00  1.006210084E+01 
       327  1.315000000E+02  0.000000000E+00  1.006002680E+01 
       328  1.317500000E+02  0.000000000E+00  1.005800976E+01 
       329  1.320000000E+02  0.000000000E+00  1.005604846E+01 
       330  1.322500000E+02  0.000000000E+00  1.005414168E+01 
       331  1.325000000E+02  0.000000000E+00  1.005228819E+01 
       332  1.327500000E+02  0.000000000E+00  1.005048683E+01 
       333  1.330000000E+02  0.000000000E+00  1.004873641E+01 
       334  1.332500000E+02  0.000000000E+00  1.004703581E+01 
       335  1.335000000E+02  0.000000000E+00  1.004538390E+01 
       336  1.337500000E+02  0.000000000E+00  1.004377958E+01 
       337  1.340000000E+02  0.000000000E+00  1.004222177E+01 
       338  1.342500000E+02  0.000000000E+00  1.004070941E+01 
       339  1.345000000E+02  0.000000000E+00  1.003924146E+01 
       340  1.347500000E+02  0.000000000E+00  1.003781691E+01 
       341  1.350000000E+02  0.000000000E+00  1.003643475E+01 
       342  1.352500000E+02  0.000000000E+00  1.003509401E+01 
       343  1.355000000E+02  0.000000000E+00  1.003379372E+01 
       344  1.357500000E+02  0.000000000E+00  1.003253293E+01 
       345  1.360000000E+02  0.000000000E+00  1.003131074E+01 
       346  1.362500000E+02  0.000000000E+00  1.003012622E+01 
       347  1.365000000E+02  0.000000000E+00  1.002897850E+01 
       348  1.367500000E+02  0.000000000E+00  1.002786670E+01 
       349  1.370000000E+02  0.000000000E+00  1.002678997E+01 
       350  1.372500000E+02  0.000000000E+00  1.002574749E+01 
       351  1.375000000E+02  0.000000000E+00  1.002473844E+01 
       352  1.377500000E+02  0.000000000E+00  1.002376202E+01 
       353  1.380000000E+02  0.000000000E+00  1.002281745E+01 
       354  1.382500000E+02  0.000000000E+00  1.002190397E+01 
       355  1.385000000E+02  0.000000000E+00  1.002102084E+01 
       356  1.387500000E+02  0.000000000E+00  1.002016733E+01 
       357  1.390000000E+02  0.000000000E+00  1.001934272E+01 
       358  1.392500000E+02  0.000000000E+00  1.001854634E+01 
       359  1.395000000E+02  0.000000000E+00  1.001777750E+01 
       360  1.397500000E+02  0.000000000E+00  1.001703554E+01 
       361  1.400000000E+02  0.000000000E+00  1.001631983E+01 
       362  1.402500000E+02  0.000000000E+00  1.001562974E+01 
       363  1.405000000E+02  0.000000000E+00  1.001496465E+01 
       364  1.407500000E+02  0.000000000E+00  1.001432400E+01 
       365  1.410000000E+02  0.000000000E+00  1.001370719E+01 
       366  1.412500000E+02  0.000000000E+00  1.001311367E+01 
       367  1.415000000E+02  0.000000000E+00  1.001254290E+01 
       368  1.417500000E+02  0.000000000E+00  1.001199436E+01 
       369  1.420000000E+02  0.000000000E+00  1.001146754E+01 
       370  1.422500000E+02  0.000000000E+00  1.001096196E+01 
       371  1.425000000E+02  0.000000000E+00  1.001047713E+01 
       372  1.427500000E+02  0.000000000E+00  1.001001260E+01 
       373  1.430000000E+02  0.000000000E+00  1.000956792E+01 
       374  1.432500000E+02  0.000000000E+00  1.000914269E+01 
       375  1.435000000E+02  0.000000000E+00  1.000873648E+01 
       376  1.437500000E+02  0.000000000E+00  1.000834890E+01 
       377  1.440000000E+02  0.000000000E+00  1.000797959E+01 
       378  1.442500000E+02  0.000000000E+00  1.000762817E+01 
       379  1.445000000E+02  0.000000000E+00  1.000729432E+01 
       380  1.447500000E+02  0.000000000E+00  1.000697770E+01 
       381  1.450000000E+02  0.000000000E+00  1.000667801E+01 
       382  1.452500000E+02  0.000000000E+00  1.000639495E+01 
       383  1.455000000E+02  0.000000000E+00  1.000612824E+01 
       384  1.457500000E+02  0.000000000E+00  1.000587764E+01 
       385  1.460000000E+02  0.000000000E+00  1.000564288E+01 
       386  1.462500000E+02  0.000000000E+00  1.000542376E+01 
       387  1.465000000E+02  0.000000000E+00  1.000522006E+01 
       388  1.467500000E+02  0.000000000E+00  1.000503158E+01 
       389  1.470000000E+02  0.000000000E+00  1.000485815E+01 
       390  1.472500000E+02  0.000000000E+00  1.000469961E+01 
       391  1.475000000E+02  0.000000000E+00  1.000455582E+01 
       392  1.477500000E+02  0.000000000E+00  1.000442666E+01 
       393  1.480000000E+02  0.000000000E+00  1.000431202E+01 
       394  1.482500000E+02  0.000000000E+00  1.000421180E+01 
       395  1.485000000E+02  0.000000000E+00  1.000412593E+01 
       396  1.487500000E+02  0.000000000E+00  1.000405436E+01 
       397  1.490000000E+02  0.000000000E+00  1.000399705E+01 
       398  1.492500000E+02  0.000000000E+00  1.000395398E+01 
       399  1.495000000E+02  0.000000000E+00  1.000392515E+01 
       400  1.497500000E+02  0.000000000E+00  1.000391057E+01 
       401  1.500000000E+02  0.000000000E+00  1.000391028E+01 
       402  1.502500000E+02  0.000000000E+00  1.000392433E+01 
       403  1.505000000E+02  0.000000000E+00  1.000395279E+01 
       404  1.507500000E+02  0.000000000E+00  1.000399576E+01 
       405  1.510000000E+02  0.000000000E+00  1.000405333E+01 
       406  1.512500000E+02  0.000000000E+00  1.000412565E+01 
       407  1.515000000E+02  0.000000000E+00  1.000421286E+01 
       408  1.517500000E+02  0.000000000E+00  1.000431513E+01 
       409  1.520000000E+02  0.000000000E+00  1.000443265E+01 
       410  1.522500000E+02  0.000000000E+00  1.000456563E+01 
       411  1.525000000E+02  0.000000000E+00  1.000471429E+01 
       412  1.527500000E+02  0.000000000E+00  1.000487889E+01 
       413  1.530000000E+02  0.000000000E+00  1.000505971E+01 
       414  1.532500000E+02  0.000000000E+00  1.000525703E+01 
       415  1.535000000E+02  0.000000000E+00  1.000547117E+01 
       416  1.537500000E+02  0.000000000E+00  1.000570248E+01 
       417  1.540000000E+02  0.000000000E+00  1.000595131E+01 
       418  1.542500000E+02  0.000000000E+00  1.000621806E+01 
       419  1.545000000E+02  0.000000000E+00  1.000650312E+01 
       420  1.547500000E+02  0.000000000E+00  1.000680694E+01 
       421  1.550000000E+02  0.000000000E+00  1.000712998E+01 
       422  1.552500000E+02  0.000000000E+00  1.000747271E+01 
       423  1.555000000E+02  0.000000000E+00  1.000783565E+01 
       424  1.557500000E+02  0.000000000E+00  1.000821934E+01 
       425  1.560000000E+02  0.000000000E+00  1.000862433E+01 
       426  1.562500000E+02  0.000000000E+00  1.000905123E+01 
       427  1.565000000E+02  0.000000000E+00  1.000950064E+01 
       428  1.567500000E+02  0.000000000E+00  1.000997322E+01 
       429  1.570000000E+02  0.000000000E+00  1.001046964E+01 
       430  1.572500000E+02  0.000000000E+00  1.001099061E+01 
       431  1.575000000E+02  0.000000000E+00  1.001153686E+01 
       432  1.577500000E+02  0.000000000E+00  1.001210917E+01 
       433  1.580000000E+02  0.000000000E+00  1.001270834E+01 
       434  1.582500000E+02  0.000000000E+00  1.001333519E+01 
       435  1.585000000E+02  0.000000000E+00  1.001399060E+01 
       436  1.587500000E+02  0.000000000E+00  1.001467547E+01 
       437  1.590000000E+02  0.000000000E+00  1.001539073E+01 
       438  1.592500000E+02  0.000000000E+00  1.001613735E+01 
       439  1.595000000E+02  0.000000000E+00  1.001691635E+01 
       440  1.597500000E+02  0.000000000E+00  1.001772877E+01 
       441  1.600000000E+02  0.000000000E+00  1.001857570E+01 
       442  1.602500000E+02  0.000000000E+00  1.001945826E+01 
       443  1.605000000E+02  0.000000000E+00  1.002037761E+01 
       444  1.607500000E+02  0.000000000E+00  1.002133497E+01 
       445  1.610000000E+02  0.000000000E+00  1.002233158E+01 
       446  1.612500000E+02  0.000000000E+00  1.002336873E+01 
       447  1.615000000E+02  0.000000000E+00  1.002444776E+01 
       448  1.617500000E+02  0.000000000E+00  1.002557005E+01 
       449  1.620000000E+02  0.000000000E+00  1.002673703E+01 
       450  1.622500000E+02  0.000000000E+00  1.002795018E+01 
       451  1.625000000E+02  0.000000000E+00  1.002921102E+01 
       452  1.627500000E+02  0.000000000E+00  1.003052113E+01 
       453  1.630000000E+02  0.000000000E+00  1.003188212E+01 
       454  1.632500000E+02  0.000000000E+00  1.003329569E+01 
       455  1.635000000E+02  0.000000000E+00  1.003476356E+01 
       456  1.637500000E+02  0.000000000E+00  1.003628751E+01 
       457  1.640000000E+02  0.000000000E+00  1.003786940E+01 
       458  1.642500000E+02  0.000000000E+00  1.003951112E+01 
       459  1.645000000E+02  0.000000000E+00  1.004121462E+01 
       460  1.647500000E+02  0.000000000E+00  1.004298194E+01 
       461  1.650000000E+02  0.000000000E+00  1.004481514E+01 
       462  1.652500000E+02  0.000000000E+00  1.004671637E+01 
       463  1.655000000E+02  0.000000000E+00  1.004868784E+01 
       464  1.657500000E+02  0.000000000E+00  1.005073181E+01 
       465  1.660000000E+02  0.000000000E+00  1.005285064E+01 
       466  1.662500000E+02  0.000000000E+00  1.005504672E+01 
       467  1.665000000E+02  0.000000000E+00  1.005732254E+01 
       468  1.667500000E+02  0.000000000E+00  1.005968065E+01 
       469  1.670000000E+02  0.000000000E+00  1.006212365E+01 
       470  1.672500000E+02  0.000000000E+00  1.006465427E+01 
       471  1.675000000E+02  0.000000000E+00  1.006727526E+01 
       472  1.677500000E+02  0.000000000E+00  1.006998947E+01 
       473  1.680000000E+02  0.000000000E+00  1.007279985E+01 
       474  1.682500000E+02  0.000000000E+00  1.007570939E+01 
       475  1.685000000E+02  0.000000000E+00  1.007872119E+01 
       476  1.687500000E+02  0.000000000E+00  1.008183843E+01 
       477  1.690000000E+02  0.000000000E+00  1.008506437E+01 
       478  1.692500000E+02  0.000000000E+00  1.008840236E+01 
       479  1.695000000E+02  0.000000000E+00  1.009185585E+01 
       480  1.697500000E+02  0.000000000E+00  1.009542835E+01 
       481  1.700000000E+02  0.000000000E+00  1.009912350E+01 
       482  1.702500000E+02  0.000000000E+00  1.010294500E+01 
       483  1.705000000E+02  0.000000000E+00  1.010689667E+01 
       484  1.707500000E+02  0.000000000E+00  1.011098242E+01 
       485  1.710000000E+02  0.000000000E+00  1.011520625E+01 
       486  1.712500000E+02  0.000000000E+00  1.011957228E+01 
       487  1.715000000E+02  0.000000000E+00  1.012408471E+01 
       488  1.717500000E+02  0.000000000E+00  1.012874785E+01 
       489  1.720000000E+02  0.000000000E+00  1.013356612E+01 
       490  1.722500000E+02  0.000000000E+00  1.013854406E+01 
       491  1.725000000E+02  0.000000000E+00  1.014368629E+01 
       492  1.727500000E+02  0.000000000E+00  1.014899755E+01 
       493  1.730000000E+02  0.000000000E+00  1.015448271E+01 
       494  1.732500000E+02  0.000000000E+00  1.016014673E+01 
       495  1.735000000E+02  0.000000000E+00  1.016599470E+01 
       496  1.737500000E+02  0.000000000E+00  1.017203180E+01 
       497  1.740000000E+02  0.000000000E+00  1.017826337E+01 
       498  1.742500000E+02  0.000000000E+00  1.018469482E+01 
       499  1.745000000E+02  0.000000000E+00  1.019133173E+01 
       500  1.747500000E+02  0.000000000E+00  1.019817976E+01 
       501  1.750000000E+02  0.000000000E+00  1.020524472E+01 
       502  1.752500000E+02  0.000000000E+00  1.021253252E+01 
       503  1.755000000E+02  0.000000000E+00  1.022004921E+01 
       504  1.757500000E+02  0.000000000E+00  1.022780097E+01 
       505  1.760000000E+02  0.000000000E+00  1.023579409E+01 
       506  1.762500000E+02  0.000000000E+00  1.024403502E+01 
       507  1.765000000E+02  0.000000000E+00  1.025253029E+01 
       508  1.767500000E+02  0.000000000E+00  1.026128660E+01 
       509  1.770000000E+02  0.000000000E+00  1.027031077E+01 
       510  1.772500000E+02  0.000000000E+00  1.027960974E+01 
       511  1.775000000E+02  0.000000000E+00  1.028919059E+01 
       512  1.777500000E+02  0.000000000E+00  1.029906054E+01 
       513  1.780000000E+02  0.000000000E+00  1.030922692E+01 
       514  1.782500000E+02  0.000000000E+00  1.031969722E+01 
       515  1.785000000E+02  0.000000000E+00  1.033047904E+01 
       516  1.787500000E+02  0.000000000E+00  1.034158013E+01 
       517  1.790000000E+02  0.000000000E+00  1.035300836E+01 
       518  1.792500000E+02  0.000000000E+00  1.036477173E+01 
       519  1.795000000E+02  0.000000000E+00  1.037687839E+01 
       520  1.797500000E+02  0.000000000E+00  1.038933661E+01 
       521  1.800000000E+02  0.000000000E+00  1.040215478E+01 
       522  1.802500000E+02  0.000000000E+00  1.041534145E+01 
       523  1.805000000E+02  0.000000000E+00  1.042890527E+01 
       524  1.807500000E+02  0.000000000E+00  1.044285504E+01 
       525  1.810000000E+02  0.000000000E+00  1.045719966E+01 
       526  1.812500000E+02  0.000000000E+00  1.047194819E+01 
       527  1.815000000E+02  0.000000000E+00  1.048710979E+01 
       528  1.817500000E+02  0.000000000E+00  1.050269374E+01 
       529  1.820000000E+02  0.000000000E+00  1.051870946E+01 
       530  1.822500000E+02  0.000000000E+00  1.053516646E+01 
       531  1.825000000E+02  0.000000000E+00  1.055207440E+01 
       532  1.827500000E+02  0.000000000E+00  1.056944301E+01 
       533  1.830000000E+02  0.000000000E+00  1.058728217E+01 
       534  1.832500000E+02  0.000000000E+00  1.060560183E+01 
       535  1.835000000E+02  0.000000000E+00  1.062441205E+01 
       536  1.837500000E+02  0.000000000E+00  1.064372300E+01 
       537  1.840000000E+02  0.000000000E+00  1.066354494E+01 
       538  1.842500000E+02  0.000000000E+00  1.068388819E+01 
       539  1.845000000E+02  0.000000000E+00  1.070476318E+01 
       540  1.847500000E+02  0.000000000E+00  1.072618040E+01 
       541  1.850000000E+02  0.000000000E+00  1.074815041E+01 
       542  1.852500000E+02  0.000000000E+00  1.077068381E+01 
       543  1.855000000E+02  0.000000000E+00  1.079379129E+01 
       544  1.857500000E+02  0.000000000E+00  1.081748353E+01 
       545  1.860000000E+02  0.000000000E+00  1.084177128E+01 
       546  1.862500000E+02  0.000000000E+00  1.086666528E+01 
       547  1.865000000E+02  0.000000000E+00  1.089217629E+01 
       548  1.867500000E+02  0.000000000E+00  1.091831503E+01 
       549  1.870000000E+02  0.000000000E+00  1.094509221E+01 
       550  1.872500000E+02  0.000000000E+00  1.097251850E+01 
       551  1.875000000E+02  0.000000000E+00  1.100060446E+01 
       552  1.877500000E+02  0.000000000E+00  1.102936060E+01 
       553  1.880000000E+02  0.000000000E+00  1.105879727E+01 
       554  1.882500000E+02  0.000000000E+00  1.108892467E+01 
       555  1.885000000E+02  0.000000000E+00  1.111975280E+01 
       556  1.887500000E+02  0.000000000E+00  1.115129145E+01 
       557  1.890000000E+02  0.000000000E+00  1.118355009E+01 
       558  1.892500000E+02  0.000000000E+00  1.121653789E+01 
       559  1.895000000E+02  0.000000000E+00  1.125026357E+01 
       560  1.897500000E+02  0.000000000E+00  1.128473542E+01 
       561  1.900000000E+02  0.000000000E+00  1.131996116E+01 
       562  1.902500000E+02  0.000000000E+00  1.135594784E+01 
       563  1.905000000E+02  0.000000000E+00  1.139270177E+01 
       564  1.907500000E+02  0.000000000E+00  1.143022836E+01 
       565  1.910000000E+02  0.000000000E+00  1.146853197E+01 
       566  1.912500000E+02  0.000000000E+00  1.150761577E+01 
       567  1.915000000E+02  0.000000000E+00  1.154748149E+01 
       568  1.917500000E+02  0.000000000E+00  1.158812924E+01 
       569  1.920000000E+02  0.000000000E+00  1.162955722E+01 
       570  1.922500000E+02  0.000000000E+00  1.167176138E+01 
       571  1.925000000E+02  0.000000000E+00  1.171473508E+01 
       572  1.927500000E+02  0.000000000E+00  1.175846867E+01 
       573  1.930000000E+02  0.000000000E+00  1.180294894E+01 
       574  1.932500000E+02  0.000000000E+00  1.184815858E+01 
       575  1.935000000E+02  0.000000000E+00  1.189407546E+01 
       576  1.937500000E+02  0.000000000E+00  1.194067181E+01 
       577  1.940000000E+02  0.000000000E+00  1.198791324E+01 
       578  1.942500000E+02  0.000000000E+00  1.203575763E+01 
       579  1.945000000E+02  0.000000000E+00  1.208415375E+01 
       580  1.947500000E+02  0.000000000E+00  1.213303964E+01 
       581  1.950000000E+02  0.000000000E+00  1.218234066E+01 
       582  1.952500000E+02  0.000000000E+00  1.223196719E+01 
       583  1.955000000E+02  0.000000000E+00  1.228181180E+01 
       584  1.957500000E+02  0.000000000E+00  1.233174585E+01 
       585  1.960000000E+02  0.000000000E+00  1.238161530E+01 
       586  1.962500000E+02  0.000000000E+00  1.243123557E+01 
       587  1.965000000E+02  0.000000000E+00  1.248038514E+01 
       588  1.967500000E+02  0.000000000E+00  1.252879749E+01 
       589  1.970000000E+02  0.000000000E+00  1.257615085E+01 
       590  1.972500000E+02  0.000000000E+00  1.262205485E+01 
       591  1.975000000E+02  0.000000000E+00  1.266603305E+01 
       592  1.977500000E+02  0.000000000E+00  1.270749925E+01 
       593  1.980000000E+02  0.000000000E+00  1.274572470E+01 
       594  1.982500000E+02  0.000000000E+00  1.277979110E+01 
       595  1.985000000E+02  0.000000000E+00  1.280852021E+01 
       596  1.987500000E+02  0.000000000E+00  1.283036269E+01 
       597  1.990000000E+02  0.000000000E+00  1.284320938E+01 
       598  1.992500000E+02  0.000000000E+00  1.284404041E+01 
       599  1.995000000E+02  0.000000000E+00  1.282819115E+01 
       600  1.997500000E+02  0.000000000E+00  1.278235520E+01 
       601  2.000000000E+02  0.000000000E+00  1.440086668E+01 
       602  2.001999988E+02  0.000000000E+00  1.548122380E+01 
       603  2.004032879E+02  0.000000000E+00  1.501723899E+01 
       604  2.006099214E+02  0.000000000E+00  1.459301015E+01 
       605  2.008199543E+02  0.000000000E+00  1.420291815E+01 
       606  2.010334426E+02  0.000000000E+00  1.384401552E+01 
       607  2.012504431E+02  0.000000000E+00  1.351366578E+01 
       608  2.014710137E+02  0.000000000E+00  1.320950169E+01 
       609  2.016952129E+02  0.000000000E+00  1.292939043E+01 
       610  2.019231006E+02  0.000000000E+00  1.267140488E+01 
       611  2.021547374E+02  0.000000000E+00  1.243379899E+01 
       612  2.023901849E+02  0.000000000E+00  1.221498661E+01 
       613  2.026295060E+02  0.000000000E+00  1.201352332E+01 
       614  2.028727642E+02  0.000000000E+00  1.182809042E+01 
       615  2.031200245E+02  0.000000000E+00  1.165379249E+01 
       616  2.033713525E+02  0.000000000E+00  1.148992289E+01 
       617  2.036268153E+02  0.000000000E+00  1.140399377E+01 
       618  2.038864808E+02  0.000000000E+00  1.132783829E+01 
       619  2.041504183E+02  0.000000000E+00  1.119142643E+01 
       620  2.044186979E+02  0.000000000E+00  1.106731829E+01 
       621  2.046913911E+02  0.000000000E+00  1.095746087E+01 
       622  2.049685706E+02  0.000000000E+00  1.085698426E+01 
       623  2.052503101E+02  0.000000000E+00  1.076519413E+01 
       624  2.055366847E+02  0.000000000E+00  1.068144601E+01 
       625  2.058277705E+02  0.000000000E+00  1.060514100E+01 
       626  2.061236452E+02  0.000000000E+00  1.053572184E+01 
       627  2.064243875E+02  0.000000000E+00  1.047266961E+01 
       628  2.067300774E+02  0.000000000E+00  1.041550068E+01 
       629  2.070407965E+02  0.000000000E+00  1.036376398E+01 
       630  2.073566273E+02  0.000000000E+00  1.031703863E+01 
       631  2.076776540E+02  0.000000000E+00  1.027493172E+01 
       632  2.080039622E+02  0.000000000E+00  1.023707643E+01 
       633  2.083356386E+02  0.000000000E+00  1.020313022E+01 
       634  2.086727716E+02  0.000000000E+00  1.017277330E+01 
       635  2.090154510E+02  0.000000000E+00  1.014570716E+01 
       636  2.093637679E+02  0.000000000E+00  1.012165330E+01 
       637  2.097178153E+02  0.000000000E+00  1.010035199E+01 
       638  2.100776872E+02  0.000000000E+00  1.008156122E+01 
       639  2.104434797E+02  0.000000000E+00  1.006505565E+01 
       640  2.108152899E+02  0.000000000E+00  1.005062571E+01 
       641  2.111932170E+02  0.000000000E+00  1.003807666E+01 
       642  2.115773617E+02  0.000000000E+00  1.002722784E+01 
       643  2.119678260E+02  0.000000000E+00  1.001791181E+01 
       644  2.123647142E+02  0.000000000E+00  1.000997370E+01 
       645  2.127681317E+02  0.000000000E+00  1.000327044E+01 
       646  2.131781861E+02  0.000000000E+00  9.997670153E+00 
       647  2.135949866E+02  0.000000000E+00  9.993051460E+00 
       648  2.140186441E+02  0.000000000E+00  9.989302911E+00 
       649  2.144492713E+02  0.000000000E+00  9.986322381E+00 
       650  2.148869831E+02  0.000000000E+00  9.984016509E+00 
       651  2.153318959E+02  0.000000000E+00  9.982300154E+00 
       652  2.157841282E+02  0.000000000E+00  9.981095881E+00 
       653  2.162438005E+02  0.000000000E+00  9.980333466E+00 
       654  2.167110350E+02  0.000000000E+00  9.979949368E+00 
       655  2.171859563E+02  0.000000000E+00  9.979886151E+00 
       656  2.176686908E+02  0.000000000E+00  9.980092398E+00 
       657  2.181593671E+02  0.000000000E+00  9.980522152E+00 
       658  2.186581157E+02  0.000000000E+00  9.981134246E+00 
       659  2.191650695E+02  0.000000000E+00  9.981892154E+00 
       660  2.196803635E+02  0.000000000E+00  9.982763584E+00 
       661  2.202041348E+02  0.000000000E+00  9.983720128E+00 
       662  2.207365230E+02  0.000000000E+00  9.984736929E+00 
       663  2.212776699E+02  0.000000000E+00  9.985792376E+00 
       664  2.218277194E+02  0.000000000E+00  9.986867812E+00 
       665  2.223868182E+02  0.000000000E+00  9.987947261E+00 
       666  2.229551149E+02  0.000000000E+00  9.989017172E+00 
       667  2.235327610E+02  0.000000000E+00  9.990066185E+00 
       668  2.241199103E+02  0.000000000E+00  9.991084905E+00 
       669  2.247167191E+02  0.000000000E+00  9.992065700E+00 
       670  2.253233464E+02  0.000000000E+00  9.993002508E+00 
       671  2.259399536E+02  0.000000000E+00  9.993890662E+00 
       672  2.265667050E+02  0.000000000E+00  9.994726731E+00 
       673  2.272037674E+02  0.000000000E+00  9.995508365E+00 
       674  2.278513104E+02  0.000000000E+00  9.996234162E+00 
       675  2.285095066E+02  0.000000000E+00  9.996903542E+00 
       676  2.291785311E+02  0.000000000E+00  9.997516631E+00 
       677  2.298585621E+02  0.000000000E+00  9.998074157E+00 
       678  2.305497807E+02  0.000000000E+00  9.998577356E+00 
       679  2.312523708E+02  0.000000000E+00  9.999027884E+00 
       680  2.319665197E+02  0.000000000E+00  9.999427741E+00 
       681  2.326924175E+02  0.000000000E+00  9.999779197E+00 
       682  2.334302574E+02  0.000000000E+00  1.000008473E+01 
       683  2.341802359E+02  0.000000000E+00  1.000034697E+01 
       684  2.349425527E+02  0.000000000E+00  1.000056866E+01 
       685  2.357174108E+02  0.000000000E+00  1.000075257E+01 
       686  2.365050165E+02  0.000000000E+00  1.000090152E+01 
       687  2.373055796E+02  0.000000000E+00  1.000101827E+01 
       688  2.381193132E+02  0.000000000E+00  1.000110557E+01 
       689  2.389464340E+02  0.000000000E+00  1.000116608E+01 
       690  2.397871622E+02  0.000000000E+00  1.000120233E+01 
       691  2.406417216E+02  0.000000000E+00  1.000121677E+01 
       692  2.415103399E+02  0.000000000E+00  1.000121170E+01 
       693  2.423932484E+02  0.000000000E+00  1.000118924E+01 
       694  2.432906820E+02  0.000000000E+00  1.000115135E+01 
       695  2.442028798E+02  0.000000000E+00  1.000109981E+01 
       696  2.451300847E+02  0.000000000E+00  1.000103617E+01 
       697  2.460725436E+02  0.000000000E+00  1.000096178E+01 
       698  2.470305073E+02  0.000000000E+00  1.000087774E+01 
       699  2.480042311E+02  0.000000000E+00  1.000078483E+01 
       700  2.489939742E+02  0.000000000E+00  1.000068353E+01 
       701  2.500000000E+02  0.000000000E+00  1.000057390E+01 
       702  2.510060258E+02  0.000000000E+00  1.000045751E+01 
       703  2.519957689E+02  0.000000000E+00  1.000033604E+01 
       704  2.529694927E+02  0.000000000E+00  1.000020914E+01 
       705  2.539274564E+02  0.000000000E+00  1.000007631E+01 
       706  2.548699153E+02  0.000000000E+00  9.999936807E+00 
       707  2.557971202E+02  0.000000000E+00  9.999789718E+00 
       708  2.567093180E+02  0.000000000E+00  9.999633917E+00 
       709  2.576067516E+02  0.000000000E+00  9.999468081E+00 
       710  2.584896601E+02  0.000000000E+00  9.999290690E+00 
       711  2.593582784E+02  0.000000000E+00  9.999100033E+00 
       712  2.602128379E+02  0.000000000E+00  9.998894201E+00 
       713  2.610535660E+02  0.000000000E+00  9.998671093E+00 
       714  2.618806868E+02  0.000000000E+00  9.998428412E+00 
       715  2.626944204E+02  0.000000000E+00  9.998163665E+00 
       716  2.634949835E+02  0.000000000E+00  9.997874161E+00 
       717  2.642825892E+02  0.000000000E+00  9.997557006E+00 
       718  2.650574473E+02  0.000000000E+00  9.997209100E+00 
       719  2.658197641E+02  0.000000000E+00  9.996827133E+00 
       720  2.665697426E+02  0.000000000E+00  9.996407575E+00 
       721  2.673075825E+02  0.000000000E+00  9.995946670E+00 
       722  2.680334803E+02  0.000000000E+00  9.995440419E+00 
       723  2.687476292E+02  0.000000000E+00  9.994884569E+00 
       724  2.694502193E+02  0.000000000E+00  9.994274592E+00 
       725  2.701414379E+02  0.000000000E+00  9.993605660E+00 
       726  2.708214689E+02  0.000000000E+00  9.992872616E+00 
       727  2.714904934E+02  0.000000000E+00  9.992069938E+00 
       728  2.721486896E+02  0.000000000E+00  9.991191695E+00 
       729  2.727962326E+02  0.000000000E+00  9.990231494E+00 
       730  2.734332950E+02  0.000000000E+00  9.989182425E+00 
       731  2.740600464E+02  0.000000000E+00  9.988036981E+00 
       732  2.746766536E+02  0.000000000E+00  9.986786985E+00 
       733  2.752832808E+02  0.000000000E+00  9.985423488E+00 
       734  2.758800897E+02  0.000000000E+00  9.983936667E+00 
       735  2.764672390E+02  0.000000000E+00  9.982315702E+00 
       736  2.770448851E+02  0.000000000E+00  9.980548640E+00 
       737  2.776131818E+02  0.000000000E+00  9.978622241E+00 
       738  2.781722806E+02  0.000000000E+00  9.976521814E+00 
       739  2.787223301E+02  0.000000000E+00  9.974231029E+00 
       740  2.792634769E+02  0.000000000E+00  9.971731715E+00 
       741  2.797958652E+02  0.000000000E+00  9.969003639E+00 
       742  2.803196365E+02  0.000000000E+00  9.966024270E+00 
       743  2.808349305E+02  0.000000000E+00  9.962768520E+00 
       744  2.813418843E+02  0.000000000E+00  9.959208474E+00 
       745  2.818406329E+02  0.000000000E+00  9.955313093E+00 
       746  2.823313092E+02  0.000000000E+00  9.951047915E+00 
       747  2.828140437E+02  0.000000000E+00  9.946374725E+00 
       748  2.832889650E+02  0.000000000E+00  9.941251225E+00 
       749  2.837561995E+02  0.000000000E+00  9.935630679E+00 
       750  2.842158718E+02  0.000000000E+00  9.929461557E+00 
       751  2.846681041E+02  0.000000000E+00  9.922687169E+00 
       752  2.851130169E+02  0.000000000E+00  9.915245292E+00 
       753  2.855507287E+02  0.000000000E+00  9.907067795E+00 
       754  2.859813560E+02  0.000000000E+00  9.898080273E+00 
       755  2.864050134E+02  0.000000000E+00  9.888201680E+00 
       756  2.868218139E+02  0.000000000E+00  9.877343973E+00 
       757  2.872318683E+02  0.000000000E+00  9.865411782E+00 
       758  2.876352858E+02  0.000000000E+00  9.852302089E+00 
       759  2.880321740E+02  0.000000000E+00  9.837903947E+00 
       760  2.884226383E+02  0.000000000E+00  9.822098230E+00 
       761  2.888067830E+02  0.000000000E+00  9.804757423E+00 
       762  2.891847101E+02  0.000000000E+00  9.785745468E+00 
       763  2.895565204E+02  0.000000000E+00  9.764917666E+00 
       764  2.899223128E+02  0.000000000E+00  9.742120646E+00 
       765  2.902821847E+02  0.000000000E+00  9.717192416E+00 
       766  2.906362321E+02  0.000000000E+00  9.689962492E+00 
       767  2.909845490E+02  0.000000000E+00  9.660252125E+00 
       768  2.913272284E+02  0.000000000E+00  9.627874640E+00 
       769  2.916643614E+02  0.000000000E+00  9.592635872E+00 
       770  2.919960378E+02  0.000000000E+00  9.554334749E+00 
       771  2.923223460E+02  0.000000000E+00  9.512763981E+00 
       772  2.926433727E+02  0.000000000E+00  9.467710906E+00 
       773  2.929592035E+02  0.000000000E+00  9.418958472E+00 
       774  2.932699226E+02  0.000000000E+00  9.366286377E+00 
       775  2.935756125E+02  0.000000000E+00  9.309472361E+00 
       776  2.938763548E+02  0.000000000E+00  9.248293649E+00 
       777  2.941722295E+02  0.000000000E+00  9.182528567E+00 
       778  2.944633153E+02  0.000000000E+00  9.111958302E+00 
       779  2.947496899E+02  0.000000000E+00  9.036368808E+00 
       780  2.950314294E+02  0.000000000E+00  8.955552875E+00 
       781  2.953086088E+02  0.000000000E+00  8.869312303E+00 
       782  2.955813021E+02  0.000000000E+00  8.777460204E+00 
       783  2.958495817E+02  0.000000000E+00  8.679823413E+00 
       784  2.961135192E+02  0.000000000E+00  8.576244966E+00 
       785  2.963731847E+02  0.000000000E+00  8.466586613E+00 
       786  2.966286475E+02  0.000000000E+00  8.350731385E+00 
       787  2.968799755E+02  0.000000000E+00  8.228586127E+00 
       788  2.971272358E+02  0.000000000E+00  8.100083987E+00 
       789  2.973704940E+02  0.000000000E+00  7.965186840E+00 
       790  2.976098151E+02  0.000000000E+00  7.823887557E+00 
       791  2.978452626E+02  0.000000000E+00  7.676212148E+00 
       792  2.980768994E+02  0.000000000E+00  7.522221666E+00 
       793  2.983047871E+02  0.000000000E+00  7.362013870E+00 
       794  2.985289863E+02  0.000000000E+00  7.195724673E+00 
       795  2.987495568E+02  0.000000000E+00  7.337418287E+00 
       796  2.989665574E+02  0.000000000E+00  7.487983945E+00 
       797  2.991800457E+02  0.000000000E+00  7.344128057E+00 
       798  2.993900786E+02  0.000000000E+00  7.196097864E+00 
       799  2.995967121E+02  0.000000000E+00  7.044200556E+00 
       800  2.998000012E+02  0.000000000E+00  6.888530337E+00 
       801  3.000000000E+02  0.000000000E+00  7.230440207E+00 
       802  3.002500000E+02  0.000000000E+00  7.741997079E+00 
       803  3.005000000E+02  0.000000000E+00  7.725727797E+00 
       804  3.007500000E+02  0.000000000E+00  7.725742266E+00 
       805  3.010000000E+02  0.000000000E+00  7.735247019E+00 
       806  3.012500000E+02  0.000000000E+00  7.751692531E+00 
       807  3.015000000E+02  0.000000000E+00  7.773386159E+00 
       808  3.017500000E+02  0.000000000E+00  7.799122900E+00 
       809  3.020000000E+02  0.000000000E+00  7.828004217E+00 
       810  3.022500000E+02  0.000000000E+00  7.859338536E+00 
       811  3.025000000E+02  0.000000000E+00  7.892581452E+00 
       812  3.027500000E+02  0.000000000E+00  7.927297247E+00 
       813  3.030000000E+02  0.000000000E+00  7.963132798E+00 
       814  3.032500000E+02  0.000000000E+00  7.999799150E+00 
       815  3.035000000E+02  0.000000000E+00  8.037058084E+00 
       816  3.037500000E+02  0.000000000E+00  8.074712065E+00 
       817  3.040000000E+02  0.000000000E+00  8.112596564E+00 
       818  3.042500000E+02  0.000000000E+00  8.150574088E+00 
       819  3.045000000E+02  0.000000000E+00  8.188529470E+00 
       820  3.047500000E+02  0.000000000E+00  8.226366103E+00 
       821  3.050000000E+02  0.000000000E+00  8.264002902E+00 
       822  3.052500000E+02  0.000000000E+00  8.301371826E+00 
       823  3.055000000E+02  0.000000000E+00  8.338415846E+00 
       824  3.057500000E+02  0.000000000E+00  8.375087257E+00 
       825  3.060000000E+02  0.000000000E+00  8.411346278E+00 
       826  3.062500000E+02  0.000000000E+00  8.447159879E+00 
       827  3.065000000E+02  0.000000000E+00  8.482500800E+00 
       828  3.067500000E+02  0.000000000E+00  8.517346709E+00 
       829  3.070000000E+02  0.000000000E+00  8.551679510E+00 
       830  3.072500000E+02  0.000000000E+00  8.585484730E+00 
       831  3.075000000E+02  0.000000000E+00  8.618751018E+00 
       832  3.077500000E+02  0.000000000E+00  8.651469706E+00 
       833  3.080000000E+02  0.000000000E+00  8.683634433E+00 
       834  3.082500000E+02  0.000000000E+00  8.715240829E+00 
       835  3.085000000E+02  0.000000000E+00  8.746286237E+00 
       836  3.087500000E+02  0.000000000E+00  8.776769473E+00 
       837  3.090000000E+02  0.000000000E+00  8.806690630E+00 
       838  3.092500000E+02  0.000000000E+00  8.836050893E+00 
       839  3.095000000E+02  0.000000000E+00  8.864852392E+00 
       840  3.097500000E+02  0.000000000E+00  8.893098068E+00 
       841  3.100000000E+02  0.000000000E+00  8.920791560E+00 
       842  3.102500000E+02  0.000000000E+00  8.947937107E+00 
       843  3.105000000E+02  0.000000000E+00  8.974539459E+00 
       844  3.107500000E+02  0.000000000E+00  9.000603808E+00 
       845  3.110000000E+02  0.000000000E+00  9.026135717E+00 
       846  3.112500000E+02  0.000000000E+00  9.051141071E+00 
       847  3.115000000E+02  0.000000000E+00  9.075626021E+00 
       848  3.117500000E+02  0.000000000E+00  9.099596948E+00 
       849  3.120000000E+02  0.000000000E+00  9.123060420E+00 
       850  3.122500000E+02  0.000000000E+00  9.146023164E+00 
       851  3.125000000E+02  0.000000000E+00  9.168492038E+00 
       852  3.127500000E+02  0.000000000E+00  9.190474001E+00 
       853  3.130000000E+02  0.000000000E+00  9.211976098E+00 
       854  3.132500000E+02  0.000000000E+00  9.233005437E+00 
       855  3.135000000E+02  0.000000000E+00  9.253569173E+00 
       856  3.137500000E+02  0.000000000E+00  9.273674496E+00 
       857  3.140000000E+02  0.000000000E+00  9.293328615E+00 
       858  3.142500000E+02  0.000000000E+00  9.312538747E+00 
       859  3.145000000E+02  0.000000000E+00  9.331312110E+00 
       860  3.147500000E+02  0.000000000E+00  9.349655911E+00 
       861  3.150000000E+02  0.000000000E+00  9.367577341E+00 
       862  3.152500000E+02  0.000000000E+00  9.385083564E+00 
       863  3.155000000E+02  0.000000000E+00  9.402181717E+00 
       864  3.157500000E+02  0.000000000E+00  9.418878898E+00 
       865  3.160000000E+02  0.000000000E+00  9.435182166E+00 
       866  3.162500000E+02  0.000000000E+00  9.451098536E+00 
       867  3.165000000E+02  0.000000000E+00  9.466634972E+00 
       868  3.167500000E+02  0.000000000E+00  9.481798388E+00 
       869  3.170000000E+02  0.000000000E+00  9.496595641E+00 
       870  3.172500000E+02  0.000000000E+00  9.511033531E+00 
       871  3.175000000E+02  0.000000000E+00  9.525118798E+00 
       872  3.177500000E+02  0.000000000E+00  9.538858117E+00 
       873  3.180000000E+02  0.000000000E+00  9.552258102E+00 
       874  3.182500000E+02  0.000000000E+00  9.565325297E+00 
       875  3.185000000E+02  0.000000000E+00  9.578066179E+00 
       876  3.187500000E+02  0.000000000E+00  9.590487158E+00 
       877  3.190000000E+02  0.000000000E+00  9.602594569E+00 
       878  3.192500000E+02  0.000000000E+00  9.614394679E+00 
       879  3.195000000E+02  0.000000000E+00  9.625893678E+00 
       880  3.197500000E+02  0.000000000E+00  9.637097685E+00 
       881  3.200000000E+02  0.000000000E+00  9.648012743E+00 
       882  3.202500000E+02  0.000000000E+00  9.658644819E+00 
       883  3.205000000E+02  0.000000000E+00  9.668999805E+00 
       884  3.207500000E+02  0.000000000E+00  9.679083516E+00 
       885  3.210000000E+02  0.000000000E+00  9.688901689E+00 
       886  3.212500000E+02  0.000000000E+00  9.698459982E+00 
       887  3.215000000E+02  0.000000000E+00  9.707763978E+00 
       888  3.217500000E+02  0.000000000E+00  9.716819180E+00 
       889  3.220000000E+02  0.000000000E+00  9.725631012E+00 
       890  3.222500000E+02  0.000000000E+00  9.734204819E+00 
       891  3.225000000E+02  0.000000000E+00  9.742545869E+00 
       892  3.227500000E+02  0.000000000E+00  9.750659348E+00 
       893  3.230000000E+02  0.000000000E+00  9.758550366E+00 
       894  3.232500000E+02  0.000000000E+00  9.766223953E+00 
       895  3.235000000E+02  0.000000000E+00  9.773685059E+00 
       896  3.237500000E+02  0.000000000E+00  9.780938555E+00 
       897  3.240000000E+02  0.000000000E+00  9.787989236E+00 
       898  3.242500000E+02  0.000000000E+00  9.794841816E+00 
       899  3.245000000E+02  0.000000000E+00  9.801500931E+00 
       900  3.247500000E+02  0.000000000E+00  9.807971141E+00 
       901  3.250000000E+02  0.000000000E+00  9.814256925E+00 
       902  3.252500000E+02  0.000000000E+00  9.820362688E+00 
       903  3.255000000E+02  0.000000000E+00  9.826292756E+00 
       904  3.257500000E+02  0.000000000E+00  9.832051379E+00 
       905  3.260000000E+02  0.000000000E+00  9.837642731E+00 
       906  3.262500000E+02  0.000000000E+00  9.843070910E+00 
       907  3.265000000E+02  0.000000000E+00  9.848339938E+00 
       908  3.267500000E+02  0.000000000E+00  9.853453764E+00 
       909  3.270000000E+02  0.000000000E+00  9.858416263E+00 
       910  3.272500000E+02  0.000000000E+00  9.863231234E+00 
       911  3.275000000E+02  0.000000000E+00  9.867902404E+00 
       912  3.277500000E+02  0.000000000E+00  9.872433430E+00 
       913  3.280000000E+02  0.000000000E+00  9.876827894E+00 
       914  3.282500000E+02  0.000000000E+00  9.881089308E+00 
       915  3.285000000E+02  0.000000000E+00  9.885221114E+00 
       916  3.287500000E+02  0.000000000E+00  9.889226684E+00 
       917  3.290000000E+02  0.000000000E+00  9.893109320E+00 
       918  3.292500000E+02  0.000000000E+00  9.896872258E+00 
       919  3.295000000E+02  0.000000000E+00  9.900518663E+00 
       920  3.297500000E+02  0.000000000E+00  9.904051636E+00 
       921  3.300000000E+02  0.000000000E+00  9.907474210E+00 
       922  3.302500000E+02  0.000000000E+00  9.910789354E+00 
       923  3.305000000E+02  0.000000000E+00  9.913999971E+00 
       924  3.307500000E+02  0.000000000E+00  9.917108901E+00 
       925  3.310000000E+02  0.000000000E+00  9.920118922E+00 
       926  3.312500000E+02  0.000000000E+00  9.923032749E+00 
       927  3.315000000E+02  0.000000000E+00  9.925853033E+00 
       928  3.317500000E+02  0.000000000E+00  9.928582369E+00 
       929  3.320000000E+02  0.000000000E+00  9.931223290E+00 
       930  3.322500000E+02  0.000000000E+00  9.933778269E+00 
       931  3.325000000E+02  0.000000000E+00  9.936249723E+00 
       932  3.327500000E+02  0.000000000E+00  9.938640010E+00 
       933  3.330000000E+02  0.000000000E+00  9.940951433E+00 
       934  3.332500000E+02  0.000000000E+00  9.943186240E+00 
       935  3.335000000E+02  0.000000000E+00  9.945346621E+00 
       936  3.337500000E+02  0.000000000E+00  9.947434716E+00 
       937  3.340000000E+02  0.000000000E+00  9.949452609E+00 
       938  3.342500000E+02  0.000000000E+00  9.951402334E+00 
       939  3.345000000E+02  0.000000000E+00  9.953285873E+00 
       940  3.347500000E+02  0.000000000E+00  9.955105156E+00 
       941  3.350000000E+02  0.000000000E+00  9.956862065E+00 
       942  3.352500000E+02  0.000000000E+00  9.958558433E+00 
       943  3.355000000E+02  0.000000000E+00  9.960196044E+00 
       944  3.357500000E+02  0.000000000E+00  9.961776636E+00 
       945  3.360000000E+02  0.000000000E+00  9.963301900E+00 
       946  3.362500000E+02  0.000000000E+00  9.964773480E+00 
       947  3.365000000E+02  0.000000000E+00  9.966192978E+00 
       948  3.367500000E+02  0.000000000E+00  9.967561950E+00 
       949  3.370000000E+02  0.000000000E+00  9.968881909E+00 
       950  3.372500000E+02  0.000000000E+00  9.970154326E+00 
       951  3.375000000E+02  0.000000000E+00  9.971380631E+00 
       952  3.377500000E+02  0.000000000E+00  9.972562212E+00 
       953  3.380000000E+02  0.000000000E+00  9.973700416E+00 
       954  3.382500000E+02  0.000000000E+00  9.974796553E+00 
       955  3.385000000E+02  0.000000000E+00  9.975851893E+00 
       956  3.387500000E+02  0.000000000E+00  9.976867668E+00 
       957  3.390000000E+02  0.000000000E+00  9.977845072E+00 
       958  3.392500000E+02  0.000000000E+00  9.978785265E+00 
       959  3.395000000E+02  0.000000000E+00  9.979689368E+00 
       960  3.397500000E+02  0.000000000E+00  9.980558468E+00 
       961  3.400000000E+02  0.000000000E+00  9.981393620E+00 
       962  3.402500000E+02  0.000000000E+00  9.982195841E+00 
       963  3.405000000E+02  0.000000000E+00  9.982966119E+00 
       964  3.407500000E+02  0.000000000E+00  9.983705405E+00 
       965  3.410000000E+02  0.000000000E+00  9.984414621E+00 
       966  3.412500000E+02  0.000000000E+00  9.985094658E+00 
       967  3.415000000E+02  0.000000000E+00  9.985746375E+00 
       968  3.417500000E+02  0.000000000E+00  9.986370601E+00 
       969  3.420000000E+02  0.000000000E+00  9.986968136E+00 
       970  3.422500000E+02  0.000000000E+00  9.987539751E+00 
       971  3.425000000E+02  0.000000000E+00  9.988086189E+00 
       972  3.427500000E+02  0.000000000E+00  9.988608162E+00 
       973  3.430000000E+02  0.000000000E+00  9.989106360E+00 
       974  3.432500000E+02  0.000000000E+00  9.989581441E+00 
       975  3.435000000E+02  0.000000000E+00  9.990034041E+00 
       976  3.437500000E+02  0.000000000E+00  9.990464766E+00 
       977  3.440000000E+02  0.000000000E+00  9.990874200E+00 
       978  3.442500000E+02  0.000000000E+00  9.991262901E+00 
       979  3.445000000E+02  0.000000000E+00  9.991631402E+00 
       980  3.447500000E+02  0.000000000E+00  9.991980211E+00 
       981  3.450000000E+02  0.000000000E+00  9.992309816E+00 
       982  3.452500000E+02  0.000000000E+00  9.992620677E+00 
       983  3.455000000E+02  0.000000000E+00  9.992913236E+00 
       984  3.457500000E+02  0.000000000E+00  9.993187908E+00 
       985  3.460000000E+02  0.000000000E+00  9.993445090E+00 
       986  3.462500000E+02  0.000000000E+00  9.993685156E+00 
       987  3.465000000E+02  0.000000000E+00  9.993908456E+00 
       988  3.467500000E+02  0.000000000E+00  9.994115324E+00 
       989  3.470000000E+02  0.000000000E+00  9.994306068E+00 
       990  3.472500000E+02  0.000000000E+00  9.994480980E+00 
       991  3.475000000E+02  0.000000000E+00  9.994640331E+00 
       992  3.477500000E+02  0.000000000E+00  9.994784370E+00 
       993  3.480000000E+02  0.000000000E+00  9.994913328E+00 
       994  3.482500000E+02  0.000000000E+00  9.995027419E+00 
       995  3.485000000E+02  0.000000000E+00  9.995126834E+00 
       996  3.487500000E+02  0.000000000E+00  9.995211749E+00 
       997  3.490000000E+02  0.000000000E+00  9.995282319E+00 
       998  3.492500000E+02  0.000000000E+00  9.995338682E+00 
       999  3.495000000E+02  0.000000000E+00  9.995380957E+00 
      1000  3.497500000E+02  0.000000000E+00  9.995409248E+00 
      1001  3.500000000E+02  0.000000000E+00  9.995423638E+00 
      1002  3.502500000E+02  0.000000000E+00  9.995424195E+00 
      1003  3.505000000E+02  0.000000000E+00  9.995410969E+00 
      1004  3.507500000E+02  0.000000000E+00  9.995383992E+00 
      1005  3.510000000E+02  0.000000000E+00  9.995343281E+00 
      1006  3.512500000E+02  0.000000000E+00  9.995288834E+00 
      1007  3.515000000E+02  0.000000000E+00  9.995220636E+00 
      1008  3.517500000E+02  0.000000000E+00  9.995138652E+00 
      1009  3.520000000E+02  0.000000000E+00  9.995042832E+00 
      1010  3.522500000E+02  0.000000000E+00  9.994933111E+00 
      1011  3.525000000E+02  0.000000000E+00  9.994809406E+00 
      1012  3.527500000E+02  0.000000000E+00  9.994671620E+00 
      1013  3.530000000E+02  0.000000000E+00  9.994519638E+00 
      1014  3.532500000E+02  0.000000000E+00  9.994353331E+00 
      1015  3.535000000E+02  0.000000000E+00  9.994172554E+00 
      1016  3.537500000E+02  0.000000000E+00  9.993977145E+00 
      1017  3.540000000E+02  0.000000000E+00  9.993766929E+00 
      1018  3.542500000E+02  0.000000000E+00  9.993541714E+00 
      1019  3.545000000E+02  0.000000000E+00  9.993301293E+00 
      1020  3.547500000E+02  0.000000000E+00  9.993045442E+00 
      1021  3.550000000E+02  0.000000000E+00  9.992773925E+00 
      1022  3.552500000E+02  0.000000000E+00  9.992486489E+00 
      1023  3.555000000E+02  0.000000000E+00  9.992182865E+00 
      1024  3.557500000E+02  0.000000000E+00  9.991862769E+00 
      1025  3.560000000E+02  0.000000000E+00  9.991525905E+00 
      1026  3.562500000E+02  0.000000000E+00  9.991171958E+00 
      1027  3.565000000E+02  0.000000000E+00  9.990800600E+00 
      1028  3.567500000E+02  0.000000000E+00  9.990411487E+00 
      1029  3.570000000E+02  0.000000000E+00  9.990004260E+00 
      1030  3.572500000E+02  0.000000000E+00  9.989578547E+00 
      1031  3.575000000E+02  0.000000000E+00  9.989133958E+00 
      1032  3.577500000E+02  0.000000000E+00  9.988670091E+00 
      1033  3.580000000E+02  0.000000000E+00  9.988186525E+00 
      1034  3.582500000E+02  0.000000000E+00  9.987682829E+00 
      1035  3.585000000E+02  0.000000000E+00  9.987158553E+00 
      1036  3.587500000E+02  0.000000000E+00  9.986613234E+00 
      1037  3.590000000E+02  0.000000000E+00  9.986046394E+00 
      1038  3.592500000E+02  0.000000000E+00  9.985457538E+00 
      1039  3.595000000E+02  0.000000000E+00  9.984846158E+00 
      1040  3.597500000E+02  0.000000000E+00  9.984211732E+00 
      1041  3.600000000E+02  0.000000000E+00  9.983553719E+00 
      1042  3.602500000E+02  0.000000000E+00  9.982871566E+00 
      1043  3.605000000E+02  0.000000000E+00  9.982164705E+00 
      1044  3.607500000E+02  0.000000000E+00  9.981432550E+00 
      1045  3.610000000E+02  0.000000000E+00  9.980674504E+00 
      1046  3.612500000E+02  0.000000000E+00  9.979889951E+00 
      1047  3.615000000E+02  0.000000000E+00  9.979078261E+00 
      1048  3.617500000E+02  0.000000000E+00  9.978238791E+00 
      1049  3.620000000E+02  0.000000000E+00  9.977370879E+00 
      1050  3.622500000E+02  0.000000000E+00  9.976473849E+00 
      1051  3.625000000E+02  0.000000000E+00  9.975547011E+00 
      1052  3.627500000E+02  0.000000000E+00  9.974589657E+00 
      1053  3.630000000E+02  0.000000000E+00  9.973601066E+00 
      1054  3.632500000E+02  0.000000000E+00  9.972580499E+00 
      1055  3.635000000E+02  0.000000000E+00  9.971527204E+00 
      1056  3.637500000E+02  0.000000000E+00  9.970440410E+00 
      1057  3.640000000E+02  0.000000000E+00  9.969319332E+00 
      1058  3.642500000E+02  0.000000000E+00  9.968163169E+00 
      1059  3.645000000E+02  0.000000000E+00  9.966971105E+00 
      1060  3.647500000E+02  0.000000000E+00  9.965742304E+00 
      1061  3.650000000E+02  0.000000000E+00  9.964475919E+00 
      1062  3.652500000E+02  0.000000000E+00  9.963171082E+00 
      1063  3.655000000E+02  0.000000000E+00  9.961826912E+00 
      1064  3.657500000E+02  0.000000000E+00  9.960442508E+00 
      1065  3.660000000E+02  0.000000000E+00  9.959016955E+00 
      1066  3.662500000E+02  0.000000000E+00  9.957549319E+00 
      1067  3.665000000E+02  0.000000000E+00  9.956038651E+00 
      1068  3.667500000E+02  0.000000000E+00  9.954483982E+00 
      1069  3.670000000E+02  0.000000000E+00  9.952884327E+00 
      1070  3.672500000E+02  0.000000000E+00  9.951238683E+00 
      1071  3.675000000E+02  0.000000000E+00  9.949546030E+00 
      1072  3.677500000E+02  0.000000000E+00  9.947805327E+00 
      1073  3.680000000E+02  0.000000000E+00  9.946015516E+00 
      1074  3.682500000E+02  0.000000000E+00  9.944175521E+00 
      1075  3.685000000E+02  0.000000000E+00  9.942284246E+00 
      1076  3.687500000E+02  0.000000000E+00  9.940340574E+00 
      1077  3.690000000E+02  0.000000000E+00  9.938343371E+00 
      1078  3.692500000E+02  0.000000000E+00  9.936291481E+00 
      1079  3.695000000E+02  0.000000000E+00  9.934183726E+00 
      1080  3.697500000E+02  0.000000000E+00  9.932018909E+00 
      1081  3.700000000E+02  0.000000000E+00  9.929795811E+00 
      1082  3.702500000E+02  0.000000000E+00  9.927513190E+00 
      1083  3.705000000E+02  0.000000000E+00  9.925169782E+00 
      1084  3.707500000E+02  0.000000000E+00  9.922764299E+00 
      1085  3.710000000E+02  0.000000000E+00  9.920295431E+00 
      1086  3.712500000E+02  0.000000000E+00  9.917761841E+00 
      1087  3.715000000E+02  0.000000000E+00  9.915162168E+00 
      1088  3.717500000E+02  0.000000000E+00  9.912495025E+00 
      1089  3.720000000E+02  0.000000000E+00  9.909758999E+00 
      1090  3.722500000E+02  0.000000000E+00  9.906952648E+00 
      1091  3.725000000E+02  0.000000000E+00  9.904074503E+00 
      1092  3.727500000E+02  0.000000000E+00  9.901123065E+00 
      1093  3.730000000E+02  0.000000000E+00  9.898096805E+00 
      1094  3.732500000E+02  0.000000000E+00  9.894994164E+00 
      1095  3.735000000E+02  0.000000000E+00  9.891813547E+00 
      1096  3.737500000E+02  0.000000000E+00  9.888553331E+00 
      1097  3.740000000E+02  0.000000000E+00  9.885211854E+00 
      1098  3.742500000E+02  0.000000000E+00  9.881787420E+00 
      1099  3.745000000E+02  0.000000000E+00  9.878278297E+00 
      1100  3.747500000E+02  0.000000000E+00  9.874682712E+00 
      1101  3.750000000E+02  0.000000000E+00  9.870998855E+00 
      1102  3.752500000E+02  0.000000000E+00  9.867224872E+00 
      1103  3.755000000E+02  0.000000000E+00  9.863358869E+00 
      1104  3.757500000E+02  0.000000000E+00  9.859398905E+00 
      1105  3.760000000E+02  0.000000000E+00  9.855342996E+00 
      1106  3.762500000E+02  0.000000000E+00  9.851189107E+00 
      1107  3.765000000E+02  0.000000000E+00  9.846935155E+00 
      1108  3.767500000E+02  0.000000000E+00  9.842579007E+00 
      1109  3.770000000E+02  0.000000000E+00  9.838118473E+00 
      1110  3.772500000E+02  0.000000000E+00  9.833551312E+00 
      1111  3.775000000E+02  0.000000000E+00  9.828875221E+00 
      1112  3.777500000E+02  0.000000000E+00  9.824087842E+00 
      1113  3.780000000E+02  0.000000000E+00  9.819186751E+00 
      1114  3.782500000E+02  0.000000000E+00  9.814169462E+00 
      1115  3.785000000E+02  0.000000000E+00  9.809033423E+00 
      1116  3.787500000E+02  0.000000000E+00  9.803776012E+00 
      1117  3.790000000E+02  0.000000000E+00  9.798394536E+00 
      1118  3.792500000E+02  0.000000000E+00  9.792886227E+00 
      1119  3.795000000E+02  0.000000000E+00  9.787248243E+00 
      1120  3.797500000E+02  0.000000000E+00  9.781477660E+00 
      1121  3.800000000E+02  0.000000000E+00  9.775571473E+00 
      1122  3.802500000E+02  0.000000000E+00  9.769526593E+00 
      1123  3.805000000E+02  0.000000000E+00  9.763339842E+00 
      1124  3.807500000E+02  0.000000000E+00  9.757007953E+00 
      1125  3.810000000E+02  0.000000000E+00  9.750527564E+00 
      1126  3.812500000E+02  0.000000000E+00  9.743895216E+00 
      1127  3.815000000E+02  0.000000000E+00  9.737107354E+00 
      1128  3.817500000E+02  0.000000000E+00  9.730160318E+00 
      1129  3.820000000E+02  0.000000000E+00  9.723050342E+00 
      1130  3.822500000E+02  0.000000000E+00  9.715773554E+00 
      1131  3.825000000E+02  0.000000000E+00  9.708325969E+00 
      1132  3.827500000E+02  0.000000000E+00  9.700703488E+00 
      1133  3.830000000E+02  0.000000000E+00  9.692901895E+00 
      1134  3.832500000E+02  0.000000000E+00  9.684916855E+00 
      1135  3.835000000E+02  0.000000000E+00  9.676743909E+00 
      1136  3.837500000E+02  0.000000000E+00  9.668378472E+00 
      1137  3.840000000E+02  0.000000000E+00  9.659815834E+00 
      1138  3.842500000E+02  0.000000000E+00  9.651051153E+00 
      1139  3.845000000E+02  0.000000000E+00  9.642079454E+00 
      1140  3.847500000E+02  0.000000000E+00  9.632895630E+00 
      1141  3.850000000E+02  0.000000000E+00  9.623494438E+00 
      1142  3.852500000E+02  0.000000000E+00  9.613870496E+00 
      1143  3.855000000E+02  0.000000000E+00  9.604018287E+00 
      1144  3.857500000E+02  0.000000000E+00  9.593932155E+00 
      1145  3.860000000E+02  0.000000000E+00  9.583606306E+00 
      1146  3.862500000E+02  0.000000000E+00  9.573034808E+00 
      1147  3.865000000E+02  0.000000000E+00  9.562211595E+00 
      1148  3.867500000E+02  0.000000000E+00  9.551130465E+00 
      1149  3.870000000E+02  0.000000000E+00  9.539785089E+00 
      1150  3.872500000E+02  0.000000000E+00  9.528169010E+00 
      1151  3.875000000E+02  0.000000000E+00  9.516275650E+00 
      1152  3.877500000E+02  0.000000000E+00  9.504098320E+00 
      1153  3.880000000E+02  0.000000000E+00  9.491630223E+00 
      1154  3.882500000E+02  0.000000000E+00  9.478864470E+00 
      1155  3.885000000E+02  0.000000000E+00  9.465794090E+00 
      1156  3.887500000E+02  0.000000000E+00  9.452412045E+00 
      1157  3.890000000E+02  0.000000000E+00  9.438711247E+00 
      1158  3.892500000E+02  0.000000000E+00  9.424684584E+00 
      1159  3.895000000E+02  0.000000000E+00  9.410324940E+00 
      1160  3.897500000E+02  0.000000000E+00  9.395625225E+00 
      1161  3.900000000E+02  0.000000000E+00  9.380578413E+00 
      1162  3.902500000E+02  0.000000000E+00  9.365177580E+00 
      1163  3.905000000E+02  0.000000000E+00  9.349415951E+00 
      1164  3.907500000E+02  0.000000000E+00  9.333286954E+00 
      1165  3.910000000E+02  0.000000000E+00  9.316784287E+00 
      1166  3.912500000E+02  0.000000000E+00  9.299901989E+00 
      1167  3.915000000E+02  0.000000000E+00  9.282634525E+00 
      1168  3.917500000E+02  0.000000000E+00  9.264976893E+00 
      1169  3.920000000E+02  0.000000000E+00  9.246924734E+00 
      1170  3.922500000E+02  0.000000000E+00  9.228474468E+00 
      1171  3.925000000E+02  0.000000000E+00  9.209623456E+00 
      1172  3.927500000E+02  0.000000000E+00  9.190370180E+00 
      1173  3.930000000E+02  0.000000000E+00  9.170714459E+00 
      1174  3.932500000E+02  0.000000000E+00  9.150657698E+00 
      1175  3.935000000E+02  0.000000000E+00  9.130203182E+00 
      1176  3.937500000E+02  0.000000000E+00  9.109356416E+00 
      1177  3.940000000E+02  0.000000000E+00  9.088125530E+00 
      1178  3.942500000E+02  0.000000000E+00  9.066521753E+00 
      1179  3.945000000E+02  0.000000000E+00  9.044559969E+00 
      1180  3.947500000E+02  0.000000000E+00  9.022259383E+00 
      1181  3.950000000E+02  0.000000000E+00  8.999644308E+00 
      1182  3.952500000E+02  0.000000000E+00  8.976745107E+00 
      1183  3.955000000E+02  0.000000000E+00  8.953599325E+00 
      1184  3.957500000E+02  0.000000000E+00  8.930253055E+00 
      1185  3.960000000E+02  0.000000000E+00  8.906762605E+00 
      1186  3.962500000E+02  0.000000000E+00  8.883196537E+00 
      1187  3.965000000E+02  0.000000000E+00  8.859638190E+00 
      1188  3.967500000E+02  0.000000000E+00  8.836188850E+00 
      1189  3.970000000E+02  0.000000000E+00  8.812971746E+00 
      1190  3.972500000E+02  0.000000000E+00  8.790137207E+00 
      1191  3.975000000E+02  0.000000000E+00  8.767869404E+00 
      1192  3.977500000E+02  0.000000000E+00  8.746395367E+00 
      1193  3.980000000E+02  0.000000000E+00  8.725997361E+00 
      1194  3.982500000E+02  0.000000000E+00  8.707030437E+00 
      1195  3.985000000E+02  0.000000000E+00  8.689948351E+00 
      1196  3.987500000E+02  0.000000000E+00  8.675343924E+00 
      1197  3.990000000E+02  0.000000000E+00  8.664016378E+00 
      1198  3.992500000E+02  0.000000000E+00  8.657094289E+00 
      1199  3.995000000E+02  0.000000000E+00  8.656286891E+00 
      1200  3.997500000E+02  0.000000000E+00  8.666210808E+00 
      1201  4.000000000E+02  0.000000000E+00  8.158418530E+00 
      1202  4.002000034E+02  0.000000000E+00  7.809467713E+00 
      1203  4.004016387E+02  0.000000000E+00  7.935352958E+00 
      1204  4.006049192E+02  0.000000000E+00  8.055635815E+00 
      1205  4.008098583E+02  0.000000000E+00  8.170528136E+00 
      1206  4.010164696E+02  0.000000000E+00  8.280101966E+00 
      1207  4.012247666E+02  0.000000000E+00  8.384449967E+00 
      1208  4.014347631E+02  0.000000000E+00  8.483682212E+00 
      1209  4.016464731E+02  0.000000000E+00  8.577922976E+00 
      1210  4.018599104E+02  0.000000000E+00  8.667307902E+00 
      1211  4.020750892E+02  0.000000000E+00  8.751981863E+00 
      1212  4.022920237E+02  0.000000000E+00  8.832097131E+00 
      1213  4.025107282E+02  0.000000000E+00  8.912610137E+00 
      1214  4.027312172E+02  0.000000000E+00  8.988566769E+00 
      1215  4.029535052E+02  0.000000000E+00  9.055272281E+00 
      1216  4.031776069E+02  0.000000000E+00  9.118109504E+00 
      1217  4.034035370E+02  0.000000000E+00  9.177242760E+00 
      1218  4.036313106E+02  0.000000000E+00  9.232835678E+00 
      1219  4.038609426E+02  0.000000000E+00  9.285050408E+00 
      1220  4.040924483E+02  0.000000000E+00  9.334047030E+00 
      1221  4.043258428E+02  0.000000000E+00  9.382719215E+00 
      1222  4.045611417E+02  0.000000000E+00  9.428271887E+00 
      1223  4.047983604E+02  0.000000000E+00  9.468088755E+00 
      1224  4.050375146E+02  0.000000000E+00  9.505326860E+00 
      1225  4.052786201E+02  0.000000000E+00  9.540125928E+00 
      1226  4.055216929E+02  0.000000000E+00  9.574497748E+00 
      1227  4.057667489E+02  0.000000000E+00  9.610384231E+00 
      1228  4.060138044E+02  0.000000000E+00  9.648080350E+00 
      1229  4.062628756E+02  0.000000000E+00  9.681127066E+00 
      1230  4.065139791E+02  0.000000000E+00  9.707245103E+00 
      1231  4.067671314E+02  0.000000000E+00  9.732861106E+00 
      1232  4.070223492E+02  0.000000000E+00  9.756090994E+00 
      1233  4.072796494E+02  0.000000000E+00  9.777521940E+00 
      1234  4.075390490E+02  0.000000000E+00  9.796128697E+00 
      1235  4.078005650E+02  0.000000000E+00  9.810021948E+00 
      1236  4.080642148E+02  0.000000000E+00  9.823150839E+00 
      1237  4.083300158E+02  0.000000000E+00  9.835248807E+00 
      1238  4.085979855E+02  0.000000000E+00  9.846279679E+00 
      1239  4.088681416E+02  0.000000000E+00  9.840443174E+00 
      1240  4.091405020E+02  0.000000000E+00  9.835411217E+00 
      1241  4.094150846E+02  0.000000000E+00  9.847612611E+00 
      1242  4.096919076E+02  0.000000000E+00  9.858887576E+00 
      1243  4.099709892E+02  0.000000000E+00  9.869302131E+00 
      1244  4.102523480E+02  0.000000000E+00  9.878918236E+00 
      1245  4.105360024E+02  0.000000000E+00  9.887793972E+00 
      1246  4.108219711E+02  0.000000000E+00  9.895983728E+00 
      1247  4.111102732E+02  0.000000000E+00  9.903538368E+00 
      1248  4.114009276E+02  0.000000000E+00  9.910505416E+00 
      1249  4.116939535E+02  0.000000000E+00  9.916929224E+00 
      1250  4.119893702E+02  0.000000000E+00  9.922851141E+00 
      1251  4.122871973E+02  0.000000000E+00  9.928309677E+00 
      1252  4.125874544E+02  0.000000000E+00  9.933340664E+00 
      1253  4.128901614E+02  0.000000000E+00  9.937977408E+00 
      1254  4.131953383E+02  0.000000000E+00  9.942250837E+00 
      1255  4.135030051E+02  0.000000000E+00  9.946189647E+00 
      1256  4.138131823E+02  0.000000000E+00  9.949820435E+00 
      1257  4.141258902E+02  0.000000000E+00  9.953167833E+00 
      1258  4.144411496E+02  0.000000000E+00  9.956254631E+00 
      1259  4.147589813E+02  0.000000000E+00  9.959101898E+00 
      1260  4.150794062E+02  0.000000000E+00  9.961729096E+00 
      1261  4.154024455E+02  0.000000000E+00  9.964154185E+00 
      1262  4.157281206E+02  0.000000000E+00  9.966393727E+00 
      1263  4.160564529E+02  0.000000000E+00  9.968462984E+00 
      1264  4.163874641E+02  0.000000000E+00  9.970376006E+00 
      1265  4.167211762E+02  0.000000000E+00  9.972145719E+00 
      1266  4.170576110E+02  0.000000000E+00  9.973784006E+00 
      1267  4.173967909E+02  0.000000000E+00  9.975301782E+00 
      1268  4.177387382E+02  0.000000000E+00  9.976709067E+00 
      1269  4.180834756E+02  0.000000000E+00  9.978015053E+00 
      1270  4.184310257E+02  0.000000000E+00  9.979228164E+00 
      1271  4.187814116E+02  0.000000000E+00  9.980356119E+00 
      1272  4.191346563E+02  0.000000000E+00  9.981405981E+00 
      1273  4.194907832E+02  0.000000000E+00  9.982384216E+00 
      1274  4.198498158E+02  0.000000000E+00  9.983296734E+00 
      1275  4.202117779E+02  0.000000000E+00  9.984148934E+00 
      1276  4.205766933E+02  0.000000000E+00  9.984945749E+00 
      1277  4.209445860E+02  0.000000000E+00  9.985691682E+00 
      1278  4.213154806E+02  0.000000000E+00  9.986390838E+00 
      1279  4.216894013E+02  0.000000000E+00  9.987046964E+00 
      1280  4.220663728E+02  0.000000000E+00  9.987663474E+00 
      1281  4.224464202E+02  0.000000000E+00  9.988243479E+00 
      1282  4.228295685E+02  0.000000000E+00  9.988789812E+00 
      1283  4.232158429E+02  0.000000000E+00  9.989305054E+00 
      1284  4.236052691E+02  0.000000000E+00  9.989791553E+00 
      1285  4.239978726E+02  0.000000000E+00  9.990251447E+00 
      1286  4.243936795E+02  0.000000000E+00  9.990686682E+00 
      1287  4.247927158E+02  0.000000000E+00  9.991099031E+00 
      1288  4.251950080E+02  0.000000000E+00  9.991490104E+00 
      1289  4.256005825E+02  0.000000000E+00  9.991861369E+00 
      1290  4.260094662E+02  0.000000000E+00  9.992214164E+00 
      1291  4.264216861E+02  0.000000000E+00  9.992549706E+00 
      1292  4.268372694E+02  0.000000000E+00  9.992869105E+00 
      1293  4.272562434E+02  0.000000000E+00  9.993173374E+00 
      1294  4.276786360E+02  0.000000000E+00  9.993463439E+00 
      1295  4.281044750E+02  0.000000000E+00  9.993740144E+00 
      1296  4.285337884E+02  0.000000000E+00  9.994004264E+00 
      1297  4.289666047E+02  0.000000000E+00  9.994256509E+00 
      1298  4.294029525E+02  0.000000000E+00  9.994497530E+00 
      1299  4.298428605E+02  0.000000000E+00  9.994727926E+00 
      1300  4.302863578E+02  0.000000000E+00  9.994948252E+00 
      1301  4.307334737E+02  0.000000000E+00  9.995159017E+00 
      1302  4.311842377E+02  0.000000000E+00  9.995360696E+00 
      1303  4.316386795E+02  0.000000000E+00  9.995553728E+00 
      1304  4.320968293E+02  0.000000000E+00  9.995738525E+00 
      1305  4.325587172E+02  0.000000000E+00  9.995915470E+00 
      1306  4.330243737E+02  0.000000000E+00  9.996084921E+00 
      1307  4.334938296E+02  0.000000000E+00  9.996247219E+00 
      1308  4.339671159E+02  0.000000000E+00  9.996402682E+00 
      1309  4.344442638E+02  0.000000000E+00  9.996551612E+00 
      1310  4.349253049E+02  0.000000000E+00  9.996694297E+00 
      1311  4.354102708E+02  0.000000000E+00  9.996831010E+00 
      1312  4.358991937E+02  0.000000000E+00  9.996962012E+00 
      1313  4.363921059E+02  0.000000000E+00  9.997087554E+00 
      1314  4.368890398E+02  0.000000000E+00  9.997207875E+00 
      1315  4.373900283E+02  0.000000000E+00  9.997323205E+00 
      1316  4.378951044E+02  0.000000000E+00  9.997433768E+00 
      1317  4.384043016E+02  0.000000000E+00  9.997539775E+00 
      1318  4.389176534E+02  0.000000000E+00  9.997641435E+00 
      1319  4.394351937E+02  0.000000000E+00  9.997738945E+00 
      1320  4.399569568E+02  0.000000000E+00  9.997832499E+00 
      1321  4.404829770E+02  0.000000000E+00  9.997922283E+00 
      1322  4.410132892E+02  0.000000000E+00  9.998008475E+00 
      1323  4.415479282E+02  0.000000000E+00  9.998091250E+00 
      1324  4.420869295E+02  0.000000000E+00  9.998170772E+00 
      1325  4.426303286E+02  0.000000000E+00  9.998247203E+00 
      1326  4.431781614E+02  0.000000000E+00  9.998320698E+00 
      1327  4.437304641E+02  0.000000000E+00  9.998391404E+00 
      1328  4.442872731E+02  0.000000000E+00  9.998459462E+00 
      1329  4.448486253E+02  0.000000000E+00  9.998525007E+00 
      1330  4.454145576E+02  0.000000000E+00  9.998588170E+00 
      1331  4.459851075E+02  0.000000000E+00  9.998649071E+00 
      1332  4.465603126E+02  0.000000000E+00  9.998707827E+00 
      1333  4.471402109E+02  0.000000000E+00  9.998764547E+00 
      1334  4.477248408E+02  0.000000000E+00  9.998819334E+00 
      1335  4.483142407E+02  0.000000000E+00  9.998872284E+00 
      1336  4.489084497E+02  0.000000000E+00  9.998923486E+00 
      1337  4.495075070E+02  0.000000000E+00  9.998973024E+00 
      1338  4.501114521E+02  0.000000000E+00  9.999020973E+00 
      1339  4.507203248E+02  0.000000000E+00  9.999067406E+00 
      1340  4.513341655E+02  0.000000000E+00  9.999112384E+00 
      1341  4.519530147E+02  0.000000000E+00  9.999155965E+00 
      1342  4.525769132E+02  0.000000000E+00  9.999198201E+00 
      1343  4.532059021E+02  0.000000000E+00  9.999239136E+00 
      1344  4.538400232E+02  0.000000000E+00  9.999278809E+00 
      1345  4.544793181E+02  0.000000000E+00  9.999317252E+00 
      1346  4.551238292E+02  0.000000000E+00  9.999354494E+00 
      1347  4.557735990E+02  0.000000000E+00  9.999390553E+00 
      1348  4.564286703E+02  0.000000000E+00  9.999425445E+00 
      1349  4.570890866E+02  0.000000000E+00  9.999459180E+00 
      1350  4.577548913E+02  0.000000000E+00  9.999491759E+00 
      1351  4.584261284E+02  0.000000000E+00  9.999523181E+00 
      1352  4.591028423E+02  0.000000000E+00  9.999553436E+00 
      1353  4.597850777E+02  0.000000000E+00  9.999582510E+00 
      1354  4.604728795E+02  0.000000000E+00  9.999610381E+00 
      1355  4.611662932E+02  0.000000000E+00  9.999637023E+00 
      1356  4.618653647E+02  0.000000000E+00  9.999662402E+00 
      1357  4.625701400E+02  0.000000000E+00  9.999686479E+00 
      1358  4.632806657E+02  0.000000000E+00  9.999709207E+00 
      1359  4.639969887E+02  0.000000000E+00  9.999730535E+00 
      1360  4.647191564E+02  0.000000000E+00  9.999750403E+00 
      1361  4.654472164E+02  0.000000000E+00  9.999768747E+00 
      1362  4.661812167E+02  0.000000000E+00  9.999785498E+00 
      1363  4.669212059E+02  0.000000000E+00  9.999800581E+00 
      1364  4.676672328E+02  0.000000000E+00  9.999813918E+00 
      1365  4.684193468E+02  0.000000000E+00  9.999825427E+00 
      1366  4.691775973E+02  0.000000000E+00  9.999835030E+00 
      1367  4.699420346E+02  0.000000000E+00  9.999842647E+00 
      1368  4.707127091E+02  0.000000000E+00  9.999848205E+00 
      1369  4.714896716E+02  0.000000000E+00  9.999851643E+00 
      1370  4.722729736E+02  0.000000000E+00  9.999852914E+00 
      1371  4.730626666E+02  0.000000000E+00  9.999851993E+00 
      1372  4.738588030E+02  0.000000000E+00  9.999848888E+00 
      1373  4.746614352E+02  0.000000000E+00  9.999843648E+00 
      1374  4.754706162E+02  0.000000000E+00  9.999836376E+00 
      1375  4.762863994E+02  0.000000000E+00  9.999827249E+00 
      1376  4.771088389E+02  0.000000000E+00  9.999816532E+00 
      1377  4.779379887E+02  0.000000000E+00  9.999804608E+00 
      1378  4.787739038E+02  0.000000000E+00  9.999792007E+00 
      1379  4.796166392E+02  0.000000000E+00  9.999779443E+00 
      1380  4.804662507E+02  0.000000000E+00  9.999767869E+00 
      1381  4.813227944E+02  0.000000000E+00  9.999758532E+00 
      1382  4.821863268E+02  0.000000000E+00  9.999753065E+00 
      1383  4.830569049E+02  0.000000000E+00  9.999753593E+00 
      1384  4.839345862E+02  0.000000000E+00  9.999762882E+00 
      1385  4.848194287E+02  0.000000000E+00  9.999784549E+00 
      1386  4.857114908E+02  0.000000000E+00  9.999823342E+00 
      1387  4.866108314E+02  0.000000000E+00  9.999885529E+00 
      1388  4.875175099E+02  0.000000000E+00  9.999979466E+00 
      1389  4.884315862E+02  0.000000000E+00  1.000011638E+01 
      1390  4.893531206E+02  0.000000000E+00  1.000031152E+01 
      1391  4.902821741E+02  0.000000000E+00  1.000058573E+01 
      1392  4.912188078E+02  0.000000000E+00  1.000096786E+01 
      1393  4.921630837E+02  0.000000000E+00  1.000149808E+01 
      1394  4.931150642E+02  0.000000000E+00  1.000223278E+01 
      1395  4.940748120E+02  0.000000000E+00  1.000325170E+01 
      1396  4.950423907E+02  0.000000000E+00  1.000466816E+01 
      1397  4.960178639E+02  0.000000000E+00  1.000664422E+01 
      1398  4.970012963E+02  0.000000000E+00  1.000939863E+01 
      1399  4.979927527E+02  0.000000000E+00  1.001529430E+01 
      1400  4.989922986E+02  0.000000000E+00  1.002330713E+01 
      1401  5.000000000E+02  0.000000000E+00  1.002702962E+01 
