nodenumber     x-coordinate     y-coordinate           udm-12 
         1  0.000000000E+00  0.000000000E+00  9.995074772E+00 
         2  1.007701384E+00  0.000000000E+00  9.995457006E+00 
         3  2.007247274E+00  0.000000000E+00  9.998739967E+00 
         4  2.998703673E+00  0.000000000E+00  1.000180740E+01 
         5  3.982136051E+00  0.000000000E+00  1.000221013E+01 
         6  4.957609346E+00  0.000000000E+00  1.000265125E+01 
         7  5.925187975E+00  0.000000000E+00  1.000310691E+01 
         8  6.884935829E+00  0.000000000E+00  1.000357242E+01 
         9  7.836916284E+00  0.000000000E+00  1.000404403E+01 
        10  8.781192203E+00  0.000000000E+00  1.000451889E+01 
        11  9.717825941E+00  0.000000000E+00  1.000499480E+01 
        12  1.064687935E+01  0.000000000E+00  1.000547010E+01 
        13  1.156841377E+01  0.000000000E+00  1.000594355E+01 
        14  1.248249006E+01  0.000000000E+00  1.000641424E+01 
        15  1.338916858E+01  0.000000000E+00  1.000688151E+01 
        16  1.428850920E+01  0.000000000E+00  1.000734491E+01 
        17  1.518057130E+01  0.000000000E+00  1.000780410E+01 
        18  1.606541380E+01  0.000000000E+00  1.000825886E+01 
        19  1.694309512E+01  0.000000000E+00  1.000870907E+01 
        20  1.781367322E+01  0.000000000E+00  1.000915461E+01 
        21  1.867720559E+01  0.000000000E+00  1.000959544E+01 
        22  1.953374925E+01  0.000000000E+00  1.001003151E+01 
        23  2.038336076E+01  0.000000000E+00  1.001046280E+01 
        24  2.122609622E+01  0.000000000E+00  1.001088930E+01 
        25  2.206201128E+01  0.000000000E+00  1.001131098E+01 
        26  2.289116114E+01  0.000000000E+00  1.001172783E+01 
        27  2.371360056E+01  0.000000000E+00  1.001213985E+01 
        28  2.452938383E+01  0.000000000E+00  1.001254701E+01 
        29  2.533856484E+01  0.000000000E+00  1.001294931E+01 
        30  2.614119701E+01  0.000000000E+00  1.001334672E+01 
        31  2.693733335E+01  0.000000000E+00  1.001373923E+01 
        32  2.772702642E+01  0.000000000E+00  1.001412683E+01 
        33  2.851032837E+01  0.000000000E+00  1.001450950E+01 
        34  2.928729093E+01  0.000000000E+00  1.001488723E+01 
        35  3.005796541E+01  0.000000000E+00  1.001526001E+01 
        36  3.082240268E+01  0.000000000E+00  1.001562784E+01 
        37  3.158065324E+01  0.000000000E+00  1.001599071E+01 
        38  3.233276716E+01  0.000000000E+00  1.001634862E+01 
        39  3.307879409E+01  0.000000000E+00  1.001670156E+01 
        40  3.381878330E+01  0.000000000E+00  1.001704955E+01 
        41  3.455278365E+01  0.000000000E+00  1.001739260E+01 
        42  3.528084362E+01  0.000000000E+00  1.001773070E+01 
        43  3.600301127E+01  0.000000000E+00  1.001806389E+01 
        44  3.671933431E+01  0.000000000E+00  1.001839216E+01 
        45  3.742986002E+01  0.000000000E+00  1.001871556E+01 
        46  3.813463533E+01  0.000000000E+00  1.001903409E+01 
        47  3.883370678E+01  0.000000000E+00  1.001934778E+01 
        48  3.952712052E+01  0.000000000E+00  1.001965666E+01 
        49  4.021492235E+01  0.000000000E+00  1.001996077E+01 
        50  4.089715769E+01  0.000000000E+00  1.002026012E+01 
        51  4.157387159E+01  0.000000000E+00  1.002055476E+01 
        52  4.224510872E+01  0.000000000E+00  1.002084473E+01 
        53  4.291091342E+01  0.000000000E+00  1.002113005E+01 
        54  4.357132966E+01  0.000000000E+00  1.002141076E+01 
        55  4.422640104E+01  0.000000000E+00  1.002168691E+01 
        56  4.487617081E+01  0.000000000E+00  1.002195853E+01 
        57  4.552068189E+01  0.000000000E+00  1.002222565E+01 
        58  4.615997684E+01  0.000000000E+00  1.002248832E+01 
        59  4.679409786E+01  0.000000000E+00  1.002274657E+01 
        60  4.742308684E+01  0.000000000E+00  1.002300042E+01 
        61  4.804698530E+01  0.000000000E+00  1.002324992E+01 
        62  4.866583446E+01  0.000000000E+00  1.002349508E+01 
        63  4.927967516E+01  0.000000000E+00  1.002373593E+01 
        64  4.988854795E+01  0.000000000E+00  1.002397249E+01 
        65  5.049249303E+01  0.000000000E+00  1.002420477E+01 
        66  5.109155028E+01  0.000000000E+00  1.002443277E+01 
        67  5.168575926E+01  0.000000000E+00  1.002465650E+01 
        68  5.227515921E+01  0.000000000E+00  1.002487595E+01 
        69  5.285978905E+01  0.000000000E+00  1.002509111E+01 
        70  5.343968738E+01  0.000000000E+00  1.002530193E+01 
        71  5.401489250E+01  0.000000000E+00  1.002550840E+01 
        72  5.458544238E+01  0.000000000E+00  1.002571045E+01 
        73  5.515137472E+01  0.000000000E+00  1.002590804E+01 
        74  5.571272686E+01  0.000000000E+00  1.002610109E+01 
        75  5.626953590E+01  0.000000000E+00  1.002628952E+01 
        76  5.682183858E+01  0.000000000E+00  1.002647323E+01 
        77  5.736967139E+01  0.000000000E+00  1.002665211E+01 
        78  5.791307049E+01  0.000000000E+00  1.002682603E+01 
        79  5.845207178E+01  0.000000000E+00  1.002699486E+01 
        80  5.898671083E+01  0.000000000E+00  1.002715844E+01 
        81  5.951702297E+01  0.000000000E+00  1.002731660E+01 
        82  6.004304320E+01  0.000000000E+00  1.002746916E+01 
        83  6.056480627E+01  0.000000000E+00  1.002761593E+01 
        84  6.108234661E+01  0.000000000E+00  1.002775669E+01 
        85  6.159569842E+01  0.000000000E+00  1.002789123E+01 
        86  6.210489559E+01  0.000000000E+00  1.002801932E+01 
        87  6.260997174E+01  0.000000000E+00  1.002814070E+01 
        88  6.311096022E+01  0.000000000E+00  1.002825514E+01 
        89  6.360789412E+01  0.000000000E+00  1.002836238E+01 
        90  6.410080625E+01  0.000000000E+00  1.002846214E+01 
        91  6.458972916E+01  0.000000000E+00  1.002855417E+01 
        92  6.507469514E+01  0.000000000E+00  1.002863819E+01 
        93  6.555573621E+01  0.000000000E+00  1.002871394E+01 
        94  6.603288413E+01  0.000000000E+00  1.002878116E+01 
        95  6.650617042E+01  0.000000000E+00  1.002883959E+01 
        96  6.697562632E+01  0.000000000E+00  1.002888899E+01 
        97  6.744128283E+01  0.000000000E+00  1.002892911E+01 
        98  6.790317071E+01  0.000000000E+00  1.002895974E+01 
        99  6.836132046E+01  0.000000000E+00  1.002898068E+01 
       100  6.881576232E+01  0.000000000E+00  1.002899175E+01 
       101  6.926652631E+01  0.000000000E+00  1.002899280E+01 
       102  6.971364219E+01  0.000000000E+00  1.002898371E+01 
       103  7.015713949E+01  0.000000000E+00  1.002896438E+01 
       104  7.059704749E+01  0.000000000E+00  1.002893478E+01 
       105  7.103339524E+01  0.000000000E+00  1.002889488E+01 
       106  7.146621156E+01  0.000000000E+00  1.002884474E+01 
       107  7.189552503E+01  0.000000000E+00  1.002878443E+01 
       108  7.232136399E+01  0.000000000E+00  1.002871409E+01 
       109  7.274375656E+01  0.000000000E+00  1.002863394E+01 
       110  7.316273064E+01  0.000000000E+00  1.002854423E+01 
       111  7.357831389E+01  0.000000000E+00  1.002844531E+01 
       112  7.399053376E+01  0.000000000E+00  1.002833758E+01 
       113  7.439941746E+01  0.000000000E+00  1.002822154E+01 
       114  7.480499201E+01  0.000000000E+00  1.002809777E+01 
       115  7.520728416E+01  0.000000000E+00  1.002796694E+01 
       116  7.560632051E+01  0.000000000E+00  1.002782981E+01 
       117  7.600212738E+01  0.000000000E+00  1.002768726E+01 
       118  7.639473092E+01  0.000000000E+00  1.002754028E+01 
       119  7.678415706E+01  0.000000000E+00  1.002738997E+01 
       120  7.717043151E+01  0.000000000E+00  1.002723759E+01 
       121  7.755357977E+01  0.000000000E+00  1.002708450E+01 
       122  7.793362715E+01  0.000000000E+00  1.002693223E+01 
       123  7.831059875E+01  0.000000000E+00  1.002678247E+01 
       124  7.868451945E+01  0.000000000E+00  1.002663708E+01 
       125  7.905541395E+01  0.000000000E+00  1.002649811E+01 
       126  7.942330674E+01  0.000000000E+00  1.002636779E+01 
       127  7.978822211E+01  0.000000000E+00  1.002624857E+01 
       128  8.015018416E+01  0.000000000E+00  1.002614316E+01 
       129  8.050921679E+01  0.000000000E+00  1.002605449E+01 
       130  8.086534371E+01  0.000000000E+00  1.002598575E+01 
       131  8.121858844E+01  0.000000000E+00  1.002594046E+01 
       132  8.156897429E+01  0.000000000E+00  1.002592241E+01 
       133  8.191652442E+01  0.000000000E+00  1.002593576E+01 
       134  8.226126177E+01  0.000000000E+00  1.002598502E+01 
       135  8.260320909E+01  0.000000000E+00  1.002607511E+01 
       136  8.294238899E+01  0.000000000E+00  1.002621139E+01 
       137  8.327882384E+01  0.000000000E+00  1.002639967E+01 
       138  8.361253587E+01  0.000000000E+00  1.002664626E+01 
       139  8.394354712E+01  0.000000000E+00  1.002695804E+01 
       140  8.427187943E+01  0.000000000E+00  1.002734246E+01 
       141  8.459755450E+01  0.000000000E+00  1.002780763E+01 
       142  8.492059382E+01  0.000000000E+00  1.002836234E+01 
       143  8.524101873E+01  0.000000000E+00  1.002901613E+01 
       144  8.555885039E+01  0.000000000E+00  1.002977937E+01 
       145  8.587410979E+01  0.000000000E+00  1.003066328E+01 
       146  8.618681774E+01  0.000000000E+00  1.003168004E+01 
       147  8.649699489E+01  0.000000000E+00  1.003284286E+01 
       148  8.680466173E+01  0.000000000E+00  1.003416604E+01 
       149  8.710983857E+01  0.000000000E+00  1.003566506E+01 
       150  8.741254556E+01  0.000000000E+00  1.003735671E+01 
       151  8.771280270E+01  0.000000000E+00  1.003925914E+01 
       152  8.801062980E+01  0.000000000E+00  1.004139197E+01 
       153  8.830604654E+01  0.000000000E+00  1.004377645E+01 
       154  8.859907242E+01  0.000000000E+00  1.004643552E+01 
       155  8.888972679E+01  0.000000000E+00  1.004939399E+01 
       156  8.917802885E+01  0.000000000E+00  1.005267862E+01 
       157  8.946399764E+01  0.000000000E+00  1.005631832E+01 
       158  8.974765203E+01  0.000000000E+00  1.006034426E+01 
       159  9.002901076E+01  0.000000000E+00  1.006479008E+01 
       160  9.030809241E+01  0.000000000E+00  1.006969200E+01 
       161  9.058491540E+01  0.000000000E+00  1.007508907E+01 
       162  9.085949802E+01  0.000000000E+00  1.008102333E+01 
       163  9.113185839E+01  0.000000000E+00  1.008754000E+01 
       164  9.140201451E+01  0.000000000E+00  1.009468774E+01 
       165  9.166998421E+01  0.000000000E+00  1.010251884E+01 
       166  9.193578518E+01  0.000000000E+00  1.011108949E+01 
       167  9.219943499E+01  0.000000000E+00  1.012046002E+01 
       168  9.246095103E+01  0.000000000E+00  1.013069517E+01 
       169  9.272035058E+01  0.000000000E+00  1.014186482E+01 
       170  9.297765077E+01  0.000000000E+00  1.015404123E+01 
       171  9.323286858E+01  0.000000000E+00  1.016730171E+01 
       172  9.348602087E+01  0.000000000E+00  1.018173518E+01 
       173  9.373712436E+01  0.000000000E+00  1.019777206E+01 
       174  9.398619563E+01  0.000000000E+00  1.021528178E+01 
       175  9.423325112E+01  0.000000000E+00  1.023408011E+01 
       176  9.447830715E+01  0.000000000E+00  1.023737577E+01 
       177  9.472137990E+01  0.000000000E+00  1.024175500E+01 
       178  9.496248543E+01  0.000000000E+00  1.026308197E+01 
       179  9.520163964E+01  0.000000000E+00  1.028753862E+01 
       180  9.543885834E+01  0.000000000E+00  1.031823552E+01 
       181  9.567415720E+01  0.000000000E+00  1.035011841E+01 
       182  9.590755173E+01  0.000000000E+00  1.038057031E+01 
       183  9.613905737E+01  0.000000000E+00  1.041259156E+01 
       184  9.636868940E+01  0.000000000E+00  1.044720940E+01 
       185  9.659646297E+01  0.000000000E+00  1.048461840E+01 
       186  9.682239314E+01  0.000000000E+00  1.052502665E+01 
       187  9.704649481E+01  0.000000000E+00  1.057015246E+01 
       188  9.726878279E+01  0.000000000E+00  1.061886308E+01 
       189  9.748927176E+01  0.000000000E+00  1.067160283E+01 
       190  9.770797628E+01  0.000000000E+00  1.072849304E+01 
       191  9.792491078E+01  0.000000000E+00  1.079003642E+01 
       192  9.814008960E+01  0.000000000E+00  1.085638661E+01 
       193  9.835352693E+01  0.000000000E+00  1.092611869E+01 
       194  9.856523689E+01  0.000000000E+00  1.100126622E+01 
       195  9.877523344E+01  0.000000000E+00  1.107970947E+01 
       196  9.898353045E+01  0.000000000E+00  1.116422406E+01 
       197  9.919014168E+01  0.000000000E+00  1.125776082E+01 
       198  9.939508077E+01  0.000000000E+00  1.135852616E+01 
       199  9.959836126E+01  0.000000000E+00  1.146708138E+01 
       200  9.979999657E+01  0.000000000E+00  1.158460063E+01 
       201  1.000000000E+02  0.000000000E+00  1.129233595E+01 
       202  1.002500000E+02  0.000000000E+00  1.085923070E+01 
       203  1.005000000E+02  0.000000000E+00  1.087048068E+01 
       204  1.007500000E+02  0.000000000E+00  1.087344473E+01 
       205  1.010000000E+02  0.000000000E+00  1.087182444E+01 
       206  1.012500000E+02  0.000000000E+00  1.086694012E+01 
       207  1.015000000E+02  0.000000000E+00  1.085964841E+01 
       208  1.017500000E+02  0.000000000E+00  1.085054624E+01 
       209  1.020000000E+02  0.000000000E+00  1.084006970E+01 
       210  1.022500000E+02  0.000000000E+00  1.082854763E+01 
       211  1.025000000E+02  0.000000000E+00  1.081623358E+01 
       212  1.027500000E+02  0.000000000E+00  1.080332611E+01 
       213  1.030000000E+02  0.000000000E+00  1.078998252E+01 
       214  1.032500000E+02  0.000000000E+00  1.077632844E+01 
       215  1.035000000E+02  0.000000000E+00  1.076246476E+01 
       216  1.037500000E+02  0.000000000E+00  1.074847282E+01 
       217  1.040000000E+02  0.000000000E+00  1.073441833E+01 
       218  1.042500000E+02  0.000000000E+00  1.072035443E+01 
       219  1.045000000E+02  0.000000000E+00  1.070632403E+01 
       220  1.047500000E+02  0.000000000E+00  1.069236170E+01 
       221  1.050000000E+02  0.000000000E+00  1.067849523E+01 
       222  1.052500000E+02  0.000000000E+00  1.066474682E+01 
       223  1.055000000E+02  0.000000000E+00  1.065113406E+01 
       224  1.057500000E+02  0.000000000E+00  1.063767080E+01 
       225  1.060000000E+02  0.000000000E+00  1.062436775E+01 
       226  1.062500000E+02  0.000000000E+00  1.061123309E+01 
       227  1.065000000E+02  0.000000000E+00  1.059827292E+01 
       228  1.067500000E+02  0.000000000E+00  1.058549160E+01 
       229  1.070000000E+02  0.000000000E+00  1.057289212E+01 
       230  1.072500000E+02  0.000000000E+00  1.056047632E+01 
       231  1.075000000E+02  0.000000000E+00  1.054824514E+01 
       232  1.077500000E+02  0.000000000E+00  1.053619879E+01 
       233  1.080000000E+02  0.000000000E+00  1.052433689E+01 
       234  1.082500000E+02  0.000000000E+00  1.051265861E+01 
       235  1.085000000E+02  0.000000000E+00  1.050116277E+01 
       236  1.087500000E+02  0.000000000E+00  1.048984793E+01 
       237  1.090000000E+02  0.000000000E+00  1.047871247E+01 
       238  1.092500000E+02  0.000000000E+00  1.046775460E+01 
       239  1.095000000E+02  0.000000000E+00  1.045697246E+01 
       240  1.097500000E+02  0.000000000E+00  1.044636415E+01 
       241  1.100000000E+02  0.000000000E+00  1.043592774E+01 
       242  1.102500000E+02  0.000000000E+00  1.042566129E+01 
       243  1.105000000E+02  0.000000000E+00  1.041556289E+01 
       244  1.107500000E+02  0.000000000E+00  1.040563068E+01 
       245  1.110000000E+02  0.000000000E+00  1.039586282E+01 
       246  1.112500000E+02  0.000000000E+00  1.038625753E+01 
       247  1.115000000E+02  0.000000000E+00  1.037681310E+01 
       248  1.117500000E+02  0.000000000E+00  1.036752785E+01 
       249  1.120000000E+02  0.000000000E+00  1.035840018E+01 
       250  1.122500000E+02  0.000000000E+00  1.034942855E+01 
       251  1.125000000E+02  0.000000000E+00  1.034061146E+01 
       252  1.127500000E+02  0.000000000E+00  1.033194746E+01 
       253  1.130000000E+02  0.000000000E+00  1.032343518E+01 
       254  1.132500000E+02  0.000000000E+00  1.031507326E+01 
       255  1.135000000E+02  0.000000000E+00  1.030686040E+01 
       256  1.137500000E+02  0.000000000E+00  1.029879533E+01 
       257  1.140000000E+02  0.000000000E+00  1.029087682E+01 
       258  1.142500000E+02  0.000000000E+00  1.028310366E+01 
       259  1.145000000E+02  0.000000000E+00  1.027547466E+01 
       260  1.147500000E+02  0.000000000E+00  1.026798866E+01 
       261  1.150000000E+02  0.000000000E+00  1.026064449E+01 
       262  1.152500000E+02  0.000000000E+00  1.025344103E+01 
       263  1.155000000E+02  0.000000000E+00  1.024637713E+01 
       264  1.157500000E+02  0.000000000E+00  1.023945165E+01 
       265  1.160000000E+02  0.000000000E+00  1.023266346E+01 
       266  1.162500000E+02  0.000000000E+00  1.022601141E+01 
       267  1.165000000E+02  0.000000000E+00  1.021949435E+01 
       268  1.167500000E+02  0.000000000E+00  1.021311113E+01 
       269  1.170000000E+02  0.000000000E+00  1.020686056E+01 
       270  1.172500000E+02  0.000000000E+00  1.020074145E+01 
       271  1.175000000E+02  0.000000000E+00  1.019475261E+01 
       272  1.177500000E+02  0.000000000E+00  1.018889279E+01 
       273  1.180000000E+02  0.000000000E+00  1.018316077E+01 
       274  1.182500000E+02  0.000000000E+00  1.017755526E+01 
       275  1.185000000E+02  0.000000000E+00  1.017207498E+01 
       276  1.187500000E+02  0.000000000E+00  1.016671861E+01 
       277  1.190000000E+02  0.000000000E+00  1.016148482E+01 
       278  1.192500000E+02  0.000000000E+00  1.015637224E+01 
       279  1.195000000E+02  0.000000000E+00  1.015137948E+01 
       280  1.197500000E+02  0.000000000E+00  1.014650515E+01 
       281  1.200000000E+02  0.000000000E+00  1.014174779E+01 
       282  1.202500000E+02  0.000000000E+00  1.013710596E+01 
       283  1.205000000E+02  0.000000000E+00  1.013257816E+01 
       284  1.207500000E+02  0.000000000E+00  1.012816291E+01 
       285  1.210000000E+02  0.000000000E+00  1.012385866E+01 
       286  1.212500000E+02  0.000000000E+00  1.011966388E+01 
       287  1.215000000E+02  0.000000000E+00  1.011557699E+01 
       288  1.217500000E+02  0.000000000E+00  1.011159641E+01 
       289  1.220000000E+02  0.000000000E+00  1.010772053E+01 
       290  1.222500000E+02  0.000000000E+00  1.010394774E+01 
       291  1.225000000E+02  0.000000000E+00  1.010027639E+01 
       292  1.227500000E+02  0.000000000E+00  1.009670484E+01 
       293  1.230000000E+02  0.000000000E+00  1.009323142E+01 
       294  1.232500000E+02  0.000000000E+00  1.008985446E+01 
       295  1.235000000E+02  0.000000000E+00  1.008657228E+01 
       296  1.237500000E+02  0.000000000E+00  1.008338317E+01 
       297  1.240000000E+02  0.000000000E+00  1.008028545E+01 
       298  1.242500000E+02  0.000000000E+00  1.007727739E+01 
       299  1.245000000E+02  0.000000000E+00  1.007435731E+01 
       300  1.247500000E+02  0.000000000E+00  1.007152347E+01 
       301  1.250000000E+02  0.000000000E+00  1.006877418E+01 
       302  1.252500000E+02  0.000000000E+00  1.006610770E+01 
       303  1.255000000E+02  0.000000000E+00  1.006352234E+01 
       304  1.257500000E+02  0.000000000E+00  1.006101639E+01 
       305  1.260000000E+02  0.000000000E+00  1.005858814E+01 
       306  1.262500000E+02  0.000000000E+00  1.005623589E+01 
       307  1.265000000E+02  0.000000000E+00  1.005395795E+01 
       308  1.267500000E+02  0.000000000E+00  1.005175264E+01 
       309  1.270000000E+02  0.000000000E+00  1.004961828E+01 
       310  1.272500000E+02  0.000000000E+00  1.004755322E+01 
       311  1.275000000E+02  0.000000000E+00  1.004555580E+01 
       312  1.277500000E+02  0.000000000E+00  1.004362439E+01 
       313  1.280000000E+02  0.000000000E+00  1.004175736E+01 
       314  1.282500000E+02  0.000000000E+00  1.003995311E+01 
       315  1.285000000E+02  0.000000000E+00  1.003821004E+01 
       316  1.287500000E+02  0.000000000E+00  1.003652658E+01 
       317  1.290000000E+02  0.000000000E+00  1.003490118E+01 
       318  1.292500000E+02  0.000000000E+00  1.003333230E+01 
       319  1.295000000E+02  0.000000000E+00  1.003181842E+01 
       320  1.297500000E+02  0.000000000E+00  1.003035803E+01 
       321  1.300000000E+02  0.000000000E+00  1.002894968E+01 
       322  1.302500000E+02  0.000000000E+00  1.002759190E+01 
       323  1.305000000E+02  0.000000000E+00  1.002628326E+01 
       324  1.307500000E+02  0.000000000E+00  1.002502235E+01 
       325  1.310000000E+02  0.000000000E+00  1.002380778E+01 
       326  1.312500000E+02  0.000000000E+00  1.002263820E+01 
       327  1.315000000E+02  0.000000000E+00  1.002151226E+01 
       328  1.317500000E+02  0.000000000E+00  1.002042864E+01 
       329  1.320000000E+02  0.000000000E+00  1.001938607E+01 
       330  1.322500000E+02  0.000000000E+00  1.001838328E+01 
       331  1.325000000E+02  0.000000000E+00  1.001741902E+01 
       332  1.327500000E+02  0.000000000E+00  1.001649208E+01 
       333  1.330000000E+02  0.000000000E+00  1.001560128E+01 
       334  1.332500000E+02  0.000000000E+00  1.001474545E+01 
       335  1.335000000E+02  0.000000000E+00  1.001392345E+01 
       336  1.337500000E+02  0.000000000E+00  1.001313418E+01 
       337  1.340000000E+02  0.000000000E+00  1.001237655E+01 
       338  1.342500000E+02  0.000000000E+00  1.001164949E+01 
       339  1.345000000E+02  0.000000000E+00  1.001095199E+01 
       340  1.347500000E+02  0.000000000E+00  1.001028301E+01 
       341  1.350000000E+02  0.000000000E+00  1.000964159E+01 
       342  1.352500000E+02  0.000000000E+00  1.000902677E+01 
       343  1.355000000E+02  0.000000000E+00  1.000843760E+01 
       344  1.357500000E+02  0.000000000E+00  1.000787319E+01 
       345  1.360000000E+02  0.000000000E+00  1.000733265E+01 
       346  1.362500000E+02  0.000000000E+00  1.000681512E+01 
       347  1.365000000E+02  0.000000000E+00  1.000631976E+01 
       348  1.367500000E+02  0.000000000E+00  1.000584577E+01 
       349  1.370000000E+02  0.000000000E+00  1.000539236E+01 
       350  1.372500000E+02  0.000000000E+00  1.000495876E+01 
       351  1.375000000E+02  0.000000000E+00  1.000454423E+01 
       352  1.377500000E+02  0.000000000E+00  1.000414805E+01 
       353  1.380000000E+02  0.000000000E+00  1.000376953E+01 
       354  1.382500000E+02  0.000000000E+00  1.000340799E+01 
       355  1.385000000E+02  0.000000000E+00  1.000306278E+01 
       356  1.387500000E+02  0.000000000E+00  1.000273327E+01 
       357  1.390000000E+02  0.000000000E+00  1.000241884E+01 
       358  1.392500000E+02  0.000000000E+00  1.000211891E+01 
       359  1.395000000E+02  0.000000000E+00  1.000183290E+01 
       360  1.397500000E+02  0.000000000E+00  1.000156026E+01 
       361  1.400000000E+02  0.000000000E+00  1.000130047E+01 
       362  1.402500000E+02  0.000000000E+00  1.000105300E+01 
       363  1.405000000E+02  0.000000000E+00  1.000081737E+01 
       364  1.407500000E+02  0.000000000E+00  1.000059310E+01 
       365  1.410000000E+02  0.000000000E+00  1.000037973E+01 
       366  1.412500000E+02  0.000000000E+00  1.000017682E+01 
       367  1.415000000E+02  0.000000000E+00  9.999983941E+00 
       368  1.417500000E+02  0.000000000E+00  9.999800691E+00 
       369  1.420000000E+02  0.000000000E+00  9.999626676E+00 
       370  1.422500000E+02  0.000000000E+00  9.999461521E+00 
       371  1.425000000E+02  0.000000000E+00  9.999304865E+00 
       372  1.427500000E+02  0.000000000E+00  9.999156364E+00 
       373  1.430000000E+02  0.000000000E+00  9.999015686E+00 
       374  1.432500000E+02  0.000000000E+00  9.998882516E+00 
       375  1.435000000E+02  0.000000000E+00  9.998756551E+00 
       376  1.437500000E+02  0.000000000E+00  9.998637504E+00 
       377  1.440000000E+02  0.000000000E+00  9.998525099E+00 
       378  1.442500000E+02  0.000000000E+00  9.998419075E+00 
       379  1.445000000E+02  0.000000000E+00  9.998319181E+00 
       380  1.447500000E+02  0.000000000E+00  9.998225183E+00 
       381  1.450000000E+02  0.000000000E+00  9.998136854E+00 
       382  1.452500000E+02  0.000000000E+00  9.998053983E+00 
       383  1.455000000E+02  0.000000000E+00  9.997976369E+00 
       384  1.457500000E+02  0.000000000E+00  9.997903822E+00 
       385  1.460000000E+02  0.000000000E+00  9.997836164E+00 
       386  1.462500000E+02  0.000000000E+00  9.997773227E+00 
       387  1.465000000E+02  0.000000000E+00  9.997714855E+00 
       388  1.467500000E+02  0.000000000E+00  9.997660901E+00 
       389  1.470000000E+02  0.000000000E+00  9.997611231E+00 
       390  1.472500000E+02  0.000000000E+00  9.997565717E+00 
       391  1.475000000E+02  0.000000000E+00  9.997524244E+00 
       392  1.477500000E+02  0.000000000E+00  9.997486706E+00 
       393  1.480000000E+02  0.000000000E+00  9.997453008E+00 
       394  1.482500000E+02  0.000000000E+00  9.997423061E+00 
       395  1.485000000E+02  0.000000000E+00  9.997396788E+00 
       396  1.487500000E+02  0.000000000E+00  9.997374122E+00 
       397  1.490000000E+02  0.000000000E+00  9.997355003E+00 
       398  1.492500000E+02  0.000000000E+00  9.997339382E+00 
       399  1.495000000E+02  0.000000000E+00  9.997327218E+00 
       400  1.497500000E+02  0.000000000E+00  9.997318479E+00 
       401  1.500000000E+02  0.000000000E+00  9.997313142E+00 
       402  1.502500000E+02  0.000000000E+00  9.997311193E+00 
       403  1.505000000E+02  0.000000000E+00  9.997312628E+00 
       404  1.507500000E+02  0.000000000E+00  9.997317450E+00 
       405  1.510000000E+02  0.000000000E+00  9.997325673E+00 
       406  1.512500000E+02  0.000000000E+00  9.997337318E+00 
       407  1.515000000E+02  0.000000000E+00  9.997352416E+00 
       408  1.517500000E+02  0.000000000E+00  9.997371008E+00 
       409  1.520000000E+02  0.000000000E+00  9.997393142E+00 
       410  1.522500000E+02  0.000000000E+00  9.997418877E+00 
       411  1.525000000E+02  0.000000000E+00  9.997448281E+00 
       412  1.527500000E+02  0.000000000E+00  9.997481431E+00 
       413  1.530000000E+02  0.000000000E+00  9.997518414E+00 
       414  1.532500000E+02  0.000000000E+00  9.997559327E+00 
       415  1.535000000E+02  0.000000000E+00  9.997604276E+00 
       416  1.537500000E+02  0.000000000E+00  9.997653377E+00 
       417  1.540000000E+02  0.000000000E+00  9.997706759E+00 
       418  1.542500000E+02  0.000000000E+00  9.997764557E+00 
       419  1.545000000E+02  0.000000000E+00  9.997826921E+00 
       420  1.547500000E+02  0.000000000E+00  9.997894010E+00 
       421  1.550000000E+02  0.000000000E+00  9.997965993E+00 
       422  1.552500000E+02  0.000000000E+00  9.998043054E+00 
       423  1.555000000E+02  0.000000000E+00  9.998125385E+00 
       424  1.557500000E+02  0.000000000E+00  9.998213193E+00 
       425  1.560000000E+02  0.000000000E+00  9.998306696E+00 
       426  1.562500000E+02  0.000000000E+00  9.998406124E+00 
       427  1.565000000E+02  0.000000000E+00  9.998511723E+00 
       428  1.567500000E+02  0.000000000E+00  9.998623750E+00 
       429  1.570000000E+02  0.000000000E+00  9.998742476E+00 
       430  1.572500000E+02  0.000000000E+00  9.998868188E+00 
       431  1.575000000E+02  0.000000000E+00  9.999001187E+00 
       432  1.577500000E+02  0.000000000E+00  9.999141787E+00 
       433  1.580000000E+02  0.000000000E+00  9.999290322E+00 
       434  1.582500000E+02  0.000000000E+00  9.999447139E+00 
       435  1.585000000E+02  0.000000000E+00  9.999612602E+00 
       436  1.587500000E+02  0.000000000E+00  9.999787093E+00 
       437  1.590000000E+02  0.000000000E+00  9.999971012E+00 
       438  1.592500000E+02  0.000000000E+00  1.000016478E+01 
       439  1.595000000E+02  0.000000000E+00  1.000036882E+01 
       440  1.597500000E+02  0.000000000E+00  1.000058361E+01 
       441  1.600000000E+02  0.000000000E+00  1.000080961E+01 
       442  1.602500000E+02  0.000000000E+00  1.000104732E+01 
       443  1.605000000E+02  0.000000000E+00  1.000129726E+01 
       444  1.607500000E+02  0.000000000E+00  1.000155997E+01 
       445  1.610000000E+02  0.000000000E+00  1.000183602E+01 
       446  1.612500000E+02  0.000000000E+00  1.000212599E+01 
       447  1.615000000E+02  0.000000000E+00  1.000243049E+01 
       448  1.617500000E+02  0.000000000E+00  1.000275017E+01 
       449  1.620000000E+02  0.000000000E+00  1.000308568E+01 
       450  1.622500000E+02  0.000000000E+00  1.000343771E+01 
       451  1.625000000E+02  0.000000000E+00  1.000380698E+01 
       452  1.627500000E+02  0.000000000E+00  1.000419424E+01 
       453  1.630000000E+02  0.000000000E+00  1.000460025E+01 
       454  1.632500000E+02  0.000000000E+00  1.000502584E+01 
       455  1.635000000E+02  0.000000000E+00  1.000547183E+01 
       456  1.637500000E+02  0.000000000E+00  1.000593909E+01 
       457  1.640000000E+02  0.000000000E+00  1.000642853E+01 
       458  1.642500000E+02  0.000000000E+00  1.000694109E+01 
       459  1.645000000E+02  0.000000000E+00  1.000747773E+01 
       460  1.647500000E+02  0.000000000E+00  1.000803947E+01 
       461  1.650000000E+02  0.000000000E+00  1.000862735E+01 
       462  1.652500000E+02  0.000000000E+00  1.000924246E+01 
       463  1.655000000E+02  0.000000000E+00  1.000988593E+01 
       464  1.657500000E+02  0.000000000E+00  1.001055893E+01 
       465  1.660000000E+02  0.000000000E+00  1.001126266E+01 
       466  1.662500000E+02  0.000000000E+00  1.001199838E+01 
       467  1.665000000E+02  0.000000000E+00  1.001276740E+01 
       468  1.667500000E+02  0.000000000E+00  1.001357105E+01 
       469  1.670000000E+02  0.000000000E+00  1.001441073E+01 
       470  1.672500000E+02  0.000000000E+00  1.001528790E+01 
       471  1.675000000E+02  0.000000000E+00  1.001620404E+01 
       472  1.677500000E+02  0.000000000E+00  1.001716071E+01 
       473  1.680000000E+02  0.000000000E+00  1.001815950E+01 
       474  1.682500000E+02  0.000000000E+00  1.001920209E+01 
       475  1.685000000E+02  0.000000000E+00  1.002029018E+01 
       476  1.687500000E+02  0.000000000E+00  1.002142555E+01 
       477  1.690000000E+02  0.000000000E+00  1.002261004E+01 
       478  1.692500000E+02  0.000000000E+00  1.002384555E+01 
       479  1.695000000E+02  0.000000000E+00  1.002513405E+01 
       480  1.697500000E+02  0.000000000E+00  1.002647757E+01 
       481  1.700000000E+02  0.000000000E+00  1.002787822E+01 
       482  1.702500000E+02  0.000000000E+00  1.002933816E+01 
       483  1.705000000E+02  0.000000000E+00  1.003085964E+01 
       484  1.707500000E+02  0.000000000E+00  1.003244498E+01 
       485  1.710000000E+02  0.000000000E+00  1.003409658E+01 
       486  1.712500000E+02  0.000000000E+00  1.003581692E+01 
       487  1.715000000E+02  0.000000000E+00  1.003760855E+01 
       488  1.717500000E+02  0.000000000E+00  1.003947413E+01 
       489  1.720000000E+02  0.000000000E+00  1.004141638E+01 
       490  1.722500000E+02  0.000000000E+00  1.004343812E+01 
       491  1.725000000E+02  0.000000000E+00  1.004554227E+01 
       492  1.727500000E+02  0.000000000E+00  1.004773182E+01 
       493  1.730000000E+02  0.000000000E+00  1.005000989E+01 
       494  1.732500000E+02  0.000000000E+00  1.005237967E+01 
       495  1.735000000E+02  0.000000000E+00  1.005484448E+01 
       496  1.737500000E+02  0.000000000E+00  1.005740771E+01 
       497  1.740000000E+02  0.000000000E+00  1.006007290E+01 
       498  1.742500000E+02  0.000000000E+00  1.006284367E+01 
       499  1.745000000E+02  0.000000000E+00  1.006572377E+01 
       500  1.747500000E+02  0.000000000E+00  1.006871706E+01 
       501  1.750000000E+02  0.000000000E+00  1.007182753E+01 
       502  1.752500000E+02  0.000000000E+00  1.007505928E+01 
       503  1.755000000E+02  0.000000000E+00  1.007841655E+01 
       504  1.757500000E+02  0.000000000E+00  1.008190370E+01 
       505  1.760000000E+02  0.000000000E+00  1.008552525E+01 
       506  1.762500000E+02  0.000000000E+00  1.008928581E+01 
       507  1.765000000E+02  0.000000000E+00  1.009319018E+01 
       508  1.767500000E+02  0.000000000E+00  1.009724327E+01 
       509  1.770000000E+02  0.000000000E+00  1.010145017E+01 
       510  1.772500000E+02  0.000000000E+00  1.010581609E+01 
       511  1.775000000E+02  0.000000000E+00  1.011034641E+01 
       512  1.777500000E+02  0.000000000E+00  1.011504668E+01 
       513  1.780000000E+02  0.000000000E+00  1.011992260E+01 
       514  1.782500000E+02  0.000000000E+00  1.012498004E+01 
       515  1.785000000E+02  0.000000000E+00  1.013022503E+01 
       516  1.787500000E+02  0.000000000E+00  1.013566380E+01 
       517  1.790000000E+02  0.000000000E+00  1.014130274E+01 
       518  1.792500000E+02  0.000000000E+00  1.014714842E+01 
       519  1.795000000E+02  0.000000000E+00  1.015320761E+01 
       520  1.797500000E+02  0.000000000E+00  1.015948726E+01 
       521  1.800000000E+02  0.000000000E+00  1.016599450E+01 
       522  1.802500000E+02  0.000000000E+00  1.017273670E+01 
       523  1.805000000E+02  0.000000000E+00  1.017972138E+01 
       524  1.807500000E+02  0.000000000E+00  1.018695629E+01 
       525  1.810000000E+02  0.000000000E+00  1.019444939E+01 
       526  1.812500000E+02  0.000000000E+00  1.020220883E+01 
       527  1.815000000E+02  0.000000000E+00  1.021024301E+01 
       528  1.817500000E+02  0.000000000E+00  1.021856051E+01 
       529  1.820000000E+02  0.000000000E+00  1.022717014E+01 
       530  1.822500000E+02  0.000000000E+00  1.023608095E+01 
       531  1.825000000E+02  0.000000000E+00  1.024530219E+01 
       532  1.827500000E+02  0.000000000E+00  1.025484334E+01 
       533  1.830000000E+02  0.000000000E+00  1.026471413E+01 
       534  1.832500000E+02  0.000000000E+00  1.027492450E+01 
       535  1.835000000E+02  0.000000000E+00  1.028548462E+01 
       536  1.837500000E+02  0.000000000E+00  1.029640490E+01 
       537  1.840000000E+02  0.000000000E+00  1.030769598E+01 
       538  1.842500000E+02  0.000000000E+00  1.031936872E+01 
       539  1.845000000E+02  0.000000000E+00  1.033143424E+01 
       540  1.847500000E+02  0.000000000E+00  1.034390385E+01 
       541  1.850000000E+02  0.000000000E+00  1.035678912E+01 
       542  1.852500000E+02  0.000000000E+00  1.037010182E+01 
       543  1.855000000E+02  0.000000000E+00  1.038385396E+01 
       544  1.857500000E+02  0.000000000E+00  1.039805776E+01 
       545  1.860000000E+02  0.000000000E+00  1.041272565E+01 
       546  1.862500000E+02  0.000000000E+00  1.042787025E+01 
       547  1.865000000E+02  0.000000000E+00  1.044350439E+01 
       548  1.867500000E+02  0.000000000E+00  1.045964109E+01 
       549  1.870000000E+02  0.000000000E+00  1.047629352E+01 
       550  1.872500000E+02  0.000000000E+00  1.049347504E+01 
       551  1.875000000E+02  0.000000000E+00  1.051119913E+01 
       552  1.877500000E+02  0.000000000E+00  1.052947941E+01 
       553  1.880000000E+02  0.000000000E+00  1.054832959E+01 
       554  1.882500000E+02  0.000000000E+00  1.056776349E+01 
       555  1.885000000E+02  0.000000000E+00  1.058779496E+01 
       556  1.887500000E+02  0.000000000E+00  1.060843788E+01 
       557  1.890000000E+02  0.000000000E+00  1.062970612E+01 
       558  1.892500000E+02  0.000000000E+00  1.065161347E+01 
       559  1.895000000E+02  0.000000000E+00  1.067417365E+01 
       560  1.897500000E+02  0.000000000E+00  1.069740021E+01 
       561  1.900000000E+02  0.000000000E+00  1.072130645E+01 
       562  1.902500000E+02  0.000000000E+00  1.074590542E+01 
       563  1.905000000E+02  0.000000000E+00  1.077120974E+01 
       564  1.907500000E+02  0.000000000E+00  1.079723160E+01 
       565  1.910000000E+02  0.000000000E+00  1.082398255E+01 
       566  1.912500000E+02  0.000000000E+00  1.085147347E+01 
       567  1.915000000E+02  0.000000000E+00  1.087971433E+01 
       568  1.917500000E+02  0.000000000E+00  1.090871409E+01 
       569  1.920000000E+02  0.000000000E+00  1.093848043E+01 
       570  1.922500000E+02  0.000000000E+00  1.096901960E+01 
       571  1.925000000E+02  0.000000000E+00  1.100033605E+01 
       572  1.927500000E+02  0.000000000E+00  1.103243220E+01 
       573  1.930000000E+02  0.000000000E+00  1.106530801E+01 
       574  1.932500000E+02  0.000000000E+00  1.109896061E+01 
       575  1.935000000E+02  0.000000000E+00  1.113338370E+01 
       576  1.937500000E+02  0.000000000E+00  1.116856705E+01 
       577  1.940000000E+02  0.000000000E+00  1.120449574E+01 
       578  1.942500000E+02  0.000000000E+00  1.124114935E+01 
       579  1.945000000E+02  0.000000000E+00  1.127850097E+01 
       580  1.947500000E+02  0.000000000E+00  1.131651602E+01 
       581  1.950000000E+02  0.000000000E+00  1.135515088E+01 
       582  1.952500000E+02  0.000000000E+00  1.139435119E+01 
       583  1.955000000E+02  0.000000000E+00  1.143404983E+01 
       584  1.957500000E+02  0.000000000E+00  1.147416447E+01 
       585  1.960000000E+02  0.000000000E+00  1.151459457E+01 
       586  1.962500000E+02  0.000000000E+00  1.155521766E+01 
       587  1.965000000E+02  0.000000000E+00  1.159588480E+01 
       588  1.967500000E+02  0.000000000E+00  1.163641475E+01 
       589  1.970000000E+02  0.000000000E+00  1.167658667E+01 
       590  1.972500000E+02  0.000000000E+00  1.171613057E+01 
       591  1.975000000E+02  0.000000000E+00  1.175471483E+01 
       592  1.977500000E+02  0.000000000E+00  1.179192933E+01 
       593  1.980000000E+02  0.000000000E+00  1.182726219E+01 
       594  1.982500000E+02  0.000000000E+00  1.186006642E+01 
       595  1.985000000E+02  0.000000000E+00  1.188951022E+01 
       596  1.987500000E+02  0.000000000E+00  1.191449872E+01 
       597  1.990000000E+02  0.000000000E+00  1.193354173E+01 
       598  1.992500000E+02  0.000000000E+00  1.194450881E+01 
       599  1.995000000E+02  0.000000000E+00  1.194411779E+01 
       600  1.997500000E+02  0.000000000E+00  1.192313205E+01 
       601  2.000000000E+02  0.000000000E+00  1.310569038E+01 
       602  2.001999988E+02  0.000000000E+00  1.390097565E+01 
       603  2.004032879E+02  0.000000000E+00  1.358263683E+01 
       604  2.006099214E+02  0.000000000E+00  1.328964630E+01 
       605  2.008199543E+02  0.000000000E+00  1.301862697E+01 
       606  2.010334426E+02  0.000000000E+00  1.276791465E+01 
       607  2.012504431E+02  0.000000000E+00  1.253599548E+01 
       608  2.014710137E+02  0.000000000E+00  1.232148825E+01 
       609  2.016952129E+02  0.000000000E+00  1.212312903E+01 
       610  2.019231006E+02  0.000000000E+00  1.193975839E+01 
       611  2.021547374E+02  0.000000000E+00  1.177031029E+01 
       612  2.023901849E+02  0.000000000E+00  1.161380247E+01 
       613  2.026295060E+02  0.000000000E+00  1.146932799E+01 
       614  2.028727642E+02  0.000000000E+00  1.133604767E+01 
       615  2.031200245E+02  0.000000000E+00  1.121047717E+01 
       616  2.033713525E+02  0.000000000E+00  1.109218607E+01 
       617  2.036268153E+02  0.000000000E+00  1.102960580E+01 
       618  2.038864808E+02  0.000000000E+00  1.097402968E+01 
       619  2.041504183E+02  0.000000000E+00  1.087533910E+01 
       620  2.044186979E+02  0.000000000E+00  1.078548707E+01 
       621  2.046913911E+02  0.000000000E+00  1.070593242E+01 
       622  2.049685706E+02  0.000000000E+00  1.063316481E+01 
       623  2.052503101E+02  0.000000000E+00  1.056669838E+01 
       624  2.055366847E+02  0.000000000E+00  1.050607832E+01 
       625  2.058277705E+02  0.000000000E+00  1.045087856E+01 
       626  2.061236452E+02  0.000000000E+00  1.040069975E+01 
       627  2.064243875E+02  0.000000000E+00  1.035516751E+01 
       628  2.067300774E+02  0.000000000E+00  1.031393076E+01 
       629  2.070407965E+02  0.000000000E+00  1.027666028E+01 
       630  2.073566273E+02  0.000000000E+00  1.024304736E+01 
       631  2.076776540E+02  0.000000000E+00  1.021280260E+01 
       632  2.080039622E+02  0.000000000E+00  1.018565479E+01 
       633  2.083356386E+02  0.000000000E+00  1.016134994E+01 
       634  2.086727716E+02  0.000000000E+00  1.013965032E+01 
       635  2.090154510E+02  0.000000000E+00  1.012033361E+01 
       636  2.093637679E+02  0.000000000E+00  1.010319212E+01 
       637  2.097178153E+02  0.000000000E+00  1.008803205E+01 
       638  2.100776872E+02  0.000000000E+00  1.007467277E+01 
       639  2.104434797E+02  0.000000000E+00  1.006294619E+01 
       640  2.108152899E+02  0.000000000E+00  1.005269612E+01 
       641  2.111932170E+02  0.000000000E+00  1.004377766E+01 
       642  2.115773617E+02  0.000000000E+00  1.003605668E+01 
       643  2.119678260E+02  0.000000000E+00  1.002940922E+01 
       644  2.123647142E+02  0.000000000E+00  1.002372096E+01 
       645  2.127681317E+02  0.000000000E+00  1.001888675E+01 
       646  2.131781861E+02  0.000000000E+00  1.001481006E+01 
       647  2.135949866E+02  0.000000000E+00  1.001140255E+01 
       648  2.140186441E+02  0.000000000E+00  1.000858354E+01 
       649  2.144492713E+02  0.000000000E+00  1.000627959E+01 
       650  2.148869831E+02  0.000000000E+00  1.000442406E+01 
       651  2.153318959E+02  0.000000000E+00  1.000295664E+01 
       652  2.157841282E+02  0.000000000E+00  1.000182298E+01 
       653  2.162438005E+02  0.000000000E+00  1.000097422E+01 
       654  2.167110350E+02  0.000000000E+00  1.000036668E+01 
       655  2.171859563E+02  0.000000000E+00  9.999961398E+00 
       656  2.176686908E+02  0.000000000E+00  9.999723851E+00 
       657  2.181593671E+02  0.000000000E+00  9.999623471E+00 
       658  2.186581157E+02  0.000000000E+00  9.999633414E+00 
       659  2.191650695E+02  0.000000000E+00  9.999730315E+00 
       660  2.196803635E+02  0.000000000E+00  9.999893849E+00 
       661  2.202041348E+02  0.000000000E+00  1.000010647E+01 
       662  2.207365230E+02  0.000000000E+00  1.000035317E+01 
       663  2.212776699E+02  0.000000000E+00  1.000062123E+01 
       664  2.218277194E+02  0.000000000E+00  1.000089994E+01 
       665  2.223868182E+02  0.000000000E+00  1.000118043E+01 
       666  2.229551149E+02  0.000000000E+00  1.000145545E+01 
       667  2.235327610E+02  0.000000000E+00  1.000171916E+01 
       668  2.241199103E+02  0.000000000E+00  1.000196698E+01 
       669  2.247167191E+02  0.000000000E+00  1.000219541E+01 
       670  2.253233464E+02  0.000000000E+00  1.000240190E+01 
       671  2.259399536E+02  0.000000000E+00  1.000258472E+01 
       672  2.265667050E+02  0.000000000E+00  1.000274283E+01 
       673  2.272037674E+02  0.000000000E+00  1.000287578E+01 
       674  2.278513104E+02  0.000000000E+00  1.000298360E+01 
       675  2.285095066E+02  0.000000000E+00  1.000306675E+01 
       676  2.291785311E+02  0.000000000E+00  1.000312601E+01 
       677  2.298585621E+02  0.000000000E+00  1.000316240E+01 
       678  2.305497807E+02  0.000000000E+00  1.000317720E+01 
       679  2.312523708E+02  0.000000000E+00  1.000317179E+01 
       680  2.319665197E+02  0.000000000E+00  1.000314767E+01 
       681  2.326924175E+02  0.000000000E+00  1.000310641E+01 
       682  2.334302574E+02  0.000000000E+00  1.000304961E+01 
       683  2.341802359E+02  0.000000000E+00  1.000297886E+01 
       684  2.349425527E+02  0.000000000E+00  1.000289576E+01 
       685  2.357174108E+02  0.000000000E+00  1.000280182E+01 
       686  2.365050165E+02  0.000000000E+00  1.000269852E+01 
       687  2.373055796E+02  0.000000000E+00  1.000258724E+01 
       688  2.381193132E+02  0.000000000E+00  1.000246928E+01 
       689  2.389464340E+02  0.000000000E+00  1.000234584E+01 
       690  2.397871622E+02  0.000000000E+00  1.000221801E+01 
       691  2.406417216E+02  0.000000000E+00  1.000208676E+01 
       692  2.415103399E+02  0.000000000E+00  1.000195295E+01 
       693  2.423932484E+02  0.000000000E+00  1.000181735E+01 
       694  2.432906820E+02  0.000000000E+00  1.000168057E+01 
       695  2.442028798E+02  0.000000000E+00  1.000154314E+01 
       696  2.451300847E+02  0.000000000E+00  1.000140546E+01 
       697  2.460725436E+02  0.000000000E+00  1.000126781E+01 
       698  2.470305073E+02  0.000000000E+00  1.000113037E+01 
       699  2.480042311E+02  0.000000000E+00  1.000099314E+01 
       700  2.489939742E+02  0.000000000E+00  1.000085602E+01 
       701  2.500000000E+02  0.000000000E+00  1.000071865E+01 
       702  2.510060258E+02  0.000000000E+00  1.000058270E+01 
       703  2.519957689E+02  0.000000000E+00  1.000044969E+01 
       704  2.529694927E+02  0.000000000E+00  1.000031891E+01 
       705  2.539274564E+02  0.000000000E+00  1.000018975E+01 
       706  2.548699153E+02  0.000000000E+00  1.000006165E+01 
       707  2.557971202E+02  0.000000000E+00  9.999934043E+00 
       708  2.567093180E+02  0.000000000E+00  9.999806354E+00 
       709  2.576067516E+02  0.000000000E+00  9.999677962E+00 
       710  2.584896601E+02  0.000000000E+00  9.999548192E+00 
       711  2.593582784E+02  0.000000000E+00  9.999416298E+00 
       712  2.602128379E+02  0.000000000E+00  9.999281450E+00 
       713  2.610535660E+02  0.000000000E+00  9.999142719E+00 
       714  2.618806868E+02  0.000000000E+00  9.998999069E+00 
       715  2.626944204E+02  0.000000000E+00  9.998849338E+00 
       716  2.634949835E+02  0.000000000E+00  9.998692232E+00 
       717  2.642825892E+02  0.000000000E+00  9.998526313E+00 
       718  2.650574473E+02  0.000000000E+00  9.998349981E+00 
       719  2.658197641E+02  0.000000000E+00  9.998161466E+00 
       720  2.665697426E+02  0.000000000E+00  9.997958815E+00 
       721  2.673075825E+02  0.000000000E+00  9.997739872E+00 
       722  2.680334803E+02  0.000000000E+00  9.997502268E+00 
       723  2.687476292E+02  0.000000000E+00  9.997243396E+00 
       724  2.694502193E+02  0.000000000E+00  9.996960397E+00 
       725  2.701414379E+02  0.000000000E+00  9.996650132E+00 
       726  2.708214689E+02  0.000000000E+00  9.996309156E+00 
       727  2.714904934E+02  0.000000000E+00  9.995933686E+00 
       728  2.721486896E+02  0.000000000E+00  9.995519567E+00 
       729  2.727962326E+02  0.000000000E+00  9.995062231E+00 
       730  2.734332950E+02  0.000000000E+00  9.994556649E+00 
       731  2.740600464E+02  0.000000000E+00  9.993997279E+00 
       732  2.746766536E+02  0.000000000E+00  9.993378005E+00 
       733  2.752832808E+02  0.000000000E+00  9.992692068E+00 
       734  2.758800897E+02  0.000000000E+00  9.991931991E+00 
       735  2.764672390E+02  0.000000000E+00  9.991089490E+00 
       736  2.770448851E+02  0.000000000E+00  9.990155379E+00 
       737  2.776131818E+02  0.000000000E+00  9.989119463E+00 
       738  2.781722806E+02  0.000000000E+00  9.987970417E+00 
       739  2.787223301E+02  0.000000000E+00  9.986695658E+00 
       740  2.792634769E+02  0.000000000E+00  9.985281200E+00 
       741  2.797958652E+02  0.000000000E+00  9.983711496E+00 
       742  2.803196365E+02  0.000000000E+00  9.981969270E+00 
       743  2.808349305E+02  0.000000000E+00  9.980035330E+00 
       744  2.813418843E+02  0.000000000E+00  9.977888371E+00 
       745  2.818406329E+02  0.000000000E+00  9.975504762E+00 
       746  2.823313092E+02  0.000000000E+00  9.972858317E+00 
       747  2.828140437E+02  0.000000000E+00  9.969920060E+00 
       748  2.832889650E+02  0.000000000E+00  9.966657963E+00 
       749  2.837561995E+02  0.000000000E+00  9.963036687E+00 
       750  2.842158718E+02  0.000000000E+00  9.959017303E+00 
       751  2.846681041E+02  0.000000000E+00  9.954557002E+00 
       752  2.851130169E+02  0.000000000E+00  9.949608802E+00 
       753  2.855507287E+02  0.000000000E+00  9.944121244E+00 
       754  2.859813560E+02  0.000000000E+00  9.938038087E+00 
       755  2.864050134E+02  0.000000000E+00  9.931298002E+00 
       756  2.868218139E+02  0.000000000E+00  9.923834262E+00 
       757  2.872318683E+02  0.000000000E+00  9.915574444E+00 
       758  2.876352858E+02  0.000000000E+00  9.906440137E+00 
       759  2.880321740E+02  0.000000000E+00  9.896346659E+00 
       760  2.884226383E+02  0.000000000E+00  9.885202802E+00 
       761  2.888067830E+02  0.000000000E+00  9.872910588E+00 
       762  2.891847101E+02  0.000000000E+00  9.859365057E+00 
       763  2.895565204E+02  0.000000000E+00  9.844454094E+00 
       764  2.899223128E+02  0.000000000E+00  9.828058287E+00 
       765  2.902821847E+02  0.000000000E+00  9.810050840E+00 
       766  2.906362321E+02  0.000000000E+00  9.790297526E+00 
       767  2.909845490E+02  0.000000000E+00  9.768656716E+00 
       768  2.913272284E+02  0.000000000E+00  9.744979461E+00 
       769  2.916643614E+02  0.000000000E+00  9.719109654E+00 
       770  2.919960378E+02  0.000000000E+00  9.690884271E+00 
       771  2.923223460E+02  0.000000000E+00  9.660133701E+00 
       772  2.926433727E+02  0.000000000E+00  9.626682170E+00 
       773  2.929592035E+02  0.000000000E+00  9.590348264E+00 
       774  2.932699226E+02  0.000000000E+00  9.550945559E+00 
       775  2.935756125E+02  0.000000000E+00  9.508283370E+00 
       776  2.938763548E+02  0.000000000E+00  9.462167605E+00 
       777  2.941722295E+02  0.000000000E+00  9.412401741E+00 
       778  2.944633153E+02  0.000000000E+00  9.358787937E+00 
       779  2.947496899E+02  0.000000000E+00  9.301128241E+00 
       780  2.950314294E+02  0.000000000E+00  9.239225951E+00 
       781  2.953086088E+02  0.000000000E+00  9.172887062E+00 
       782  2.955813021E+02  0.000000000E+00  9.101921850E+00 
       783  2.958495817E+02  0.000000000E+00  9.026146554E+00 
       784  2.961135192E+02  0.000000000E+00  8.945385164E+00 
       785  2.963731847E+02  0.000000000E+00  8.859471272E+00 
       786  2.966286475E+02  0.000000000E+00  8.768250021E+00 
       787  2.968799755E+02  0.000000000E+00  8.671580095E+00 
       788  2.971272358E+02  0.000000000E+00  8.569335739E+00 
       789  2.973704940E+02  0.000000000E+00  8.461408814E+00 
       790  2.976098151E+02  0.000000000E+00  8.347710814E+00 
       791  2.978452626E+02  0.000000000E+00  8.228174874E+00 
       792  2.980768994E+02  0.000000000E+00  8.102757702E+00 
       793  2.983047871E+02  0.000000000E+00  7.971441405E+00 
       794  2.985289863E+02  0.000000000E+00  7.834235288E+00 
       795  2.987495568E+02  0.000000000E+00  7.957945282E+00 
       796  2.989665574E+02  0.000000000E+00  8.089836634E+00 
       797  2.991800457E+02  0.000000000E+00  7.972228962E+00 
       798  2.993900786E+02  0.000000000E+00  7.850343353E+00 
       799  2.995967121E+02  0.000000000E+00  7.724326294E+00 
       800  2.998000012E+02  0.000000000E+00  7.593981503E+00 
       801  3.000000000E+02  0.000000000E+00  7.891145105E+00 
       802  3.002500000E+02  0.000000000E+00  8.336904493E+00 
       803  3.005000000E+02  0.000000000E+00  8.329858562E+00 
       804  3.007500000E+02  0.000000000E+00  8.335994944E+00 
       805  3.010000000E+02  0.000000000E+00  8.349645769E+00 
       806  3.012500000E+02  0.000000000E+00  8.368698770E+00 
       807  3.015000000E+02  0.000000000E+00  8.391755355E+00 
       808  3.017500000E+02  0.000000000E+00  8.417822749E+00 
       809  3.020000000E+02  0.000000000E+00  8.446163031E+00 
       810  3.022500000E+02  0.000000000E+00  8.476210291E+00 
       811  3.025000000E+02  0.000000000E+00  8.507520876E+00 
       812  3.027500000E+02  0.000000000E+00  8.539741391E+00 
       813  3.030000000E+02  0.000000000E+00  8.572587010E+00 
       814  3.032500000E+02  0.000000000E+00  8.605826166E+00 
       815  3.035000000E+02  0.000000000E+00  8.639269385E+00 
       816  3.037500000E+02  0.000000000E+00  8.672760937E+00 
       817  3.040000000E+02  0.000000000E+00  8.706172450E+00 
       818  3.042500000E+02  0.000000000E+00  8.739397950E+00 
       819  3.045000000E+02  0.000000000E+00  8.772349943E+00 
       820  3.047500000E+02  0.000000000E+00  8.804956281E+00 
       821  3.050000000E+02  0.000000000E+00  8.837157638E+00 
       822  3.052500000E+02  0.000000000E+00  8.868905441E+00 
       823  3.055000000E+02  0.000000000E+00  8.900160180E+00 
       824  3.057500000E+02  0.000000000E+00  8.930890006E+00 
       825  3.060000000E+02  0.000000000E+00  8.961069557E+00 
       826  3.062500000E+02  0.000000000E+00  8.990678989E+00 
       827  3.065000000E+02  0.000000000E+00  9.019703145E+00 
       828  3.067500000E+02  0.000000000E+00  9.048130868E+00 
       829  3.070000000E+02  0.000000000E+00  9.075954406E+00 
       830  3.072500000E+02  0.000000000E+00  9.103168918E+00 
       831  3.075000000E+02  0.000000000E+00  9.129772042E+00 
       832  3.077500000E+02  0.000000000E+00  9.155763535E+00 
       833  3.080000000E+02  0.000000000E+00  9.181144954E+00 
       834  3.082500000E+02  0.000000000E+00  9.205919396E+00 
       835  3.085000000E+02  0.000000000E+00  9.230091259E+00 
       836  3.087500000E+02  0.000000000E+00  9.253666050E+00 
       837  3.090000000E+02  0.000000000E+00  9.276650208E+00 
       838  3.092500000E+02  0.000000000E+00  9.299050963E+00 
       839  3.095000000E+02  0.000000000E+00  9.320876199E+00 
       840  3.097500000E+02  0.000000000E+00  9.342134351E+00 
       841  3.100000000E+02  0.000000000E+00  9.362834305E+00 
       842  3.102500000E+02  0.000000000E+00  9.382985315E+00 
       843  3.105000000E+02  0.000000000E+00  9.402596932E+00 
       844  3.107500000E+02  0.000000000E+00  9.421678942E+00 
       845  3.110000000E+02  0.000000000E+00  9.440241309E+00 
       846  3.112500000E+02  0.000000000E+00  9.458294129E+00 
       847  3.115000000E+02  0.000000000E+00  9.475847589E+00 
       848  3.117500000E+02  0.000000000E+00  9.492911933E+00 
       849  3.120000000E+02  0.000000000E+00  9.509497427E+00 
       850  3.122500000E+02  0.000000000E+00  9.525614334E+00 
       851  3.125000000E+02  0.000000000E+00  9.541272893E+00 
       852  3.127500000E+02  0.000000000E+00  9.556483295E+00 
       853  3.130000000E+02  0.000000000E+00  9.571255667E+00 
       854  3.132500000E+02  0.000000000E+00  9.585600057E+00 
       855  3.135000000E+02  0.000000000E+00  9.599526418E+00 
       856  3.137500000E+02  0.000000000E+00  9.613044603E+00 
       857  3.140000000E+02  0.000000000E+00  9.626164349E+00 
       858  3.142500000E+02  0.000000000E+00  9.638895270E+00 
       859  3.145000000E+02  0.000000000E+00  9.651246852E+00 
       860  3.147500000E+02  0.000000000E+00  9.663228445E+00 
       861  3.150000000E+02  0.000000000E+00  9.674849260E+00 
       862  3.152500000E+02  0.000000000E+00  9.686118361E+00 
       863  3.155000000E+02  0.000000000E+00  9.697044665E+00 
       864  3.157500000E+02  0.000000000E+00  9.707636938E+00 
       865  3.160000000E+02  0.000000000E+00  9.717903794E+00 
       866  3.162500000E+02  0.000000000E+00  9.727853689E+00 
       867  3.165000000E+02  0.000000000E+00  9.737494925E+00 
       868  3.167500000E+02  0.000000000E+00  9.746835646E+00 
       869  3.170000000E+02  0.000000000E+00  9.755883840E+00 
       870  3.172500000E+02  0.000000000E+00  9.764647336E+00 
       871  3.175000000E+02  0.000000000E+00  9.773133806E+00 
       872  3.177500000E+02  0.000000000E+00  9.781350764E+00 
       873  3.180000000E+02  0.000000000E+00  9.789305569E+00 
       874  3.182500000E+02  0.000000000E+00  9.797005425E+00 
       875  3.185000000E+02  0.000000000E+00  9.804457379E+00 
       876  3.187500000E+02  0.000000000E+00  9.811668328E+00 
       877  3.190000000E+02  0.000000000E+00  9.818645014E+00 
       878  3.192500000E+02  0.000000000E+00  9.825394031E+00 
       879  3.195000000E+02  0.000000000E+00  9.831921824E+00 
       880  3.197500000E+02  0.000000000E+00  9.838234689E+00 
       881  3.200000000E+02  0.000000000E+00  9.844338781E+00 
       882  3.202500000E+02  0.000000000E+00  9.850240107E+00 
       883  3.205000000E+02  0.000000000E+00  9.855944535E+00 
       884  3.207500000E+02  0.000000000E+00  9.861457794E+00 
       885  3.210000000E+02  0.000000000E+00  9.866785476E+00 
       886  3.212500000E+02  0.000000000E+00  9.871933037E+00 
       887  3.215000000E+02  0.000000000E+00  9.876905800E+00 
       888  3.217500000E+02  0.000000000E+00  9.881708958E+00 
       889  3.220000000E+02  0.000000000E+00  9.886347574E+00 
       890  3.222500000E+02  0.000000000E+00  9.890826586E+00 
       891  3.225000000E+02  0.000000000E+00  9.895150809E+00 
       892  3.227500000E+02  0.000000000E+00  9.899324934E+00 
       893  3.230000000E+02  0.000000000E+00  9.903353532E+00 
       894  3.232500000E+02  0.000000000E+00  9.907241060E+00 
       895  3.235000000E+02  0.000000000E+00  9.910991856E+00 
       896  3.237500000E+02  0.000000000E+00  9.914610148E+00 
       897  3.240000000E+02  0.000000000E+00  9.918100051E+00 
       898  3.242500000E+02  0.000000000E+00  9.921465575E+00 
       899  3.245000000E+02  0.000000000E+00  9.924710620E+00 
       900  3.247500000E+02  0.000000000E+00  9.927838985E+00 
       901  3.250000000E+02  0.000000000E+00  9.930854364E+00 
       902  3.252500000E+02  0.000000000E+00  9.933760355E+00 
       903  3.255000000E+02  0.000000000E+00  9.936560457E+00 
       904  3.257500000E+02  0.000000000E+00  9.939258071E+00 
       905  3.260000000E+02  0.000000000E+00  9.941856508E+00 
       906  3.262500000E+02  0.000000000E+00  9.944358987E+00 
       907  3.265000000E+02  0.000000000E+00  9.946768636E+00 
       908  3.267500000E+02  0.000000000E+00  9.949088498E+00 
       909  3.270000000E+02  0.000000000E+00  9.951321528E+00 
       910  3.272500000E+02  0.000000000E+00  9.953470601E+00 
       911  3.275000000E+02  0.000000000E+00  9.955538508E+00 
       912  3.277500000E+02  0.000000000E+00  9.957527961E+00 
       913  3.280000000E+02  0.000000000E+00  9.959441594E+00 
       914  3.282500000E+02  0.000000000E+00  9.961281965E+00 
       915  3.285000000E+02  0.000000000E+00  9.963051559E+00 
       916  3.287500000E+02  0.000000000E+00  9.964752788E+00 
       917  3.290000000E+02  0.000000000E+00  9.966387992E+00 
       918  3.292500000E+02  0.000000000E+00  9.967959444E+00 
       919  3.295000000E+02  0.000000000E+00  9.969469349E+00 
       920  3.297500000E+02  0.000000000E+00  9.970919846E+00 
       921  3.300000000E+02  0.000000000E+00  9.972313010E+00 
       922  3.302500000E+02  0.000000000E+00  9.973650854E+00 
       923  3.305000000E+02  0.000000000E+00  9.974935330E+00 
       924  3.307500000E+02  0.000000000E+00  9.976168329E+00 
       925  3.310000000E+02  0.000000000E+00  9.977351686E+00 
       926  3.312500000E+02  0.000000000E+00  9.978487179E+00 
       927  3.315000000E+02  0.000000000E+00  9.979576531E+00 
       928  3.317500000E+02  0.000000000E+00  9.980621411E+00 
       929  3.320000000E+02  0.000000000E+00  9.981623435E+00 
       930  3.322500000E+02  0.000000000E+00  9.982584170E+00 
       931  3.325000000E+02  0.000000000E+00  9.983505132E+00 
       932  3.327500000E+02  0.000000000E+00  9.984387787E+00 
       933  3.330000000E+02  0.000000000E+00  9.985233558E+00 
       934  3.332500000E+02  0.000000000E+00  9.986043819E+00 
       935  3.335000000E+02  0.000000000E+00  9.986819900E+00 
       936  3.337500000E+02  0.000000000E+00  9.987563087E+00 
       937  3.340000000E+02  0.000000000E+00  9.988274626E+00 
       938  3.342500000E+02  0.000000000E+00  9.988955720E+00 
       939  3.345000000E+02  0.000000000E+00  9.989607530E+00 
       940  3.347500000E+02  0.000000000E+00  9.990231183E+00 
       941  3.350000000E+02  0.000000000E+00  9.990827763E+00 
       942  3.352500000E+02  0.000000000E+00  9.991398320E+00 
       943  3.355000000E+02  0.000000000E+00  9.991943868E+00 
       944  3.357500000E+02  0.000000000E+00  9.992465385E+00 
       945  3.360000000E+02  0.000000000E+00  9.992963815E+00 
       946  3.362500000E+02  0.000000000E+00  9.993440070E+00 
       947  3.365000000E+02  0.000000000E+00  9.993895030E+00 
       948  3.367500000E+02  0.000000000E+00  9.994329542E+00 
       949  3.370000000E+02  0.000000000E+00  9.994744426E+00 
       950  3.372500000E+02  0.000000000E+00  9.995140469E+00 
       951  3.375000000E+02  0.000000000E+00  9.995518431E+00 
       952  3.377500000E+02  0.000000000E+00  9.995879046E+00 
       953  3.380000000E+02  0.000000000E+00  9.996223018E+00 
       954  3.382500000E+02  0.000000000E+00  9.996551026E+00 
       955  3.385000000E+02  0.000000000E+00  9.996863725E+00 
       956  3.387500000E+02  0.000000000E+00  9.997161743E+00 
       957  3.390000000E+02  0.000000000E+00  9.997445685E+00 
       958  3.392500000E+02  0.000000000E+00  9.997716133E+00 
       959  3.395000000E+02  0.000000000E+00  9.997973647E+00 
       960  3.397500000E+02  0.000000000E+00  9.998218763E+00 
       961  3.400000000E+02  0.000000000E+00  9.998451999E+00 
       962  3.402500000E+02  0.000000000E+00  9.998673848E+00 
       963  3.405000000E+02  0.000000000E+00  9.998884787E+00 
       964  3.407500000E+02  0.000000000E+00  9.999085272E+00 
       965  3.410000000E+02  0.000000000E+00  9.999275740E+00 
       966  3.412500000E+02  0.000000000E+00  9.999456609E+00 
       967  3.415000000E+02  0.000000000E+00  9.999628280E+00 
       968  3.417500000E+02  0.000000000E+00  9.999791138E+00 
       969  3.420000000E+02  0.000000000E+00  9.999945549E+00 
       970  3.422500000E+02  0.000000000E+00  1.000009186E+01 
       971  3.425000000E+02  0.000000000E+00  1.000023042E+01 
       972  3.427500000E+02  0.000000000E+00  1.000036153E+01 
       973  3.430000000E+02  0.000000000E+00  1.000048551E+01 
       974  3.432500000E+02  0.000000000E+00  1.000060264E+01 
       975  3.435000000E+02  0.000000000E+00  1.000071320E+01 
       976  3.437500000E+02  0.000000000E+00  1.000081746E+01 
       977  3.440000000E+02  0.000000000E+00  1.000091565E+01 
       978  3.442500000E+02  0.000000000E+00  1.000100803E+01 
       979  3.445000000E+02  0.000000000E+00  1.000109481E+01 
       980  3.447500000E+02  0.000000000E+00  1.000117620E+01 
       981  3.450000000E+02  0.000000000E+00  1.000125241E+01 
       982  3.452500000E+02  0.000000000E+00  1.000132362E+01 
       983  3.455000000E+02  0.000000000E+00  1.000139001E+01 
       984  3.457500000E+02  0.000000000E+00  1.000145174E+01 
       985  3.460000000E+02  0.000000000E+00  1.000150897E+01 
       986  3.462500000E+02  0.000000000E+00  1.000156185E+01 
       987  3.465000000E+02  0.000000000E+00  1.000161050E+01 
       988  3.467500000E+02  0.000000000E+00  1.000165506E+01 
       989  3.470000000E+02  0.000000000E+00  1.000169563E+01 
       990  3.472500000E+02  0.000000000E+00  1.000173232E+01 
       991  3.475000000E+02  0.000000000E+00  1.000176522E+01 
       992  3.477500000E+02  0.000000000E+00  1.000179442E+01 
       993  3.480000000E+02  0.000000000E+00  1.000181999E+01 
       994  3.482500000E+02  0.000000000E+00  1.000184201E+01 
       995  3.485000000E+02  0.000000000E+00  1.000186052E+01 
       996  3.487500000E+02  0.000000000E+00  1.000187558E+01 
       997  3.490000000E+02  0.000000000E+00  1.000188722E+01 
       998  3.492500000E+02  0.000000000E+00  1.000189548E+01 
       999  3.495000000E+02  0.000000000E+00  1.000190038E+01 
      1000  3.497500000E+02  0.000000000E+00  1.000190192E+01 
      1001  3.500000000E+02  0.000000000E+00  1.000190013E+01 
      1002  3.502500000E+02  0.000000000E+00  1.000189498E+01 
      1003  3.505000000E+02  0.000000000E+00  1.000188648E+01 
      1004  3.507500000E+02  0.000000000E+00  1.000187459E+01 
      1005  3.510000000E+02  0.000000000E+00  1.000185928E+01 
      1006  3.512500000E+02  0.000000000E+00  1.000184053E+01 
      1007  3.515000000E+02  0.000000000E+00  1.000181827E+01 
      1008  3.517500000E+02  0.000000000E+00  1.000179246E+01 
      1009  3.520000000E+02  0.000000000E+00  1.000176303E+01 
      1010  3.522500000E+02  0.000000000E+00  1.000172990E+01 
      1011  3.525000000E+02  0.000000000E+00  1.000169299E+01 
      1012  3.527500000E+02  0.000000000E+00  1.000165221E+01 
      1013  3.530000000E+02  0.000000000E+00  1.000160746E+01 
      1014  3.532500000E+02  0.000000000E+00  1.000155861E+01 
      1015  3.535000000E+02  0.000000000E+00  1.000150557E+01 
      1016  3.537500000E+02  0.000000000E+00  1.000144818E+01 
      1017  3.540000000E+02  0.000000000E+00  1.000138632E+01 
      1018  3.542500000E+02  0.000000000E+00  1.000131982E+01 
      1019  3.545000000E+02  0.000000000E+00  1.000124854E+01 
      1020  3.547500000E+02  0.000000000E+00  1.000117230E+01 
      1021  3.550000000E+02  0.000000000E+00  1.000109091E+01 
      1022  3.552500000E+02  0.000000000E+00  1.000100419E+01 
      1023  3.555000000E+02  0.000000000E+00  1.000091193E+01 
      1024  3.557500000E+02  0.000000000E+00  1.000081391E+01 
      1025  3.560000000E+02  0.000000000E+00  1.000070992E+01 
      1026  3.562500000E+02  0.000000000E+00  1.000059970E+01 
      1027  3.565000000E+02  0.000000000E+00  1.000048301E+01 
      1028  3.567500000E+02  0.000000000E+00  1.000035958E+01 
      1029  3.570000000E+02  0.000000000E+00  1.000022915E+01 
      1030  3.572500000E+02  0.000000000E+00  1.000009142E+01 
      1031  3.575000000E+02  0.000000000E+00  9.999946084E+00 
      1032  3.577500000E+02  0.000000000E+00  9.999792835E+00 
      1033  3.580000000E+02  0.000000000E+00  9.999631341E+00 
      1034  3.582500000E+02  0.000000000E+00  9.999461258E+00 
      1035  3.585000000E+02  0.000000000E+00  9.999282230E+00 
      1036  3.587500000E+02  0.000000000E+00  9.999093883E+00 
      1037  3.590000000E+02  0.000000000E+00  9.998895831E+00 
      1038  3.592500000E+02  0.000000000E+00  9.998687669E+00 
      1039  3.595000000E+02  0.000000000E+00  9.998468980E+00 
      1040  3.597500000E+02  0.000000000E+00  9.998239328E+00 
      1041  3.600000000E+02  0.000000000E+00  9.997998263E+00 
      1042  3.602500000E+02  0.000000000E+00  9.997745316E+00 
      1043  3.605000000E+02  0.000000000E+00  9.997480003E+00 
      1044  3.607500000E+02  0.000000000E+00  9.997201821E+00 
      1045  3.610000000E+02  0.000000000E+00  9.996910250E+00 
      1046  3.612500000E+02  0.000000000E+00  9.996604752E+00 
      1047  3.615000000E+02  0.000000000E+00  9.996284770E+00 
      1048  3.617500000E+02  0.000000000E+00  9.995949729E+00 
      1049  3.620000000E+02  0.000000000E+00  9.995599034E+00 
      1050  3.622500000E+02  0.000000000E+00  9.995232072E+00 
      1051  3.625000000E+02  0.000000000E+00  9.994848209E+00 
      1052  3.627500000E+02  0.000000000E+00  9.994446792E+00 
      1053  3.630000000E+02  0.000000000E+00  9.994027147E+00 
      1054  3.632500000E+02  0.000000000E+00  9.993588580E+00 
      1055  3.635000000E+02  0.000000000E+00  9.993130376E+00 
      1056  3.637500000E+02  0.000000000E+00  9.992651799E+00 
      1057  3.640000000E+02  0.000000000E+00  9.992152091E+00 
      1058  3.642500000E+02  0.000000000E+00  9.991630473E+00 
      1059  3.645000000E+02  0.000000000E+00  9.991086144E+00 
      1060  3.647500000E+02  0.000000000E+00  9.990518283E+00 
      1061  3.650000000E+02  0.000000000E+00  9.989926043E+00 
      1062  3.652500000E+02  0.000000000E+00  9.989308558E+00 
      1063  3.655000000E+02  0.000000000E+00  9.988664937E+00 
      1064  3.657500000E+02  0.000000000E+00  9.987994269E+00 
      1065  3.660000000E+02  0.000000000E+00  9.987295618E+00 
      1066  3.662500000E+02  0.000000000E+00  9.986568027E+00 
      1067  3.665000000E+02  0.000000000E+00  9.985810515E+00 
      1068  3.667500000E+02  0.000000000E+00  9.985022077E+00 
      1069  3.670000000E+02  0.000000000E+00  9.984201689E+00 
      1070  3.672500000E+02  0.000000000E+00  9.983348299E+00 
      1071  3.675000000E+02  0.000000000E+00  9.982460837E+00 
      1072  3.677500000E+02  0.000000000E+00  9.981538208E+00 
      1073  3.680000000E+02  0.000000000E+00  9.980579293E+00 
      1074  3.682500000E+02  0.000000000E+00  9.979582953E+00 
      1075  3.685000000E+02  0.000000000E+00  9.978548026E+00 
      1076  3.687500000E+02  0.000000000E+00  9.977473327E+00 
      1077  3.690000000E+02  0.000000000E+00  9.976357651E+00 
      1078  3.692500000E+02  0.000000000E+00  9.975199768E+00 
      1079  3.695000000E+02  0.000000000E+00  9.973998432E+00 
      1080  3.697500000E+02  0.000000000E+00  9.972752372E+00 
      1081  3.700000000E+02  0.000000000E+00  9.971460297E+00 
      1082  3.702500000E+02  0.000000000E+00  9.970120898E+00 
      1083  3.705000000E+02  0.000000000E+00  9.968732845E+00 
      1084  3.707500000E+02  0.000000000E+00  9.967294788E+00 
      1085  3.710000000E+02  0.000000000E+00  9.965805362E+00 
      1086  3.712500000E+02  0.000000000E+00  9.964263181E+00 
      1087  3.715000000E+02  0.000000000E+00  9.962666842E+00 
      1088  3.717500000E+02  0.000000000E+00  9.961014927E+00 
      1089  3.720000000E+02  0.000000000E+00  9.959306001E+00 
      1090  3.722500000E+02  0.000000000E+00  9.957538615E+00 
      1091  3.725000000E+02  0.000000000E+00  9.955711305E+00 
      1092  3.727500000E+02  0.000000000E+00  9.953822593E+00 
      1093  3.730000000E+02  0.000000000E+00  9.951870991E+00 
      1094  3.732500000E+02  0.000000000E+00  9.949854996E+00 
      1095  3.735000000E+02  0.000000000E+00  9.947773097E+00 
      1096  3.737500000E+02  0.000000000E+00  9.945623772E+00 
      1097  3.740000000E+02  0.000000000E+00  9.943405492E+00 
      1098  3.742500000E+02  0.000000000E+00  9.941116719E+00 
      1099  3.745000000E+02  0.000000000E+00  9.938755908E+00 
      1100  3.747500000E+02  0.000000000E+00  9.936321512E+00 
      1101  3.750000000E+02  0.000000000E+00  9.933811976E+00 
      1102  3.752500000E+02  0.000000000E+00  9.931225744E+00 
      1103  3.755000000E+02  0.000000000E+00  9.928561259E+00 
      1104  3.757500000E+02  0.000000000E+00  9.925816963E+00 
      1105  3.760000000E+02  0.000000000E+00  9.922991296E+00 
      1106  3.762500000E+02  0.000000000E+00  9.920082705E+00 
      1107  3.765000000E+02  0.000000000E+00  9.917089636E+00 
      1108  3.767500000E+02  0.000000000E+00  9.914010543E+00 
      1109  3.770000000E+02  0.000000000E+00  9.910843882E+00 
      1110  3.772500000E+02  0.000000000E+00  9.907588119E+00 
      1111  3.775000000E+02  0.000000000E+00  9.904241727E+00 
      1112  3.777500000E+02  0.000000000E+00  9.900803190E+00 
      1113  3.780000000E+02  0.000000000E+00  9.897271001E+00 
      1114  3.782500000E+02  0.000000000E+00  9.893643667E+00 
      1115  3.785000000E+02  0.000000000E+00  9.889919706E+00 
      1116  3.787500000E+02  0.000000000E+00  9.886097651E+00 
      1117  3.790000000E+02  0.000000000E+00  9.882176051E+00 
      1118  3.792500000E+02  0.000000000E+00  9.878153472E+00 
      1119  3.795000000E+02  0.000000000E+00  9.874028495E+00 
      1120  3.797500000E+02  0.000000000E+00  9.869799722E+00 
      1121  3.800000000E+02  0.000000000E+00  9.865465772E+00 
      1122  3.802500000E+02  0.000000000E+00  9.861025284E+00 
      1123  3.805000000E+02  0.000000000E+00  9.856476920E+00 
      1124  3.807500000E+02  0.000000000E+00  9.851819360E+00 
      1125  3.810000000E+02  0.000000000E+00  9.847051307E+00 
      1126  3.812500000E+02  0.000000000E+00  9.842171485E+00 
      1127  3.815000000E+02  0.000000000E+00  9.837178641E+00 
      1128  3.817500000E+02  0.000000000E+00  9.832071543E+00 
      1129  3.820000000E+02  0.000000000E+00  9.826848982E+00 
      1130  3.822500000E+02  0.000000000E+00  9.821509770E+00 
      1131  3.825000000E+02  0.000000000E+00  9.816052740E+00 
      1132  3.827500000E+02  0.000000000E+00  9.810476746E+00 
      1133  3.830000000E+02  0.000000000E+00  9.804780663E+00 
      1134  3.832500000E+02  0.000000000E+00  9.798963383E+00 
      1135  3.835000000E+02  0.000000000E+00  9.793023818E+00 
      1136  3.837500000E+02  0.000000000E+00  9.786960894E+00 
      1137  3.840000000E+02  0.000000000E+00  9.780773555E+00 
      1138  3.842500000E+02  0.000000000E+00  9.774460755E+00 
      1139  3.845000000E+02  0.000000000E+00  9.768021461E+00 
      1140  3.847500000E+02  0.000000000E+00  9.761454648E+00 
      1141  3.850000000E+02  0.000000000E+00  9.754759300E+00 
      1142  3.852500000E+02  0.000000000E+00  9.747934402E+00 
      1143  3.855000000E+02  0.000000000E+00  9.740978942E+00 
      1144  3.857500000E+02  0.000000000E+00  9.733891904E+00 
      1145  3.860000000E+02  0.000000000E+00  9.726672271E+00 
      1146  3.862500000E+02  0.000000000E+00  9.719319014E+00 
      1147  3.865000000E+02  0.000000000E+00  9.711831095E+00 
      1148  3.867500000E+02  0.000000000E+00  9.704207459E+00 
      1149  3.870000000E+02  0.000000000E+00  9.696447035E+00 
      1150  3.872500000E+02  0.000000000E+00  9.688548728E+00 
      1151  3.875000000E+02  0.000000000E+00  9.680511418E+00 
      1152  3.877500000E+02  0.000000000E+00  9.672333958E+00 
      1153  3.880000000E+02  0.000000000E+00  9.664015168E+00 
      1154  3.882500000E+02  0.000000000E+00  9.655553837E+00 
      1155  3.885000000E+02  0.000000000E+00  9.646948715E+00 
      1156  3.887500000E+02  0.000000000E+00  9.638198520E+00 
      1157  3.890000000E+02  0.000000000E+00  9.629301929E+00 
      1158  3.892500000E+02  0.000000000E+00  9.620257585E+00 
      1159  3.895000000E+02  0.000000000E+00  9.611064098E+00 
      1160  3.897500000E+02  0.000000000E+00  9.601720050E+00 
      1161  3.900000000E+02  0.000000000E+00  9.592223997E+00 
      1162  3.902500000E+02  0.000000000E+00  9.582574484E+00 
      1163  3.905000000E+02  0.000000000E+00  9.572770055E+00 
      1164  3.907500000E+02  0.000000000E+00  9.562809266E+00 
      1165  3.910000000E+02  0.000000000E+00  9.552690710E+00 
      1166  3.912500000E+02  0.000000000E+00  9.542413042E+00 
      1167  3.915000000E+02  0.000000000E+00  9.531975008E+00 
      1168  3.917500000E+02  0.000000000E+00  9.521375490E+00 
      1169  3.920000000E+02  0.000000000E+00  9.510613552E+00 
      1170  3.922500000E+02  0.000000000E+00  9.499688501E+00 
      1171  3.925000000E+02  0.000000000E+00  9.488599960E+00 
      1172  3.927500000E+02  0.000000000E+00  9.477347956E+00 
      1173  3.930000000E+02  0.000000000E+00  9.465933026E+00 
      1174  3.932500000E+02  0.000000000E+00  9.454356344E+00 
      1175  3.935000000E+02  0.000000000E+00  9.442619877E+00 
      1176  3.937500000E+02  0.000000000E+00  9.430726567E+00 
      1177  3.940000000E+02  0.000000000E+00  9.418680552E+00 
      1178  3.942500000E+02  0.000000000E+00  9.406487433E+00 
      1179  3.945000000E+02  0.000000000E+00  9.394154589E+00 
      1180  3.947500000E+02  0.000000000E+00  9.381691568E+00 
      1181  3.950000000E+02  0.000000000E+00  9.369110542E+00 
      1182  3.952500000E+02  0.000000000E+00  9.356426871E+00 
      1183  3.955000000E+02  0.000000000E+00  9.343659783E+00 
      1184  3.957500000E+02  0.000000000E+00  9.330833203E+00 
      1185  3.960000000E+02  0.000000000E+00  9.317976777E+00 
      1186  3.962500000E+02  0.000000000E+00  9.305127123E+00 
      1187  3.965000000E+02  0.000000000E+00  9.292329409E+00 
      1188  3.967500000E+02  0.000000000E+00  9.279639324E+00 
      1189  3.970000000E+02  0.000000000E+00  9.267125591E+00 
      1190  3.972500000E+02  0.000000000E+00  9.254873220E+00 
      1191  3.975000000E+02  0.000000000E+00  9.242987768E+00 
      1192  3.977500000E+02  0.000000000E+00  9.231601058E+00 
      1193  3.980000000E+02  0.000000000E+00  9.220879053E+00 
      1194  3.982500000E+02  0.000000000E+00  9.211033029E+00 
      1195  3.985000000E+02  0.000000000E+00  9.202336113E+00 
      1196  3.987500000E+02  0.000000000E+00  9.195149066E+00 
      1197  3.990000000E+02  0.000000000E+00  9.189963361E+00 
      1198  3.992500000E+02  0.000000000E+00  9.187479923E+00 
      1199  3.995000000E+02  0.000000000E+00  9.188770249E+00 
      1200  3.997500000E+02  0.000000000E+00  9.196772510E+00 
      1201  4.000000000E+02  0.000000000E+00  8.888276838E+00 
      1202  4.002000034E+02  0.000000000E+00  8.678579463E+00 
      1203  4.004016387E+02  0.000000000E+00  8.760720779E+00 
      1204  4.006049192E+02  0.000000000E+00  8.838321794E+00 
      1205  4.008098583E+02  0.000000000E+00  8.911753160E+00 
      1206  4.010164696E+02  0.000000000E+00  8.981160263E+00 
      1207  4.012247666E+02  0.000000000E+00  9.046692112E+00 
      1208  4.014347631E+02  0.000000000E+00  9.108500124E+00 
      1209  4.016464731E+02  0.000000000E+00  9.166736679E+00 
      1210  4.018599104E+02  0.000000000E+00  9.221554009E+00 
      1211  4.020750892E+02  0.000000000E+00  9.273103324E+00 
      1212  4.022920237E+02  0.000000000E+00  9.321534273E+00 
      1213  4.025107282E+02  0.000000000E+00  9.369705302E+00 
      1214  4.027312172E+02  0.000000000E+00  9.414856431E+00 
      1215  4.029535052E+02  0.000000000E+00  9.454385176E+00 
      1216  4.031776069E+02  0.000000000E+00  9.491392082E+00 
      1217  4.034035370E+02  0.000000000E+00  9.526008881E+00 
      1218  4.036313106E+02  0.000000000E+00  9.558363167E+00 
      1219  4.038609426E+02  0.000000000E+00  9.588578264E+00 
      1220  4.040924483E+02  0.000000000E+00  9.616773355E+00 
      1221  4.043258428E+02  0.000000000E+00  9.644530357E+00 
      1222  4.045611417E+02  0.000000000E+00  9.670367723E+00 
      1223  4.047983604E+02  0.000000000E+00  9.692908435E+00 
      1224  4.050375146E+02  0.000000000E+00  9.713878958E+00 
      1225  4.052786201E+02  0.000000000E+00  9.733374681E+00 
      1226  4.055216929E+02  0.000000000E+00  9.752442338E+00 
      1227  4.057667489E+02  0.000000000E+00  9.772038426E+00 
      1228  4.060138044E+02  0.000000000E+00  9.792179456E+00 
      1229  4.062628756E+02  0.000000000E+00  9.809677989E+00 
      1230  4.065139791E+02  0.000000000E+00  9.823499330E+00 
      1231  4.067671314E+02  0.000000000E+00  9.836665667E+00 
      1232  4.070223492E+02  0.000000000E+00  9.848384045E+00 
      1233  4.072796494E+02  0.000000000E+00  9.858860586E+00 
      1234  4.075390490E+02  0.000000000E+00  9.867913037E+00 
      1235  4.078005650E+02  0.000000000E+00  9.874939686E+00 
      1236  4.080642148E+02  0.000000000E+00  9.881459166E+00 
      1237  4.083300158E+02  0.000000000E+00  9.887403041E+00 
      1238  4.085979855E+02  0.000000000E+00  9.892773841E+00 
      1239  4.088681416E+02  0.000000000E+00  9.893411180E+00 
      1240  4.091405020E+02  0.000000000E+00  9.894792042E+00 
      1241  4.094150846E+02  0.000000000E+00  9.901272214E+00 
      1242  4.096919076E+02  0.000000000E+00  9.907230695E+00 
      1243  4.099709892E+02  0.000000000E+00  9.912706395E+00 
      1244  4.102523480E+02  0.000000000E+00  9.917735672E+00 
      1245  4.105360024E+02  0.000000000E+00  9.922352471E+00 
      1246  4.108219711E+02  0.000000000E+00  9.926588449E+00 
      1247  4.111102732E+02  0.000000000E+00  9.930473103E+00 
      1248  4.114009276E+02  0.000000000E+00  9.934033896E+00 
      1249  4.116939535E+02  0.000000000E+00  9.937296367E+00 
      1250  4.119893702E+02  0.000000000E+00  9.940284252E+00 
      1251  4.122871973E+02  0.000000000E+00  9.943019584E+00 
      1252  4.125874544E+02  0.000000000E+00  9.945522802E+00 
      1253  4.128901614E+02  0.000000000E+00  9.947812848E+00 
      1254  4.131953383E+02  0.000000000E+00  9.949907260E+00 
      1255  4.135030051E+02  0.000000000E+00  9.951822262E+00 
      1256  4.138131823E+02  0.000000000E+00  9.953572849E+00 
      1257  4.141258902E+02  0.000000000E+00  9.955172868E+00 
      1258  4.144411496E+02  0.000000000E+00  9.956635093E+00 
      1259  4.147589813E+02  0.000000000E+00  9.957971299E+00 
      1260  4.150794062E+02  0.000000000E+00  9.959192330E+00 
      1261  4.154024455E+02  0.000000000E+00  9.960308161E+00 
      1262  4.157281206E+02  0.000000000E+00  9.961327963E+00 
      1263  4.160564529E+02  0.000000000E+00  9.962260157E+00 
      1264  4.163874641E+02  0.000000000E+00  9.963112470E+00 
      1265  4.167211762E+02  0.000000000E+00  9.963891984E+00 
      1266  4.170576110E+02  0.000000000E+00  9.964605187E+00 
      1267  4.173967909E+02  0.000000000E+00  9.965258012E+00 
      1268  4.177387382E+02  0.000000000E+00  9.965855887E+00 
      1269  4.180834756E+02  0.000000000E+00  9.966403765E+00 
      1270  4.184310257E+02  0.000000000E+00  9.966906169E+00 
      1271  4.187814116E+02  0.000000000E+00  9.967367223E+00 
      1272  4.191346563E+02  0.000000000E+00  9.967790684E+00 
      1273  4.194907832E+02  0.000000000E+00  9.968179972E+00 
      1274  4.198498158E+02  0.000000000E+00  9.968538200E+00 
      1275  4.202117779E+02  0.000000000E+00  9.968868196E+00 
      1276  4.205766933E+02  0.000000000E+00  9.969172534E+00 
      1277  4.209445860E+02  0.000000000E+00  9.969453550E+00 
      1278  4.213154806E+02  0.000000000E+00  9.969713366E+00 
      1279  4.216894013E+02  0.000000000E+00  9.969953911E+00 
      1280  4.220663728E+02  0.000000000E+00  9.970176934E+00 
      1281  4.224464202E+02  0.000000000E+00  9.970384028E+00 
      1282  4.228295685E+02  0.000000000E+00  9.970576639E+00 
      1283  4.232158429E+02  0.000000000E+00  9.970756082E+00 
      1284  4.236052691E+02  0.000000000E+00  9.970923557E+00 
      1285  4.239978726E+02  0.000000000E+00  9.971080157E+00 
      1286  4.243936795E+02  0.000000000E+00  9.971226881E+00 
      1287  4.247927158E+02  0.000000000E+00  9.971364644E+00 
      1288  4.251950080E+02  0.000000000E+00  9.971494286E+00 
      1289  4.256005825E+02  0.000000000E+00  9.971616581E+00 
      1290  4.260094662E+02  0.000000000E+00  9.971732242E+00 
      1291  4.264216861E+02  0.000000000E+00  9.971841930E+00 
      1292  4.268372694E+02  0.000000000E+00  9.971946260E+00 
      1293  4.272562434E+02  0.000000000E+00  9.972045808E+00 
      1294  4.276786360E+02  0.000000000E+00  9.972141109E+00 
      1295  4.281044750E+02  0.000000000E+00  9.972232672E+00 
      1296  4.285337884E+02  0.000000000E+00  9.972320973E+00 
      1297  4.289666047E+02  0.000000000E+00  9.972406467E+00 
      1298  4.294029525E+02  0.000000000E+00  9.972489584E+00 
      1299  4.298428605E+02  0.000000000E+00  9.972570736E+00 
      1300  4.302863578E+02  0.000000000E+00  9.972650319E+00 
      1301  4.307334737E+02  0.000000000E+00  9.972728710E+00 
      1302  4.311842377E+02  0.000000000E+00  9.972806275E+00 
      1303  4.316386795E+02  0.000000000E+00  9.972883363E+00 
      1304  4.320968293E+02  0.000000000E+00  9.972960315E+00 
      1305  4.325587172E+02  0.000000000E+00  9.973037458E+00 
      1306  4.330243737E+02  0.000000000E+00  9.973115107E+00 
      1307  4.334938296E+02  0.000000000E+00  9.973193569E+00 
      1308  4.339671159E+02  0.000000000E+00  9.973273138E+00 
      1309  4.344442638E+02  0.000000000E+00  9.973354100E+00 
      1310  4.349253049E+02  0.000000000E+00  9.973436728E+00 
      1311  4.354102708E+02  0.000000000E+00  9.973521287E+00 
      1312  4.358991937E+02  0.000000000E+00  9.973608031E+00 
      1313  4.363921059E+02  0.000000000E+00  9.973697202E+00 
      1314  4.368890398E+02  0.000000000E+00  9.973789034E+00 
      1315  4.373900283E+02  0.000000000E+00  9.973883747E+00 
      1316  4.378951044E+02  0.000000000E+00  9.973981554E+00 
      1317  4.384043016E+02  0.000000000E+00  9.974082653E+00 
      1318  4.389176534E+02  0.000000000E+00  9.974187235E+00 
      1319  4.394351937E+02  0.000000000E+00  9.974295478E+00 
      1320  4.399569568E+02  0.000000000E+00  9.974407549E+00 
      1321  4.404829770E+02  0.000000000E+00  9.974523605E+00 
      1322  4.410132892E+02  0.000000000E+00  9.974643793E+00 
      1323  4.415479282E+02  0.000000000E+00  9.974768249E+00 
      1324  4.420869295E+02  0.000000000E+00  9.974897097E+00 
      1325  4.426303286E+02  0.000000000E+00  9.975030456E+00 
      1326  4.431781614E+02  0.000000000E+00  9.975168431E+00 
      1327  4.437304641E+02  0.000000000E+00  9.975311119E+00 
      1328  4.442872731E+02  0.000000000E+00  9.975458611E+00 
      1329  4.448486253E+02  0.000000000E+00  9.975610986E+00 
      1330  4.454145576E+02  0.000000000E+00  9.975768317E+00 
      1331  4.459851075E+02  0.000000000E+00  9.975930671E+00 
      1332  4.465603126E+02  0.000000000E+00  9.976098107E+00 
      1333  4.471402109E+02  0.000000000E+00  9.976270676E+00 
      1334  4.477248408E+02  0.000000000E+00  9.976448427E+00 
      1335  4.483142407E+02  0.000000000E+00  9.976631401E+00 
      1336  4.489084497E+02  0.000000000E+00  9.976819634E+00 
      1337  4.495075070E+02  0.000000000E+00  9.977013160E+00 
      1338  4.501114521E+02  0.000000000E+00  9.977212008E+00 
      1339  4.507203248E+02  0.000000000E+00  9.977416201E+00 
      1340  4.513341655E+02  0.000000000E+00  9.977625763E+00 
      1341  4.519530147E+02  0.000000000E+00  9.977840713E+00 
      1342  4.525769132E+02  0.000000000E+00  9.978061068E+00 
      1343  4.532059021E+02  0.000000000E+00  9.978286841E+00 
      1344  4.538400232E+02  0.000000000E+00  9.978518046E+00 
      1345  4.544793181E+02  0.000000000E+00  9.978754694E+00 
      1346  4.551238292E+02  0.000000000E+00  9.978996793E+00 
      1347  4.557735990E+02  0.000000000E+00  9.979244351E+00 
      1348  4.564286703E+02  0.000000000E+00  9.979497375E+00 
      1349  4.570890866E+02  0.000000000E+00  9.979755867E+00 
      1350  4.577548913E+02  0.000000000E+00  9.980019831E+00 
      1351  4.584261284E+02  0.000000000E+00  9.980289269E+00 
      1352  4.591028423E+02  0.000000000E+00  9.980564178E+00 
      1353  4.597850777E+02  0.000000000E+00  9.980844557E+00 
      1354  4.604728795E+02  0.000000000E+00  9.981130400E+00 
      1355  4.611662932E+02  0.000000000E+00  9.981421699E+00 
      1356  4.618653647E+02  0.000000000E+00  9.981718442E+00 
      1357  4.625701400E+02  0.000000000E+00  9.982020616E+00 
      1358  4.632806657E+02  0.000000000E+00  9.982328200E+00 
      1359  4.639969887E+02  0.000000000E+00  9.982641171E+00 
      1360  4.647191564E+02  0.000000000E+00  9.982959498E+00 
      1361  4.654472164E+02  0.000000000E+00  9.983283146E+00 
      1362  4.661812167E+02  0.000000000E+00  9.983612070E+00 
      1363  4.669212059E+02  0.000000000E+00  9.983946217E+00 
      1364  4.676672328E+02  0.000000000E+00  9.984285526E+00 
      1365  4.684193468E+02  0.000000000E+00  9.984629923E+00 
      1366  4.691775973E+02  0.000000000E+00  9.984979324E+00 
      1367  4.699420346E+02  0.000000000E+00  9.985333631E+00 
      1368  4.707127091E+02  0.000000000E+00  9.985692736E+00 
      1369  4.714896716E+02  0.000000000E+00  9.986056517E+00 
      1370  4.722729736E+02  0.000000000E+00  9.986424846E+00 
      1371  4.730626666E+02  0.000000000E+00  9.986797585E+00 
      1372  4.738588030E+02  0.000000000E+00  9.987174600E+00 
      1373  4.746614352E+02  0.000000000E+00  9.987555770E+00 
      1374  4.754706162E+02  0.000000000E+00  9.987940999E+00 
      1375  4.762863994E+02  0.000000000E+00  9.988330248E+00 
      1376  4.771088389E+02  0.000000000E+00  9.988723561E+00 
      1377  4.779379887E+02  0.000000000E+00  9.989121121E+00 
      1378  4.787739038E+02  0.000000000E+00  9.989523316E+00 
      1379  4.796166392E+02  0.000000000E+00  9.989930830E+00 
      1380  4.804662507E+02  0.000000000E+00  9.990344773E+00 
      1381  4.813227944E+02  0.000000000E+00  9.990766846E+00 
      1382  4.821863268E+02  0.000000000E+00  9.991199575E+00 
      1383  4.830569049E+02  0.000000000E+00  9.991646602E+00 
      1384  4.839345862E+02  0.000000000E+00  9.992113085E+00 
      1385  4.848194287E+02  0.000000000E+00  9.992606207E+00 
      1386  4.857114908E+02  0.000000000E+00  9.993135843E+00 
      1387  4.866108314E+02  0.000000000E+00  9.993715430E+00 
      1388  4.875175099E+02  0.000000000E+00  9.994363078E+00 
      1389  4.884315862E+02  0.000000000E+00  9.995103020E+00 
      1390  4.893531206E+02  0.000000000E+00  9.995967464E+00 
      1391  4.902821741E+02  0.000000000E+00  9.996999003E+00 
      1392  4.912188078E+02  0.000000000E+00  9.998253720E+00 
      1393  4.921630837E+02  0.000000000E+00  9.999805228E+00 
      1394  4.931150642E+02  0.000000000E+00  1.000174994E+01 
      1395  4.940748120E+02  0.000000000E+00  1.000421400E+01 
      1396  4.950423907E+02  0.000000000E+00  1.000736247E+01 
      1397  4.960178639E+02  0.000000000E+00  1.001141172E+01 
      1398  4.970012963E+02  0.000000000E+00  1.001662342E+01 
      1399  4.979927527E+02  0.000000000E+00  1.002666966E+01 
      1400  4.989922986E+02  0.000000000E+00  1.003947241E+01 
      1401  5.000000000E+02  0.000000000E+00  1.004516157E+01 
