nodenumber     x-coordinate     y-coordinate           udm-12 
         1  0.000000000E+00  0.000000000E+00  9.989949904E+00 
         2  1.007701384E+00  0.000000000E+00  9.990043846E+00 
         3  2.007247274E+00  0.000000000E+00  9.994992645E+00 
         4  2.998703673E+00  0.000000000E+00  9.999425777E+00 
         5  3.982136051E+00  0.000000000E+00  9.998725481E+00 
         6  4.957609346E+00  0.000000000E+00  9.998109994E+00 
         7  5.925187975E+00  0.000000000E+00  9.997533383E+00 
         8  6.884935829E+00  0.000000000E+00  9.996986038E+00 
         9  7.836916284E+00  0.000000000E+00  9.996461108E+00 
        10  8.781192203E+00  0.000000000E+00  9.995953802E+00 
        11  9.717825941E+00  0.000000000E+00  9.995460794E+00 
        12  1.064687935E+01  0.000000000E+00  9.994979798E+00 
        13  1.156841377E+01  0.000000000E+00  9.994509264E+00 
        14  1.248249006E+01  0.000000000E+00  9.994048160E+00 
        15  1.338916858E+01  0.000000000E+00  9.993595816E+00 
        16  1.428850920E+01  0.000000000E+00  9.993151824E+00 
        17  1.518057130E+01  0.000000000E+00  9.992715950E+00 
        18  1.606541380E+01  0.000000000E+00  9.992288089E+00 
        19  1.694309512E+01  0.000000000E+00  9.991868222E+00 
        20  1.781367322E+01  0.000000000E+00  9.991456386E+00 
        21  1.867720559E+01  0.000000000E+00  9.991052661E+00 
        22  1.953374925E+01  0.000000000E+00  9.990657149E+00 
        23  2.038336076E+01  0.000000000E+00  9.990269966E+00 
        24  2.122609622E+01  0.000000000E+00  9.989891235E+00 
        25  2.206201128E+01  0.000000000E+00  9.989521081E+00 
        26  2.289116114E+01  0.000000000E+00  9.989159625E+00 
        27  2.371360056E+01  0.000000000E+00  9.988806982E+00 
        28  2.452938383E+01  0.000000000E+00  9.988463262E+00 
        29  2.533856484E+01  0.000000000E+00  9.988128562E+00 
        30  2.614119701E+01  0.000000000E+00  9.987802975E+00 
        31  2.693733335E+01  0.000000000E+00  9.987486578E+00 
        32  2.772702642E+01  0.000000000E+00  9.987179442E+00 
        33  2.851032837E+01  0.000000000E+00  9.986881624E+00 
        34  2.928729093E+01  0.000000000E+00  9.986593174E+00 
        35  3.005796541E+01  0.000000000E+00  9.986314130E+00 
        36  3.082240268E+01  0.000000000E+00  9.986044520E+00 
        37  3.158065324E+01  0.000000000E+00  9.985784363E+00 
        38  3.233276716E+01  0.000000000E+00  9.985533667E+00 
        39  3.307879409E+01  0.000000000E+00  9.985292434E+00 
        40  3.381878330E+01  0.000000000E+00  9.985060655E+00 
        41  3.455278365E+01  0.000000000E+00  9.984838313E+00 
        42  3.528084362E+01  0.000000000E+00  9.984625384E+00 
        43  3.600301127E+01  0.000000000E+00  9.984421837E+00 
        44  3.671933431E+01  0.000000000E+00  9.984227633E+00 
        45  3.742986002E+01  0.000000000E+00  9.984042726E+00 
        46  3.813463533E+01  0.000000000E+00  9.983867064E+00 
        47  3.883370678E+01  0.000000000E+00  9.983700590E+00 
        48  3.952712052E+01  0.000000000E+00  9.983543241E+00 
        49  4.021492235E+01  0.000000000E+00  9.983394948E+00 
        50  4.089715769E+01  0.000000000E+00  9.983255638E+00 
        51  4.157387159E+01  0.000000000E+00  9.983125233E+00 
        52  4.224510872E+01  0.000000000E+00  9.983003651E+00 
        53  4.291091342E+01  0.000000000E+00  9.982890806E+00 
        54  4.357132966E+01  0.000000000E+00  9.982786609E+00 
        55  4.422640104E+01  0.000000000E+00  9.982690968E+00 
        56  4.487617081E+01  0.000000000E+00  9.982603787E+00 
        57  4.552068189E+01  0.000000000E+00  9.982524968E+00 
        58  4.615997684E+01  0.000000000E+00  9.982454411E+00 
        59  4.679409786E+01  0.000000000E+00  9.982392012E+00 
        60  4.742308684E+01  0.000000000E+00  9.982337669E+00 
        61  4.804698530E+01  0.000000000E+00  9.982291276E+00 
        62  4.866583446E+01  0.000000000E+00  9.982252724E+00 
        63  4.927967516E+01  0.000000000E+00  9.982221906E+00 
        64  4.988854795E+01  0.000000000E+00  9.982198713E+00 
        65  5.049249303E+01  0.000000000E+00  9.982183034E+00 
        66  5.109155028E+01  0.000000000E+00  9.982174758E+00 
        67  5.168575926E+01  0.000000000E+00  9.982173773E+00 
        68  5.227515921E+01  0.000000000E+00  9.982179967E+00 
        69  5.285978905E+01  0.000000000E+00  9.982193227E+00 
        70  5.343968738E+01  0.000000000E+00  9.982213439E+00 
        71  5.401489250E+01  0.000000000E+00  9.982240487E+00 
        72  5.458544238E+01  0.000000000E+00  9.982274255E+00 
        73  5.515137472E+01  0.000000000E+00  9.982314625E+00 
        74  5.571272686E+01  0.000000000E+00  9.982361477E+00 
        75  5.626953590E+01  0.000000000E+00  9.982414688E+00 
        76  5.682183858E+01  0.000000000E+00  9.982474132E+00 
        77  5.736967139E+01  0.000000000E+00  9.982539681E+00 
        78  5.791307049E+01  0.000000000E+00  9.982611199E+00 
        79  5.845207178E+01  0.000000000E+00  9.982688548E+00 
        80  5.898671083E+01  0.000000000E+00  9.982771580E+00 
        81  5.951702297E+01  0.000000000E+00  9.982860142E+00 
        82  6.004304320E+01  0.000000000E+00  9.982954071E+00 
        83  6.056480627E+01  0.000000000E+00  9.983053194E+00 
        84  6.108234661E+01  0.000000000E+00  9.983157327E+00 
        85  6.159569842E+01  0.000000000E+00  9.983266273E+00 
        86  6.210489559E+01  0.000000000E+00  9.983379821E+00 
        87  6.260997174E+01  0.000000000E+00  9.983497744E+00 
        88  6.311096022E+01  0.000000000E+00  9.983619799E+00 
        89  6.360789412E+01  0.000000000E+00  9.983745724E+00 
        90  6.410080625E+01  0.000000000E+00  9.983875238E+00 
        91  6.458972916E+01  0.000000000E+00  9.984008040E+00 
        92  6.507469514E+01  0.000000000E+00  9.984143808E+00 
        93  6.555573621E+01  0.000000000E+00  9.984282199E+00 
        94  6.603288413E+01  0.000000000E+00  9.984422845E+00 
        95  6.650617042E+01  0.000000000E+00  9.984565360E+00 
        96  6.697562632E+01  0.000000000E+00  9.984709335E+00 
        97  6.744128283E+01  0.000000000E+00  9.984854341E+00 
        98  6.790317071E+01  0.000000000E+00  9.984999928E+00 
        99  6.836132046E+01  0.000000000E+00  9.985145632E+00 
       100  6.881576232E+01  0.000000000E+00  9.985290973E+00 
       101  6.926652631E+01  0.000000000E+00  9.985435458E+00 
       102  6.971364219E+01  0.000000000E+00  9.985578588E+00 
       103  7.015713949E+01  0.000000000E+00  9.985719860E+00 
       104  7.059704749E+01  0.000000000E+00  9.985858773E+00 
       105  7.103339524E+01  0.000000000E+00  9.985994834E+00 
       106  7.146621156E+01  0.000000000E+00  9.986127563E+00 
       107  7.189552503E+01  0.000000000E+00  9.986256505E+00 
       108  7.232136399E+01  0.000000000E+00  9.986381230E+00 
       109  7.274375656E+01  0.000000000E+00  9.986501351E+00 
       110  7.316273064E+01  0.000000000E+00  9.986616526E+00 
       111  7.357831389E+01  0.000000000E+00  9.986726474E+00 
       112  7.399053376E+01  0.000000000E+00  9.986830982E+00 
       113  7.439941746E+01  0.000000000E+00  9.986929919E+00 
       114  7.480499201E+01  0.000000000E+00  9.987023247E+00 
       115  7.520728416E+01  0.000000000E+00  9.987111034E+00 
       116  7.560632051E+01  0.000000000E+00  9.987193468E+00 
       117  7.600212738E+01  0.000000000E+00  9.987270872E+00 
       118  7.639473092E+01  0.000000000E+00  9.987343715E+00 
       119  7.678415706E+01  0.000000000E+00  9.987412631E+00 
       120  7.717043151E+01  0.000000000E+00  9.987478433E+00 
       121  7.755357977E+01  0.000000000E+00  9.987542127E+00 
       122  7.793362715E+01  0.000000000E+00  9.987604932E+00 
       123  7.831059875E+01  0.000000000E+00  9.987668293E+00 
       124  7.868451945E+01  0.000000000E+00  9.987733902E+00 
       125  7.905541395E+01  0.000000000E+00  9.987803711E+00 
       126  7.942330674E+01  0.000000000E+00  9.987879954E+00 
       127  7.978822211E+01  0.000000000E+00  9.987965164E+00 
       128  8.015018416E+01  0.000000000E+00  9.988062192E+00 
       129  8.050921679E+01  0.000000000E+00  9.988174228E+00 
       130  8.086534371E+01  0.000000000E+00  9.988304816E+00 
       131  8.121858844E+01  0.000000000E+00  9.988457883E+00 
       132  8.156897429E+01  0.000000000E+00  9.988637753E+00 
       133  8.191652442E+01  0.000000000E+00  9.988849175E+00 
       134  8.226126177E+01  0.000000000E+00  9.989097341E+00 
       135  8.260320909E+01  0.000000000E+00  9.989387917E+00 
       136  8.294238899E+01  0.000000000E+00  9.989727062E+00 
       137  8.327882384E+01  0.000000000E+00  9.990121458E+00 
       138  8.361253587E+01  0.000000000E+00  9.990578340E+00 
       139  8.394354712E+01  0.000000000E+00  9.991105520E+00 
       140  8.427187943E+01  0.000000000E+00  9.991711426E+00 
       141  8.459755450E+01  0.000000000E+00  9.992405128E+00 
       142  8.492059382E+01  0.000000000E+00  9.993196379E+00 
       143  8.524101873E+01  0.000000000E+00  9.994095648E+00 
       144  8.555885039E+01  0.000000000E+00  9.995114162E+00 
       145  8.587410979E+01  0.000000000E+00  9.996263951E+00 
       146  8.618681774E+01  0.000000000E+00  9.997557886E+00 
       147  8.649699489E+01  0.000000000E+00  9.999009734E+00 
       148  8.680466173E+01  0.000000000E+00  1.000063420E+01 
       149  8.710983857E+01  0.000000000E+00  1.000244700E+01 
       150  8.741254556E+01  0.000000000E+00  1.000446490E+01 
       151  8.771280270E+01  0.000000000E+00  1.000670576E+01 
       152  8.801062980E+01  0.000000000E+00  1.000918866E+01 
       153  8.830604654E+01  0.000000000E+00  1.001193391E+01 
       154  8.859907242E+01  0.000000000E+00  1.001496315E+01 
       155  8.888972679E+01  0.000000000E+00  1.001829942E+01 
       156  8.917802885E+01  0.000000000E+00  1.002196724E+01 
       157  8.946399764E+01  0.000000000E+00  1.002599273E+01 
       158  8.974765203E+01  0.000000000E+00  1.003040365E+01 
       159  9.002901076E+01  0.000000000E+00  1.003522954E+01 
       160  9.030809241E+01  0.000000000E+00  1.004050181E+01 
       161  9.058491540E+01  0.000000000E+00  1.004625385E+01 
       162  9.085949802E+01  0.000000000E+00  1.005252117E+01 
       163  9.113185839E+01  0.000000000E+00  1.005934149E+01 
       164  9.140201451E+01  0.000000000E+00  1.006675489E+01 
       165  9.166998421E+01  0.000000000E+00  1.007480395E+01 
       166  9.193578518E+01  0.000000000E+00  1.008353392E+01 
       167  9.219943499E+01  0.000000000E+00  1.009299283E+01 
       168  9.246095103E+01  0.000000000E+00  1.010323170E+01 
       169  9.272035058E+01  0.000000000E+00  1.011430474E+01 
       170  9.297765077E+01  0.000000000E+00  1.012626925E+01 
       171  9.323286858E+01  0.000000000E+00  1.013918609E+01 
       172  9.348602087E+01  0.000000000E+00  1.015312034E+01 
       173  9.373712436E+01  0.000000000E+00  1.016855737E+01 
       174  9.398619563E+01  0.000000000E+00  1.018528269E+01 
       175  9.423325112E+01  0.000000000E+00  1.020300634E+01 
       176  9.447830715E+01  0.000000000E+00  1.020212045E+01 
       177  9.472137990E+01  0.000000000E+00  1.020216723E+01 
       178  9.496248543E+01  0.000000000E+00  1.022164578E+01 
       179  9.520163964E+01  0.000000000E+00  1.024396916E+01 
       180  9.543885834E+01  0.000000000E+00  1.027252166E+01 
       181  9.567415720E+01  0.000000000E+00  1.030164738E+01 
       182  9.590755173E+01  0.000000000E+00  1.032837683E+01 
       183  9.613905737E+01  0.000000000E+00  1.035599009E+01 
       184  9.636868940E+01  0.000000000E+00  1.038555938E+01 
       185  9.659646297E+01  0.000000000E+00  1.041721051E+01 
       186  9.682239314E+01  0.000000000E+00  1.045107724E+01 
       187  9.704649481E+01  0.000000000E+00  1.048886586E+01 
       188  9.726878279E+01  0.000000000E+00  1.052927597E+01 
       189  9.748927176E+01  0.000000000E+00  1.057264343E+01 
       190  9.770797628E+01  0.000000000E+00  1.061899220E+01 
       191  9.792491078E+01  0.000000000E+00  1.066869585E+01 
       192  9.814008960E+01  0.000000000E+00  1.072179076E+01 
       193  9.835352693E+01  0.000000000E+00  1.077666935E+01 
       194  9.856523689E+01  0.000000000E+00  1.083526851E+01 
       195  9.877523344E+01  0.000000000E+00  1.089533061E+01 
       196  9.898353045E+01  0.000000000E+00  1.095944617E+01 
       197  9.919014168E+01  0.000000000E+00  1.103034200E+01 
       198  9.939508077E+01  0.000000000E+00  1.110601126E+01 
       199  9.959836126E+01  0.000000000E+00  1.118677351E+01 
       200  9.979999657E+01  0.000000000E+00  1.127341089E+01 
       201  1.000000000E+02  0.000000000E+00  1.104622852E+01 
       202  1.002500000E+02  0.000000000E+00  1.071410803E+01 
       203  1.005000000E+02  0.000000000E+00  1.072545853E+01 
       204  1.007500000E+02  0.000000000E+00  1.073043075E+01 
       205  1.010000000E+02  0.000000000E+00  1.073169179E+01 
       206  1.012500000E+02  0.000000000E+00  1.073019318E+01 
       207  1.015000000E+02  0.000000000E+00  1.072655735E+01 
       208  1.017500000E+02  0.000000000E+00  1.072122324E+01 
       209  1.020000000E+02  0.000000000E+00  1.071451664E+01 
       210  1.022500000E+02  0.000000000E+00  1.070668816E+01 
       211  1.025000000E+02  0.000000000E+00  1.069793564E+01 
       212  1.027500000E+02  0.000000000E+00  1.068841843E+01 
       213  1.030000000E+02  0.000000000E+00  1.067826692E+01 
       214  1.032500000E+02  0.000000000E+00  1.066758919E+01 
       215  1.035000000E+02  0.000000000E+00  1.065647581E+01 
       216  1.037500000E+02  0.000000000E+00  1.064500337E+01 
       217  1.040000000E+02  0.000000000E+00  1.063323722E+01 
       218  1.042500000E+02  0.000000000E+00  1.062123348E+01 
       219  1.045000000E+02  0.000000000E+00  1.060904072E+01 
       220  1.047500000E+02  0.000000000E+00  1.059670119E+01 
       221  1.050000000E+02  0.000000000E+00  1.058425189E+01 
       222  1.052500000E+02  0.000000000E+00  1.057172540E+01 
       223  1.055000000E+02  0.000000000E+00  1.055915050E+01 
       224  1.057500000E+02  0.000000000E+00  1.054655282E+01 
       225  1.060000000E+02  0.000000000E+00  1.053395520E+01 
       226  1.062500000E+02  0.000000000E+00  1.052137812E+01 
       227  1.065000000E+02  0.000000000E+00  1.050884002E+01 
       228  1.067500000E+02  0.000000000E+00  1.049635754E+01 
       229  1.070000000E+02  0.000000000E+00  1.048394574E+01 
       230  1.072500000E+02  0.000000000E+00  1.047161831E+01 
       231  1.075000000E+02  0.000000000E+00  1.045938769E+01 
       232  1.077500000E+02  0.000000000E+00  1.044726522E+01 
       233  1.080000000E+02  0.000000000E+00  1.043526126E+01 
       234  1.082500000E+02  0.000000000E+00  1.042338529E+01 
       235  1.085000000E+02  0.000000000E+00  1.041164594E+01 
       236  1.087500000E+02  0.000000000E+00  1.040005113E+01 
       237  1.090000000E+02  0.000000000E+00  1.038860806E+01 
       238  1.092500000E+02  0.000000000E+00  1.037732334E+01 
       239  1.095000000E+02  0.000000000E+00  1.036620295E+01 
       240  1.097500000E+02  0.000000000E+00  1.035525233E+01 
       241  1.100000000E+02  0.000000000E+00  1.034447640E+01 
       242  1.102500000E+02  0.000000000E+00  1.033387959E+01 
       243  1.105000000E+02  0.000000000E+00  1.032346588E+01 
       244  1.107500000E+02  0.000000000E+00  1.031323879E+01 
       245  1.110000000E+02  0.000000000E+00  1.030320143E+01 
       246  1.112500000E+02  0.000000000E+00  1.029335651E+01 
       247  1.115000000E+02  0.000000000E+00  1.028370635E+01 
       248  1.117500000E+02  0.000000000E+00  1.027425292E+01 
       249  1.120000000E+02  0.000000000E+00  1.026499782E+01 
       250  1.122500000E+02  0.000000000E+00  1.025594233E+01 
       251  1.125000000E+02  0.000000000E+00  1.024708740E+01 
       252  1.127500000E+02  0.000000000E+00  1.023843367E+01 
       253  1.130000000E+02  0.000000000E+00  1.022998149E+01 
       254  1.132500000E+02  0.000000000E+00  1.022173093E+01 
       255  1.135000000E+02  0.000000000E+00  1.021368177E+01 
       256  1.137500000E+02  0.000000000E+00  1.020583355E+01 
       257  1.140000000E+02  0.000000000E+00  1.019818555E+01 
       258  1.142500000E+02  0.000000000E+00  1.019073683E+01 
       259  1.145000000E+02  0.000000000E+00  1.018348621E+01 
       260  1.147500000E+02  0.000000000E+00  1.017643229E+01 
       261  1.150000000E+02  0.000000000E+00  1.016957350E+01 
       262  1.152500000E+02  0.000000000E+00  1.016290804E+01 
       263  1.155000000E+02  0.000000000E+00  1.015643397E+01 
       264  1.157500000E+02  0.000000000E+00  1.015014914E+01 
       265  1.160000000E+02  0.000000000E+00  1.014405128E+01 
       266  1.162500000E+02  0.000000000E+00  1.013813795E+01 
       267  1.165000000E+02  0.000000000E+00  1.013240657E+01 
       268  1.167500000E+02  0.000000000E+00  1.012685445E+01 
       269  1.170000000E+02  0.000000000E+00  1.012147877E+01 
       270  1.172500000E+02  0.000000000E+00  1.011627661E+01 
       271  1.175000000E+02  0.000000000E+00  1.011124495E+01 
       272  1.177500000E+02  0.000000000E+00  1.010638068E+01 
       273  1.180000000E+02  0.000000000E+00  1.010168062E+01 
       274  1.182500000E+02  0.000000000E+00  1.009714151E+01 
       275  1.185000000E+02  0.000000000E+00  1.009276003E+01 
       276  1.187500000E+02  0.000000000E+00  1.008853282E+01 
       277  1.190000000E+02  0.000000000E+00  1.008445647E+01 
       278  1.192500000E+02  0.000000000E+00  1.008052752E+01 
       279  1.195000000E+02  0.000000000E+00  1.007674249E+01 
       280  1.197500000E+02  0.000000000E+00  1.007309790E+01 
       281  1.200000000E+02  0.000000000E+00  1.006959023E+01 
       282  1.202500000E+02  0.000000000E+00  1.006621595E+01 
       283  1.205000000E+02  0.000000000E+00  1.006297156E+01 
       284  1.207500000E+02  0.000000000E+00  1.005985352E+01 
       285  1.210000000E+02  0.000000000E+00  1.005685834E+01 
       286  1.212500000E+02  0.000000000E+00  1.005398253E+01 
       287  1.215000000E+02  0.000000000E+00  1.005122263E+01 
       288  1.217500000E+02  0.000000000E+00  1.004857518E+01 
       289  1.220000000E+02  0.000000000E+00  1.004603679E+01 
       290  1.222500000E+02  0.000000000E+00  1.004360408E+01 
       291  1.225000000E+02  0.000000000E+00  1.004127371E+01 
       292  1.227500000E+02  0.000000000E+00  1.003904239E+01 
       293  1.230000000E+02  0.000000000E+00  1.003690687E+01 
       294  1.232500000E+02  0.000000000E+00  1.003486397E+01 
       295  1.235000000E+02  0.000000000E+00  1.003291054E+01 
       296  1.237500000E+02  0.000000000E+00  1.003104348E+01 
       297  1.240000000E+02  0.000000000E+00  1.002925976E+01 
       298  1.242500000E+02  0.000000000E+00  1.002755642E+01 
       299  1.245000000E+02  0.000000000E+00  1.002593053E+01 
       300  1.247500000E+02  0.000000000E+00  1.002437925E+01 
       301  1.250000000E+02  0.000000000E+00  1.002289980E+01 
       302  1.252500000E+02  0.000000000E+00  1.002148945E+01 
       303  1.255000000E+02  0.000000000E+00  1.002014555E+01 
       304  1.257500000E+02  0.000000000E+00  1.001886550E+01 
       305  1.260000000E+02  0.000000000E+00  1.001764679E+01 
       306  1.262500000E+02  0.000000000E+00  1.001648697E+01 
       307  1.265000000E+02  0.000000000E+00  1.001538364E+01 
       308  1.267500000E+02  0.000000000E+00  1.001433450E+01 
       309  1.270000000E+02  0.000000000E+00  1.001333728E+01 
       310  1.272500000E+02  0.000000000E+00  1.001238981E+01 
       311  1.275000000E+02  0.000000000E+00  1.001148997E+01 
       312  1.277500000E+02  0.000000000E+00  1.001063571E+01 
       313  1.280000000E+02  0.000000000E+00  1.000982505E+01 
       314  1.282500000E+02  0.000000000E+00  1.000905607E+01 
       315  1.285000000E+02  0.000000000E+00  1.000832691E+01 
       316  1.287500000E+02  0.000000000E+00  1.000763579E+01 
       317  1.290000000E+02  0.000000000E+00  1.000698098E+01 
       318  1.292500000E+02  0.000000000E+00  1.000636081E+01 
       319  1.295000000E+02  0.000000000E+00  1.000577368E+01 
       320  1.297500000E+02  0.000000000E+00  1.000521804E+01 
       321  1.300000000E+02  0.000000000E+00  1.000469241E+01 
       322  1.302500000E+02  0.000000000E+00  1.000419534E+01 
       323  1.305000000E+02  0.000000000E+00  1.000372548E+01 
       324  1.307500000E+02  0.000000000E+00  1.000328149E+01 
       325  1.310000000E+02  0.000000000E+00  1.000286210E+01 
       326  1.312500000E+02  0.000000000E+00  1.000246611E+01 
       327  1.315000000E+02  0.000000000E+00  1.000209234E+01 
       328  1.317500000E+02  0.000000000E+00  1.000173968E+01 
       329  1.320000000E+02  0.000000000E+00  1.000140706E+01 
       330  1.322500000E+02  0.000000000E+00  1.000109345E+01 
       331  1.325000000E+02  0.000000000E+00  1.000079786E+01 
       332  1.327500000E+02  0.000000000E+00  1.000051938E+01 
       333  1.330000000E+02  0.000000000E+00  1.000025709E+01 
       334  1.332500000E+02  0.000000000E+00  1.000001015E+01 
       335  1.335000000E+02  0.000000000E+00  9.999777733E+00 
       336  1.337500000E+02  0.000000000E+00  9.999559069E+00 
       337  1.340000000E+02  0.000000000E+00  9.999353414E+00 
       338  1.342500000E+02  0.000000000E+00  9.999160060E+00 
       339  1.345000000E+02  0.000000000E+00  9.998978334E+00 
       340  1.347500000E+02  0.000000000E+00  9.998807596E+00 
       341  1.350000000E+02  0.000000000E+00  9.998647236E+00 
       342  1.352500000E+02  0.000000000E+00  9.998496673E+00 
       343  1.355000000E+02  0.000000000E+00  9.998355357E+00 
       344  1.357500000E+02  0.000000000E+00  9.998222764E+00 
       345  1.360000000E+02  0.000000000E+00  9.998098398E+00 
       346  1.362500000E+02  0.000000000E+00  9.997981786E+00 
       347  1.365000000E+02  0.000000000E+00  9.997872482E+00 
       348  1.367500000E+02  0.000000000E+00  9.997770060E+00 
       349  1.370000000E+02  0.000000000E+00  9.997674119E+00 
       350  1.372500000E+02  0.000000000E+00  9.997584279E+00 
       351  1.375000000E+02  0.000000000E+00  9.997500178E+00 
       352  1.377500000E+02  0.000000000E+00  9.997421475E+00 
       353  1.380000000E+02  0.000000000E+00  9.997347848E+00 
       354  1.382500000E+02  0.000000000E+00  9.997278992E+00 
       355  1.385000000E+02  0.000000000E+00  9.997214618E+00 
       356  1.387500000E+02  0.000000000E+00  9.997154454E+00 
       357  1.390000000E+02  0.000000000E+00  9.997098243E+00 
       358  1.392500000E+02  0.000000000E+00  9.997045742E+00 
       359  1.395000000E+02  0.000000000E+00  9.996996722E+00 
       360  1.397500000E+02  0.000000000E+00  9.996950968E+00 
       361  1.400000000E+02  0.000000000E+00  9.996908276E+00 
       362  1.402500000E+02  0.000000000E+00  9.996868454E+00 
       363  1.405000000E+02  0.000000000E+00  9.996831322E+00 
       364  1.407500000E+02  0.000000000E+00  9.996796710E+00 
       365  1.410000000E+02  0.000000000E+00  9.996764458E+00 
       366  1.412500000E+02  0.000000000E+00  9.996734416E+00 
       367  1.415000000E+02  0.000000000E+00  9.996706444E+00 
       368  1.417500000E+02  0.000000000E+00  9.996680408E+00 
       369  1.420000000E+02  0.000000000E+00  9.996656184E+00 
       370  1.422500000E+02  0.000000000E+00  9.996633654E+00 
       371  1.425000000E+02  0.000000000E+00  9.996612711E+00 
       372  1.427500000E+02  0.000000000E+00  9.996593250E+00 
       373  1.430000000E+02  0.000000000E+00  9.996575176E+00 
       374  1.432500000E+02  0.000000000E+00  9.996558398E+00 
       375  1.435000000E+02  0.000000000E+00  9.996542833E+00 
       376  1.437500000E+02  0.000000000E+00  9.996528402E+00 
       377  1.440000000E+02  0.000000000E+00  9.996515030E+00 
       378  1.442500000E+02  0.000000000E+00  9.996502649E+00 
       379  1.445000000E+02  0.000000000E+00  9.996491196E+00 
       380  1.447500000E+02  0.000000000E+00  9.996480610E+00 
       381  1.450000000E+02  0.000000000E+00  9.996470837E+00 
       382  1.452500000E+02  0.000000000E+00  9.996461823E+00 
       383  1.455000000E+02  0.000000000E+00  9.996453523E+00 
       384  1.457500000E+02  0.000000000E+00  9.996445890E+00 
       385  1.460000000E+02  0.000000000E+00  9.996438884E+00 
       386  1.462500000E+02  0.000000000E+00  9.996432467E+00 
       387  1.465000000E+02  0.000000000E+00  9.996426605E+00 
       388  1.467500000E+02  0.000000000E+00  9.996421264E+00 
       389  1.470000000E+02  0.000000000E+00  9.996416416E+00 
       390  1.472500000E+02  0.000000000E+00  9.996412033E+00 
       391  1.475000000E+02  0.000000000E+00  9.996408092E+00 
       392  1.477500000E+02  0.000000000E+00  9.996404571E+00 
       393  1.480000000E+02  0.000000000E+00  9.996401448E+00 
       394  1.482500000E+02  0.000000000E+00  9.996398708E+00 
       395  1.485000000E+02  0.000000000E+00  9.996396334E+00 
       396  1.487500000E+02  0.000000000E+00  9.996394314E+00 
       397  1.490000000E+02  0.000000000E+00  9.996392634E+00 
       398  1.492500000E+02  0.000000000E+00  9.996391286E+00 
       399  1.495000000E+02  0.000000000E+00  9.996390262E+00 
       400  1.497500000E+02  0.000000000E+00  9.996389556E+00 
       401  1.500000000E+02  0.000000000E+00  9.996389164E+00 
       402  1.502500000E+02  0.000000000E+00  9.996389083E+00 
       403  1.505000000E+02  0.000000000E+00  9.996389313E+00 
       404  1.507500000E+02  0.000000000E+00  9.996389854E+00 
       405  1.510000000E+02  0.000000000E+00  9.996390710E+00 
       406  1.512500000E+02  0.000000000E+00  9.996391885E+00 
       407  1.515000000E+02  0.000000000E+00  9.996393386E+00 
       408  1.517500000E+02  0.000000000E+00  9.996395221E+00 
       409  1.520000000E+02  0.000000000E+00  9.996397399E+00 
       410  1.522500000E+02  0.000000000E+00  9.996399933E+00 
       411  1.525000000E+02  0.000000000E+00  9.996402836E+00 
       412  1.527500000E+02  0.000000000E+00  9.996406125E+00 
       413  1.530000000E+02  0.000000000E+00  9.996409818E+00 
       414  1.532500000E+02  0.000000000E+00  9.996413934E+00 
       415  1.535000000E+02  0.000000000E+00  9.996418496E+00 
       416  1.537500000E+02  0.000000000E+00  9.996423528E+00 
       417  1.540000000E+02  0.000000000E+00  9.996429058E+00 
       418  1.542500000E+02  0.000000000E+00  9.996435116E+00 
       419  1.545000000E+02  0.000000000E+00  9.996441733E+00 
       420  1.547500000E+02  0.000000000E+00  9.996448944E+00 
       421  1.550000000E+02  0.000000000E+00  9.996456788E+00 
       422  1.552500000E+02  0.000000000E+00  9.996465306E+00 
       423  1.555000000E+02  0.000000000E+00  9.996474542E+00 
       424  1.557500000E+02  0.000000000E+00  9.996484543E+00 
       425  1.560000000E+02  0.000000000E+00  9.996495362E+00 
       426  1.562500000E+02  0.000000000E+00  9.996507054E+00 
       427  1.565000000E+02  0.000000000E+00  9.996519678E+00 
       428  1.567500000E+02  0.000000000E+00  9.996533297E+00 
       429  1.570000000E+02  0.000000000E+00  9.996547980E+00 
       430  1.572500000E+02  0.000000000E+00  9.996563800E+00 
       431  1.575000000E+02  0.000000000E+00  9.996580834E+00 
       432  1.577500000E+02  0.000000000E+00  9.996599166E+00 
       433  1.580000000E+02  0.000000000E+00  9.996618884E+00 
       434  1.582500000E+02  0.000000000E+00  9.996640084E+00 
       435  1.585000000E+02  0.000000000E+00  9.996662866E+00 
       436  1.587500000E+02  0.000000000E+00  9.996687339E+00 
       437  1.590000000E+02  0.000000000E+00  9.996713616E+00 
       438  1.592500000E+02  0.000000000E+00  9.996741821E+00 
       439  1.595000000E+02  0.000000000E+00  9.996772083E+00 
       440  1.597500000E+02  0.000000000E+00  9.996804540E+00 
       441  1.600000000E+02  0.000000000E+00  9.996839339E+00 
       442  1.602500000E+02  0.000000000E+00  9.996876637E+00 
       443  1.605000000E+02  0.000000000E+00  9.996916598E+00 
       444  1.607500000E+02  0.000000000E+00  9.996959398E+00 
       445  1.610000000E+02  0.000000000E+00  9.997005225E+00 
       446  1.612500000E+02  0.000000000E+00  9.997054276E+00 
       447  1.615000000E+02  0.000000000E+00  9.997106760E+00 
       448  1.617500000E+02  0.000000000E+00  9.997162899E+00 
       449  1.620000000E+02  0.000000000E+00  9.997222930E+00 
       450  1.622500000E+02  0.000000000E+00  9.997287100E+00 
       451  1.625000000E+02  0.000000000E+00  9.997355673E+00 
       452  1.627500000E+02  0.000000000E+00  9.997428927E+00 
       453  1.630000000E+02  0.000000000E+00  9.997507158E+00 
       454  1.632500000E+02  0.000000000E+00  9.997590675E+00 
       455  1.635000000E+02  0.000000000E+00  9.997679808E+00 
       456  1.637500000E+02  0.000000000E+00  9.997774903E+00 
       457  1.640000000E+02  0.000000000E+00  9.997876326E+00 
       458  1.642500000E+02  0.000000000E+00  9.997984464E+00 
       459  1.645000000E+02  0.000000000E+00  9.998099722E+00 
       460  1.647500000E+02  0.000000000E+00  9.998222530E+00 
       461  1.650000000E+02  0.000000000E+00  9.998353340E+00 
       462  1.652500000E+02  0.000000000E+00  9.998492627E+00 
       463  1.655000000E+02  0.000000000E+00  9.998640891E+00 
       464  1.657500000E+02  0.000000000E+00  9.998798659E+00 
       465  1.660000000E+02  0.000000000E+00  9.998966483E+00 
       466  1.662500000E+02  0.000000000E+00  9.999144946E+00 
       467  1.665000000E+02  0.000000000E+00  9.999334658E+00 
       468  1.667500000E+02  0.000000000E+00  9.999536260E+00 
       469  1.670000000E+02  0.000000000E+00  9.999750425E+00 
       470  1.672500000E+02  0.000000000E+00  9.999977859E+00 
       471  1.675000000E+02  0.000000000E+00  1.000021930E+01 
       472  1.677500000E+02  0.000000000E+00  1.000047553E+01 
       473  1.680000000E+02  0.000000000E+00  1.000074735E+01 
       474  1.682500000E+02  0.000000000E+00  1.000103562E+01 
       475  1.685000000E+02  0.000000000E+00  1.000134123E+01 
       476  1.687500000E+02  0.000000000E+00  1.000166510E+01 
       477  1.690000000E+02  0.000000000E+00  1.000200821E+01 
       478  1.692500000E+02  0.000000000E+00  1.000237157E+01 
       479  1.695000000E+02  0.000000000E+00  1.000275626E+01 
       480  1.697500000E+02  0.000000000E+00  1.000316336E+01 
       481  1.700000000E+02  0.000000000E+00  1.000359404E+01 
       482  1.702500000E+02  0.000000000E+00  1.000404951E+01 
       483  1.705000000E+02  0.000000000E+00  1.000453102E+01 
       484  1.707500000E+02  0.000000000E+00  1.000503988E+01 
       485  1.710000000E+02  0.000000000E+00  1.000557745E+01 
       486  1.712500000E+02  0.000000000E+00  1.000614515E+01 
       487  1.715000000E+02  0.000000000E+00  1.000674446E+01 
       488  1.717500000E+02  0.000000000E+00  1.000737690E+01 
       489  1.720000000E+02  0.000000000E+00  1.000804408E+01 
       490  1.722500000E+02  0.000000000E+00  1.000874764E+01 
       491  1.725000000E+02  0.000000000E+00  1.000948931E+01 
       492  1.727500000E+02  0.000000000E+00  1.001027087E+01 
       493  1.730000000E+02  0.000000000E+00  1.001109416E+01 
       494  1.732500000E+02  0.000000000E+00  1.001196112E+01 
       495  1.735000000E+02  0.000000000E+00  1.001287371E+01 
       496  1.737500000E+02  0.000000000E+00  1.001383401E+01 
       497  1.740000000E+02  0.000000000E+00  1.001484415E+01 
       498  1.742500000E+02  0.000000000E+00  1.001590631E+01 
       499  1.745000000E+02  0.000000000E+00  1.001702280E+01 
       500  1.747500000E+02  0.000000000E+00  1.001819596E+01 
       501  1.750000000E+02  0.000000000E+00  1.001942823E+01 
       502  1.752500000E+02  0.000000000E+00  1.002072212E+01 
       503  1.755000000E+02  0.000000000E+00  1.002208024E+01 
       504  1.757500000E+02  0.000000000E+00  1.002350527E+01 
       505  1.760000000E+02  0.000000000E+00  1.002499996E+01 
       506  1.762500000E+02  0.000000000E+00  1.002656718E+01 
       507  1.765000000E+02  0.000000000E+00  1.002820986E+01 
       508  1.767500000E+02  0.000000000E+00  1.002993103E+01 
       509  1.770000000E+02  0.000000000E+00  1.003173382E+01 
       510  1.772500000E+02  0.000000000E+00  1.003362144E+01 
       511  1.775000000E+02  0.000000000E+00  1.003559720E+01 
       512  1.777500000E+02  0.000000000E+00  1.003766450E+01 
       513  1.780000000E+02  0.000000000E+00  1.003982685E+01 
       514  1.782500000E+02  0.000000000E+00  1.004208785E+01 
       515  1.785000000E+02  0.000000000E+00  1.004445120E+01 
       516  1.787500000E+02  0.000000000E+00  1.004692072E+01 
       517  1.790000000E+02  0.000000000E+00  1.004950032E+01 
       518  1.792500000E+02  0.000000000E+00  1.005219402E+01 
       519  1.795000000E+02  0.000000000E+00  1.005500597E+01 
       520  1.797500000E+02  0.000000000E+00  1.005794041E+01 
       521  1.800000000E+02  0.000000000E+00  1.006100170E+01 
       522  1.802500000E+02  0.000000000E+00  1.006419432E+01 
       523  1.805000000E+02  0.000000000E+00  1.006752289E+01 
       524  1.807500000E+02  0.000000000E+00  1.007099214E+01 
       525  1.810000000E+02  0.000000000E+00  1.007460691E+01 
       526  1.812500000E+02  0.000000000E+00  1.007837220E+01 
       527  1.815000000E+02  0.000000000E+00  1.008229314E+01 
       528  1.817500000E+02  0.000000000E+00  1.008637500E+01 
       529  1.820000000E+02  0.000000000E+00  1.009062318E+01 
       530  1.822500000E+02  0.000000000E+00  1.009504325E+01 
       531  1.825000000E+02  0.000000000E+00  1.009964092E+01 
       532  1.827500000E+02  0.000000000E+00  1.010442206E+01 
       533  1.830000000E+02  0.000000000E+00  1.010939272E+01 
       534  1.832500000E+02  0.000000000E+00  1.011455910E+01 
       535  1.835000000E+02  0.000000000E+00  1.011992760E+01 
       536  1.837500000E+02  0.000000000E+00  1.012550478E+01 
       537  1.840000000E+02  0.000000000E+00  1.013129741E+01 
       538  1.842500000E+02  0.000000000E+00  1.013731245E+01 
       539  1.845000000E+02  0.000000000E+00  1.014355707E+01 
       540  1.847500000E+02  0.000000000E+00  1.015003867E+01 
       541  1.850000000E+02  0.000000000E+00  1.015676484E+01 
       542  1.852500000E+02  0.000000000E+00  1.016374342E+01 
       543  1.855000000E+02  0.000000000E+00  1.017098251E+01 
       544  1.857500000E+02  0.000000000E+00  1.017849042E+01 
       545  1.860000000E+02  0.000000000E+00  1.018627575E+01 
       546  1.862500000E+02  0.000000000E+00  1.019434737E+01 
       547  1.865000000E+02  0.000000000E+00  1.020271440E+01 
       548  1.867500000E+02  0.000000000E+00  1.021138628E+01 
       549  1.870000000E+02  0.000000000E+00  1.022037272E+01 
       550  1.872500000E+02  0.000000000E+00  1.022968376E+01 
       551  1.875000000E+02  0.000000000E+00  1.023932974E+01 
       552  1.877500000E+02  0.000000000E+00  1.024932132E+01 
       553  1.880000000E+02  0.000000000E+00  1.025966948E+01 
       554  1.882500000E+02  0.000000000E+00  1.027038555E+01 
       555  1.885000000E+02  0.000000000E+00  1.028148119E+01 
       556  1.887500000E+02  0.000000000E+00  1.029296837E+01 
       557  1.890000000E+02  0.000000000E+00  1.030485943E+01 
       558  1.892500000E+02  0.000000000E+00  1.031716702E+01 
       559  1.895000000E+02  0.000000000E+00  1.032990412E+01 
       560  1.897500000E+02  0.000000000E+00  1.034308401E+01 
       561  1.900000000E+02  0.000000000E+00  1.035672026E+01 
       562  1.902500000E+02  0.000000000E+00  1.037082672E+01 
       563  1.905000000E+02  0.000000000E+00  1.038541747E+01 
       564  1.907500000E+02  0.000000000E+00  1.040050678E+01 
       565  1.910000000E+02  0.000000000E+00  1.041610906E+01 
       566  1.912500000E+02  0.000000000E+00  1.043223882E+01 
       567  1.915000000E+02  0.000000000E+00  1.044891056E+01 
       568  1.917500000E+02  0.000000000E+00  1.046613870E+01 
       569  1.920000000E+02  0.000000000E+00  1.048393747E+01 
       570  1.922500000E+02  0.000000000E+00  1.050232074E+01 
       571  1.925000000E+02  0.000000000E+00  1.052130189E+01 
       572  1.927500000E+02  0.000000000E+00  1.054089363E+01 
       573  1.930000000E+02  0.000000000E+00  1.056110772E+01 
       574  1.932500000E+02  0.000000000E+00  1.058195473E+01 
       575  1.935000000E+02  0.000000000E+00  1.060344369E+01 
       576  1.937500000E+02  0.000000000E+00  1.062558174E+01 
       577  1.940000000E+02  0.000000000E+00  1.064837359E+01 
       578  1.942500000E+02  0.000000000E+00  1.067182106E+01 
       579  1.945000000E+02  0.000000000E+00  1.069592232E+01 
       580  1.947500000E+02  0.000000000E+00  1.072067119E+01 
       581  1.950000000E+02  0.000000000E+00  1.074605612E+01 
       582  1.952500000E+02  0.000000000E+00  1.077205910E+01 
       583  1.955000000E+02  0.000000000E+00  1.079865426E+01 
       584  1.957500000E+02  0.000000000E+00  1.082580617E+01 
       585  1.960000000E+02  0.000000000E+00  1.085346785E+01 
       586  1.962500000E+02  0.000000000E+00  1.088157822E+01 
       587  1.965000000E+02  0.000000000E+00  1.091005898E+01 
       588  1.967500000E+02  0.000000000E+00  1.093881066E+01 
       589  1.970000000E+02  0.000000000E+00  1.096770770E+01 
       590  1.972500000E+02  0.000000000E+00  1.099659194E+01 
       591  1.975000000E+02  0.000000000E+00  1.102526426E+01 
       592  1.977500000E+02  0.000000000E+00  1.105347323E+01 
       593  1.980000000E+02  0.000000000E+00  1.108089955E+01 
       594  1.982500000E+02  0.000000000E+00  1.110713384E+01 
       595  1.985000000E+02  0.000000000E+00  1.113164375E+01 
       596  1.987500000E+02  0.000000000E+00  1.115372242E+01 
       597  1.990000000E+02  0.000000000E+00  1.117240185E+01 
       598  1.992500000E+02  0.000000000E+00  1.118629363E+01 
       599  1.995000000E+02  0.000000000E+00  1.119325829E+01 
       600  1.997500000E+02  0.000000000E+00  1.118733414E+01 
       601  2.000000000E+02  0.000000000E+00  1.196723297E+01 
       602  2.001999988E+02  0.000000000E+00  1.249370750E+01 
       603  2.004032879E+02  0.000000000E+00  1.229358326E+01 
       604  2.006099214E+02  0.000000000E+00  1.210860940E+01 
       605  2.008199543E+02  0.000000000E+00  1.193690284E+01 
       606  2.010334426E+02  0.000000000E+00  1.177758289E+01 
       607  2.012504431E+02  0.000000000E+00  1.162983329E+01 
       608  2.014710137E+02  0.000000000E+00  1.149289569E+01 
       609  2.016952129E+02  0.000000000E+00  1.136606400E+01 
       610  2.019231006E+02  0.000000000E+00  1.124867955E+01 
       611  2.021547374E+02  0.000000000E+00  1.114012681E+01 
       612  2.023901849E+02  0.000000000E+00  1.103982967E+01 
       613  2.026295060E+02  0.000000000E+00  1.094724816E+01 
       614  2.028727642E+02  0.000000000E+00  1.086187525E+01 
       615  2.031200245E+02  0.000000000E+00  1.078148724E+01 
       616  2.033713525E+02  0.000000000E+00  1.070583690E+01 
       617  2.036268153E+02  0.000000000E+00  1.066654103E+01 
       618  2.038864808E+02  0.000000000E+00  1.063167245E+01 
       619  2.041504183E+02  0.000000000E+00  1.056855470E+01 
       620  2.044186979E+02  0.000000000E+00  1.051121181E+01 
       621  2.046913911E+02  0.000000000E+00  1.046055745E+01 
       622  2.049685706E+02  0.000000000E+00  1.041433109E+01 
       623  2.052503101E+02  0.000000000E+00  1.037221286E+01 
       624  2.055366847E+02  0.000000000E+00  1.033390149E+01 
       625  2.058277705E+02  0.000000000E+00  1.029911331E+01 
       626  2.061236452E+02  0.000000000E+00  1.026758122E+01 
       627  2.064243875E+02  0.000000000E+00  1.023905407E+01 
       628  2.067300774E+02  0.000000000E+00  1.021329583E+01 
       629  2.070407965E+02  0.000000000E+00  1.019008489E+01 
       630  2.073566273E+02  0.000000000E+00  1.016921338E+01 
       631  2.076776540E+02  0.000000000E+00  1.015048660E+01 
       632  2.080039622E+02  0.000000000E+00  1.013372237E+01 
       633  2.083356386E+02  0.000000000E+00  1.011875050E+01 
       634  2.086727716E+02  0.000000000E+00  1.010541220E+01 
       635  2.090154510E+02  0.000000000E+00  1.009355962E+01 
       636  2.093637679E+02  0.000000000E+00  1.008305530E+01 
       637  2.097178153E+02  0.000000000E+00  1.007377166E+01 
       638  2.100776872E+02  0.000000000E+00  1.006559055E+01 
       639  2.104434797E+02  0.000000000E+00  1.005840275E+01 
       640  2.108152899E+02  0.000000000E+00  1.005210752E+01 
       641  2.111932170E+02  0.000000000E+00  1.004661211E+01 
       642  2.115773617E+02  0.000000000E+00  1.004183136E+01 
       643  2.119678260E+02  0.000000000E+00  1.003768720E+01 
       644  2.123647142E+02  0.000000000E+00  1.003410827E+01 
       645  2.127681317E+02  0.000000000E+00  1.003102949E+01 
       646  2.131781861E+02  0.000000000E+00  1.002839162E+01 
       647  2.135949866E+02  0.000000000E+00  1.002614092E+01 
       648  2.140186441E+02  0.000000000E+00  1.002422869E+01 
       649  2.144492713E+02  0.000000000E+00  1.002261098E+01 
       650  2.148869831E+02  0.000000000E+00  1.002124821E+01 
       651  2.153318959E+02  0.000000000E+00  1.002010480E+01 
       652  2.157841282E+02  0.000000000E+00  1.001914891E+01 
       653  2.162438005E+02  0.000000000E+00  1.001835208E+01 
       654  2.167110350E+02  0.000000000E+00  1.001768901E+01 
       655  2.171859563E+02  0.000000000E+00  1.001713722E+01 
       656  2.176686908E+02  0.000000000E+00  1.001667688E+01 
       657  2.181593671E+02  0.000000000E+00  1.001629051E+01 
       658  2.186581157E+02  0.000000000E+00  1.001596282E+01 
       659  2.191650695E+02  0.000000000E+00  1.001568047E+01 
       660  2.196803635E+02  0.000000000E+00  1.001543193E+01 
       661  2.202041348E+02  0.000000000E+00  1.001520727E+01 
       662  2.207365230E+02  0.000000000E+00  1.001499803E+01 
       663  2.212776699E+02  0.000000000E+00  1.001479709E+01 
       664  2.218277194E+02  0.000000000E+00  1.001459850E+01 
       665  2.223868182E+02  0.000000000E+00  1.001439738E+01 
       666  2.229551149E+02  0.000000000E+00  1.001418983E+01 
       667  2.235327610E+02  0.000000000E+00  1.001397278E+01 
       668  2.241199103E+02  0.000000000E+00  1.001374392E+01 
       669  2.247167191E+02  0.000000000E+00  1.001350159E+01 
       670  2.253233464E+02  0.000000000E+00  1.001324472E+01 
       671  2.259399536E+02  0.000000000E+00  1.001297272E+01 
       672  2.265667050E+02  0.000000000E+00  1.001268542E+01 
       673  2.272037674E+02  0.000000000E+00  1.001238301E+01 
       674  2.278513104E+02  0.000000000E+00  1.001206592E+01 
       675  2.285095066E+02  0.000000000E+00  1.001173483E+01 
       676  2.291785311E+02  0.000000000E+00  1.001139055E+01 
       677  2.298585621E+02  0.000000000E+00  1.001103403E+01 
       678  2.305497807E+02  0.000000000E+00  1.001066626E+01 
       679  2.312523708E+02  0.000000000E+00  1.001028826E+01 
       680  2.319665197E+02  0.000000000E+00  1.000990105E+01 
       681  2.326924175E+02  0.000000000E+00  1.000950559E+01 
       682  2.334302574E+02  0.000000000E+00  1.000910281E+01 
       683  2.341802359E+02  0.000000000E+00  1.000869356E+01 
       684  2.349425527E+02  0.000000000E+00  1.000827861E+01 
       685  2.357174108E+02  0.000000000E+00  1.000785865E+01 
       686  2.365050165E+02  0.000000000E+00  1.000743427E+01 
       687  2.373055796E+02  0.000000000E+00  1.000700599E+01 
       688  2.381193132E+02  0.000000000E+00  1.000657427E+01 
       689  2.389464340E+02  0.000000000E+00  1.000613947E+01 
       690  2.397871622E+02  0.000000000E+00  1.000570193E+01 
       691  2.406417216E+02  0.000000000E+00  1.000526190E+01 
       692  2.415103399E+02  0.000000000E+00  1.000481962E+01 
       693  2.423932484E+02  0.000000000E+00  1.000437525E+01 
       694  2.432906820E+02  0.000000000E+00  1.000392893E+01 
       695  2.442028798E+02  0.000000000E+00  1.000348075E+01 
       696  2.451300847E+02  0.000000000E+00  1.000303072E+01 
       697  2.460725436E+02  0.000000000E+00  1.000257876E+01 
       698  2.470305073E+02  0.000000000E+00  1.000212465E+01 
       699  2.480042311E+02  0.000000000E+00  1.000166799E+01 
       700  2.489939742E+02  0.000000000E+00  1.000120812E+01 
       701  2.500000000E+02  0.000000000E+00  1.000074397E+01 
       702  2.510060258E+02  0.000000000E+00  1.000028176E+01 
       703  2.519957689E+02  0.000000000E+00  9.999827612E+00 
       704  2.529694927E+02  0.000000000E+00  9.999380350E+00 
       705  2.539274564E+02  0.000000000E+00  9.998939262E+00 
       706  2.548699153E+02  0.000000000E+00  9.998503941E+00 
       707  2.557971202E+02  0.000000000E+00  9.998074182E+00 
       708  2.567093180E+02  0.000000000E+00  9.997649915E+00 
       709  2.576067516E+02  0.000000000E+00  9.997231158E+00 
       710  2.584896601E+02  0.000000000E+00  9.996817973E+00 
       711  2.593582784E+02  0.000000000E+00  9.996410438E+00 
       712  2.602128379E+02  0.000000000E+00  9.996008620E+00 
       713  2.610535660E+02  0.000000000E+00  9.995612558E+00 
       714  2.618806868E+02  0.000000000E+00  9.995222237E+00 
       715  2.626944204E+02  0.000000000E+00  9.994837580E+00 
       716  2.634949835E+02  0.000000000E+00  9.994458424E+00 
       717  2.642825892E+02  0.000000000E+00  9.994084508E+00 
       718  2.650574473E+02  0.000000000E+00  9.993715452E+00 
       719  2.658197641E+02  0.000000000E+00  9.993350745E+00 
       720  2.665697426E+02  0.000000000E+00  9.992989724E+00 
       721  2.673075825E+02  0.000000000E+00  9.992631560E+00 
       722  2.680334803E+02  0.000000000E+00  9.992275236E+00 
       723  2.687476292E+02  0.000000000E+00  9.991919536E+00 
       724  2.694502193E+02  0.000000000E+00  9.991563024E+00 
       725  2.701414379E+02  0.000000000E+00  9.991204028E+00 
       726  2.708214689E+02  0.000000000E+00  9.990840626E+00 
       727  2.714904934E+02  0.000000000E+00  9.990470626E+00 
       728  2.721486896E+02  0.000000000E+00  9.990091552E+00 
       729  2.727962326E+02  0.000000000E+00  9.989700625E+00 
       730  2.734332950E+02  0.000000000E+00  9.989294741E+00 
       731  2.740600464E+02  0.000000000E+00  9.988870456E+00 
       732  2.746766536E+02  0.000000000E+00  9.988423953E+00 
       733  2.752832808E+02  0.000000000E+00  9.987951020E+00 
       734  2.758800897E+02  0.000000000E+00  9.987447011E+00 
       735  2.764672390E+02  0.000000000E+00  9.986906812E+00 
       736  2.770448851E+02  0.000000000E+00  9.986324789E+00 
       737  2.776131818E+02  0.000000000E+00  9.985694737E+00 
       738  2.781722806E+02  0.000000000E+00  9.985009817E+00 
       739  2.787223301E+02  0.000000000E+00  9.984262478E+00 
       740  2.792634769E+02  0.000000000E+00  9.983444378E+00 
       741  2.797958652E+02  0.000000000E+00  9.982546286E+00 
       742  2.803196365E+02  0.000000000E+00  9.981557973E+00 
       743  2.808349305E+02  0.000000000E+00  9.980468093E+00 
       744  2.813418843E+02  0.000000000E+00  9.979264045E+00 
       745  2.818406329E+02  0.000000000E+00  9.977931832E+00 
       746  2.823313092E+02  0.000000000E+00  9.976455893E+00 
       747  2.828140437E+02  0.000000000E+00  9.974818931E+00 
       748  2.832889650E+02  0.000000000E+00  9.973001723E+00 
       749  2.837561995E+02  0.000000000E+00  9.970982920E+00 
       750  2.842158718E+02  0.000000000E+00  9.968738831E+00 
       751  2.846681041E+02  0.000000000E+00  9.966243200E+00 
       752  2.851130169E+02  0.000000000E+00  9.963466963E+00 
       753  2.855507287E+02  0.000000000E+00  9.960378006E+00 
       754  2.859813560E+02  0.000000000E+00  9.956940909E+00 
       755  2.864050134E+02  0.000000000E+00  9.953116684E+00 
       756  2.868218139E+02  0.000000000E+00  9.948862503E+00 
       757  2.872318683E+02  0.000000000E+00  9.944131435E+00 
       758  2.876352858E+02  0.000000000E+00  9.938872169E+00 
       759  2.880321740E+02  0.000000000E+00  9.933028747E+00 
       760  2.884226383E+02  0.000000000E+00  9.926540296E+00 
       761  2.888067830E+02  0.000000000E+00  9.919340774E+00 
       762  2.891847101E+02  0.000000000E+00  9.911358718E+00 
       763  2.895565204E+02  0.000000000E+00  9.902517014E+00 
       764  2.899223128E+02  0.000000000E+00  9.892732681E+00 
       765  2.902821847E+02  0.000000000E+00  9.881916676E+00 
       766  2.906362321E+02  0.000000000E+00  9.869973729E+00 
       767  2.909845490E+02  0.000000000E+00  9.856802204E+00 
       768  2.913272284E+02  0.000000000E+00  9.842294002E+00 
       769  2.916643614E+02  0.000000000E+00  9.826334493E+00 
       770  2.919960378E+02  0.000000000E+00  9.808802511E+00 
       771  2.923223460E+02  0.000000000E+00  9.789570377E+00 
       772  2.926433727E+02  0.000000000E+00  9.768503998E+00 
       773  2.929592035E+02  0.000000000E+00  9.745463015E+00 
       774  2.932699226E+02  0.000000000E+00  9.720301021E+00 
       775  2.935756125E+02  0.000000000E+00  9.692865847E+00 
       776  2.938763548E+02  0.000000000E+00  9.662999929E+00 
       777  2.941722295E+02  0.000000000E+00  9.630540749E+00 
       778  2.944633153E+02  0.000000000E+00  9.595321364E+00 
       779  2.947496899E+02  0.000000000E+00  9.557171023E+00 
       780  2.950314294E+02  0.000000000E+00  9.515915872E+00 
       781  2.953086088E+02  0.000000000E+00  9.471379752E+00 
       782  2.955813021E+02  0.000000000E+00  9.423385089E+00 
       783  2.958495817E+02  0.000000000E+00  9.371753886E+00 
       784  2.961135192E+02  0.000000000E+00  9.316308801E+00 
       785  2.963731847E+02  0.000000000E+00  9.256874310E+00 
       786  2.966286475E+02  0.000000000E+00  9.193277968E+00 
       787  2.968799755E+02  0.000000000E+00  9.125351745E+00 
       788  2.971272358E+02  0.000000000E+00  9.052933434E+00 
       789  2.973704940E+02  0.000000000E+00  8.975868133E+00 
       790  2.976098151E+02  0.000000000E+00  8.894009771E+00 
       791  2.978452626E+02  0.000000000E+00  8.807222691E+00 
       792  2.980768994E+02  0.000000000E+00  8.715383254E+00 
       793  2.983047871E+02  0.000000000E+00  8.618381453E+00 
       794  2.985289863E+02  0.000000000E+00  8.516122609E+00 
       795  2.987495568E+02  0.000000000E+00  8.607876029E+00 
       796  2.989665574E+02  0.000000000E+00  8.706239510E+00 
       797  2.991800457E+02  0.000000000E+00  8.618740358E+00 
       798  2.993900786E+02  0.000000000E+00  8.527194913E+00 
       799  2.995967121E+02  0.000000000E+00  8.431613008E+00 
       800  2.998000012E+02  0.000000000E+00  8.331632096E+00 
       801  3.000000000E+02  0.000000000E+00  8.562528628E+00 
       802  3.002500000E+02  0.000000000E+00  8.910952207E+00 
       803  3.005000000E+02  0.000000000E+00  8.910150506E+00 
       804  3.007500000E+02  0.000000000E+00  8.918961000E+00 
       805  3.010000000E+02  0.000000000E+00  8.933049096E+00 
       806  3.012500000E+02  0.000000000E+00  8.950811488E+00 
       807  3.015000000E+02  0.000000000E+00  8.971193262E+00 
       808  3.017500000E+02  0.000000000E+00  8.993451613E+00 
       809  3.020000000E+02  0.000000000E+00  9.017039798E+00 
       810  3.022500000E+02  0.000000000E+00  9.041543374E+00 
       811  3.025000000E+02  0.000000000E+00  9.066641864E+00 
       812  3.027500000E+02  0.000000000E+00  9.092084058E+00 
       813  3.030000000E+02  0.000000000E+00  9.117671246E+00 
       814  3.032500000E+02  0.000000000E+00  9.143245368E+00 
       815  3.035000000E+02  0.000000000E+00  9.168680356E+00 
       816  3.037500000E+02  0.000000000E+00  9.193875647E+00 
       817  3.040000000E+02  0.000000000E+00  9.218751229E+00 
       818  3.042500000E+02  0.000000000E+00  9.243243770E+00 
       819  3.045000000E+02  0.000000000E+00  9.267303575E+00 
       820  3.047500000E+02  0.000000000E+00  9.290892143E+00 
       821  3.050000000E+02  0.000000000E+00  9.313980202E+00 
       822  3.052500000E+02  0.000000000E+00  9.336546101E+00 
       823  3.055000000E+02  0.000000000E+00  9.358574501E+00 
       824  3.057500000E+02  0.000000000E+00  9.380055282E+00 
       825  3.060000000E+02  0.000000000E+00  9.400982649E+00 
       826  3.062500000E+02  0.000000000E+00  9.421354373E+00 
       827  3.065000000E+02  0.000000000E+00  9.441171173E+00 
       828  3.067500000E+02  0.000000000E+00  9.460436181E+00 
       829  3.070000000E+02  0.000000000E+00  9.479154505E+00 
       830  3.072500000E+02  0.000000000E+00  9.497332851E+00 
       831  3.075000000E+02  0.000000000E+00  9.514979216E+00 
       832  3.077500000E+02  0.000000000E+00  9.532102619E+00 
       833  3.080000000E+02  0.000000000E+00  9.548712879E+00 
       834  3.082500000E+02  0.000000000E+00  9.564820427E+00 
       835  3.085000000E+02  0.000000000E+00  9.580436148E+00 
       836  3.087500000E+02  0.000000000E+00  9.595571251E+00 
       837  3.090000000E+02  0.000000000E+00  9.610237151E+00 
       838  3.092500000E+02  0.000000000E+00  9.624445386E+00 
       839  3.095000000E+02  0.000000000E+00  9.638207531E+00 
       840  3.097500000E+02  0.000000000E+00  9.651535140E+00 
       841  3.100000000E+02  0.000000000E+00  9.664439689E+00 
       842  3.102500000E+02  0.000000000E+00  9.676932540E+00 
       843  3.105000000E+02  0.000000000E+00  9.689024899E+00 
       844  3.107500000E+02  0.000000000E+00  9.700727795E+00 
       845  3.110000000E+02  0.000000000E+00  9.712052054E+00 
       846  3.112500000E+02  0.000000000E+00  9.723008286E+00 
       847  3.115000000E+02  0.000000000E+00  9.733606872E+00 
       848  3.117500000E+02  0.000000000E+00  9.743857954E+00 
       849  3.120000000E+02  0.000000000E+00  9.753771433E+00 
       850  3.122500000E+02  0.000000000E+00  9.763356963E+00 
       851  3.125000000E+02  0.000000000E+00  9.772623952E+00 
       852  3.127500000E+02  0.000000000E+00  9.781581562E+00 
       853  3.130000000E+02  0.000000000E+00  9.790238713E+00 
       854  3.132500000E+02  0.000000000E+00  9.798604085E+00 
       855  3.135000000E+02  0.000000000E+00  9.806686123E+00 
       856  3.137500000E+02  0.000000000E+00  9.814493041E+00 
       857  3.140000000E+02  0.000000000E+00  9.822032832E+00 
       858  3.142500000E+02  0.000000000E+00  9.829313266E+00 
       859  3.145000000E+02  0.000000000E+00  9.836341905E+00 
       860  3.147500000E+02  0.000000000E+00  9.843126104E+00 
       861  3.150000000E+02  0.000000000E+00  9.849673018E+00 
       862  3.152500000E+02  0.000000000E+00  9.855989610E+00 
       863  3.155000000E+02  0.000000000E+00  9.862082657E+00 
       864  3.157500000E+02  0.000000000E+00  9.867958755E+00 
       865  3.160000000E+02  0.000000000E+00  9.873624328E+00 
       866  3.162500000E+02  0.000000000E+00  9.879085630E+00 
       867  3.165000000E+02  0.000000000E+00  9.884348753E+00 
       868  3.167500000E+02  0.000000000E+00  9.889419633E+00 
       869  3.170000000E+02  0.000000000E+00  9.894304053E+00 
       870  3.172500000E+02  0.000000000E+00  9.899007651E+00 
       871  3.175000000E+02  0.000000000E+00  9.903535921E+00 
       872  3.177500000E+02  0.000000000E+00  9.907894222E+00 
       873  3.180000000E+02  0.000000000E+00  9.912087778E+00 
       874  3.182500000E+02  0.000000000E+00  9.916121684E+00 
       875  3.185000000E+02  0.000000000E+00  9.920000910E+00 
       876  3.187500000E+02  0.000000000E+00  9.923730303E+00 
       877  3.190000000E+02  0.000000000E+00  9.927314592E+00 
       878  3.192500000E+02  0.000000000E+00  9.930758392E+00 
       879  3.195000000E+02  0.000000000E+00  9.934066201E+00 
       880  3.197500000E+02  0.000000000E+00  9.937242412E+00 
       881  3.200000000E+02  0.000000000E+00  9.940291307E+00 
       882  3.202500000E+02  0.000000000E+00  9.943217064E+00 
       883  3.205000000E+02  0.000000000E+00  9.946023760E+00 
       884  3.207500000E+02  0.000000000E+00  9.948715367E+00 
       885  3.210000000E+02  0.000000000E+00  9.951295763E+00 
       886  3.212500000E+02  0.000000000E+00  9.953768726E+00 
       887  3.215000000E+02  0.000000000E+00  9.956137941E+00 
       888  3.217500000E+02  0.000000000E+00  9.958406997E+00 
       889  3.220000000E+02  0.000000000E+00  9.960579393E+00 
       890  3.222500000E+02  0.000000000E+00  9.962658538E+00 
       891  3.225000000E+02  0.000000000E+00  9.964647752E+00 
       892  3.227500000E+02  0.000000000E+00  9.966550265E+00 
       893  3.230000000E+02  0.000000000E+00  9.968369225E+00 
       894  3.232500000E+02  0.000000000E+00  9.970107693E+00 
       895  3.235000000E+02  0.000000000E+00  9.971768645E+00 
       896  3.237500000E+02  0.000000000E+00  9.973354979E+00 
       897  3.240000000E+02  0.000000000E+00  9.974869508E+00 
       898  3.242500000E+02  0.000000000E+00  9.976314969E+00 
       899  3.245000000E+02  0.000000000E+00  9.977694016E+00 
       900  3.247500000E+02  0.000000000E+00  9.979009231E+00 
       901  3.250000000E+02  0.000000000E+00  9.980263116E+00 
       902  3.252500000E+02  0.000000000E+00  9.981458101E+00 
       903  3.255000000E+02  0.000000000E+00  9.982596539E+00 
       904  3.257500000E+02  0.000000000E+00  9.983680715E+00 
       905  3.260000000E+02  0.000000000E+00  9.984712839E+00 
       906  3.262500000E+02  0.000000000E+00  9.985695055E+00 
       907  3.265000000E+02  0.000000000E+00  9.986629434E+00 
       908  3.267500000E+02  0.000000000E+00  9.987517984E+00 
       909  3.270000000E+02  0.000000000E+00  9.988362644E+00 
       910  3.272500000E+02  0.000000000E+00  9.989165289E+00 
       911  3.275000000E+02  0.000000000E+00  9.989927732E+00 
       912  3.277500000E+02  0.000000000E+00  9.990651722E+00 
       913  3.280000000E+02  0.000000000E+00  9.991338948E+00 
       914  3.282500000E+02  0.000000000E+00  9.991991039E+00 
       915  3.285000000E+02  0.000000000E+00  9.992609566E+00 
       916  3.287500000E+02  0.000000000E+00  9.993196044E+00 
       917  3.290000000E+02  0.000000000E+00  9.993751931E+00 
       918  3.292500000E+02  0.000000000E+00  9.994278631E+00 
       919  3.295000000E+02  0.000000000E+00  9.994777497E+00 
       920  3.297500000E+02  0.000000000E+00  9.995249828E+00 
       921  3.300000000E+02  0.000000000E+00  9.995696875E+00 
       922  3.302500000E+02  0.000000000E+00  9.996119838E+00 
       923  3.305000000E+02  0.000000000E+00  9.996519870E+00 
       924  3.307500000E+02  0.000000000E+00  9.996898081E+00 
       925  3.310000000E+02  0.000000000E+00  9.997255530E+00 
       926  3.312500000E+02  0.000000000E+00  9.997593239E+00 
       927  3.315000000E+02  0.000000000E+00  9.997912183E+00 
       928  3.317500000E+02  0.000000000E+00  9.998213298E+00 
       929  3.320000000E+02  0.000000000E+00  9.998497480E+00 
       930  3.322500000E+02  0.000000000E+00  9.998765587E+00 
       931  3.325000000E+02  0.000000000E+00  9.999018438E+00 
       932  3.327500000E+02  0.000000000E+00  9.999256819E+00 
       933  3.330000000E+02  0.000000000E+00  9.999481478E+00 
       934  3.332500000E+02  0.000000000E+00  9.999693133E+00 
       935  3.335000000E+02  0.000000000E+00  9.999892465E+00 
       936  3.337500000E+02  0.000000000E+00  1.000008013E+01 
       937  3.340000000E+02  0.000000000E+00  1.000025674E+01 
       938  3.342500000E+02  0.000000000E+00  1.000042291E+01 
       939  3.345000000E+02  0.000000000E+00  1.000057918E+01 
       940  3.347500000E+02  0.000000000E+00  1.000072610E+01 
       941  3.350000000E+02  0.000000000E+00  1.000086419E+01 
       942  3.352500000E+02  0.000000000E+00  1.000099392E+01 
       943  3.355000000E+02  0.000000000E+00  1.000111577E+01 
       944  3.357500000E+02  0.000000000E+00  1.000123017E+01 
       945  3.360000000E+02  0.000000000E+00  1.000133755E+01 
       946  3.362500000E+02  0.000000000E+00  1.000143830E+01 
       947  3.365000000E+02  0.000000000E+00  1.000153279E+01 
       948  3.367500000E+02  0.000000000E+00  1.000162139E+01 
       949  3.370000000E+02  0.000000000E+00  1.000170444E+01 
       950  3.372500000E+02  0.000000000E+00  1.000178226E+01 
       951  3.375000000E+02  0.000000000E+00  1.000185516E+01 
       952  3.377500000E+02  0.000000000E+00  1.000192341E+01 
       953  3.380000000E+02  0.000000000E+00  1.000198731E+01 
       954  3.382500000E+02  0.000000000E+00  1.000204710E+01 
       955  3.385000000E+02  0.000000000E+00  1.000210303E+01 
       956  3.387500000E+02  0.000000000E+00  1.000215534E+01 
       957  3.390000000E+02  0.000000000E+00  1.000220424E+01 
       958  3.392500000E+02  0.000000000E+00  1.000224994E+01 
       959  3.395000000E+02  0.000000000E+00  1.000229263E+01 
       960  3.397500000E+02  0.000000000E+00  1.000233249E+01 
       961  3.400000000E+02  0.000000000E+00  1.000236972E+01 
       962  3.402500000E+02  0.000000000E+00  1.000240445E+01 
       963  3.405000000E+02  0.000000000E+00  1.000243686E+01 
       964  3.407500000E+02  0.000000000E+00  1.000246708E+01 
       965  3.410000000E+02  0.000000000E+00  1.000249525E+01 
       966  3.412500000E+02  0.000000000E+00  1.000252150E+01 
       967  3.415000000E+02  0.000000000E+00  1.000254596E+01 
       968  3.417500000E+02  0.000000000E+00  1.000256873E+01 
       969  3.420000000E+02  0.000000000E+00  1.000258992E+01 
       970  3.422500000E+02  0.000000000E+00  1.000260964E+01 
       971  3.425000000E+02  0.000000000E+00  1.000262797E+01 
       972  3.427500000E+02  0.000000000E+00  1.000264501E+01 
       973  3.430000000E+02  0.000000000E+00  1.000266083E+01 
       974  3.432500000E+02  0.000000000E+00  1.000267552E+01 
       975  3.435000000E+02  0.000000000E+00  1.000268915E+01 
       976  3.437500000E+02  0.000000000E+00  1.000270179E+01 
       977  3.440000000E+02  0.000000000E+00  1.000271349E+01 
       978  3.442500000E+02  0.000000000E+00  1.000272432E+01 
       979  3.445000000E+02  0.000000000E+00  1.000273433E+01 
       980  3.447500000E+02  0.000000000E+00  1.000274358E+01 
       981  3.450000000E+02  0.000000000E+00  1.000275211E+01 
       982  3.452500000E+02  0.000000000E+00  1.000275997E+01 
       983  3.455000000E+02  0.000000000E+00  1.000276719E+01 
       984  3.457500000E+02  0.000000000E+00  1.000277382E+01 
       985  3.460000000E+02  0.000000000E+00  1.000277989E+01 
       986  3.462500000E+02  0.000000000E+00  1.000278543E+01 
       987  3.465000000E+02  0.000000000E+00  1.000279048E+01 
       988  3.467500000E+02  0.000000000E+00  1.000279505E+01 
       989  3.470000000E+02  0.000000000E+00  1.000279918E+01 
       990  3.472500000E+02  0.000000000E+00  1.000280288E+01 
       991  3.475000000E+02  0.000000000E+00  1.000280618E+01 
       992  3.477500000E+02  0.000000000E+00  1.000280909E+01 
       993  3.480000000E+02  0.000000000E+00  1.000281163E+01 
       994  3.482500000E+02  0.000000000E+00  1.000281382E+01 
       995  3.485000000E+02  0.000000000E+00  1.000281566E+01 
       996  3.487500000E+02  0.000000000E+00  1.000281717E+01 
       997  3.490000000E+02  0.000000000E+00  1.000281835E+01 
       998  3.492500000E+02  0.000000000E+00  1.000281921E+01 
       999  3.495000000E+02  0.000000000E+00  1.000281976E+01 
      1000  3.497500000E+02  0.000000000E+00  1.000282000E+01 
      1001  3.500000000E+02  0.000000000E+00  1.000281992E+01 
      1002  3.502500000E+02  0.000000000E+00  1.000281954E+01 
      1003  3.505000000E+02  0.000000000E+00  1.000281883E+01 
      1004  3.507500000E+02  0.000000000E+00  1.000281782E+01 
      1005  3.510000000E+02  0.000000000E+00  1.000281647E+01 
      1006  3.512500000E+02  0.000000000E+00  1.000281480E+01 
      1007  3.515000000E+02  0.000000000E+00  1.000281278E+01 
      1008  3.517500000E+02  0.000000000E+00  1.000281041E+01 
      1009  3.520000000E+02  0.000000000E+00  1.000280768E+01 
      1010  3.522500000E+02  0.000000000E+00  1.000280456E+01 
      1011  3.525000000E+02  0.000000000E+00  1.000280105E+01 
      1012  3.527500000E+02  0.000000000E+00  1.000279711E+01 
      1013  3.530000000E+02  0.000000000E+00  1.000279274E+01 
      1014  3.532500000E+02  0.000000000E+00  1.000278790E+01 
      1015  3.535000000E+02  0.000000000E+00  1.000278256E+01 
      1016  3.537500000E+02  0.000000000E+00  1.000277671E+01 
      1017  3.540000000E+02  0.000000000E+00  1.000277030E+01 
      1018  3.542500000E+02  0.000000000E+00  1.000276331E+01 
      1019  3.545000000E+02  0.000000000E+00  1.000275569E+01 
      1020  3.547500000E+02  0.000000000E+00  1.000274741E+01 
      1021  3.550000000E+02  0.000000000E+00  1.000273841E+01 
      1022  3.552500000E+02  0.000000000E+00  1.000272866E+01 
      1023  3.555000000E+02  0.000000000E+00  1.000271810E+01 
      1024  3.557500000E+02  0.000000000E+00  1.000270667E+01 
      1025  3.560000000E+02  0.000000000E+00  1.000269432E+01 
      1026  3.562500000E+02  0.000000000E+00  1.000268099E+01 
      1027  3.565000000E+02  0.000000000E+00  1.000266660E+01 
      1028  3.567500000E+02  0.000000000E+00  1.000265108E+01 
      1029  3.570000000E+02  0.000000000E+00  1.000263436E+01 
      1030  3.572500000E+02  0.000000000E+00  1.000261635E+01 
      1031  3.575000000E+02  0.000000000E+00  1.000259696E+01 
      1032  3.577500000E+02  0.000000000E+00  1.000257609E+01 
      1033  3.580000000E+02  0.000000000E+00  1.000255366E+01 
      1034  3.582500000E+02  0.000000000E+00  1.000252954E+01 
      1035  3.585000000E+02  0.000000000E+00  1.000250362E+01 
      1036  3.587500000E+02  0.000000000E+00  1.000247578E+01 
      1037  3.590000000E+02  0.000000000E+00  1.000244589E+01 
      1038  3.592500000E+02  0.000000000E+00  1.000241381E+01 
      1039  3.595000000E+02  0.000000000E+00  1.000237939E+01 
      1040  3.597500000E+02  0.000000000E+00  1.000234248E+01 
      1041  3.600000000E+02  0.000000000E+00  1.000230290E+01 
      1042  3.602500000E+02  0.000000000E+00  1.000226049E+01 
      1043  3.605000000E+02  0.000000000E+00  1.000221504E+01 
      1044  3.607500000E+02  0.000000000E+00  1.000216637E+01 
      1045  3.610000000E+02  0.000000000E+00  1.000211426E+01 
      1046  3.612500000E+02  0.000000000E+00  1.000205849E+01 
      1047  3.615000000E+02  0.000000000E+00  1.000199882E+01 
      1048  3.617500000E+02  0.000000000E+00  1.000193499E+01 
      1049  3.620000000E+02  0.000000000E+00  1.000186675E+01 
      1050  3.622500000E+02  0.000000000E+00  1.000179381E+01 
      1051  3.625000000E+02  0.000000000E+00  1.000171587E+01 
      1052  3.627500000E+02  0.000000000E+00  1.000163261E+01 
      1053  3.630000000E+02  0.000000000E+00  1.000154372E+01 
      1054  3.632500000E+02  0.000000000E+00  1.000144882E+01 
      1055  3.635000000E+02  0.000000000E+00  1.000134757E+01 
      1056  3.637500000E+02  0.000000000E+00  1.000123956E+01 
      1057  3.640000000E+02  0.000000000E+00  1.000112438E+01 
      1058  3.642500000E+02  0.000000000E+00  1.000100160E+01 
      1059  3.645000000E+02  0.000000000E+00  1.000087076E+01 
      1060  3.647500000E+02  0.000000000E+00  1.000073138E+01 
      1061  3.650000000E+02  0.000000000E+00  1.000058296E+01 
      1062  3.652500000E+02  0.000000000E+00  1.000042496E+01 
      1063  3.655000000E+02  0.000000000E+00  1.000025683E+01 
      1064  3.657500000E+02  0.000000000E+00  1.000007798E+01 
      1065  3.660000000E+02  0.000000000E+00  9.999887781E+00 
      1066  3.662500000E+02  0.000000000E+00  9.999685599E+00 
      1067  3.665000000E+02  0.000000000E+00  9.999470751E+00 
      1068  3.667500000E+02  0.000000000E+00  9.999242526E+00 
      1069  3.670000000E+02  0.000000000E+00  9.999000177E+00 
      1070  3.672500000E+02  0.000000000E+00  9.998742925E+00 
      1071  3.675000000E+02  0.000000000E+00  9.998469952E+00 
      1072  3.677500000E+02  0.000000000E+00  9.998180404E+00 
      1073  3.680000000E+02  0.000000000E+00  9.997873386E+00 
      1074  3.682500000E+02  0.000000000E+00  9.997547965E+00 
      1075  3.685000000E+02  0.000000000E+00  9.997203167E+00 
      1076  3.687500000E+02  0.000000000E+00  9.996837975E+00 
      1077  3.690000000E+02  0.000000000E+00  9.996451326E+00 
      1078  3.692500000E+02  0.000000000E+00  9.996042116E+00 
      1079  3.695000000E+02  0.000000000E+00  9.995609192E+00 
      1080  3.697500000E+02  0.000000000E+00  9.995151355E+00 
      1081  3.700000000E+02  0.000000000E+00  9.994667357E+00 
      1082  3.702500000E+02  0.000000000E+00  9.994155900E+00 
      1083  3.705000000E+02  0.000000000E+00  9.993615637E+00 
      1084  3.707500000E+02  0.000000000E+00  9.993045167E+00 
      1085  3.710000000E+02  0.000000000E+00  9.992443036E+00 
      1086  3.712500000E+02  0.000000000E+00  9.991807738E+00 
      1087  3.715000000E+02  0.000000000E+00  9.991137712E+00 
      1088  3.717500000E+02  0.000000000E+00  9.990431339E+00 
      1089  3.720000000E+02  0.000000000E+00  9.989686945E+00 
      1090  3.722500000E+02  0.000000000E+00  9.988902798E+00 
      1091  3.725000000E+02  0.000000000E+00  9.988077110E+00 
      1092  3.727500000E+02  0.000000000E+00  9.987208031E+00 
      1093  3.730000000E+02  0.000000000E+00  9.986293654E+00 
      1094  3.732500000E+02  0.000000000E+00  9.985332011E+00 
      1095  3.735000000E+02  0.000000000E+00  9.984321075E+00 
      1096  3.737500000E+02  0.000000000E+00  9.983258758E+00 
      1097  3.740000000E+02  0.000000000E+00  9.982142912E+00 
      1098  3.742500000E+02  0.000000000E+00  9.980971329E+00 
      1099  3.745000000E+02  0.000000000E+00  9.979741740E+00 
      1100  3.747500000E+02  0.000000000E+00  9.978451815E+00 
      1101  3.750000000E+02  0.000000000E+00  9.977099167E+00 
      1102  3.752500000E+02  0.000000000E+00  9.975681348E+00 
      1103  3.755000000E+02  0.000000000E+00  9.974195853E+00 
      1104  3.757500000E+02  0.000000000E+00  9.972640118E+00 
      1105  3.760000000E+02  0.000000000E+00  9.971011523E+00 
      1106  3.762500000E+02  0.000000000E+00  9.969307394E+00 
      1107  3.765000000E+02  0.000000000E+00  9.967525003E+00 
      1108  3.767500000E+02  0.000000000E+00  9.965661569E+00 
      1109  3.770000000E+02  0.000000000E+00  9.963714261E+00 
      1110  3.772500000E+02  0.000000000E+00  9.961680201E+00 
      1111  3.775000000E+02  0.000000000E+00  9.959556463E+00 
      1112  3.777500000E+02  0.000000000E+00  9.957340081E+00 
      1113  3.780000000E+02  0.000000000E+00  9.955028044E+00 
      1114  3.782500000E+02  0.000000000E+00  9.952617306E+00 
      1115  3.785000000E+02  0.000000000E+00  9.950104785E+00 
      1116  3.787500000E+02  0.000000000E+00  9.947487370E+00 
      1117  3.790000000E+02  0.000000000E+00  9.944761920E+00 
      1118  3.792500000E+02  0.000000000E+00  9.941925272E+00 
      1119  3.795000000E+02  0.000000000E+00  9.938974242E+00 
      1120  3.797500000E+02  0.000000000E+00  9.935905634E+00 
      1121  3.800000000E+02  0.000000000E+00  9.932716239E+00 
      1122  3.802500000E+02  0.000000000E+00  9.929402843E+00 
      1123  3.805000000E+02  0.000000000E+00  9.925962234E+00 
      1124  3.807500000E+02  0.000000000E+00  9.922391204E+00 
      1125  3.810000000E+02  0.000000000E+00  9.918686555E+00 
      1126  3.812500000E+02  0.000000000E+00  9.914845109E+00 
      1127  3.815000000E+02  0.000000000E+00  9.910863710E+00 
      1128  3.817500000E+02  0.000000000E+00  9.906739232E+00 
      1129  3.820000000E+02  0.000000000E+00  9.902468587E+00 
      1130  3.822500000E+02  0.000000000E+00  9.898048728E+00 
      1131  3.825000000E+02  0.000000000E+00  9.893476663E+00 
      1132  3.827500000E+02  0.000000000E+00  9.888749456E+00 
      1133  3.830000000E+02  0.000000000E+00  9.883864239E+00 
      1134  3.832500000E+02  0.000000000E+00  9.878818218E+00 
      1135  3.835000000E+02  0.000000000E+00  9.873608680E+00 
      1136  3.837500000E+02  0.000000000E+00  9.868233007E+00 
      1137  3.840000000E+02  0.000000000E+00  9.862688676E+00 
      1138  3.842500000E+02  0.000000000E+00  9.856973278E+00 
      1139  3.845000000E+02  0.000000000E+00  9.851084516E+00 
      1140  3.847500000E+02  0.000000000E+00  9.845020225E+00 
      1141  3.850000000E+02  0.000000000E+00  9.838778373E+00 
      1142  3.852500000E+02  0.000000000E+00  9.832357076E+00 
      1143  3.855000000E+02  0.000000000E+00  9.825754604E+00 
      1144  3.857500000E+02  0.000000000E+00  9.818969394E+00 
      1145  3.860000000E+02  0.000000000E+00  9.812000059E+00 
      1146  3.862500000E+02  0.000000000E+00  9.804845397E+00 
      1147  3.865000000E+02  0.000000000E+00  9.797504403E+00 
      1148  3.867500000E+02  0.000000000E+00  9.789976281E+00 
      1149  3.870000000E+02  0.000000000E+00  9.782260452E+00 
      1150  3.872500000E+02  0.000000000E+00  9.774356566E+00 
      1151  3.875000000E+02  0.000000000E+00  9.766264514E+00 
      1152  3.877500000E+02  0.000000000E+00  9.757984441E+00 
      1153  3.880000000E+02  0.000000000E+00  9.749516756E+00 
      1154  3.882500000E+02  0.000000000E+00  9.740862145E+00 
      1155  3.885000000E+02  0.000000000E+00  9.732021584E+00 
      1156  3.887500000E+02  0.000000000E+00  9.722996354E+00 
      1157  3.890000000E+02  0.000000000E+00  9.713788054E+00 
      1158  3.892500000E+02  0.000000000E+00  9.704398614E+00 
      1159  3.895000000E+02  0.000000000E+00  9.694830315E+00 
      1160  3.897500000E+02  0.000000000E+00  9.685085807E+00 
      1161  3.900000000E+02  0.000000000E+00  9.675168122E+00 
      1162  3.902500000E+02  0.000000000E+00  9.665080700E+00 
      1163  3.905000000E+02  0.000000000E+00  9.654827409E+00 
      1164  3.907500000E+02  0.000000000E+00  9.644412571E+00 
      1165  3.910000000E+02  0.000000000E+00  9.633840989E+00 
      1166  3.912500000E+02  0.000000000E+00  9.623117982E+00 
      1167  3.915000000E+02  0.000000000E+00  9.612249415E+00 
      1168  3.917500000E+02  0.000000000E+00  9.601241744E+00 
      1169  3.920000000E+02  0.000000000E+00  9.590102062E+00 
      1170  3.922500000E+02  0.000000000E+00  9.578838151E+00 
      1171  3.925000000E+02  0.000000000E+00  9.567458548E+00 
      1172  3.927500000E+02  0.000000000E+00  9.555972613E+00 
      1173  3.930000000E+02  0.000000000E+00  9.544390615E+00 
      1174  3.932500000E+02  0.000000000E+00  9.532723833E+00 
      1175  3.935000000E+02  0.000000000E+00  9.520984670E+00 
      1176  3.937500000E+02  0.000000000E+00  9.509186790E+00 
      1177  3.940000000E+02  0.000000000E+00  9.497345278E+00 
      1178  3.942500000E+02  0.000000000E+00  9.485476835E+00 
      1179  3.945000000E+02  0.000000000E+00  9.473600007E+00 
      1180  3.947500000E+02  0.000000000E+00  9.461735451E+00 
      1181  3.950000000E+02  0.000000000E+00  9.449906271E+00 
      1182  3.952500000E+02  0.000000000E+00  9.438138406E+00 
      1183  3.955000000E+02  0.000000000E+00  9.426461112E+00 
      1184  3.957500000E+02  0.000000000E+00  9.414907541E+00 
      1185  3.960000000E+02  0.000000000E+00  9.403515461E+00 
      1186  3.962500000E+02  0.000000000E+00  9.392328135E+00 
      1187  3.965000000E+02  0.000000000E+00  9.381395428E+00 
      1188  3.967500000E+02  0.000000000E+00  9.370775195E+00 
      1189  3.970000000E+02  0.000000000E+00  9.360535063E+00 
      1190  3.972500000E+02  0.000000000E+00  9.350754730E+00 
      1191  3.975000000E+02  0.000000000E+00  9.341529002E+00 
      1192  3.977500000E+02  0.000000000E+00  9.332971891E+00 
      1193  3.980000000E+02  0.000000000E+00  9.325222271E+00 
      1194  3.982500000E+02  0.000000000E+00  9.318451969E+00 
      1195  3.985000000E+02  0.000000000E+00  9.312877807E+00 
      1196  3.987500000E+02  0.000000000E+00  9.308780510E+00 
      1197  3.990000000E+02  0.000000000E+00  9.306536505E+00 
      1198  3.992500000E+02  0.000000000E+00  9.306676483E+00 
      1199  3.995000000E+02  0.000000000E+00  9.310006044E+00 
      1200  3.997500000E+02  0.000000000E+00  9.318738628E+00 
      1201  4.000000000E+02  0.000000000E+00  9.077385288E+00 
      1202  4.002000034E+02  0.000000000E+00  8.912103883E+00 
      1203  4.004016387E+02  0.000000000E+00  8.976026479E+00 
      1204  4.006049192E+02  0.000000000E+00  9.036642029E+00 
      1205  4.008098583E+02  0.000000000E+00  9.094287012E+00 
      1206  4.010164696E+02  0.000000000E+00  9.149057597E+00 
      1207  4.012247666E+02  0.000000000E+00  9.201051568E+00 
      1208  4.014347631E+02  0.000000000E+00  9.250367821E+00 
      1209  4.016464731E+02  0.000000000E+00  9.297105648E+00 
      1210  4.018599104E+02  0.000000000E+00  9.341364206E+00 
      1211  4.020750892E+02  0.000000000E+00  9.383242087E+00 
      1212  4.022920237E+02  0.000000000E+00  9.422836912E+00 
      1213  4.025107282E+02  0.000000000E+00  9.462865828E+00 
      1214  4.027312172E+02  0.000000000E+00  9.500638287E+00 
      1215  4.029535052E+02  0.000000000E+00  9.533593211E+00 
      1216  4.031776069E+02  0.000000000E+00  9.564661832E+00 
      1217  4.034035370E+02  0.000000000E+00  9.593932001E+00 
      1218  4.036313106E+02  0.000000000E+00  9.621489254E+00 
      1219  4.038609426E+02  0.000000000E+00  9.647416705E+00 
      1220  4.040924483E+02  0.000000000E+00  9.671794976E+00 
      1221  4.043258428E+02  0.000000000E+00  9.696232955E+00 
      1222  4.045611417E+02  0.000000000E+00  9.719166900E+00 
      1223  4.047983604E+02  0.000000000E+00  9.739121201E+00 
      1224  4.050375146E+02  0.000000000E+00  9.757839102E+00 
      1225  4.052786201E+02  0.000000000E+00  9.775387162E+00 
      1226  4.055216929E+02  0.000000000E+00  9.792908224E+00 
      1227  4.057667489E+02  0.000000000E+00  9.811487734E+00 
      1228  4.060138044E+02  0.000000000E+00  9.831210174E+00 
      1229  4.062628756E+02  0.000000000E+00  9.848492286E+00 
      1230  4.065139791E+02  0.000000000E+00  9.862106899E+00 
      1231  4.067671314E+02  0.000000000E+00  9.875598224E+00 
      1232  4.070223492E+02  0.000000000E+00  9.887920933E+00 
      1233  4.072796494E+02  0.000000000E+00  9.899397359E+00 
      1234  4.075390490E+02  0.000000000E+00  9.909414903E+00 
      1235  4.078005650E+02  0.000000000E+00  9.916882174E+00 
      1236  4.080642148E+02  0.000000000E+00  9.923991193E+00 
      1237  4.083300158E+02  0.000000000E+00  9.930578378E+00 
      1238  4.085979855E+02  0.000000000E+00  9.936617773E+00 
      1239  4.088681416E+02  0.000000000E+00  9.930180087E+00 
      1240  4.091405020E+02  0.000000000E+00  9.924185973E+00 
      1241  4.094150846E+02  0.000000000E+00  9.930968365E+00 
      1242  4.096919076E+02  0.000000000E+00  9.937268677E+00 
      1243  4.099709892E+02  0.000000000E+00  9.943119313E+00 
      1244  4.102523480E+02  0.000000000E+00  9.948550783E+00 
      1245  4.105360024E+02  0.000000000E+00  9.953591779E+00 
      1246  4.108219711E+02  0.000000000E+00  9.958269254E+00 
      1247  4.111102732E+02  0.000000000E+00  9.962608508E+00 
      1248  4.114009276E+02  0.000000000E+00  9.966633256E+00 
      1249  4.116939535E+02  0.000000000E+00  9.970365712E+00 
      1250  4.119893702E+02  0.000000000E+00  9.973826661E+00 
      1251  4.122871973E+02  0.000000000E+00  9.977035530E+00 
      1252  4.125874544E+02  0.000000000E+00  9.980010461E+00 
      1253  4.128901614E+02  0.000000000E+00  9.982768378E+00 
      1254  4.131953383E+02  0.000000000E+00  9.985325057E+00 
      1255  4.135030051E+02  0.000000000E+00  9.987695187E+00 
      1256  4.138131823E+02  0.000000000E+00  9.989892436E+00 
      1257  4.141258902E+02  0.000000000E+00  9.991929510E+00 
      1258  4.144411496E+02  0.000000000E+00  9.993818208E+00 
      1259  4.147589813E+02  0.000000000E+00  9.995569485E+00 
      1260  4.150794062E+02  0.000000000E+00  9.997193499E+00 
      1261  4.154024455E+02  0.000000000E+00  9.998699665E+00 
      1262  4.157281206E+02  0.000000000E+00  1.000009670E+01 
      1263  4.160564529E+02  0.000000000E+00  1.000139269E+01 
      1264  4.163874641E+02  0.000000000E+00  1.000259510E+01 
      1265  4.167211762E+02  0.000000000E+00  1.000371084E+01 
      1266  4.170576110E+02  0.000000000E+00  1.000474631E+01 
      1267  4.173967909E+02  0.000000000E+00  1.000570741E+01 
      1268  4.177387382E+02  0.000000000E+00  1.000659961E+01 
      1269  4.180834756E+02  0.000000000E+00  1.000742796E+01 
      1270  4.184310257E+02  0.000000000E+00  1.000819714E+01 
      1271  4.187814116E+02  0.000000000E+00  1.000891146E+01 
      1272  4.191346563E+02  0.000000000E+00  1.000957494E+01 
      1273  4.194907832E+02  0.000000000E+00  1.001019126E+01 
      1274  4.198498158E+02  0.000000000E+00  1.001076387E+01 
      1275  4.202117779E+02  0.000000000E+00  1.001129594E+01 
      1276  4.205766933E+02  0.000000000E+00  1.001179042E+01 
      1277  4.209445860E+02  0.000000000E+00  1.001225006E+01 
      1278  4.213154806E+02  0.000000000E+00  1.001267740E+01 
      1279  4.216894013E+02  0.000000000E+00  1.001307482E+01 
      1280  4.220663728E+02  0.000000000E+00  1.001344451E+01 
      1281  4.224464202E+02  0.000000000E+00  1.001378853E+01 
      1282  4.228295685E+02  0.000000000E+00  1.001410882E+01 
      1283  4.232158429E+02  0.000000000E+00  1.001440714E+01 
      1284  4.236052691E+02  0.000000000E+00  1.001468519E+01 
      1285  4.239978726E+02  0.000000000E+00  1.001494451E+01 
      1286  4.243936795E+02  0.000000000E+00  1.001518658E+01 
      1287  4.247927158E+02  0.000000000E+00  1.001541275E+01 
      1288  4.251950080E+02  0.000000000E+00  1.001562431E+01 
      1289  4.256005825E+02  0.000000000E+00  1.001582244E+01 
      1290  4.260094662E+02  0.000000000E+00  1.001600825E+01 
      1291  4.264216861E+02  0.000000000E+00  1.001618279E+01 
      1292  4.268372694E+02  0.000000000E+00  1.001634701E+01 
      1293  4.272562434E+02  0.000000000E+00  1.001650180E+01 
      1294  4.276786360E+02  0.000000000E+00  1.001664801E+01 
      1295  4.281044750E+02  0.000000000E+00  1.001678639E+01 
      1296  4.285337884E+02  0.000000000E+00  1.001691764E+01 
      1297  4.289666047E+02  0.000000000E+00  1.001704241E+01 
      1298  4.294029525E+02  0.000000000E+00  1.001716129E+01 
      1299  4.298428605E+02  0.000000000E+00  1.001727481E+01 
      1300  4.302863578E+02  0.000000000E+00  1.001738345E+01 
      1301  4.307334737E+02  0.000000000E+00  1.001748764E+01 
      1302  4.311842377E+02  0.000000000E+00  1.001758777E+01 
      1303  4.316386795E+02  0.000000000E+00  1.001768416E+01 
      1304  4.320968293E+02  0.000000000E+00  1.001777711E+01 
      1305  4.325587172E+02  0.000000000E+00  1.001786686E+01 
      1306  4.330243737E+02  0.000000000E+00  1.001795363E+01 
      1307  4.334938296E+02  0.000000000E+00  1.001803757E+01 
      1308  4.339671159E+02  0.000000000E+00  1.001811882E+01 
      1309  4.344442638E+02  0.000000000E+00  1.001819748E+01 
      1310  4.349253049E+02  0.000000000E+00  1.001827362E+01 
      1311  4.354102708E+02  0.000000000E+00  1.001834727E+01 
      1312  4.358991937E+02  0.000000000E+00  1.001841844E+01 
      1313  4.363921059E+02  0.000000000E+00  1.001848711E+01 
      1314  4.368890398E+02  0.000000000E+00  1.001855326E+01 
      1315  4.373900283E+02  0.000000000E+00  1.001861681E+01 
      1316  4.378951044E+02  0.000000000E+00  1.001867770E+01 
      1317  4.384043016E+02  0.000000000E+00  1.001873582E+01 
      1318  4.389176534E+02  0.000000000E+00  1.001879107E+01 
      1319  4.394351937E+02  0.000000000E+00  1.001884332E+01 
      1320  4.399569568E+02  0.000000000E+00  1.001889244E+01 
      1321  4.404829770E+02  0.000000000E+00  1.001893829E+01 
      1322  4.410132892E+02  0.000000000E+00  1.001898071E+01 
      1323  4.415479282E+02  0.000000000E+00  1.001901955E+01 
      1324  4.420869295E+02  0.000000000E+00  1.001905463E+01 
      1325  4.426303286E+02  0.000000000E+00  1.001908580E+01 
      1326  4.431781614E+02  0.000000000E+00  1.001911287E+01 
      1327  4.437304641E+02  0.000000000E+00  1.001913567E+01 
      1328  4.442872731E+02  0.000000000E+00  1.001915402E+01 
      1329  4.448486253E+02  0.000000000E+00  1.001916775E+01 
      1330  4.454145576E+02  0.000000000E+00  1.001917667E+01 
      1331  4.459851075E+02  0.000000000E+00  1.001918060E+01 
      1332  4.465603126E+02  0.000000000E+00  1.001917937E+01 
      1333  4.471402109E+02  0.000000000E+00  1.001917279E+01 
      1334  4.477248408E+02  0.000000000E+00  1.001916070E+01 
      1335  4.483142407E+02  0.000000000E+00  1.001914291E+01 
      1336  4.489084497E+02  0.000000000E+00  1.001911925E+01 
      1337  4.495075070E+02  0.000000000E+00  1.001908955E+01 
      1338  4.501114521E+02  0.000000000E+00  1.001905364E+01 
      1339  4.507203248E+02  0.000000000E+00  1.001901136E+01 
      1340  4.513341655E+02  0.000000000E+00  1.001896254E+01 
      1341  4.519530147E+02  0.000000000E+00  1.001890703E+01 
      1342  4.525769132E+02  0.000000000E+00  1.001884466E+01 
      1343  4.532059021E+02  0.000000000E+00  1.001877528E+01 
      1344  4.538400232E+02  0.000000000E+00  1.001869874E+01 
      1345  4.544793181E+02  0.000000000E+00  1.001861489E+01 
      1346  4.551238292E+02  0.000000000E+00  1.001852359E+01 
      1347  4.557735990E+02  0.000000000E+00  1.001842470E+01 
      1348  4.564286703E+02  0.000000000E+00  1.001831808E+01 
      1349  4.570890866E+02  0.000000000E+00  1.001820361E+01 
      1350  4.577548913E+02  0.000000000E+00  1.001808115E+01 
      1351  4.584261284E+02  0.000000000E+00  1.001795059E+01 
      1352  4.591028423E+02  0.000000000E+00  1.001781180E+01 
      1353  4.597850777E+02  0.000000000E+00  1.001766467E+01 
      1354  4.604728795E+02  0.000000000E+00  1.001750910E+01 
      1355  4.611662932E+02  0.000000000E+00  1.001734498E+01 
      1356  4.618653647E+02  0.000000000E+00  1.001717222E+01 
      1357  4.625701400E+02  0.000000000E+00  1.001699073E+01 
      1358  4.632806657E+02  0.000000000E+00  1.001680042E+01 
      1359  4.639969887E+02  0.000000000E+00  1.001660122E+01 
      1360  4.647191564E+02  0.000000000E+00  1.001639305E+01 
      1361  4.654472164E+02  0.000000000E+00  1.001617587E+01 
      1362  4.661812167E+02  0.000000000E+00  1.001594960E+01 
      1363  4.669212059E+02  0.000000000E+00  1.001571420E+01 
      1364  4.676672328E+02  0.000000000E+00  1.001546964E+01 
      1365  4.684193468E+02  0.000000000E+00  1.001521589E+01 
      1366  4.691775973E+02  0.000000000E+00  1.001495291E+01 
      1367  4.699420346E+02  0.000000000E+00  1.001468071E+01 
      1368  4.707127091E+02  0.000000000E+00  1.001439928E+01 
      1369  4.714896716E+02  0.000000000E+00  1.001410863E+01 
      1370  4.722729736E+02  0.000000000E+00  1.001380879E+01 
      1371  4.730626666E+02  0.000000000E+00  1.001349979E+01 
      1372  4.738588030E+02  0.000000000E+00  1.001318168E+01 
      1373  4.746614352E+02  0.000000000E+00  1.001285454E+01 
      1374  4.754706162E+02  0.000000000E+00  1.001251848E+01 
      1375  4.762863994E+02  0.000000000E+00  1.001217364E+01 
      1376  4.771088389E+02  0.000000000E+00  1.001182021E+01 
      1377  4.779379887E+02  0.000000000E+00  1.001145849E+01 
      1378  4.787739038E+02  0.000000000E+00  1.001108886E+01 
      1379  4.796166392E+02  0.000000000E+00  1.001071191E+01 
      1380  4.804662507E+02  0.000000000E+00  1.001032850E+01 
      1381  4.813227944E+02  0.000000000E+00  1.000993990E+01 
      1382  4.821863268E+02  0.000000000E+00  1.000954800E+01 
      1383  4.830569049E+02  0.000000000E+00  1.000915562E+01 
      1384  4.839345862E+02  0.000000000E+00  1.000876698E+01 
      1385  4.848194287E+02  0.000000000E+00  1.000838840E+01 
      1386  4.857114908E+02  0.000000000E+00  1.000802923E+01 
      1387  4.866108314E+02  0.000000000E+00  1.000770338E+01 
      1388  4.875175099E+02  0.000000000E+00  1.000743134E+01 
      1389  4.884315862E+02  0.000000000E+00  1.000724326E+01 
      1390  4.893531206E+02  0.000000000E+00  1.000718326E+01 
      1391  4.902821741E+02  0.000000000E+00  1.000731481E+01 
      1392  4.912188078E+02  0.000000000E+00  1.000773024E+01 
      1393  4.921630837E+02  0.000000000E+00  1.000856272E+01 
      1394  4.931150642E+02  0.000000000E+00  1.001000185E+01 
      1395  4.940748120E+02  0.000000000E+00  1.001231735E+01 
      1396  4.950423907E+02  0.000000000E+00  1.001589058E+01 
      1397  4.960178639E+02  0.000000000E+00  1.002125806E+01 
      1398  4.970012963E+02  0.000000000E+00  1.002912895E+01 
      1399  4.979927527E+02  0.000000000E+00  1.004669030E+01 
      1400  4.989922986E+02  0.000000000E+00  1.007086421E+01 
      1401  5.000000000E+02  0.000000000E+00  1.008214555E+01 
