nodenumber     x-coordinate     y-coordinate           udm-12 
         1  0.000000000E+00  0.000000000E+00  9.998205267E+00 
         2  1.007701384E+00  0.000000000E+00  9.998277864E+00 
         3  2.007247274E+00  0.000000000E+00  9.999294955E+00 
         4  2.998703673E+00  0.000000000E+00  1.000020906E+01 
         5  3.982136051E+00  0.000000000E+00  1.000017607E+01 
         6  4.957609346E+00  0.000000000E+00  1.000016125E+01 
         7  5.925187975E+00  0.000000000E+00  1.000015459E+01 
         8  6.884935829E+00  0.000000000E+00  1.000015366E+01 
         9  7.836916284E+00  0.000000000E+00  1.000015664E+01 
        10  8.781192203E+00  0.000000000E+00  1.000016221E+01 
        11  9.717825941E+00  0.000000000E+00  1.000016939E+01 
        12  1.064687935E+01  0.000000000E+00  1.000017744E+01 
        13  1.156841377E+01  0.000000000E+00  1.000018578E+01 
        14  1.248249006E+01  0.000000000E+00  1.000019397E+01 
        15  1.338916858E+01  0.000000000E+00  1.000020164E+01 
        16  1.428850920E+01  0.000000000E+00  1.000020849E+01 
        17  1.518057130E+01  0.000000000E+00  1.000021425E+01 
        18  1.606541380E+01  0.000000000E+00  1.000021867E+01 
        19  1.694309512E+01  0.000000000E+00  1.000022154E+01 
        20  1.781367322E+01  0.000000000E+00  1.000022265E+01 
        21  1.867720559E+01  0.000000000E+00  1.000022177E+01 
        22  1.953374925E+01  0.000000000E+00  1.000021871E+01 
        23  2.038336076E+01  0.000000000E+00  1.000021325E+01 
        24  2.122609622E+01  0.000000000E+00  1.000020517E+01 
        25  2.206201128E+01  0.000000000E+00  1.000019425E+01 
        26  2.289116114E+01  0.000000000E+00  1.000018025E+01 
        27  2.371360056E+01  0.000000000E+00  1.000016294E+01 
        28  2.452938383E+01  0.000000000E+00  1.000014206E+01 
        29  2.533856484E+01  0.000000000E+00  1.000011735E+01 
        30  2.614119701E+01  0.000000000E+00  1.000008855E+01 
        31  2.693733335E+01  0.000000000E+00  1.000005536E+01 
        32  2.772702642E+01  0.000000000E+00  1.000001750E+01 
        33  2.851032837E+01  0.000000000E+00  9.999974654E+00 
        34  2.928729093E+01  0.000000000E+00  9.999926517E+00 
        35  3.005796541E+01  0.000000000E+00  9.999872759E+00 
        36  3.082240268E+01  0.000000000E+00  9.999813041E+00 
        37  3.158065324E+01  0.000000000E+00  9.999747015E+00 
        38  3.233276716E+01  0.000000000E+00  9.999674320E+00 
        39  3.307879409E+01  0.000000000E+00  9.999594587E+00 
        40  3.381878330E+01  0.000000000E+00  9.999507435E+00 
        41  3.455278365E+01  0.000000000E+00  9.999412474E+00 
        42  3.528084362E+01  0.000000000E+00  9.999309302E+00 
        43  3.600301127E+01  0.000000000E+00  9.999197512E+00 
        44  3.671933431E+01  0.000000000E+00  9.999076684E+00 
        45  3.742986002E+01  0.000000000E+00  9.998946391E+00 
        46  3.813463533E+01  0.000000000E+00  9.998806201E+00 
        47  3.883370678E+01  0.000000000E+00  9.998655670E+00 
        48  3.952712052E+01  0.000000000E+00  9.998494351E+00 
        49  4.021492235E+01  0.000000000E+00  9.998321788E+00 
        50  4.089715769E+01  0.000000000E+00  9.998137523E+00 
        51  4.157387159E+01  0.000000000E+00  9.997941090E+00 
        52  4.224510872E+01  0.000000000E+00  9.997732020E+00 
        53  4.291091342E+01  0.000000000E+00  9.997509842E+00 
        54  4.357132966E+01  0.000000000E+00  9.997274081E+00 
        55  4.422640104E+01  0.000000000E+00  9.997024260E+00 
        56  4.487617081E+01  0.000000000E+00  9.996759901E+00 
        57  4.552068189E+01  0.000000000E+00  9.996480528E+00 
        58  4.615997684E+01  0.000000000E+00  9.996185662E+00 
        59  4.679409786E+01  0.000000000E+00  9.995874828E+00 
        60  4.742308684E+01  0.000000000E+00  9.995547553E+00 
        61  4.804698530E+01  0.000000000E+00  9.995203367E+00 
        62  4.866583446E+01  0.000000000E+00  9.994841803E+00 
        63  4.927967516E+01  0.000000000E+00  9.994462400E+00 
        64  4.988854795E+01  0.000000000E+00  9.994064702E+00 
        65  5.049249303E+01  0.000000000E+00  9.993648261E+00 
        66  5.109155028E+01  0.000000000E+00  9.993212636E+00 
        67  5.168575926E+01  0.000000000E+00  9.992757393E+00 
        68  5.227515921E+01  0.000000000E+00  9.992282110E+00 
        69  5.285978905E+01  0.000000000E+00  9.991786373E+00 
        70  5.343968738E+01  0.000000000E+00  9.991269781E+00 
        71  5.401489250E+01  0.000000000E+00  9.990731944E+00 
        72  5.458544238E+01  0.000000000E+00  9.990172484E+00 
        73  5.515137472E+01  0.000000000E+00  9.989591040E+00 
        74  5.571272686E+01  0.000000000E+00  9.988987263E+00 
        75  5.626953590E+01  0.000000000E+00  9.988360822E+00 
        76  5.682183858E+01  0.000000000E+00  9.987711401E+00 
        77  5.736967139E+01  0.000000000E+00  9.987038703E+00 
        78  5.791307049E+01  0.000000000E+00  9.986342451E+00 
        79  5.845207178E+01  0.000000000E+00  9.985622384E+00 
        80  5.898671083E+01  0.000000000E+00  9.984878268E+00 
        81  5.951702297E+01  0.000000000E+00  9.984109885E+00 
        82  6.004304320E+01  0.000000000E+00  9.983317047E+00 
        83  6.056480627E+01  0.000000000E+00  9.982499585E+00 
        84  6.108234661E+01  0.000000000E+00  9.981657361E+00 
        85  6.159569842E+01  0.000000000E+00  9.980790262E+00 
        86  6.210489559E+01  0.000000000E+00  9.979898206E+00 
        87  6.260997174E+01  0.000000000E+00  9.978981143E+00 
        88  6.311096022E+01  0.000000000E+00  9.978039054E+00 
        89  6.360789412E+01  0.000000000E+00  9.977071958E+00 
        90  6.410080625E+01  0.000000000E+00  9.976079911E+00 
        91  6.458972916E+01  0.000000000E+00  9.975063011E+00 
        92  6.507469514E+01  0.000000000E+00  9.974021398E+00 
        93  6.555573621E+01  0.000000000E+00  9.972955260E+00 
        94  6.603288413E+01  0.000000000E+00  9.971864835E+00 
        95  6.650617042E+01  0.000000000E+00  9.970750417E+00 
        96  6.697562632E+01  0.000000000E+00  9.969612358E+00 
        97  6.744128283E+01  0.000000000E+00  9.968451074E+00 
        98  6.790317071E+01  0.000000000E+00  9.967267052E+00 
        99  6.836132046E+01  0.000000000E+00  9.966060854E+00 
       100  6.881576232E+01  0.000000000E+00  9.964833124E+00 
       101  6.926652631E+01  0.000000000E+00  9.963584596E+00 
       102  6.971364219E+01  0.000000000E+00  9.962316106E+00 
       103  7.015713949E+01  0.000000000E+00  9.961028595E+00 
       104  7.059704749E+01  0.000000000E+00  9.959723121E+00 
       105  7.103339524E+01  0.000000000E+00  9.958400875E+00 
       106  7.146621156E+01  0.000000000E+00  9.957063189E+00 
       107  7.189552503E+01  0.000000000E+00  9.955711549E+00 
       108  7.232136399E+01  0.000000000E+00  9.954347616E+00 
       109  7.274375656E+01  0.000000000E+00  9.952973235E+00 
       110  7.316273064E+01  0.000000000E+00  9.951590461E+00 
       111  7.357831389E+01  0.000000000E+00  9.950201573E+00 
       112  7.399053376E+01  0.000000000E+00  9.948809101E+00 
       113  7.439941746E+01  0.000000000E+00  9.947415847E+00 
       114  7.480499201E+01  0.000000000E+00  9.946024914E+00 
       115  7.520728416E+01  0.000000000E+00  9.944639732E+00 
       116  7.560632051E+01  0.000000000E+00  9.943264093E+00 
       117  7.600212738E+01  0.000000000E+00  9.941902184E+00 
       118  7.639473092E+01  0.000000000E+00  9.940558624E+00 
       119  7.678415706E+01  0.000000000E+00  9.939238506E+00 
       120  7.717043151E+01  0.000000000E+00  9.937947440E+00 
       121  7.755357977E+01  0.000000000E+00  9.936691603E+00 
       122  7.793362715E+01  0.000000000E+00  9.935477789E+00 
       123  7.831059875E+01  0.000000000E+00  9.934313469E+00 
       124  7.868451945E+01  0.000000000E+00  9.933206845E+00 
       125  7.905541395E+01  0.000000000E+00  9.932166927E+00 
       126  7.942330674E+01  0.000000000E+00  9.931203591E+00 
       127  7.978822211E+01  0.000000000E+00  9.930327669E+00 
       128  8.015018416E+01  0.000000000E+00  9.929551021E+00 
       129  8.050921679E+01  0.000000000E+00  9.928886629E+00 
       130  8.086534371E+01  0.000000000E+00  9.928348693E+00 
       131  8.121858844E+01  0.000000000E+00  9.927952734E+00 
       132  8.156897429E+01  0.000000000E+00  9.927715705E+00 
       133  8.191652442E+01  0.000000000E+00  9.927656097E+00 
       134  8.226126177E+01  0.000000000E+00  9.927794071E+00 
       135  8.260320909E+01  0.000000000E+00  9.928151622E+00 
       136  8.294238899E+01  0.000000000E+00  9.928752707E+00 
       137  8.327882384E+01  0.000000000E+00  9.929623380E+00 
       138  8.361253587E+01  0.000000000E+00  9.930791978E+00 
       139  8.394354712E+01  0.000000000E+00  9.932289299E+00 
       140  8.427187943E+01  0.000000000E+00  9.934148792E+00 
       141  8.459755450E+01  0.000000000E+00  9.936406763E+00 
       142  8.492059382E+01  0.000000000E+00  9.939102589E+00 
       143  8.524101873E+01  0.000000000E+00  9.942278957E+00 
       144  8.555885039E+01  0.000000000E+00  9.945982113E+00 
       145  8.587410979E+01  0.000000000E+00  9.950262125E+00 
       146  8.618681774E+01  0.000000000E+00  9.955173175E+00 
       147  8.649699489E+01  0.000000000E+00  9.960773862E+00 
       148  8.680466173E+01  0.000000000E+00  9.967127530E+00 
       149  8.710983857E+01  0.000000000E+00  9.974302623E+00 
       150  8.741254556E+01  0.000000000E+00  9.982373058E+00 
       151  8.771280270E+01  0.000000000E+00  9.991418634E+00 
       152  8.801062980E+01  0.000000000E+00  1.000152546E+01 
       153  8.830604654E+01  0.000000000E+00  1.001278644E+01 
       154  8.859907242E+01  0.000000000E+00  1.002530176E+01 
       155  8.888972679E+01  0.000000000E+00  1.003917945E+01 
       156  8.917802885E+01  0.000000000E+00  1.005453594E+01 
       157  8.946399764E+01  0.000000000E+00  1.007149674E+01 
       158  8.974765203E+01  0.000000000E+00  1.009019711E+01 
       159  9.002901076E+01  0.000000000E+00  1.011078281E+01 
       160  9.030809241E+01  0.000000000E+00  1.013341092E+01 
       161  9.058491540E+01  0.000000000E+00  1.015825072E+01 
       162  9.085949802E+01  0.000000000E+00  1.018548469E+01 
       163  9.113185839E+01  0.000000000E+00  1.021530955E+01 
       164  9.140201451E+01  0.000000000E+00  1.024793743E+01 
       165  9.166998421E+01  0.000000000E+00  1.028359716E+01 
       166  9.193578518E+01  0.000000000E+00  1.032253572E+01 
       167  9.219943499E+01  0.000000000E+00  1.036501973E+01 
       168  9.246095103E+01  0.000000000E+00  1.041133725E+01 
       169  9.272035058E+01  0.000000000E+00  1.046179975E+01 
       170  9.297765077E+01  0.000000000E+00  1.051674365E+01 
       171  9.323286858E+01  0.000000000E+00  1.057653314E+01 
       172  9.348602087E+01  0.000000000E+00  1.064156416E+01 
       173  9.373712436E+01  0.000000000E+00  1.071375165E+01 
       174  9.398619563E+01  0.000000000E+00  1.079253490E+01 
       175  9.423325112E+01  0.000000000E+00  1.087712112E+01 
       176  9.447830715E+01  0.000000000E+00  1.089626263E+01 
       177  9.472137990E+01  0.000000000E+00  1.092174625E+01 
       178  9.496248543E+01  0.000000000E+00  1.102087266E+01 
       179  9.520163964E+01  0.000000000E+00  1.113408256E+01 
       180  9.543885834E+01  0.000000000E+00  1.127476470E+01 
       181  9.567415720E+01  0.000000000E+00  1.142117167E+01 
       182  9.590755173E+01  0.000000000E+00  1.156259902E+01 
       183  9.613905737E+01  0.000000000E+00  1.171224718E+01 
       184  9.636868940E+01  0.000000000E+00  1.187474717E+01 
       185  9.659646297E+01  0.000000000E+00  1.205125623E+01 
       186  9.682239314E+01  0.000000000E+00  1.224305539E+01 
       187  9.704649481E+01  0.000000000E+00  1.245780124E+01 
       188  9.726878279E+01  0.000000000E+00  1.269137826E+01 
       189  9.748927176E+01  0.000000000E+00  1.294637407E+01 
       190  9.770797628E+01  0.000000000E+00  1.322412638E+01 
       191  9.792491078E+01  0.000000000E+00  1.352780449E+01 
       192  9.814008960E+01  0.000000000E+00  1.385919519E+01 
       193  9.835352693E+01  0.000000000E+00  1.421367571E+01 
       194  9.856523689E+01  0.000000000E+00  1.460143808E+01 
       195  9.877523344E+01  0.000000000E+00  1.501504846E+01 
       196  9.898353045E+01  0.000000000E+00  1.546883257E+01 
       197  9.919014168E+01  0.000000000E+00  1.597846160E+01 
       198  9.939508077E+01  0.000000000E+00  1.653943553E+01 
       199  9.959836126E+01  0.000000000E+00  1.715817824E+01 
       200  9.979999657E+01  0.000000000E+00  1.784580755E+01 
       201  1.000000000E+02  0.000000000E+00  1.647572737E+01 
       202  1.002500000E+02  0.000000000E+00  1.438724282E+01 
       203  1.005000000E+02  0.000000000E+00  1.450733094E+01 
       204  1.007500000E+02  0.000000000E+00  1.458059434E+01 
       205  1.010000000E+02  0.000000000E+00  1.462761692E+01 
       206  1.012500000E+02  0.000000000E+00  1.465542330E+01 
       207  1.015000000E+02  0.000000000E+00  1.466854684E+01 
       208  1.017500000E+02  0.000000000E+00  1.467014597E+01 
       209  1.020000000E+02  0.000000000E+00  1.466253874E+01 
       210  1.022500000E+02  0.000000000E+00  1.464748869E+01 
       211  1.025000000E+02  0.000000000E+00  1.462637240E+01 
       212  1.027500000E+02  0.000000000E+00  1.460028503E+01 
       213  1.030000000E+02  0.000000000E+00  1.457011045E+01 
       214  1.032500000E+02  0.000000000E+00  1.453657014E+01 
       215  1.035000000E+02  0.000000000E+00  1.450025820E+01 
       216  1.037500000E+02  0.000000000E+00  1.446166736E+01 
       217  1.040000000E+02  0.000000000E+00  1.442120865E+01 
       218  1.042500000E+02  0.000000000E+00  1.437922656E+01 
       219  1.045000000E+02  0.000000000E+00  1.433601092E+01 
       220  1.047500000E+02  0.000000000E+00  1.429180640E+01 
       221  1.050000000E+02  0.000000000E+00  1.424682007E+01 
       222  1.052500000E+02  0.000000000E+00  1.420122760E+01 
       223  1.055000000E+02  0.000000000E+00  1.415517827E+01 
       224  1.057500000E+02  0.000000000E+00  1.410879916E+01 
       225  1.060000000E+02  0.000000000E+00  1.406219855E+01 
       226  1.062500000E+02  0.000000000E+00  1.401546885E+01 
       227  1.065000000E+02  0.000000000E+00  1.396868893E+01 
       228  1.067500000E+02  0.000000000E+00  1.392192622E+01 
       229  1.070000000E+02  0.000000000E+00  1.387523833E+01 
       230  1.072500000E+02  0.000000000E+00  1.382867452E+01 
       231  1.075000000E+02  0.000000000E+00  1.378227692E+01 
       232  1.077500000E+02  0.000000000E+00  1.373608155E+01 
       233  1.080000000E+02  0.000000000E+00  1.369011920E+01 
       234  1.082500000E+02  0.000000000E+00  1.364441619E+01 
       235  1.085000000E+02  0.000000000E+00  1.359899497E+01 
       236  1.087500000E+02  0.000000000E+00  1.355387470E+01 
       237  1.090000000E+02  0.000000000E+00  1.350907171E+01 
       238  1.092500000E+02  0.000000000E+00  1.346459987E+01 
       239  1.095000000E+02  0.000000000E+00  1.342047096E+01 
       240  1.097500000E+02  0.000000000E+00  1.337669496E+01 
       241  1.100000000E+02  0.000000000E+00  1.333328028E+01 
       242  1.102500000E+02  0.000000000E+00  1.329023398E+01 
       243  1.105000000E+02  0.000000000E+00  1.324756197E+01 
       244  1.107500000E+02  0.000000000E+00  1.320526916E+01 
       245  1.110000000E+02  0.000000000E+00  1.316335958E+01 
       246  1.112500000E+02  0.000000000E+00  1.312183651E+01 
       247  1.115000000E+02  0.000000000E+00  1.308070261E+01 
       248  1.117500000E+02  0.000000000E+00  1.303995993E+01 
       249  1.120000000E+02  0.000000000E+00  1.299961007E+01 
       250  1.122500000E+02  0.000000000E+00  1.295965418E+01 
       251  1.125000000E+02  0.000000000E+00  1.292009305E+01 
       252  1.127500000E+02  0.000000000E+00  1.288092716E+01 
       253  1.130000000E+02  0.000000000E+00  1.284215668E+01 
       254  1.132500000E+02  0.000000000E+00  1.280378156E+01 
       255  1.135000000E+02  0.000000000E+00  1.276580152E+01 
       256  1.137500000E+02  0.000000000E+00  1.272821609E+01 
       257  1.140000000E+02  0.000000000E+00  1.269102464E+01 
       258  1.142500000E+02  0.000000000E+00  1.265422639E+01 
       259  1.145000000E+02  0.000000000E+00  1.261782044E+01 
       260  1.147500000E+02  0.000000000E+00  1.258180576E+01 
       261  1.150000000E+02  0.000000000E+00  1.254618122E+01 
       262  1.152500000E+02  0.000000000E+00  1.251094561E+01 
       263  1.155000000E+02  0.000000000E+00  1.247609762E+01 
       264  1.157500000E+02  0.000000000E+00  1.244163590E+01 
       265  1.160000000E+02  0.000000000E+00  1.240755900E+01 
       266  1.162500000E+02  0.000000000E+00  1.237386543E+01 
       267  1.165000000E+02  0.000000000E+00  1.234055363E+01 
       268  1.167500000E+02  0.000000000E+00  1.230762202E+01 
       269  1.170000000E+02  0.000000000E+00  1.227506896E+01 
       270  1.172500000E+02  0.000000000E+00  1.224289276E+01 
       271  1.175000000E+02  0.000000000E+00  1.221109171E+01 
       272  1.177500000E+02  0.000000000E+00  1.217966406E+01 
       273  1.180000000E+02  0.000000000E+00  1.214860803E+01 
       274  1.182500000E+02  0.000000000E+00  1.211792181E+01 
       275  1.185000000E+02  0.000000000E+00  1.208760358E+01 
       276  1.187500000E+02  0.000000000E+00  1.205765147E+01 
       277  1.190000000E+02  0.000000000E+00  1.202806361E+01 
       278  1.192500000E+02  0.000000000E+00  1.199883810E+01 
       279  1.195000000E+02  0.000000000E+00  1.196997303E+01 
       280  1.197500000E+02  0.000000000E+00  1.194146646E+01 
       281  1.200000000E+02  0.000000000E+00  1.191331644E+01 
       282  1.202500000E+02  0.000000000E+00  1.188552102E+01 
       283  1.205000000E+02  0.000000000E+00  1.185807822E+01 
       284  1.207500000E+02  0.000000000E+00  1.183098606E+01 
       285  1.210000000E+02  0.000000000E+00  1.180424253E+01 
       286  1.212500000E+02  0.000000000E+00  1.177784563E+01 
       287  1.215000000E+02  0.000000000E+00  1.175179335E+01 
       288  1.217500000E+02  0.000000000E+00  1.172608367E+01 
       289  1.220000000E+02  0.000000000E+00  1.170071456E+01 
       290  1.222500000E+02  0.000000000E+00  1.167568397E+01 
       291  1.225000000E+02  0.000000000E+00  1.165098989E+01 
       292  1.227500000E+02  0.000000000E+00  1.162663026E+01 
       293  1.230000000E+02  0.000000000E+00  1.160260303E+01 
       294  1.232500000E+02  0.000000000E+00  1.157890617E+01 
       295  1.235000000E+02  0.000000000E+00  1.155553762E+01 
       296  1.237500000E+02  0.000000000E+00  1.153249533E+01 
       297  1.240000000E+02  0.000000000E+00  1.150977726E+01 
       298  1.242500000E+02  0.000000000E+00  1.148738135E+01 
       299  1.245000000E+02  0.000000000E+00  1.146530557E+01 
       300  1.247500000E+02  0.000000000E+00  1.144354787E+01 
       301  1.250000000E+02  0.000000000E+00  1.142210621E+01 
       302  1.252500000E+02  0.000000000E+00  1.140097855E+01 
       303  1.255000000E+02  0.000000000E+00  1.138016286E+01 
       304  1.257500000E+02  0.000000000E+00  1.135965713E+01 
       305  1.260000000E+02  0.000000000E+00  1.133945932E+01 
       306  1.262500000E+02  0.000000000E+00  1.131956743E+01 
       307  1.265000000E+02  0.000000000E+00  1.129997946E+01 
       308  1.267500000E+02  0.000000000E+00  1.128069341E+01 
       309  1.270000000E+02  0.000000000E+00  1.126170728E+01 
       310  1.272500000E+02  0.000000000E+00  1.124301911E+01 
       311  1.275000000E+02  0.000000000E+00  1.122462693E+01 
       312  1.277500000E+02  0.000000000E+00  1.120652878E+01 
       313  1.280000000E+02  0.000000000E+00  1.118872272E+01 
       314  1.282500000E+02  0.000000000E+00  1.117120681E+01 
       315  1.285000000E+02  0.000000000E+00  1.115397914E+01 
       316  1.287500000E+02  0.000000000E+00  1.113703781E+01 
       317  1.290000000E+02  0.000000000E+00  1.112038091E+01 
       318  1.292500000E+02  0.000000000E+00  1.110400658E+01 
       319  1.295000000E+02  0.000000000E+00  1.108791295E+01 
       320  1.297500000E+02  0.000000000E+00  1.107209817E+01 
       321  1.300000000E+02  0.000000000E+00  1.105656043E+01 
       322  1.302500000E+02  0.000000000E+00  1.104129790E+01 
       323  1.305000000E+02  0.000000000E+00  1.102630880E+01 
       324  1.307500000E+02  0.000000000E+00  1.101159135E+01 
       325  1.310000000E+02  0.000000000E+00  1.099714378E+01 
       326  1.312500000E+02  0.000000000E+00  1.098296437E+01 
       327  1.315000000E+02  0.000000000E+00  1.096905139E+01 
       328  1.317500000E+02  0.000000000E+00  1.095540316E+01 
       329  1.320000000E+02  0.000000000E+00  1.094201798E+01 
       330  1.322500000E+02  0.000000000E+00  1.092889421E+01 
       331  1.325000000E+02  0.000000000E+00  1.091603021E+01 
       332  1.327500000E+02  0.000000000E+00  1.090342437E+01 
       333  1.330000000E+02  0.000000000E+00  1.089107510E+01 
       334  1.332500000E+02  0.000000000E+00  1.087898085E+01 
       335  1.335000000E+02  0.000000000E+00  1.086714006E+01 
       336  1.337500000E+02  0.000000000E+00  1.085555123E+01 
       337  1.340000000E+02  0.000000000E+00  1.084421285E+01 
       338  1.342500000E+02  0.000000000E+00  1.083312347E+01 
       339  1.345000000E+02  0.000000000E+00  1.082228163E+01 
       340  1.347500000E+02  0.000000000E+00  1.081168594E+01 
       341  1.350000000E+02  0.000000000E+00  1.080133499E+01 
       342  1.352500000E+02  0.000000000E+00  1.079122743E+01 
       343  1.355000000E+02  0.000000000E+00  1.078136192E+01 
       344  1.357500000E+02  0.000000000E+00  1.077173715E+01 
       345  1.360000000E+02  0.000000000E+00  1.076235185E+01 
       346  1.362500000E+02  0.000000000E+00  1.075320476E+01 
       347  1.365000000E+02  0.000000000E+00  1.074429467E+01 
       348  1.367500000E+02  0.000000000E+00  1.073562038E+01 
       349  1.370000000E+02  0.000000000E+00  1.072718072E+01 
       350  1.372500000E+02  0.000000000E+00  1.071897457E+01 
       351  1.375000000E+02  0.000000000E+00  1.071100082E+01 
       352  1.377500000E+02  0.000000000E+00  1.070325840E+01 
       353  1.380000000E+02  0.000000000E+00  1.069574627E+01 
       354  1.382500000E+02  0.000000000E+00  1.068846341E+01 
       355  1.385000000E+02  0.000000000E+00  1.068140885E+01 
       356  1.387500000E+02  0.000000000E+00  1.067458164E+01 
       357  1.390000000E+02  0.000000000E+00  1.066798086E+01 
       358  1.392500000E+02  0.000000000E+00  1.066160563E+01 
       359  1.395000000E+02  0.000000000E+00  1.065545510E+01 
       360  1.397500000E+02  0.000000000E+00  1.064952845E+01 
       361  1.400000000E+02  0.000000000E+00  1.064382489E+01 
       362  1.402500000E+02  0.000000000E+00  1.063834368E+01 
       363  1.405000000E+02  0.000000000E+00  1.063308410E+01 
       364  1.407500000E+02  0.000000000E+00  1.062804545E+01 
       365  1.410000000E+02  0.000000000E+00  1.062322709E+01 
       366  1.412500000E+02  0.000000000E+00  1.061862840E+01 
       367  1.415000000E+02  0.000000000E+00  1.061424881E+01 
       368  1.417500000E+02  0.000000000E+00  1.061008775E+01 
       369  1.420000000E+02  0.000000000E+00  1.060614473E+01 
       370  1.422500000E+02  0.000000000E+00  1.060241925E+01 
       371  1.425000000E+02  0.000000000E+00  1.059891088E+01 
       372  1.427500000E+02  0.000000000E+00  1.059561921E+01 
       373  1.430000000E+02  0.000000000E+00  1.059254386E+01 
       374  1.432500000E+02  0.000000000E+00  1.058968451E+01 
       375  1.435000000E+02  0.000000000E+00  1.058704083E+01 
       376  1.437500000E+02  0.000000000E+00  1.058461258E+01 
       377  1.440000000E+02  0.000000000E+00  1.058239951E+01 
       378  1.442500000E+02  0.000000000E+00  1.058040144E+01 
       379  1.445000000E+02  0.000000000E+00  1.057861820E+01 
       380  1.447500000E+02  0.000000000E+00  1.057704967E+01 
       381  1.450000000E+02  0.000000000E+00  1.057569577E+01 
       382  1.452500000E+02  0.000000000E+00  1.057455644E+01 
       383  1.455000000E+02  0.000000000E+00  1.057363168E+01 
       384  1.457500000E+02  0.000000000E+00  1.057292149E+01 
       385  1.460000000E+02  0.000000000E+00  1.057242595E+01 
       386  1.462500000E+02  0.000000000E+00  1.057214514E+01 
       387  1.465000000E+02  0.000000000E+00  1.057207920E+01 
       388  1.467500000E+02  0.000000000E+00  1.057222830E+01 
       389  1.470000000E+02  0.000000000E+00  1.057259263E+01 
       390  1.472500000E+02  0.000000000E+00  1.057317244E+01 
       391  1.475000000E+02  0.000000000E+00  1.057396800E+01 
       392  1.477500000E+02  0.000000000E+00  1.057497963E+01 
       393  1.480000000E+02  0.000000000E+00  1.057620767E+01 
       394  1.482500000E+02  0.000000000E+00  1.057765252E+01 
       395  1.485000000E+02  0.000000000E+00  1.057931458E+01 
       396  1.487500000E+02  0.000000000E+00  1.058119433E+01 
       397  1.490000000E+02  0.000000000E+00  1.058329224E+01 
       398  1.492500000E+02  0.000000000E+00  1.058560886E+01 
       399  1.495000000E+02  0.000000000E+00  1.058814475E+01 
       400  1.497500000E+02  0.000000000E+00  1.059090050E+01 
       401  1.500000000E+02  0.000000000E+00  1.059387675E+01 
       402  1.502500000E+02  0.000000000E+00  1.059707418E+01 
       403  1.505000000E+02  0.000000000E+00  1.060049349E+01 
       404  1.507500000E+02  0.000000000E+00  1.060413543E+01 
       405  1.510000000E+02  0.000000000E+00  1.060800077E+01 
       406  1.512500000E+02  0.000000000E+00  1.061209033E+01 
       407  1.515000000E+02  0.000000000E+00  1.061640494E+01 
       408  1.517500000E+02  0.000000000E+00  1.062094550E+01 
       409  1.520000000E+02  0.000000000E+00  1.062571292E+01 
       410  1.522500000E+02  0.000000000E+00  1.063070814E+01 
       411  1.525000000E+02  0.000000000E+00  1.063593216E+01 
       412  1.527500000E+02  0.000000000E+00  1.064138599E+01 
       413  1.530000000E+02  0.000000000E+00  1.064707068E+01 
       414  1.532500000E+02  0.000000000E+00  1.065298731E+01 
       415  1.535000000E+02  0.000000000E+00  1.065913701E+01 
       416  1.537500000E+02  0.000000000E+00  1.066552091E+01 
       417  1.540000000E+02  0.000000000E+00  1.067214022E+01 
       418  1.542500000E+02  0.000000000E+00  1.067899612E+01 
       419  1.545000000E+02  0.000000000E+00  1.068608989E+01 
       420  1.547500000E+02  0.000000000E+00  1.069342278E+01 
       421  1.550000000E+02  0.000000000E+00  1.070099611E+01 
       422  1.552500000E+02  0.000000000E+00  1.070881122E+01 
       423  1.555000000E+02  0.000000000E+00  1.071686948E+01 
       424  1.557500000E+02  0.000000000E+00  1.072517229E+01 
       425  1.560000000E+02  0.000000000E+00  1.073372107E+01 
       426  1.562500000E+02  0.000000000E+00  1.074251730E+01 
       427  1.565000000E+02  0.000000000E+00  1.075156244E+01 
       428  1.567500000E+02  0.000000000E+00  1.076085803E+01 
       429  1.570000000E+02  0.000000000E+00  1.077040560E+01 
       430  1.572500000E+02  0.000000000E+00  1.078020672E+01 
       431  1.575000000E+02  0.000000000E+00  1.079026301E+01 
       432  1.577500000E+02  0.000000000E+00  1.080057608E+01 
       433  1.580000000E+02  0.000000000E+00  1.081114758E+01 
       434  1.582500000E+02  0.000000000E+00  1.082197920E+01 
       435  1.585000000E+02  0.000000000E+00  1.083307263E+01 
       436  1.587500000E+02  0.000000000E+00  1.084442961E+01 
       437  1.590000000E+02  0.000000000E+00  1.085605190E+01 
       438  1.592500000E+02  0.000000000E+00  1.086794126E+01 
       439  1.595000000E+02  0.000000000E+00  1.088009949E+01 
       440  1.597500000E+02  0.000000000E+00  1.089252843E+01 
       441  1.600000000E+02  0.000000000E+00  1.090522992E+01 
       442  1.602500000E+02  0.000000000E+00  1.091820582E+01 
       443  1.605000000E+02  0.000000000E+00  1.093145803E+01 
       444  1.607500000E+02  0.000000000E+00  1.094498844E+01 
       445  1.610000000E+02  0.000000000E+00  1.095879900E+01 
       446  1.612500000E+02  0.000000000E+00  1.097289165E+01 
       447  1.615000000E+02  0.000000000E+00  1.098726835E+01 
       448  1.617500000E+02  0.000000000E+00  1.100193110E+01 
       449  1.620000000E+02  0.000000000E+00  1.101688189E+01 
       450  1.622500000E+02  0.000000000E+00  1.103212274E+01 
       451  1.625000000E+02  0.000000000E+00  1.104765569E+01 
       452  1.627500000E+02  0.000000000E+00  1.106348279E+01 
       453  1.630000000E+02  0.000000000E+00  1.107960611E+01 
       454  1.632500000E+02  0.000000000E+00  1.109602773E+01 
       455  1.635000000E+02  0.000000000E+00  1.111274973E+01 
       456  1.637500000E+02  0.000000000E+00  1.112977423E+01 
       457  1.640000000E+02  0.000000000E+00  1.114710334E+01 
       458  1.642500000E+02  0.000000000E+00  1.116473919E+01 
       459  1.645000000E+02  0.000000000E+00  1.118268392E+01 
       460  1.647500000E+02  0.000000000E+00  1.120093968E+01 
       461  1.650000000E+02  0.000000000E+00  1.121950863E+01 
       462  1.652500000E+02  0.000000000E+00  1.123839293E+01 
       463  1.655000000E+02  0.000000000E+00  1.125759476E+01 
       464  1.657500000E+02  0.000000000E+00  1.127711629E+01 
       465  1.660000000E+02  0.000000000E+00  1.129695971E+01 
       466  1.662500000E+02  0.000000000E+00  1.131712722E+01 
       467  1.665000000E+02  0.000000000E+00  1.133762100E+01 
       468  1.667500000E+02  0.000000000E+00  1.135844325E+01 
       469  1.670000000E+02  0.000000000E+00  1.137959617E+01 
       470  1.672500000E+02  0.000000000E+00  1.140108196E+01 
       471  1.675000000E+02  0.000000000E+00  1.142290283E+01 
       472  1.677500000E+02  0.000000000E+00  1.144506098E+01 
       473  1.680000000E+02  0.000000000E+00  1.146755860E+01 
       474  1.682500000E+02  0.000000000E+00  1.149039789E+01 
       475  1.685000000E+02  0.000000000E+00  1.151358106E+01 
       476  1.687500000E+02  0.000000000E+00  1.153711028E+01 
       477  1.690000000E+02  0.000000000E+00  1.156098775E+01 
       478  1.692500000E+02  0.000000000E+00  1.158521565E+01 
       479  1.695000000E+02  0.000000000E+00  1.160979615E+01 
       480  1.697500000E+02  0.000000000E+00  1.163473142E+01 
       481  1.700000000E+02  0.000000000E+00  1.166002362E+01 
       482  1.702500000E+02  0.000000000E+00  1.168567489E+01 
       483  1.705000000E+02  0.000000000E+00  1.171168738E+01 
       484  1.707500000E+02  0.000000000E+00  1.173806321E+01 
       485  1.710000000E+02  0.000000000E+00  1.176480449E+01 
       486  1.712500000E+02  0.000000000E+00  1.179191333E+01 
       487  1.715000000E+02  0.000000000E+00  1.181939181E+01 
       488  1.717500000E+02  0.000000000E+00  1.184724201E+01 
       489  1.720000000E+02  0.000000000E+00  1.187546598E+01 
       490  1.722500000E+02  0.000000000E+00  1.190406575E+01 
       491  1.725000000E+02  0.000000000E+00  1.193304336E+01 
       492  1.727500000E+02  0.000000000E+00  1.196240080E+01 
       493  1.730000000E+02  0.000000000E+00  1.199214005E+01 
       494  1.732500000E+02  0.000000000E+00  1.202226307E+01 
       495  1.735000000E+02  0.000000000E+00  1.205277180E+01 
       496  1.737500000E+02  0.000000000E+00  1.208366815E+01 
       497  1.740000000E+02  0.000000000E+00  1.211495401E+01 
       498  1.742500000E+02  0.000000000E+00  1.214663125E+01 
       499  1.745000000E+02  0.000000000E+00  1.217870171E+01 
       500  1.747500000E+02  0.000000000E+00  1.221116720E+01 
       501  1.750000000E+02  0.000000000E+00  1.224402950E+01 
       502  1.752500000E+02  0.000000000E+00  1.227729036E+01 
       503  1.755000000E+02  0.000000000E+00  1.231095151E+01 
       504  1.757500000E+02  0.000000000E+00  1.234501465E+01 
       505  1.760000000E+02  0.000000000E+00  1.237948143E+01 
       506  1.762500000E+02  0.000000000E+00  1.241435348E+01 
       507  1.765000000E+02  0.000000000E+00  1.244963239E+01 
       508  1.767500000E+02  0.000000000E+00  1.248531973E+01 
       509  1.770000000E+02  0.000000000E+00  1.252141701E+01 
       510  1.772500000E+02  0.000000000E+00  1.255792572E+01 
       511  1.775000000E+02  0.000000000E+00  1.259484730E+01 
       512  1.777500000E+02  0.000000000E+00  1.263218316E+01 
       513  1.780000000E+02  0.000000000E+00  1.266993466E+01 
       514  1.782500000E+02  0.000000000E+00  1.270810314E+01 
       515  1.785000000E+02  0.000000000E+00  1.274668986E+01 
       516  1.787500000E+02  0.000000000E+00  1.278569608E+01 
       517  1.790000000E+02  0.000000000E+00  1.282512298E+01 
       518  1.792500000E+02  0.000000000E+00  1.286497171E+01 
       519  1.795000000E+02  0.000000000E+00  1.290524337E+01 
       520  1.797500000E+02  0.000000000E+00  1.294593902E+01 
       521  1.800000000E+02  0.000000000E+00  1.298705964E+01 
       522  1.802500000E+02  0.000000000E+00  1.302860621E+01 
       523  1.805000000E+02  0.000000000E+00  1.307057961E+01 
       524  1.807500000E+02  0.000000000E+00  1.311298069E+01 
       525  1.810000000E+02  0.000000000E+00  1.315581024E+01 
       526  1.812500000E+02  0.000000000E+00  1.319906899E+01 
       527  1.815000000E+02  0.000000000E+00  1.324275762E+01 
       528  1.817500000E+02  0.000000000E+00  1.328687675E+01 
       529  1.820000000E+02  0.000000000E+00  1.333142691E+01 
       530  1.822500000E+02  0.000000000E+00  1.337640861E+01 
       531  1.825000000E+02  0.000000000E+00  1.342182225E+01 
       532  1.827500000E+02  0.000000000E+00  1.346766818E+01 
       533  1.830000000E+02  0.000000000E+00  1.351394669E+01 
       534  1.832500000E+02  0.000000000E+00  1.356065797E+01 
       535  1.835000000E+02  0.000000000E+00  1.360780213E+01 
       536  1.837500000E+02  0.000000000E+00  1.365537922E+01 
       537  1.840000000E+02  0.000000000E+00  1.370338916E+01 
       538  1.842500000E+02  0.000000000E+00  1.375183182E+01 
       539  1.845000000E+02  0.000000000E+00  1.380070693E+01 
       540  1.847500000E+02  0.000000000E+00  1.385001413E+01 
       541  1.850000000E+02  0.000000000E+00  1.389975294E+01 
       542  1.852500000E+02  0.000000000E+00  1.394992274E+01 
       543  1.855000000E+02  0.000000000E+00  1.400052278E+01 
       544  1.857500000E+02  0.000000000E+00  1.405155216E+01 
       545  1.860000000E+02  0.000000000E+00  1.410300980E+01 
       546  1.862500000E+02  0.000000000E+00  1.415489446E+01 
       547  1.865000000E+02  0.000000000E+00  1.420720467E+01 
       548  1.867500000E+02  0.000000000E+00  1.425993873E+01 
       549  1.870000000E+02  0.000000000E+00  1.431309471E+01 
       550  1.872500000E+02  0.000000000E+00  1.436667036E+01 
       551  1.875000000E+02  0.000000000E+00  1.442066312E+01 
       552  1.877500000E+02  0.000000000E+00  1.447507008E+01 
       553  1.880000000E+02  0.000000000E+00  1.452988789E+01 
       554  1.882500000E+02  0.000000000E+00  1.458511274E+01 
       555  1.885000000E+02  0.000000000E+00  1.464074026E+01 
       556  1.887500000E+02  0.000000000E+00  1.469676549E+01 
       557  1.890000000E+02  0.000000000E+00  1.475318274E+01 
       558  1.892500000E+02  0.000000000E+00  1.480998551E+01 
       559  1.895000000E+02  0.000000000E+00  1.486716638E+01 
       560  1.897500000E+02  0.000000000E+00  1.492471682E+01 
       561  1.900000000E+02  0.000000000E+00  1.498262708E+01 
       562  1.902500000E+02  0.000000000E+00  1.504088595E+01 
       563  1.905000000E+02  0.000000000E+00  1.509948058E+01 
       564  1.907500000E+02  0.000000000E+00  1.515839617E+01 
       565  1.910000000E+02  0.000000000E+00  1.521761569E+01 
       566  1.912500000E+02  0.000000000E+00  1.527711951E+01 
       567  1.915000000E+02  0.000000000E+00  1.533688499E+01 
       568  1.917500000E+02  0.000000000E+00  1.539688598E+01 
       569  1.920000000E+02  0.000000000E+00  1.545709225E+01 
       570  1.922500000E+02  0.000000000E+00  1.551746883E+01 
       571  1.925000000E+02  0.000000000E+00  1.557797522E+01 
       572  1.927500000E+02  0.000000000E+00  1.563856443E+01 
       573  1.930000000E+02  0.000000000E+00  1.569918198E+01 
       574  1.932500000E+02  0.000000000E+00  1.575976455E+01 
       575  1.935000000E+02  0.000000000E+00  1.582023853E+01 
       576  1.937500000E+02  0.000000000E+00  1.588051824E+01 
       577  1.940000000E+02  0.000000000E+00  1.594050384E+01 
       578  1.942500000E+02  0.000000000E+00  1.600007888E+01 
       579  1.945000000E+02  0.000000000E+00  1.605910734E+01 
       580  1.947500000E+02  0.000000000E+00  1.611743014E+01 
       581  1.950000000E+02  0.000000000E+00  1.617486098E+01 
       582  1.952500000E+02  0.000000000E+00  1.623118130E+01 
       583  1.955000000E+02  0.000000000E+00  1.628613423E+01 
       584  1.957500000E+02  0.000000000E+00  1.633941720E+01 
       585  1.960000000E+02  0.000000000E+00  1.639067295E+01 
       586  1.962500000E+02  0.000000000E+00  1.643947842E+01 
       587  1.965000000E+02  0.000000000E+00  1.648533091E+01 
       588  1.967500000E+02  0.000000000E+00  1.652763065E+01 
       589  1.970000000E+02  0.000000000E+00  1.656565858E+01 
       590  1.972500000E+02  0.000000000E+00  1.659854744E+01 
       591  1.975000000E+02  0.000000000E+00  1.662524361E+01 
       592  1.977500000E+02  0.000000000E+00  1.664445536E+01 
       593  1.980000000E+02  0.000000000E+00  1.665458080E+01 
       594  1.982500000E+02  0.000000000E+00  1.665360384E+01 
       595  1.985000000E+02  0.000000000E+00  1.663893744E+01 
       596  1.987500000E+02  0.000000000E+00  1.660717363E+01 
       597  1.990000000E+02  0.000000000E+00  1.655365543E+01 
       598  1.992500000E+02  0.000000000E+00  1.647167292E+01 
       599  1.995000000E+02  0.000000000E+00  1.635078027E+01 
       600  1.997500000E+02  0.000000000E+00  1.615977126E+01 
       601  2.000000000E+02  0.000000000E+00  1.924482378E+01 
       602  2.001999988E+02  0.000000000E+00  2.124387281E+01 
       603  2.004032879E+02  0.000000000E+00  2.016879276E+01 
       604  2.006099214E+02  0.000000000E+00  1.920784052E+01 
       605  2.008199543E+02  0.000000000E+00  1.834212153E+01 
       606  2.010334426E+02  0.000000000E+00  1.756051682E+01 
       607  2.012504431E+02  0.000000000E+00  1.685349694E+01 
       608  2.014710137E+02  0.000000000E+00  1.621284894E+01 
       609  2.016952129E+02  0.000000000E+00  1.563145928E+01 
       610  2.019231006E+02  0.000000000E+00  1.510313890E+01 
       611  2.021547374E+02  0.000000000E+00  1.462248061E+01 
       612  2.023901849E+02  0.000000000E+00  1.418474165E+01 
       613  2.026295060E+02  0.000000000E+00  1.378574670E+01 
       614  2.028727642E+02  0.000000000E+00  1.342180681E+01 
       615  2.031200245E+02  0.000000000E+00  1.308360914E+01 
       616  2.033713525E+02  0.000000000E+00  1.276888866E+01 
       617  2.036268153E+02  0.000000000E+00  1.259288890E+01 
       618  2.038864808E+02  0.000000000E+00  1.243777710E+01 
       619  2.041504183E+02  0.000000000E+00  1.218232205E+01 
       620  2.044186979E+02  0.000000000E+00  1.195062046E+01 
       621  2.046913911E+02  0.000000000E+00  1.174547584E+01 
       622  2.049685706E+02  0.000000000E+00  1.155826350E+01 
       623  2.052503101E+02  0.000000000E+00  1.138747815E+01 
       624  2.055366847E+02  0.000000000E+00  1.123175366E+01 
       625  2.058277705E+02  0.000000000E+00  1.108984739E+01 
       626  2.061236452E+02  0.000000000E+00  1.096062654E+01 
       627  2.064243875E+02  0.000000000E+00  1.084305636E+01 
       628  2.067300774E+02  0.000000000E+00  1.073618991E+01 
       629  2.070407965E+02  0.000000000E+00  1.063915900E+01 
       630  2.073566273E+02  0.000000000E+00  1.055116641E+01 
       631  2.076776540E+02  0.000000000E+00  1.047147896E+01 
       632  2.080039622E+02  0.000000000E+00  1.039942148E+01 
       633  2.083356386E+02  0.000000000E+00  1.033437153E+01 
       634  2.086727716E+02  0.000000000E+00  1.027575467E+01 
       635  2.090154510E+02  0.000000000E+00  1.022304034E+01 
       636  2.093637679E+02  0.000000000E+00  1.017573819E+01 
       637  2.097178153E+02  0.000000000E+00  1.013339483E+01 
       638  2.100776872E+02  0.000000000E+00  1.009559087E+01 
       639  2.104434797E+02  0.000000000E+00  1.006193839E+01 
       640  2.108152899E+02  0.000000000E+00  1.003207853E+01 
       641  2.111932170E+02  0.000000000E+00  1.000567940E+01 
       642  2.115773617E+02  0.000000000E+00  9.982434186E+00 
       643  2.119678260E+02  0.000000000E+00  9.962059376E+00 
       644  2.123647142E+02  0.000000000E+00  9.944293173E+00 
       645  2.127681317E+02  0.000000000E+00  9.928894032E+00 
       646  2.131781861E+02  0.000000000E+00  9.915639293E+00 
       647  2.135949866E+02  0.000000000E+00  9.904323930E+00 
       648  2.140186441E+02  0.000000000E+00  9.894759372E+00 
       649  2.144492713E+02  0.000000000E+00  9.886772404E+00 
       650  2.148869831E+02  0.000000000E+00  9.880204135E+00 
       651  2.153318959E+02  0.000000000E+00  9.874909027E+00 
       652  2.157841282E+02  0.000000000E+00  9.870753972E+00 
       653  2.162438005E+02  0.000000000E+00  9.867617425E+00 
       654  2.167110350E+02  0.000000000E+00  9.865388582E+00 
       655  2.171859563E+02  0.000000000E+00  9.863966598E+00 
       656  2.176686908E+02  0.000000000E+00  9.863259822E+00 
       657  2.181593671E+02  0.000000000E+00  9.863185049E+00 
       658  2.186581157E+02  0.000000000E+00  9.863667029E+00 
       659  2.191650695E+02  0.000000000E+00  9.864637753E+00 
       660  2.196803635E+02  0.000000000E+00  9.866035722E+00 
       661  2.202041348E+02  0.000000000E+00  9.867805517E+00 
       662  2.207365230E+02  0.000000000E+00  9.869897242E+00 
       663  2.212776699E+02  0.000000000E+00  9.872266019E+00 
       664  2.218277194E+02  0.000000000E+00  9.874871528E+00 
       665  2.223868182E+02  0.000000000E+00  9.877677563E+00 
       666  2.229551149E+02  0.000000000E+00  9.880651631E+00 
       667  2.235327610E+02  0.000000000E+00  9.883764577E+00 
       668  2.241199103E+02  0.000000000E+00  9.886990229E+00 
       669  2.247167191E+02  0.000000000E+00  9.890305085E+00 
       670  2.253233464E+02  0.000000000E+00  9.893688013E+00 
       671  2.259399536E+02  0.000000000E+00  9.897119983E+00 
       672  2.265667050E+02  0.000000000E+00  9.900583828E+00 
       673  2.272037674E+02  0.000000000E+00  9.904064010E+00 
       674  2.278513104E+02  0.000000000E+00  9.907546433E+00 
       675  2.285095066E+02  0.000000000E+00  9.911018251E+00 
       676  2.291785311E+02  0.000000000E+00  9.914467714E+00 
       677  2.298585621E+02  0.000000000E+00  9.917884019E+00 
       678  2.305497807E+02  0.000000000E+00  9.921257183E+00 
       679  2.312523708E+02  0.000000000E+00  9.924577931E+00 
       680  2.319665197E+02  0.000000000E+00  9.927837593E+00 
       681  2.326924175E+02  0.000000000E+00  9.931028013E+00 
       682  2.334302574E+02  0.000000000E+00  9.934141475E+00 
       683  2.341802359E+02  0.000000000E+00  9.937170631E+00 
       684  2.349425527E+02  0.000000000E+00  9.940108436E+00 
       685  2.357174108E+02  0.000000000E+00  9.942948098E+00 
       686  2.365050165E+02  0.000000000E+00  9.945683022E+00 
       687  2.373055796E+02  0.000000000E+00  9.948306766E+00 
       688  2.381193132E+02  0.000000000E+00  9.950813001E+00 
       689  2.389464340E+02  0.000000000E+00  9.953195461E+00 
       690  2.397871622E+02  0.000000000E+00  9.955447913E+00 
       691  2.406417216E+02  0.000000000E+00  9.957564106E+00 
       692  2.415103399E+02  0.000000000E+00  9.959537737E+00 
       693  2.423932484E+02  0.000000000E+00  9.961362405E+00 
       694  2.432906820E+02  0.000000000E+00  9.963031563E+00 
       695  2.442028798E+02  0.000000000E+00  9.964538474E+00 
       696  2.451300847E+02  0.000000000E+00  9.965876152E+00 
       697  2.460725436E+02  0.000000000E+00  9.967037312E+00 
       698  2.470305073E+02  0.000000000E+00  9.968014303E+00 
       699  2.480042311E+02  0.000000000E+00  9.968799040E+00 
       700  2.489939742E+02  0.000000000E+00  9.969382936E+00 
       701  2.500000000E+02  0.000000000E+00  9.969756799E+00 
       702  2.510060258E+02  0.000000000E+00  9.969910179E+00 
       703  2.519957689E+02  0.000000000E+00  9.969846433E+00 
       704  2.529694927E+02  0.000000000E+00  9.969576043E+00 
       705  2.539274564E+02  0.000000000E+00  9.969108862E+00 
       706  2.548699153E+02  0.000000000E+00  9.968454080E+00 
       707  2.557971202E+02  0.000000000E+00  9.967620286E+00 
       708  2.567093180E+02  0.000000000E+00  9.966615532E+00 
       709  2.576067516E+02  0.000000000E+00  9.965447384E+00 
       710  2.584896601E+02  0.000000000E+00  9.964122973E+00 
       711  2.593582784E+02  0.000000000E+00  9.962649034E+00 
       712  2.602128379E+02  0.000000000E+00  9.961031946E+00 
       713  2.610535660E+02  0.000000000E+00  9.959277756E+00 
       714  2.618806868E+02  0.000000000E+00  9.957392205E+00 
       715  2.626944204E+02  0.000000000E+00  9.955380742E+00 
       716  2.634949835E+02  0.000000000E+00  9.953248529E+00 
       717  2.642825892E+02  0.000000000E+00  9.951000443E+00 
       718  2.650574473E+02  0.000000000E+00  9.948641064E+00 
       719  2.658197641E+02  0.000000000E+00  9.946174662E+00 
       720  2.665697426E+02  0.000000000E+00  9.943605168E+00 
       721  2.673075825E+02  0.000000000E+00  9.940936140E+00 
       722  2.680334803E+02  0.000000000E+00  9.938170719E+00 
       723  2.687476292E+02  0.000000000E+00  9.935311570E+00 
       724  2.694502193E+02  0.000000000E+00  9.932360818E+00 
       725  2.701414379E+02  0.000000000E+00  9.929319973E+00 
       726  2.708214689E+02  0.000000000E+00  9.926189830E+00 
       727  2.714904934E+02  0.000000000E+00  9.922970375E+00 
       728  2.721486896E+02  0.000000000E+00  9.919660658E+00 
       729  2.727962326E+02  0.000000000E+00  9.916258662E+00 
       730  2.734332950E+02  0.000000000E+00  9.912761153E+00 
       731  2.740600464E+02  0.000000000E+00  9.909163508E+00 
       732  2.746766536E+02  0.000000000E+00  9.905459533E+00 
       733  2.752832808E+02  0.000000000E+00  9.901641254E+00 
       734  2.758800897E+02  0.000000000E+00  9.897698688E+00 
       735  2.764672390E+02  0.000000000E+00  9.893619601E+00 
       736  2.770448851E+02  0.000000000E+00  9.889389231E+00 
       737  2.776131818E+02  0.000000000E+00  9.884989999E+00 
       738  2.781722806E+02  0.000000000E+00  9.880401194E+00 
       739  2.787223301E+02  0.000000000E+00  9.875598627E+00 
       740  2.792634769E+02  0.000000000E+00  9.870554274E+00 
       741  2.797958652E+02  0.000000000E+00  9.865235883E+00 
       742  2.803196365E+02  0.000000000E+00  9.859606569E+00 
       743  2.808349305E+02  0.000000000E+00  9.853624378E+00 
       744  2.813418843E+02  0.000000000E+00  9.847241837E+00 
       745  2.818406329E+02  0.000000000E+00  9.840405480E+00 
       746  2.823313092E+02  0.000000000E+00  9.833055359E+00 
       747  2.828140437E+02  0.000000000E+00  9.825124547E+00 
       748  2.832889650E+02  0.000000000E+00  9.816538618E+00 
       749  2.837561995E+02  0.000000000E+00  9.807215134E+00 
       750  2.842158718E+02  0.000000000E+00  9.797063125E+00 
       751  2.846681041E+02  0.000000000E+00  9.785982571E+00 
       752  2.851130169E+02  0.000000000E+00  9.773863904E+00 
       753  2.855507287E+02  0.000000000E+00  9.760587517E+00 
       754  2.859813560E+02  0.000000000E+00  9.746023316E+00 
       755  2.864050134E+02  0.000000000E+00  9.730030298E+00 
       756  2.868218139E+02  0.000000000E+00  9.712456173E+00 
       757  2.872318683E+02  0.000000000E+00  9.693137065E+00 
       758  2.876352858E+02  0.000000000E+00  9.671897261E+00 
       759  2.880321740E+02  0.000000000E+00  9.648549061E+00 
       760  2.884226383E+02  0.000000000E+00  9.622892727E+00 
       761  2.888067830E+02  0.000000000E+00  9.594716543E+00 
       762  2.891847101E+02  0.000000000E+00  9.563797005E+00 
       763  2.895565204E+02  0.000000000E+00  9.529899175E+00 
       764  2.899223128E+02  0.000000000E+00  9.492777175E+00 
       765  2.902821847E+02  0.000000000E+00  9.452174891E+00 
       766  2.906362321E+02  0.000000000E+00  9.407826856E+00 
       767  2.909845490E+02  0.000000000E+00  9.359459359E+00 
       768  2.913272284E+02  0.000000000E+00  9.306791782E+00 
       769  2.916643614E+02  0.000000000E+00  9.249538176E+00 
       770  2.919960378E+02  0.000000000E+00  9.187409104E+00 
       771  2.923223460E+02  0.000000000E+00  9.120113728E+00 
       772  2.926433727E+02  0.000000000E+00  9.047362184E+00 
       773  2.929592035E+02  0.000000000E+00  8.968868201E+00 
       774  2.932699226E+02  0.000000000E+00  8.884352010E+00 
       775  2.935756125E+02  0.000000000E+00  8.793543481E+00 
       776  2.938763548E+02  0.000000000E+00  8.696185507E+00 
       777  2.941722295E+02  0.000000000E+00  8.592037592E+00 
       778  2.944633153E+02  0.000000000E+00  8.480879642E+00 
       779  2.947496899E+02  0.000000000E+00  8.362515860E+00 
       780  2.950314294E+02  0.000000000E+00  8.236778776E+00 
       781  2.953086088E+02  0.000000000E+00  8.103533287E+00 
       782  2.955813021E+02  0.000000000E+00  7.962680685E+00 
       783  2.958495817E+02  0.000000000E+00  7.814162608E+00 
       784  2.961135192E+02  0.000000000E+00  7.657964824E+00 
       785  2.963731847E+02  0.000000000E+00  7.494120740E+00 
       786  2.966286475E+02  0.000000000E+00  7.322714626E+00 
       787  2.968799755E+02  0.000000000E+00  7.143884414E+00 
       788  2.971272358E+02  0.000000000E+00  6.957823994E+00 
       789  2.973704940E+02  0.000000000E+00  6.764784972E+00 
       790  2.976098151E+02  0.000000000E+00  6.565077739E+00 
       791  2.978452626E+02  0.000000000E+00  6.359071890E+00 
       792  2.980768994E+02  0.000000000E+00  6.147195842E+00 
       793  2.983047871E+02  0.000000000E+00  5.929935662E+00 
       794  2.985289863E+02  0.000000000E+00  5.707833133E+00 
       795  2.987495568E+02  0.000000000E+00  5.810620194E+00 
       796  2.989665574E+02  0.000000000E+00  5.921602399E+00 
       797  2.991800457E+02  0.000000000E+00  5.722733622E+00 
       798  2.993900786E+02  0.000000000E+00  5.521729241E+00 
       799  2.995967121E+02  0.000000000E+00  5.319399982E+00 
       800  2.998000012E+02  0.000000000E+00  5.117149593E+00 
       801  3.000000000E+02  0.000000000E+00  5.492109770E+00 
       802  3.002500000E+02  0.000000000E+00  6.051887111E+00 
       803  3.005000000E+02  0.000000000E+00  5.998411323E+00 
       804  3.007500000E+02  0.000000000E+00  5.967224457E+00 
       805  3.010000000E+02  0.000000000E+00  5.949579527E+00 
       806  3.012500000E+02  0.000000000E+00  5.942095776E+00 
       807  3.015000000E+02  0.000000000E+00  5.942516475E+00 
       808  3.017500000E+02  0.000000000E+00  5.949227969E+00 
       809  3.020000000E+02  0.000000000E+00  5.961022613E+00 
       810  3.022500000E+02  0.000000000E+00  5.976967872E+00 
       811  3.025000000E+02  0.000000000E+00  5.996327286E+00 
       812  3.027500000E+02  0.000000000E+00  6.018509382E+00 
       813  3.030000000E+02  0.000000000E+00  6.043032931E+00 
       814  3.032500000E+02  0.000000000E+00  6.069502335E+00 
       815  3.035000000E+02  0.000000000E+00  6.097589669E+00 
       816  3.037500000E+02  0.000000000E+00  6.127021236E+00 
       817  3.040000000E+02  0.000000000E+00  6.157567291E+00 
       818  3.042500000E+02  0.000000000E+00  6.189034053E+00 
       819  3.045000000E+02  0.000000000E+00  6.221257395E+00 
       820  3.047500000E+02  0.000000000E+00  6.254097828E+00 
       821  3.050000000E+02  0.000000000E+00  6.287436442E+00 
       822  3.052500000E+02  0.000000000E+00  6.321171607E+00 
       823  3.055000000E+02  0.000000000E+00  6.355216268E+00 
       824  3.057500000E+02  0.000000000E+00  6.389495704E+00 
       825  3.060000000E+02  0.000000000E+00  6.423945671E+00 
       826  3.062500000E+02  0.000000000E+00  6.458510852E+00 
       827  3.065000000E+02  0.000000000E+00  6.493143551E+00 
       828  3.067500000E+02  0.000000000E+00  6.527802598E+00 
       829  3.070000000E+02  0.000000000E+00  6.562452418E+00 
       830  3.072500000E+02  0.000000000E+00  6.597062243E+00 
       831  3.075000000E+02  0.000000000E+00  6.631605442E+00 
       832  3.077500000E+02  0.000000000E+00  6.666058945E+00 
       833  3.080000000E+02  0.000000000E+00  6.700402761E+00 
       834  3.082500000E+02  0.000000000E+00  6.734619550E+00 
       835  3.085000000E+02  0.000000000E+00  6.768694272E+00 
       836  3.087500000E+02  0.000000000E+00  6.802613869E+00 
       837  3.090000000E+02  0.000000000E+00  6.836367009E+00 
       838  3.092500000E+02  0.000000000E+00  6.869943846E+00 
       839  3.095000000E+02  0.000000000E+00  6.903335835E+00 
       840  3.097500000E+02  0.000000000E+00  6.936535549E+00 
       841  3.100000000E+02  0.000000000E+00  6.969536542E+00 
       842  3.102500000E+02  0.000000000E+00  7.002333217E+00 
       843  3.105000000E+02  0.000000000E+00  7.034920714E+00 
       844  3.107500000E+02  0.000000000E+00  7.067294822E+00 
       845  3.110000000E+02  0.000000000E+00  7.099451888E+00 
       846  3.112500000E+02  0.000000000E+00  7.131388753E+00 
       847  3.115000000E+02  0.000000000E+00  7.163102686E+00 
       848  3.117500000E+02  0.000000000E+00  7.194591331E+00 
       849  3.120000000E+02  0.000000000E+00  7.225852662E+00 
       850  3.122500000E+02  0.000000000E+00  7.256884940E+00 
       851  3.125000000E+02  0.000000000E+00  7.287686682E+00 
       852  3.127500000E+02  0.000000000E+00  7.318256626E+00 
       853  3.130000000E+02  0.000000000E+00  7.348593709E+00 
       854  3.132500000E+02  0.000000000E+00  7.378697039E+00 
       855  3.135000000E+02  0.000000000E+00  7.408565882E+00 
       856  3.137500000E+02  0.000000000E+00  7.438199637E+00 
       857  3.140000000E+02  0.000000000E+00  7.467597827E+00 
       858  3.142500000E+02  0.000000000E+00  7.496760080E+00 
       859  3.145000000E+02  0.000000000E+00  7.525686125E+00 
       860  3.147500000E+02  0.000000000E+00  7.554375775E+00 
       861  3.150000000E+02  0.000000000E+00  7.582828921E+00 
       862  3.152500000E+02  0.000000000E+00  7.611045526E+00 
       863  3.155000000E+02  0.000000000E+00  7.639025615E+00 
       864  3.157500000E+02  0.000000000E+00  7.666769272E+00 
       865  3.160000000E+02  0.000000000E+00  7.694276631E+00 
       866  3.162500000E+02  0.000000000E+00  7.721547878E+00 
       867  3.165000000E+02  0.000000000E+00  7.748583240E+00 
       868  3.167500000E+02  0.000000000E+00  7.775382985E+00 
       869  3.170000000E+02  0.000000000E+00  7.801947419E+00 
       870  3.172500000E+02  0.000000000E+00  7.828276883E+00 
       871  3.175000000E+02  0.000000000E+00  7.854371747E+00 
       872  3.177500000E+02  0.000000000E+00  7.880232415E+00 
       873  3.180000000E+02  0.000000000E+00  7.905859317E+00 
       874  3.182500000E+02  0.000000000E+00  7.931252909E+00 
       875  3.185000000E+02  0.000000000E+00  7.956413670E+00 
       876  3.187500000E+02  0.000000000E+00  7.981342106E+00 
       877  3.190000000E+02  0.000000000E+00  8.006038741E+00 
       878  3.192500000E+02  0.000000000E+00  8.030504122E+00 
       879  3.195000000E+02  0.000000000E+00  8.054738815E+00 
       880  3.197500000E+02  0.000000000E+00  8.078743402E+00 
       881  3.200000000E+02  0.000000000E+00  8.102518486E+00 
       882  3.202500000E+02  0.000000000E+00  8.126064685E+00 
       883  3.205000000E+02  0.000000000E+00  8.149382632E+00 
       884  3.207500000E+02  0.000000000E+00  8.172472979E+00 
       885  3.210000000E+02  0.000000000E+00  8.195336387E+00 
       886  3.212500000E+02  0.000000000E+00  8.217973534E+00 
       887  3.215000000E+02  0.000000000E+00  8.240385111E+00 
       888  3.217500000E+02  0.000000000E+00  8.262571822E+00 
       889  3.220000000E+02  0.000000000E+00  8.284534380E+00 
       890  3.222500000E+02  0.000000000E+00  8.306273514E+00 
       891  3.225000000E+02  0.000000000E+00  8.327789959E+00 
       892  3.227500000E+02  0.000000000E+00  8.349084464E+00 
       893  3.230000000E+02  0.000000000E+00  8.370157787E+00 
       894  3.232500000E+02  0.000000000E+00  8.391010695E+00 
       895  3.235000000E+02  0.000000000E+00  8.411643964E+00 
       896  3.237500000E+02  0.000000000E+00  8.432058380E+00 
       897  3.240000000E+02  0.000000000E+00  8.452254734E+00 
       898  3.242500000E+02  0.000000000E+00  8.472233829E+00 
       899  3.245000000E+02  0.000000000E+00  8.491996471E+00 
       900  3.247500000E+02  0.000000000E+00  8.511543476E+00 
       901  3.250000000E+02  0.000000000E+00  8.530875666E+00 
       902  3.252500000E+02  0.000000000E+00  8.549993868E+00 
       903  3.255000000E+02  0.000000000E+00  8.568898915E+00 
       904  3.257500000E+02  0.000000000E+00  8.587591647E+00 
       905  3.260000000E+02  0.000000000E+00  8.606072908E+00 
       906  3.262500000E+02  0.000000000E+00  8.624343546E+00 
       907  3.265000000E+02  0.000000000E+00  8.642404415E+00 
       908  3.267500000E+02  0.000000000E+00  8.660256371E+00 
       909  3.270000000E+02  0.000000000E+00  8.677900276E+00 
       910  3.272500000E+02  0.000000000E+00  8.695336993E+00 
       911  3.275000000E+02  0.000000000E+00  8.712567390E+00 
       912  3.277500000E+02  0.000000000E+00  8.729592337E+00 
       913  3.280000000E+02  0.000000000E+00  8.746412706E+00 
       914  3.282500000E+02  0.000000000E+00  8.763029372E+00 
       915  3.285000000E+02  0.000000000E+00  8.779443211E+00 
       916  3.287500000E+02  0.000000000E+00  8.795655101E+00 
       917  3.290000000E+02  0.000000000E+00  8.811665921E+00 
       918  3.292500000E+02  0.000000000E+00  8.827476550E+00 
       919  3.295000000E+02  0.000000000E+00  8.843087869E+00 
       920  3.297500000E+02  0.000000000E+00  8.858500758E+00 
       921  3.300000000E+02  0.000000000E+00  8.873716099E+00 
       922  3.302500000E+02  0.000000000E+00  8.888734772E+00 
       923  3.305000000E+02  0.000000000E+00  8.903557657E+00 
       924  3.307500000E+02  0.000000000E+00  8.918185633E+00 
       925  3.310000000E+02  0.000000000E+00  8.932619579E+00 
       926  3.312500000E+02  0.000000000E+00  8.946860370E+00 
       927  3.315000000E+02  0.000000000E+00  8.960908882E+00 
       928  3.317500000E+02  0.000000000E+00  8.974765988E+00 
       929  3.320000000E+02  0.000000000E+00  8.988432560E+00 
       930  3.322500000E+02  0.000000000E+00  9.001909465E+00 
       931  3.325000000E+02  0.000000000E+00  9.015197571E+00 
       932  3.327500000E+02  0.000000000E+00  9.028297740E+00 
       933  3.330000000E+02  0.000000000E+00  9.041210832E+00 
       934  3.332500000E+02  0.000000000E+00  9.053937704E+00 
       935  3.335000000E+02  0.000000000E+00  9.066479209E+00 
       936  3.337500000E+02  0.000000000E+00  9.078836196E+00 
       937  3.340000000E+02  0.000000000E+00  9.091009510E+00 
       938  3.342500000E+02  0.000000000E+00  9.102999991E+00 
       939  3.345000000E+02  0.000000000E+00  9.114808477E+00 
       940  3.347500000E+02  0.000000000E+00  9.126435797E+00 
       941  3.350000000E+02  0.000000000E+00  9.137882779E+00 
       942  3.352500000E+02  0.000000000E+00  9.149150243E+00 
       943  3.355000000E+02  0.000000000E+00  9.160239005E+00 
       944  3.357500000E+02  0.000000000E+00  9.171149875E+00 
       945  3.360000000E+02  0.000000000E+00  9.181883657E+00 
       946  3.362500000E+02  0.000000000E+00  9.192441147E+00 
       947  3.365000000E+02  0.000000000E+00  9.202823139E+00 
       948  3.367500000E+02  0.000000000E+00  9.213030416E+00 
       949  3.370000000E+02  0.000000000E+00  9.223063757E+00 
       950  3.372500000E+02  0.000000000E+00  9.232923933E+00 
       951  3.375000000E+02  0.000000000E+00  9.242611708E+00 
       952  3.377500000E+02  0.000000000E+00  9.252127839E+00 
       953  3.380000000E+02  0.000000000E+00  9.261473074E+00 
       954  3.382500000E+02  0.000000000E+00  9.270648155E+00 
       955  3.385000000E+02  0.000000000E+00  9.279653816E+00 
       956  3.387500000E+02  0.000000000E+00  9.288490781E+00 
       957  3.390000000E+02  0.000000000E+00  9.297159768E+00 
       958  3.392500000E+02  0.000000000E+00  9.305661484E+00 
       959  3.395000000E+02  0.000000000E+00  9.313996630E+00 
       960  3.397500000E+02  0.000000000E+00  9.322165895E+00 
       961  3.400000000E+02  0.000000000E+00  9.330169963E+00 
       962  3.402500000E+02  0.000000000E+00  9.338009505E+00 
       963  3.405000000E+02  0.000000000E+00  9.345685184E+00 
       964  3.407500000E+02  0.000000000E+00  9.353197653E+00 
       965  3.410000000E+02  0.000000000E+00  9.360547557E+00 
       966  3.412500000E+02  0.000000000E+00  9.367735529E+00 
       967  3.415000000E+02  0.000000000E+00  9.374762192E+00 
       968  3.417500000E+02  0.000000000E+00  9.381628161E+00 
       969  3.420000000E+02  0.000000000E+00  9.388334037E+00 
       970  3.422500000E+02  0.000000000E+00  9.394880414E+00 
       971  3.425000000E+02  0.000000000E+00  9.401267873E+00 
       972  3.427500000E+02  0.000000000E+00  9.407496984E+00 
       973  3.430000000E+02  0.000000000E+00  9.413568308E+00 
       974  3.432500000E+02  0.000000000E+00  9.419482393E+00 
       975  3.435000000E+02  0.000000000E+00  9.425239776E+00 
       976  3.437500000E+02  0.000000000E+00  9.430840983E+00 
       977  3.440000000E+02  0.000000000E+00  9.436286528E+00 
       978  3.442500000E+02  0.000000000E+00  9.441576913E+00 
       979  3.445000000E+02  0.000000000E+00  9.446712629E+00 
       980  3.447500000E+02  0.000000000E+00  9.451694155E+00 
       981  3.450000000E+02  0.000000000E+00  9.456521956E+00 
       982  3.452500000E+02  0.000000000E+00  9.461196486E+00 
       983  3.455000000E+02  0.000000000E+00  9.465718188E+00 
       984  3.457500000E+02  0.000000000E+00  9.470087491E+00 
       985  3.460000000E+02  0.000000000E+00  9.474304810E+00 
       986  3.462500000E+02  0.000000000E+00  9.478370550E+00 
       987  3.465000000E+02  0.000000000E+00  9.482285101E+00 
       988  3.467500000E+02  0.000000000E+00  9.486048841E+00 
       989  3.470000000E+02  0.000000000E+00  9.489662136E+00 
       990  3.472500000E+02  0.000000000E+00  9.493125336E+00 
       991  3.475000000E+02  0.000000000E+00  9.496438780E+00 
       992  3.477500000E+02  0.000000000E+00  9.499602792E+00 
       993  3.480000000E+02  0.000000000E+00  9.502617685E+00 
       994  3.482500000E+02  0.000000000E+00  9.505483755E+00 
       995  3.485000000E+02  0.000000000E+00  9.508201288E+00 
       996  3.487500000E+02  0.000000000E+00  9.510770552E+00 
       997  3.490000000E+02  0.000000000E+00  9.513191805E+00 
       998  3.492500000E+02  0.000000000E+00  9.515465290E+00 
       999  3.495000000E+02  0.000000000E+00  9.517591234E+00 
      1000  3.497500000E+02  0.000000000E+00  9.519569852E+00 
      1001  3.500000000E+02  0.000000000E+00  9.521401345E+00 
      1002  3.502500000E+02  0.000000000E+00  9.523085898E+00 
      1003  3.505000000E+02  0.000000000E+00  9.524623683E+00 
      1004  3.507500000E+02  0.000000000E+00  9.526014857E+00 
      1005  3.510000000E+02  0.000000000E+00  9.527259564E+00 
      1006  3.512500000E+02  0.000000000E+00  9.528357932E+00 
      1007  3.515000000E+02  0.000000000E+00  9.529310075E+00 
      1008  3.517500000E+02  0.000000000E+00  9.530116091E+00 
      1009  3.520000000E+02  0.000000000E+00  9.530776067E+00 
      1010  3.522500000E+02  0.000000000E+00  9.531290071E+00 
      1011  3.525000000E+02  0.000000000E+00  9.531658159E+00 
      1012  3.527500000E+02  0.000000000E+00  9.531880371E+00 
      1013  3.530000000E+02  0.000000000E+00  9.531956734E+00 
      1014  3.532500000E+02  0.000000000E+00  9.531887258E+00 
      1015  3.535000000E+02  0.000000000E+00  9.531671939E+00 
      1016  3.537500000E+02  0.000000000E+00  9.531310758E+00 
      1017  3.540000000E+02  0.000000000E+00  9.530803682E+00 
      1018  3.542500000E+02  0.000000000E+00  9.530150662E+00 
      1019  3.545000000E+02  0.000000000E+00  9.529351636E+00 
      1020  3.547500000E+02  0.000000000E+00  9.528406523E+00 
      1021  3.550000000E+02  0.000000000E+00  9.527315231E+00 
      1022  3.552500000E+02  0.000000000E+00  9.526077652E+00 
      1023  3.555000000E+02  0.000000000E+00  9.524693662E+00 
      1024  3.557500000E+02  0.000000000E+00  9.523163123E+00 
      1025  3.560000000E+02  0.000000000E+00  9.521485882E+00 
      1026  3.562500000E+02  0.000000000E+00  9.519661770E+00 
      1027  3.565000000E+02  0.000000000E+00  9.517690604E+00 
      1028  3.567500000E+02  0.000000000E+00  9.515572186E+00 
      1029  3.570000000E+02  0.000000000E+00  9.513306303E+00 
      1030  3.572500000E+02  0.000000000E+00  9.510892727E+00 
      1031  3.575000000E+02  0.000000000E+00  9.508331215E+00 
      1032  3.577500000E+02  0.000000000E+00  9.505621510E+00 
      1033  3.580000000E+02  0.000000000E+00  9.502763339E+00 
      1034  3.582500000E+02  0.000000000E+00  9.499756415E+00 
      1035  3.585000000E+02  0.000000000E+00  9.496600435E+00 
      1036  3.587500000E+02  0.000000000E+00  9.493295084E+00 
      1037  3.590000000E+02  0.000000000E+00  9.489840029E+00 
      1038  3.592500000E+02  0.000000000E+00  9.486234925E+00 
      1039  3.595000000E+02  0.000000000E+00  9.482479412E+00 
      1040  3.597500000E+02  0.000000000E+00  9.478573113E+00 
      1041  3.600000000E+02  0.000000000E+00  9.474515640E+00 
      1042  3.602500000E+02  0.000000000E+00  9.470306589E+00 
      1043  3.605000000E+02  0.000000000E+00  9.465945540E+00 
      1044  3.607500000E+02  0.000000000E+00  9.461432063E+00 
      1045  3.610000000E+02  0.000000000E+00  9.456765710E+00 
      1046  3.612500000E+02  0.000000000E+00  9.451946020E+00 
      1047  3.615000000E+02  0.000000000E+00  9.446972518E+00 
      1048  3.617500000E+02  0.000000000E+00  9.441844715E+00 
      1049  3.620000000E+02  0.000000000E+00  9.436562109E+00 
      1050  3.622500000E+02  0.000000000E+00  9.431124182E+00 
      1051  3.625000000E+02  0.000000000E+00  9.425530405E+00 
      1052  3.627500000E+02  0.000000000E+00  9.419780233E+00 
      1053  3.630000000E+02  0.000000000E+00  9.413873109E+00 
      1054  3.632500000E+02  0.000000000E+00  9.407808462E+00 
      1055  3.635000000E+02  0.000000000E+00  9.401585707E+00 
      1056  3.637500000E+02  0.000000000E+00  9.395204247E+00 
      1057  3.640000000E+02  0.000000000E+00  9.388663471E+00 
      1058  3.642500000E+02  0.000000000E+00  9.381962756E+00 
      1059  3.645000000E+02  0.000000000E+00  9.375101463E+00 
      1060  3.647500000E+02  0.000000000E+00  9.368078945E+00 
      1061  3.650000000E+02  0.000000000E+00  9.360894539E+00 
      1062  3.652500000E+02  0.000000000E+00  9.353547569E+00 
      1063  3.655000000E+02  0.000000000E+00  9.346037349E+00 
      1064  3.657500000E+02  0.000000000E+00  9.338363179E+00 
      1065  3.660000000E+02  0.000000000E+00  9.330524347E+00 
      1066  3.662500000E+02  0.000000000E+00  9.322520129E+00 
      1067  3.665000000E+02  0.000000000E+00  9.314349790E+00 
      1068  3.667500000E+02  0.000000000E+00  9.306012582E+00 
      1069  3.670000000E+02  0.000000000E+00  9.297507745E+00 
      1070  3.672500000E+02  0.000000000E+00  9.288834509E+00 
      1071  3.675000000E+02  0.000000000E+00  9.279992092E+00 
      1072  3.677500000E+02  0.000000000E+00  9.270979700E+00 
      1073  3.680000000E+02  0.000000000E+00  9.261796529E+00 
      1074  3.682500000E+02  0.000000000E+00  9.252441764E+00 
      1075  3.685000000E+02  0.000000000E+00  9.242914578E+00 
      1076  3.687500000E+02  0.000000000E+00  9.233214134E+00 
      1077  3.690000000E+02  0.000000000E+00  9.223339586E+00 
      1078  3.692500000E+02  0.000000000E+00  9.213290076E+00 
      1079  3.695000000E+02  0.000000000E+00  9.203064737E+00 
      1080  3.697500000E+02  0.000000000E+00  9.192662690E+00 
      1081  3.700000000E+02  0.000000000E+00  9.182083050E+00 
      1082  3.702500000E+02  0.000000000E+00  9.171324918E+00 
      1083  3.705000000E+02  0.000000000E+00  9.160387389E+00 
      1084  3.707500000E+02  0.000000000E+00  9.149269547E+00 
      1085  3.710000000E+02  0.000000000E+00  9.137970467E+00 
      1086  3.712500000E+02  0.000000000E+00  9.126489217E+00 
      1087  3.715000000E+02  0.000000000E+00  9.114824854E+00 
      1088  3.717500000E+02  0.000000000E+00  9.102976428E+00 
      1089  3.720000000E+02  0.000000000E+00  9.090942980E+00 
      1090  3.722500000E+02  0.000000000E+00  9.078723543E+00 
      1091  3.725000000E+02  0.000000000E+00  9.066317142E+00 
      1092  3.727500000E+02  0.000000000E+00  9.053722796E+00 
      1093  3.730000000E+02  0.000000000E+00  9.040939513E+00 
      1094  3.732500000E+02  0.000000000E+00  9.027966298E+00 
      1095  3.735000000E+02  0.000000000E+00  9.014802146E+00 
      1096  3.737500000E+02  0.000000000E+00  9.001446046E+00 
      1097  3.740000000E+02  0.000000000E+00  8.987896980E+00 
      1098  3.742500000E+02  0.000000000E+00  8.974153926E+00 
      1099  3.745000000E+02  0.000000000E+00  8.960215852E+00 
      1100  3.747500000E+02  0.000000000E+00  8.946081723E+00 
      1101  3.750000000E+02  0.000000000E+00  8.931750498E+00 
      1102  3.752500000E+02  0.000000000E+00  8.917221129E+00 
      1103  3.755000000E+02  0.000000000E+00  8.902492565E+00 
      1104  3.757500000E+02  0.000000000E+00  8.887563748E+00 
      1105  3.760000000E+02  0.000000000E+00  8.872433617E+00 
      1106  3.762500000E+02  0.000000000E+00  8.857101106E+00 
      1107  3.765000000E+02  0.000000000E+00  8.841565145E+00 
      1108  3.767500000E+02  0.000000000E+00  8.825824660E+00 
      1109  3.770000000E+02  0.000000000E+00  8.809878573E+00 
      1110  3.772500000E+02  0.000000000E+00  8.793725805E+00 
      1111  3.775000000E+02  0.000000000E+00  8.777365270E+00 
      1112  3.777500000E+02  0.000000000E+00  8.760795884E+00 
      1113  3.780000000E+02  0.000000000E+00  8.744016558E+00 
      1114  3.782500000E+02  0.000000000E+00  8.727026200E+00 
      1115  3.785000000E+02  0.000000000E+00  8.709823720E+00 
      1116  3.787500000E+02  0.000000000E+00  8.692408024E+00 
      1117  3.790000000E+02  0.000000000E+00  8.674778018E+00 
      1118  3.792500000E+02  0.000000000E+00  8.656932607E+00 
      1119  3.795000000E+02  0.000000000E+00  8.638870697E+00 
      1120  3.797500000E+02  0.000000000E+00  8.620591195E+00 
      1121  3.800000000E+02  0.000000000E+00  8.602093006E+00 
      1122  3.802500000E+02  0.000000000E+00  8.583375040E+00 
      1123  3.805000000E+02  0.000000000E+00  8.564436208E+00 
      1124  3.807500000E+02  0.000000000E+00  8.545275421E+00 
      1125  3.810000000E+02  0.000000000E+00  8.525891598E+00 
      1126  3.812500000E+02  0.000000000E+00  8.506283658E+00 
      1127  3.815000000E+02  0.000000000E+00  8.486450527E+00 
      1128  3.817500000E+02  0.000000000E+00  8.466391137E+00 
      1129  3.820000000E+02  0.000000000E+00  8.446104424E+00 
      1130  3.822500000E+02  0.000000000E+00  8.425589334E+00 
      1131  3.825000000E+02  0.000000000E+00  8.404844822E+00 
      1132  3.827500000E+02  0.000000000E+00  8.383869852E+00 
      1133  3.830000000E+02  0.000000000E+00  8.362663399E+00 
      1134  3.832500000E+02  0.000000000E+00  8.341224453E+00 
      1135  3.835000000E+02  0.000000000E+00  8.319552017E+00 
      1136  3.837500000E+02  0.000000000E+00  8.297645113E+00 
      1137  3.840000000E+02  0.000000000E+00  8.275502781E+00 
      1138  3.842500000E+02  0.000000000E+00  8.253124084E+00 
      1139  3.845000000E+02  0.000000000E+00  8.230508108E+00 
      1140  3.847500000E+02  0.000000000E+00  8.207653969E+00 
      1141  3.850000000E+02  0.000000000E+00  8.184560815E+00 
      1142  3.852500000E+02  0.000000000E+00  8.161227829E+00 
      1143  3.855000000E+02  0.000000000E+00  8.137654238E+00 
      1144  3.857500000E+02  0.000000000E+00  8.113839314E+00 
      1145  3.860000000E+02  0.000000000E+00  8.089782384E+00 
      1146  3.862500000E+02  0.000000000E+00  8.065482835E+00 
      1147  3.865000000E+02  0.000000000E+00  8.040940125E+00 
      1148  3.867500000E+02  0.000000000E+00  8.016153791E+00 
      1149  3.870000000E+02  0.000000000E+00  7.991123461E+00 
      1150  3.872500000E+02  0.000000000E+00  7.965848869E+00 
      1151  3.875000000E+02  0.000000000E+00  7.940329864E+00 
      1152  3.877500000E+02  0.000000000E+00  7.914566434E+00 
      1153  3.880000000E+02  0.000000000E+00  7.888558723E+00 
      1154  3.882500000E+02  0.000000000E+00  7.862307052E+00 
      1155  3.885000000E+02  0.000000000E+00  7.835811949E+00 
      1156  3.887500000E+02  0.000000000E+00  7.809074175E+00 
      1157  3.890000000E+02  0.000000000E+00  7.782094764E+00 
      1158  3.892500000E+02  0.000000000E+00  7.754875058E+00 
      1159  3.895000000E+02  0.000000000E+00  7.727416757E+00 
      1160  3.897500000E+02  0.000000000E+00  7.699721971E+00 
      1161  3.900000000E+02  0.000000000E+00  7.671793284E+00 
      1162  3.902500000E+02  0.000000000E+00  7.643633823E+00 
      1163  3.905000000E+02  0.000000000E+00  7.615247339E+00 
      1164  3.907500000E+02  0.000000000E+00  7.586638309E+00 
      1165  3.910000000E+02  0.000000000E+00  7.557812041E+00 
      1166  3.912500000E+02  0.000000000E+00  7.528774803E+00 
      1167  3.915000000E+02  0.000000000E+00  7.499533972E+00 
      1168  3.917500000E+02  0.000000000E+00  7.470098208E+00 
      1169  3.920000000E+02  0.000000000E+00  7.440477649E+00 
      1170  3.922500000E+02  0.000000000E+00  7.410684145E+00 
      1171  3.925000000E+02  0.000000000E+00  7.380731526E+00 
      1172  3.927500000E+02  0.000000000E+00  7.350635920E+00 
      1173  3.930000000E+02  0.000000000E+00  7.320416111E+00 
      1174  3.932500000E+02  0.000000000E+00  7.290093972E+00 
      1175  3.935000000E+02  0.000000000E+00  7.259694961E+00 
      1176  3.937500000E+02  0.000000000E+00  7.229248708E+00 
      1177  3.940000000E+02  0.000000000E+00  7.198789702E+00 
      1178  3.942500000E+02  0.000000000E+00  7.168358102E+00 
      1179  3.945000000E+02  0.000000000E+00  7.138000693E+00 
      1180  3.947500000E+02  0.000000000E+00  7.107772030E+00 
      1181  3.950000000E+02  0.000000000E+00  7.077735783E+00 
      1182  3.952500000E+02  0.000000000E+00  7.047966365E+00 
      1183  3.955000000E+02  0.000000000E+00  7.018550879E+00 
      1184  3.957500000E+02  0.000000000E+00  6.989591479E+00 
      1185  3.960000000E+02  0.000000000E+00  6.961208252E+00 
      1186  3.962500000E+02  0.000000000E+00  6.933542751E+00 
      1187  3.965000000E+02  0.000000000E+00  6.906762373E+00 
      1188  3.967500000E+02  0.000000000E+00  6.881065855E+00 
      1189  3.970000000E+02  0.000000000E+00  6.856690244E+00 
      1190  3.972500000E+02  0.000000000E+00  6.833919858E+00 
      1191  3.975000000E+02  0.000000000E+00  6.813098027E+00 
      1192  3.977500000E+02  0.000000000E+00  6.794642789E+00 
      1193  3.980000000E+02  0.000000000E+00  6.779068425E+00 
      1194  3.982500000E+02  0.000000000E+00  6.767015939E+00 
      1195  3.985000000E+02  0.000000000E+00  6.759297966E+00 
      1196  3.987500000E+02  0.000000000E+00  6.756968496E+00 
      1197  3.990000000E+02  0.000000000E+00  6.761438744E+00 
      1198  3.992500000E+02  0.000000000E+00  6.774687867E+00 
      1199  3.995000000E+02  0.000000000E+00  6.799692169E+00 
      1200  3.997500000E+02  0.000000000E+00  6.844279744E+00 
      1201  4.000000000E+02  0.000000000E+00  6.110226229E+00 
      1202  4.002000034E+02  0.000000000E+00  5.601426795E+00 
      1203  4.004016387E+02  0.000000000E+00  5.803704697E+00 
      1204  4.006049192E+02  0.000000000E+00  6.002330992E+00 
      1205  4.008098583E+02  0.000000000E+00  6.196175622E+00 
      1206  4.010164696E+02  0.000000000E+00  6.384845156E+00 
      1207  4.012247666E+02  0.000000000E+00  6.568022242E+00 
      1208  4.014347631E+02  0.000000000E+00  6.745450479E+00 
      1209  4.016464731E+02  0.000000000E+00  6.916928708E+00 
      1210  4.018599104E+02  0.000000000E+00  7.082306107E+00 
      1211  4.020750892E+02  0.000000000E+00  7.241477812E+00 
      1212  4.022920237E+02  0.000000000E+00  7.394380854E+00 
      1213  4.025107282E+02  0.000000000E+00  7.548737358E+00 
      1214  4.027312172E+02  0.000000000E+00  7.696375229E+00 
      1215  4.029535052E+02  0.000000000E+00  7.829477246E+00 
      1216  4.031776069E+02  0.000000000E+00  7.956443823E+00 
      1217  4.034035370E+02  0.000000000E+00  8.077367883E+00 
      1218  4.036313106E+02  0.000000000E+00  8.192363364E+00 
      1219  4.038609426E+02  0.000000000E+00  8.301562366E+00 
      1220  4.040924483E+02  0.000000000E+00  8.405112444E+00 
      1221  4.043258428E+02  0.000000000E+00  8.507966524E+00 
      1222  4.045611417E+02  0.000000000E+00  8.605165708E+00 
      1223  4.047983604E+02  0.000000000E+00  8.692038085E+00 
      1224  4.050375146E+02  0.000000000E+00  8.774002499E+00 
      1225  4.052786201E+02  0.000000000E+00  8.851247974E+00 
      1226  4.055216929E+02  0.000000000E+00  8.927404773E+00 
      1227  4.057667489E+02  0.000000000E+00  9.006154458E+00 
      1228  4.060138044E+02  0.000000000E+00  9.088512311E+00 
      1229  4.062628756E+02  0.000000000E+00  9.162163802E+00 
      1230  4.065139791E+02  0.000000000E+00  9.222429729E+00 
      1231  4.067671314E+02  0.000000000E+00  9.281867665E+00 
      1232  4.070223492E+02  0.000000000E+00  9.336514350E+00 
      1233  4.072796494E+02  0.000000000E+00  9.387696814E+00 
      1234  4.075390490E+02  0.000000000E+00  9.432799556E+00 
      1235  4.078005650E+02  0.000000000E+00  9.467548686E+00 
      1236  4.080642148E+02  0.000000000E+00  9.500523157E+00 
      1237  4.083300158E+02  0.000000000E+00  9.531108010E+00 
      1238  4.085979855E+02  0.000000000E+00  9.559214271E+00 
      1239  4.088681416E+02  0.000000000E+00  9.553508411E+00 
      1240  4.091405020E+02  0.000000000E+00  9.548777922E+00 
      1241  4.094150846E+02  0.000000000E+00  9.577746925E+00 
      1242  4.096919076E+02  0.000000000E+00  9.604648582E+00 
      1243  4.099709892E+02  0.000000000E+00  9.629618455E+00 
      1244  4.102523480E+02  0.000000000E+00  9.652785323E+00 
      1245  4.105360024E+02  0.000000000E+00  9.674271289E+00 
      1246  4.108219711E+02  0.000000000E+00  9.694191917E+00 
      1247  4.111102732E+02  0.000000000E+00  9.712656392E+00 
      1248  4.114009276E+02  0.000000000E+00  9.729767697E+00 
      1249  4.116939535E+02  0.000000000E+00  9.745622813E+00 
      1250  4.119893702E+02  0.000000000E+00  9.760312925E+00 
      1251  4.122871973E+02  0.000000000E+00  9.773923645E+00 
      1252  4.125874544E+02  0.000000000E+00  9.786535229E+00 
      1253  4.128901614E+02  0.000000000E+00  9.798222813E+00 
      1254  4.131953383E+02  0.000000000E+00  9.809056639E+00 
      1255  4.135030051E+02  0.000000000E+00  9.819102291E+00 
      1256  4.138131823E+02  0.000000000E+00  9.828420917E+00 
      1257  4.141258902E+02  0.000000000E+00  9.837069463E+00 
      1258  4.144411496E+02  0.000000000E+00  9.845100891E+00 
      1259  4.147589813E+02  0.000000000E+00  9.852564398E+00 
      1260  4.150794062E+02  0.000000000E+00  9.859505629E+00 
      1261  4.154024455E+02  0.000000000E+00  9.865966880E+00 
      1262  4.157281206E+02  0.000000000E+00  9.871987302E+00 
      1263  4.160564529E+02  0.000000000E+00  9.877603084E+00 
      1264  4.163874641E+02  0.000000000E+00  9.882847646E+00 
      1265  4.167211762E+02  0.000000000E+00  9.887751809E+00 
      1266  4.170576110E+02  0.000000000E+00  9.892343968E+00 
      1267  4.173967909E+02  0.000000000E+00  9.896650249E+00 
      1268  4.177387382E+02  0.000000000E+00  9.900694666E+00 
      1269  4.180834756E+02  0.000000000E+00  9.904499263E+00 
      1270  4.184310257E+02  0.000000000E+00  9.908084253E+00 
      1271  4.187814116E+02  0.000000000E+00  9.911468149E+00 
      1272  4.191346563E+02  0.000000000E+00  9.914667886E+00 
      1273  4.194907832E+02  0.000000000E+00  9.917698940E+00 
      1274  4.198498158E+02  0.000000000E+00  9.920575431E+00 
      1275  4.202117779E+02  0.000000000E+00  9.923310233E+00 
      1276  4.205766933E+02  0.000000000E+00  9.925915066E+00 
      1277  4.209445860E+02  0.000000000E+00  9.928400585E+00 
      1278  4.213154806E+02  0.000000000E+00  9.930776471E+00 
      1279  4.216894013E+02  0.000000000E+00  9.933051502E+00 
      1280  4.220663728E+02  0.000000000E+00  9.935233631E+00 
      1281  4.224464202E+02  0.000000000E+00  9.937330054E+00 
      1282  4.228295685E+02  0.000000000E+00  9.939347275E+00 
      1283  4.232158429E+02  0.000000000E+00  9.941291162E+00 
      1284  4.236052691E+02  0.000000000E+00  9.943167005E+00 
      1285  4.239978726E+02  0.000000000E+00  9.944979566E+00 
      1286  4.243936795E+02  0.000000000E+00  9.946733126E+00 
      1287  4.247927158E+02  0.000000000E+00  9.948431529E+00 
      1288  4.251950080E+02  0.000000000E+00  9.950078223E+00 
      1289  4.256005825E+02  0.000000000E+00  9.951676296E+00 
      1290  4.260094662E+02  0.000000000E+00  9.953228509E+00 
      1291  4.264216861E+02  0.000000000E+00  9.954737333E+00 
      1292  4.268372694E+02  0.000000000E+00  9.956204971E+00 
      1293  4.272562434E+02  0.000000000E+00  9.957633389E+00 
      1294  4.276786360E+02  0.000000000E+00  9.959024339E+00 
      1295  4.281044750E+02  0.000000000E+00  9.960379381E+00 
      1296  4.285337884E+02  0.000000000E+00  9.961699905E+00 
      1297  4.289666047E+02  0.000000000E+00  9.962987146E+00 
      1298  4.294029525E+02  0.000000000E+00  9.964242206E+00 
      1299  4.298428605E+02  0.000000000E+00  9.965466064E+00 
      1300  4.302863578E+02  0.000000000E+00  9.966659595E+00 
      1301  4.307334737E+02  0.000000000E+00  9.967823580E+00 
      1302  4.311842377E+02  0.000000000E+00  9.968958716E+00 
      1303  4.316386795E+02  0.000000000E+00  9.970065632E+00 
      1304  4.320968293E+02  0.000000000E+00  9.971144891E+00 
      1305  4.325587172E+02  0.000000000E+00  9.972197005E+00 
      1306  4.330243737E+02  0.000000000E+00  9.973222439E+00 
      1307  4.334938296E+02  0.000000000E+00  9.974221619E+00 
      1308  4.339671159E+02  0.000000000E+00  9.975194939E+00 
      1309  4.344442638E+02  0.000000000E+00  9.976142765E+00 
      1310  4.349253049E+02  0.000000000E+00  9.977065440E+00 
      1311  4.354102708E+02  0.000000000E+00  9.977963289E+00 
      1312  4.358991937E+02  0.000000000E+00  9.978836623E+00 
      1313  4.363921059E+02  0.000000000E+00  9.979685743E+00 
      1314  4.368890398E+02  0.000000000E+00  9.980510941E+00 
      1315  4.373900283E+02  0.000000000E+00  9.981312505E+00 
      1316  4.378951044E+02  0.000000000E+00  9.982090721E+00 
      1317  4.384043016E+02  0.000000000E+00  9.982845871E+00 
      1318  4.389176534E+02  0.000000000E+00  9.983578241E+00 
      1319  4.394351937E+02  0.000000000E+00  9.984288118E+00 
      1320  4.399569568E+02  0.000000000E+00  9.984975795E+00 
      1321  4.404829770E+02  0.000000000E+00  9.985641566E+00 
      1322  4.410132892E+02  0.000000000E+00  9.986285734E+00 
      1323  4.415479282E+02  0.000000000E+00  9.986908607E+00 
      1324  4.420869295E+02  0.000000000E+00  9.987510498E+00 
      1325  4.426303286E+02  0.000000000E+00  9.988091731E+00 
      1326  4.431781614E+02  0.000000000E+00  9.988652634E+00 
      1327  4.437304641E+02  0.000000000E+00  9.989193544E+00 
      1328  4.442872731E+02  0.000000000E+00  9.989714806E+00 
      1329  4.448486253E+02  0.000000000E+00  9.990216773E+00 
      1330  4.454145576E+02  0.000000000E+00  9.990699803E+00 
      1331  4.459851075E+02  0.000000000E+00  9.991164264E+00 
      1332  4.465603126E+02  0.000000000E+00  9.991610529E+00 
      1333  4.471402109E+02  0.000000000E+00  9.992038980E+00 
      1334  4.477248408E+02  0.000000000E+00  9.992450002E+00 
      1335  4.483142407E+02  0.000000000E+00  9.992843989E+00 
      1336  4.489084497E+02  0.000000000E+00  9.993221338E+00 
      1337  4.495075070E+02  0.000000000E+00  9.993582453E+00 
      1338  4.501114521E+02  0.000000000E+00  9.993927740E+00 
      1339  4.507203248E+02  0.000000000E+00  9.994257611E+00 
      1340  4.513341655E+02  0.000000000E+00  9.994572481E+00 
      1341  4.519530147E+02  0.000000000E+00  9.994872765E+00 
      1342  4.525769132E+02  0.000000000E+00  9.995158883E+00 
      1343  4.532059021E+02  0.000000000E+00  9.995431256E+00 
      1344  4.538400232E+02  0.000000000E+00  9.995690305E+00 
      1345  4.544793181E+02  0.000000000E+00  9.995936451E+00 
      1346  4.551238292E+02  0.000000000E+00  9.996170116E+00 
      1347  4.557735990E+02  0.000000000E+00  9.996391719E+00 
      1348  4.564286703E+02  0.000000000E+00  9.996601679E+00 
      1349  4.570890866E+02  0.000000000E+00  9.996800413E+00 
      1350  4.577548913E+02  0.000000000E+00  9.996988334E+00 
      1351  4.584261284E+02  0.000000000E+00  9.997165853E+00 
      1352  4.591028423E+02  0.000000000E+00  9.997333377E+00 
      1353  4.597850777E+02  0.000000000E+00  9.997491307E+00 
      1354  4.604728795E+02  0.000000000E+00  9.997640042E+00 
      1355  4.611662932E+02  0.000000000E+00  9.997779974E+00 
      1356  4.618653647E+02  0.000000000E+00  9.997911489E+00 
      1357  4.625701400E+02  0.000000000E+00  9.998034970E+00 
      1358  4.632806657E+02  0.000000000E+00  9.998150789E+00 
      1359  4.639969887E+02  0.000000000E+00  9.998259316E+00 
      1360  4.647191564E+02  0.000000000E+00  9.998360911E+00 
      1361  4.654472164E+02  0.000000000E+00  9.998455928E+00 
      1362  4.661812167E+02  0.000000000E+00  9.998544714E+00 
      1363  4.669212059E+02  0.000000000E+00  9.998627608E+00 
      1364  4.676672328E+02  0.000000000E+00  9.998704944E+00 
      1365  4.684193468E+02  0.000000000E+00  9.998777047E+00 
      1366  4.691775973E+02  0.000000000E+00  9.998844235E+00 
      1367  4.699420346E+02  0.000000000E+00  9.998906822E+00 
      1368  4.707127091E+02  0.000000000E+00  9.998965114E+00 
      1369  4.714896716E+02  0.000000000E+00  9.999019414E+00 
      1370  4.722729736E+02  0.000000000E+00  9.999070022E+00 
      1371  4.730626666E+02  0.000000000E+00  9.999117235E+00 
      1372  4.738588030E+02  0.000000000E+00  9.999161353E+00 
      1373  4.746614352E+02  0.000000000E+00  9.999202681E+00 
      1374  4.754706162E+02  0.000000000E+00  9.999241530E+00 
      1375  4.762863994E+02  0.000000000E+00  9.999278230E+00 
      1376  4.771088389E+02  0.000000000E+00  9.999313130E+00 
      1377  4.779379887E+02  0.000000000E+00  9.999346617E+00 
      1378  4.787739038E+02  0.000000000E+00  9.999379126E+00 
      1379  4.796166392E+02  0.000000000E+00  9.999411159E+00 
      1380  4.804662507E+02  0.000000000E+00  9.999443318E+00 
      1381  4.813227944E+02  0.000000000E+00  9.999476338E+00 
      1382  4.821863268E+02  0.000000000E+00  9.999511136E+00 
      1383  4.830569049E+02  0.000000000E+00  9.999548886E+00 
      1384  4.839345862E+02  0.000000000E+00  9.999591111E+00 
      1385  4.848194287E+02  0.000000000E+00  9.999639815E+00 
      1386  4.857114908E+02  0.000000000E+00  9.999697662E+00 
      1387  4.866108314E+02  0.000000000E+00  9.999768229E+00 
      1388  4.875175099E+02  0.000000000E+00  9.999856345E+00 
      1389  4.884315862E+02  0.000000000E+00  9.999968581E+00 
      1390  4.893531206E+02  0.000000000E+00  1.000011390E+01 
      1391  4.902821741E+02  0.000000000E+00  1.000030462E+01 
      1392  4.912188078E+02  0.000000000E+00  1.000055767E+01 
      1393  4.921630837E+02  0.000000000E+00  1.000089643E+01 
      1394  4.931150642E+02  0.000000000E+00  1.000135333E+01 
      1395  4.940748120E+02  0.000000000E+00  1.000197339E+01 
      1396  4.950423907E+02  0.000000000E+00  1.000281936E+01 
      1397  4.960178639E+02  0.000000000E+00  1.000397897E+01 
      1398  4.970012963E+02  0.000000000E+00  1.000556727E+01 
      1399  4.979927527E+02  0.000000000E+00  1.000890093E+01 
      1400  4.989922986E+02  0.000000000E+00  1.001335440E+01 
      1401  5.000000000E+02  0.000000000E+00  1.001539261E+01 
