nodenumber     x-coordinate     y-coordinate           udm-12 
         1  0.000000000E+00  0.000000000E+00  9.994485033E+00 
         2  1.007701384E+00  0.000000000E+00  9.994302229E+00 
         3  2.007247274E+00  0.000000000E+00  9.996346453E+00 
         4  2.998703673E+00  0.000000000E+00  9.997945285E+00 
         5  3.982136051E+00  0.000000000E+00  9.996795099E+00 
         6  4.957609346E+00  0.000000000E+00  9.995737646E+00 
         7  5.925187975E+00  0.000000000E+00  9.994731785E+00 
         8  6.884935829E+00  0.000000000E+00  9.993760609E+00 
         9  7.836916284E+00  0.000000000E+00  9.992812493E+00 
        10  8.781192203E+00  0.000000000E+00  9.991879570E+00 
        11  9.717825941E+00  0.000000000E+00  9.990956568E+00 
        12  1.064687935E+01  0.000000000E+00  9.990039991E+00 
        13  1.156841377E+01  0.000000000E+00  9.989127548E+00 
        14  1.248249006E+01  0.000000000E+00  9.988217751E+00 
        15  1.338916858E+01  0.000000000E+00  9.987309647E+00 
        16  1.428850920E+01  0.000000000E+00  9.986402634E+00 
        17  1.518057130E+01  0.000000000E+00  9.985496341E+00 
        18  1.606541380E+01  0.000000000E+00  9.984590548E+00 
        19  1.694309512E+01  0.000000000E+00  9.983685132E+00 
        20  1.781367322E+01  0.000000000E+00  9.982780038E+00 
        21  1.867720559E+01  0.000000000E+00  9.981875253E+00 
        22  1.953374925E+01  0.000000000E+00  9.980970797E+00 
        23  2.038336076E+01  0.000000000E+00  9.980066710E+00 
        24  2.122609622E+01  0.000000000E+00  9.979163050E+00 
        25  2.206201128E+01  0.000000000E+00  9.978259890E+00 
        26  2.289116114E+01  0.000000000E+00  9.977357314E+00 
        27  2.371360056E+01  0.000000000E+00  9.976455418E+00 
        28  2.452938383E+01  0.000000000E+00  9.975554306E+00 
        29  2.533856484E+01  0.000000000E+00  9.974654092E+00 
        30  2.614119701E+01  0.000000000E+00  9.973754900E+00 
        31  2.693733335E+01  0.000000000E+00  9.972856861E+00 
        32  2.772702642E+01  0.000000000E+00  9.971960114E+00 
        33  2.851032837E+01  0.000000000E+00  9.971064807E+00 
        34  2.928729093E+01  0.000000000E+00  9.970171095E+00 
        35  3.005796541E+01  0.000000000E+00  9.969279140E+00 
        36  3.082240268E+01  0.000000000E+00  9.968389112E+00 
        37  3.158065324E+01  0.000000000E+00  9.967501187E+00 
        38  3.233276716E+01  0.000000000E+00  9.966615546E+00 
        39  3.307879409E+01  0.000000000E+00  9.965732380E+00 
        40  3.381878330E+01  0.000000000E+00  9.964851881E+00 
        41  3.455278365E+01  0.000000000E+00  9.963974251E+00 
        42  3.528084362E+01  0.000000000E+00  9.963099694E+00 
        43  3.600301127E+01  0.000000000E+00  9.962228419E+00 
        44  3.671933431E+01  0.000000000E+00  9.961360643E+00 
        45  3.742986002E+01  0.000000000E+00  9.960496584E+00 
        46  3.813463533E+01  0.000000000E+00  9.959636465E+00 
        47  3.883370678E+01  0.000000000E+00  9.958780513E+00 
        48  3.952712052E+01  0.000000000E+00  9.957928959E+00 
        49  4.021492235E+01  0.000000000E+00  9.957082037E+00 
        50  4.089715769E+01  0.000000000E+00  9.956239982E+00 
        51  4.157387159E+01  0.000000000E+00  9.955403035E+00 
        52  4.224510872E+01  0.000000000E+00  9.954571438E+00 
        53  4.291091342E+01  0.000000000E+00  9.953745434E+00 
        54  4.357132966E+01  0.000000000E+00  9.952925271E+00 
        55  4.422640104E+01  0.000000000E+00  9.952111195E+00 
        56  4.487617081E+01  0.000000000E+00  9.951303458E+00 
        57  4.552068189E+01  0.000000000E+00  9.950502310E+00 
        58  4.615997684E+01  0.000000000E+00  9.949708003E+00 
        59  4.679409786E+01  0.000000000E+00  9.948920790E+00 
        60  4.742308684E+01  0.000000000E+00  9.948140927E+00 
        61  4.804698530E+01  0.000000000E+00  9.947368667E+00 
        62  4.866583446E+01  0.000000000E+00  9.946604267E+00 
        63  4.927967516E+01  0.000000000E+00  9.945847982E+00 
        64  4.988854795E+01  0.000000000E+00  9.945100068E+00 
        65  5.049249303E+01  0.000000000E+00  9.944360781E+00 
        66  5.109155028E+01  0.000000000E+00  9.943630379E+00 
        67  5.168575926E+01  0.000000000E+00  9.942909117E+00 
        68  5.227515921E+01  0.000000000E+00  9.942197251E+00 
        69  5.285978905E+01  0.000000000E+00  9.941495038E+00 
        70  5.343968738E+01  0.000000000E+00  9.940802732E+00 
        71  5.401489250E+01  0.000000000E+00  9.940120591E+00 
        72  5.458544238E+01  0.000000000E+00  9.939448868E+00 
        73  5.515137472E+01  0.000000000E+00  9.938787818E+00 
        74  5.571272686E+01  0.000000000E+00  9.938137696E+00 
        75  5.626953590E+01  0.000000000E+00  9.937498754E+00 
        76  5.682183858E+01  0.000000000E+00  9.936871248E+00 
        77  5.736967139E+01  0.000000000E+00  9.936255428E+00 
        78  5.791307049E+01  0.000000000E+00  9.935651549E+00 
        79  5.845207178E+01  0.000000000E+00  9.935059861E+00 
        80  5.898671083E+01  0.000000000E+00  9.934480616E+00 
        81  5.951702297E+01  0.000000000E+00  9.933914066E+00 
        82  6.004304320E+01  0.000000000E+00  9.933360460E+00 
        83  6.056480627E+01  0.000000000E+00  9.932820049E+00 
        84  6.108234661E+01  0.000000000E+00  9.932293082E+00 
        85  6.159569842E+01  0.000000000E+00  9.931779807E+00 
        86  6.210489559E+01  0.000000000E+00  9.931280471E+00 
        87  6.260997174E+01  0.000000000E+00  9.930795321E+00 
        88  6.311096022E+01  0.000000000E+00  9.930324602E+00 
        89  6.360789412E+01  0.000000000E+00  9.929868554E+00 
        90  6.410080625E+01  0.000000000E+00  9.929427420E+00 
        91  6.458972916E+01  0.000000000E+00  9.929001434E+00 
        92  6.507469514E+01  0.000000000E+00  9.928590830E+00 
        93  6.555573621E+01  0.000000000E+00  9.928195835E+00 
        94  6.603288413E+01  0.000000000E+00  9.927816671E+00 
        95  6.650617042E+01  0.000000000E+00  9.927453552E+00 
        96  6.697562632E+01  0.000000000E+00  9.927106683E+00 
        97  6.744128283E+01  0.000000000E+00  9.926776260E+00 
        98  6.790317071E+01  0.000000000E+00  9.926462466E+00 
        99  6.836132046E+01  0.000000000E+00  9.926165471E+00 
       100  6.881576232E+01  0.000000000E+00  9.925885427E+00 
       101  6.926652631E+01  0.000000000E+00  9.925622472E+00 
       102  6.971364219E+01  0.000000000E+00  9.925376722E+00 
       103  7.015713949E+01  0.000000000E+00  9.925148271E+00 
       104  7.059704749E+01  0.000000000E+00  9.924937193E+00 
       105  7.103339524E+01  0.000000000E+00  9.924743536E+00 
       106  7.146621156E+01  0.000000000E+00  9.924567321E+00 
       107  7.189552503E+01  0.000000000E+00  9.924408548E+00 
       108  7.232136399E+01  0.000000000E+00  9.924267187E+00 
       109  7.274375656E+01  0.000000000E+00  9.924143186E+00 
       110  7.316273064E+01  0.000000000E+00  9.924036471E+00 
       111  7.357831389E+01  0.000000000E+00  9.923946951E+00 
       112  7.399053376E+01  0.000000000E+00  9.923874517E+00 
       113  7.439941746E+01  0.000000000E+00  9.923819056E+00 
       114  7.480499201E+01  0.000000000E+00  9.923780453E+00 
       115  7.520728416E+01  0.000000000E+00  9.923758606E+00 
       116  7.560632051E+01  0.000000000E+00  9.923753433E+00 
       117  7.600212738E+01  0.000000000E+00  9.923764889E+00 
       118  7.639473092E+01  0.000000000E+00  9.923792981E+00 
       119  7.678415706E+01  0.000000000E+00  9.923837792E+00 
       120  7.717043151E+01  0.000000000E+00  9.923899493E+00 
       121  7.755357977E+01  0.000000000E+00  9.923978376E+00 
       122  7.793362715E+01  0.000000000E+00  9.924074877E+00 
       123  7.831059875E+01  0.000000000E+00  9.924189604E+00 
       124  7.868451945E+01  0.000000000E+00  9.924323373E+00 
       125  7.905541395E+01  0.000000000E+00  9.924477237E+00 
       126  7.942330674E+01  0.000000000E+00  9.924652525E+00 
       127  7.978822211E+01  0.000000000E+00  9.924850883E+00 
       128  8.015018416E+01  0.000000000E+00  9.925074309E+00 
       129  8.050921679E+01  0.000000000E+00  9.925325201E+00 
       130  8.086534371E+01  0.000000000E+00  9.925606399E+00 
       131  8.121858844E+01  0.000000000E+00  9.925921228E+00 
       132  8.156897429E+01  0.000000000E+00  9.926273546E+00 
       133  8.191652442E+01  0.000000000E+00  9.926667794E+00 
       134  8.226126177E+01  0.000000000E+00  9.927109038E+00 
       135  8.260320909E+01  0.000000000E+00  9.927603021E+00 
       136  8.294238899E+01  0.000000000E+00  9.928156210E+00 
       137  8.327882384E+01  0.000000000E+00  9.928775844E+00 
       138  8.361253587E+01  0.000000000E+00  9.929469981E+00 
       139  8.394354712E+01  0.000000000E+00  9.930247548E+00 
       140  8.427187943E+01  0.000000000E+00  9.931118384E+00 
       141  8.459755450E+01  0.000000000E+00  9.932093291E+00 
       142  8.492059382E+01  0.000000000E+00  9.933184076E+00 
       143  8.524101873E+01  0.000000000E+00  9.934403598E+00 
       144  8.555885039E+01  0.000000000E+00  9.935765816E+00 
       145  8.587410979E+01  0.000000000E+00  9.937285831E+00 
       146  8.618681774E+01  0.000000000E+00  9.938979932E+00 
       147  8.649699489E+01  0.000000000E+00  9.940865643E+00 
       148  8.680466173E+01  0.000000000E+00  9.942961770E+00 
       149  8.710983857E+01  0.000000000E+00  9.945288445E+00 
       150  8.741254556E+01  0.000000000E+00  9.947867181E+00 
       151  8.771280270E+01  0.000000000E+00  9.950720918E+00 
       152  8.801062980E+01  0.000000000E+00  9.953874079E+00 
       153  8.830604654E+01  0.000000000E+00  9.957352626E+00 
       154  8.859907242E+01  0.000000000E+00  9.961184120E+00 
       155  8.888972679E+01  0.000000000E+00  9.965397786E+00 
       156  8.917802885E+01  0.000000000E+00  9.970024582E+00 
       157  8.946399764E+01  0.000000000E+00  9.975097270E+00 
       158  8.974765203E+01  0.000000000E+00  9.980650501E+00 
       159  9.002901076E+01  0.000000000E+00  9.986720899E+00 
       160  9.030809241E+01  0.000000000E+00  9.993347157E+00 
       161  9.058491540E+01  0.000000000E+00  1.000057014E+01 
       162  9.085949802E+01  0.000000000E+00  1.000843298E+01 
       163  9.113185839E+01  0.000000000E+00  1.001698125E+01 
       164  9.140201451E+01  0.000000000E+00  1.002626301E+01 
       165  9.166998421E+01  0.000000000E+00  1.003632905E+01 
       166  9.193578518E+01  0.000000000E+00  1.004723295E+01 
       167  9.219943499E+01  0.000000000E+00  1.005903134E+01 
       168  9.246095103E+01  0.000000000E+00  1.007178402E+01 
       169  9.272035058E+01  0.000000000E+00  1.008555395E+01 
       170  9.297765077E+01  0.000000000E+00  1.010040906E+01 
       171  9.323286858E+01  0.000000000E+00  1.011642115E+01 
       172  9.348602087E+01  0.000000000E+00  1.013366328E+01 
       173  9.373712436E+01  0.000000000E+00  1.015276098E+01 
       174  9.398619563E+01  0.000000000E+00  1.017340905E+01 
       175  9.423325112E+01  0.000000000E+00  1.019520690E+01 
       176  9.447830715E+01  0.000000000E+00  1.019355666E+01 
       177  9.472137990E+01  0.000000000E+00  1.019351258E+01 
       178  9.496248543E+01  0.000000000E+00  1.021804549E+01 
       179  9.520163964E+01  0.000000000E+00  1.024625070E+01 
       180  9.543885834E+01  0.000000000E+00  1.028279969E+01 
       181  9.567415720E+01  0.000000000E+00  1.031962224E+01 
       182  9.590755173E+01  0.000000000E+00  1.035268055E+01 
       183  9.613905737E+01  0.000000000E+00  1.038658479E+01 
       184  9.636868940E+01  0.000000000E+00  1.042276564E+01 
       185  9.659646297E+01  0.000000000E+00  1.046136087E+01 
       186  9.682239314E+01  0.000000000E+00  1.050251720E+01 
       187  9.704649481E+01  0.000000000E+00  1.054846307E+01 
       188  9.726878279E+01  0.000000000E+00  1.059743950E+01 
       189  9.748927176E+01  0.000000000E+00  1.064982904E+01 
       190  9.770797628E+01  0.000000000E+00  1.070565083E+01 
       191  9.792491078E+01  0.000000000E+00  1.076532963E+01 
       192  9.814008960E+01  0.000000000E+00  1.082889838E+01 
       193  9.835352693E+01  0.000000000E+00  1.089423439E+01 
       194  9.856523689E+01  0.000000000E+00  1.096380253E+01 
       195  9.877523344E+01  0.000000000E+00  1.103462222E+01 
       196  9.898353045E+01  0.000000000E+00  1.111000523E+01 
       197  9.919014168E+01  0.000000000E+00  1.119343991E+01 
       198  9.939508077E+01  0.000000000E+00  1.128226419E+01 
       199  9.959836126E+01  0.000000000E+00  1.137683181E+01 
       200  9.979999657E+01  0.000000000E+00  1.147803838E+01 
       201  1.000000000E+02  0.000000000E+00  1.118226915E+01 
       202  1.002500000E+02  0.000000000E+00  1.075380500E+01 
       203  1.005000000E+02  0.000000000E+00  1.076212441E+01 
       204  1.007500000E+02  0.000000000E+00  1.076333746E+01 
       205  1.010000000E+02  0.000000000E+00  1.076040774E+01 
       206  1.012500000E+02  0.000000000E+00  1.075440280E+01 
       207  1.015000000E+02  0.000000000E+00  1.074602566E+01 
       208  1.017500000E+02  0.000000000E+00  1.073577634E+01 
       209  1.020000000E+02  0.000000000E+00  1.072402952E+01 
       210  1.022500000E+02  0.000000000E+00  1.071107648E+01 
       211  1.025000000E+02  0.000000000E+00  1.069714977E+01 
       212  1.027500000E+02  0.000000000E+00  1.068243897E+01 
       213  1.030000000E+02  0.000000000E+00  1.066710113E+01 
       214  1.032500000E+02  0.000000000E+00  1.065126806E+01 
       215  1.035000000E+02  0.000000000E+00  1.063505161E+01 
       216  1.037500000E+02  0.000000000E+00  1.061854754E+01 
       217  1.040000000E+02  0.000000000E+00  1.060183848E+01 
       218  1.042500000E+02  0.000000000E+00  1.058499619E+01 
       219  1.045000000E+02  0.000000000E+00  1.056808333E+01 
       220  1.047500000E+02  0.000000000E+00  1.055115487E+01 
       221  1.050000000E+02  0.000000000E+00  1.053425922E+01 
       222  1.052500000E+02  0.000000000E+00  1.051743912E+01 
       223  1.055000000E+02  0.000000000E+00  1.050073243E+01 
       224  1.057500000E+02  0.000000000E+00  1.048417271E+01 
       225  1.060000000E+02  0.000000000E+00  1.046778973E+01 
       226  1.062500000E+02  0.000000000E+00  1.045160994E+01 
       227  1.065000000E+02  0.000000000E+00  1.043565674E+01 
       228  1.067500000E+02  0.000000000E+00  1.041995090E+01 
       229  1.070000000E+02  0.000000000E+00  1.040451072E+01 
       230  1.072500000E+02  0.000000000E+00  1.038935230E+01 
       231  1.075000000E+02  0.000000000E+00  1.037448974E+01 
       232  1.077500000E+02  0.000000000E+00  1.035993526E+01 
       233  1.080000000E+02  0.000000000E+00  1.034569941E+01 
       234  1.082500000E+02  0.000000000E+00  1.033179115E+01 
       235  1.085000000E+02  0.000000000E+00  1.031821800E+01 
       236  1.087500000E+02  0.000000000E+00  1.030498613E+01 
       237  1.090000000E+02  0.000000000E+00  1.029210043E+01 
       238  1.092500000E+02  0.000000000E+00  1.027956465E+01 
       239  1.095000000E+02  0.000000000E+00  1.026738143E+01 
       240  1.097500000E+02  0.000000000E+00  1.025555242E+01 
       241  1.100000000E+02  0.000000000E+00  1.024407829E+01 
       242  1.102500000E+02  0.000000000E+00  1.023295886E+01 
       243  1.105000000E+02  0.000000000E+00  1.022219311E+01 
       244  1.107500000E+02  0.000000000E+00  1.021177927E+01 
       245  1.110000000E+02  0.000000000E+00  1.020171485E+01 
       246  1.112500000E+02  0.000000000E+00  1.019199672E+01 
       247  1.115000000E+02  0.000000000E+00  1.018262113E+01 
       248  1.117500000E+02  0.000000000E+00  1.017358381E+01 
       249  1.120000000E+02  0.000000000E+00  1.016487993E+01 
       250  1.122500000E+02  0.000000000E+00  1.015650425E+01 
       251  1.125000000E+02  0.000000000E+00  1.014845109E+01 
       252  1.127500000E+02  0.000000000E+00  1.014071438E+01 
       253  1.130000000E+02  0.000000000E+00  1.013328774E+01 
       254  1.132500000E+02  0.000000000E+00  1.012616447E+01 
       255  1.135000000E+02  0.000000000E+00  1.011933762E+01 
       256  1.137500000E+02  0.000000000E+00  1.011280002E+01 
       257  1.140000000E+02  0.000000000E+00  1.010654431E+01 
       258  1.142500000E+02  0.000000000E+00  1.010056295E+01 
       259  1.145000000E+02  0.000000000E+00  1.009484831E+01 
       260  1.147500000E+02  0.000000000E+00  1.008939262E+01 
       261  1.150000000E+02  0.000000000E+00  1.008418807E+01 
       262  1.152500000E+02  0.000000000E+00  1.007922679E+01 
       263  1.155000000E+02  0.000000000E+00  1.007450091E+01 
       264  1.157500000E+02  0.000000000E+00  1.007000255E+01 
       265  1.160000000E+02  0.000000000E+00  1.006572385E+01 
       266  1.162500000E+02  0.000000000E+00  1.006165701E+01 
       267  1.165000000E+02  0.000000000E+00  1.005779428E+01 
       268  1.167500000E+02  0.000000000E+00  1.005412800E+01 
       269  1.170000000E+02  0.000000000E+00  1.005065060E+01 
       270  1.172500000E+02  0.000000000E+00  1.004735464E+01 
       271  1.175000000E+02  0.000000000E+00  1.004423279E+01 
       272  1.177500000E+02  0.000000000E+00  1.004127784E+01 
       273  1.180000000E+02  0.000000000E+00  1.003848276E+01 
       274  1.182500000E+02  0.000000000E+00  1.003584066E+01 
       275  1.185000000E+02  0.000000000E+00  1.003334479E+01 
       276  1.187500000E+02  0.000000000E+00  1.003098861E+01 
       277  1.190000000E+02  0.000000000E+00  1.002876573E+01 
       278  1.192500000E+02  0.000000000E+00  1.002666996E+01 
       279  1.195000000E+02  0.000000000E+00  1.002469526E+01 
       280  1.197500000E+02  0.000000000E+00  1.002283582E+01 
       281  1.200000000E+02  0.000000000E+00  1.002108598E+01 
       282  1.202500000E+02  0.000000000E+00  1.001944030E+01 
       283  1.205000000E+02  0.000000000E+00  1.001789352E+01 
       284  1.207500000E+02  0.000000000E+00  1.001644056E+01 
       285  1.210000000E+02  0.000000000E+00  1.001507655E+01 
       286  1.212500000E+02  0.000000000E+00  1.001379679E+01 
       287  1.215000000E+02  0.000000000E+00  1.001259678E+01 
       288  1.217500000E+02  0.000000000E+00  1.001147220E+01 
       289  1.220000000E+02  0.000000000E+00  1.001041890E+01 
       290  1.222500000E+02  0.000000000E+00  1.000943292E+01 
       291  1.225000000E+02  0.000000000E+00  1.000851047E+01 
       292  1.227500000E+02  0.000000000E+00  1.000764793E+01 
       293  1.230000000E+02  0.000000000E+00  1.000684186E+01 
       294  1.232500000E+02  0.000000000E+00  1.000608895E+01 
       295  1.235000000E+02  0.000000000E+00  1.000538608E+01 
       296  1.237500000E+02  0.000000000E+00  1.000473027E+01 
       297  1.240000000E+02  0.000000000E+00  1.000411869E+01 
       298  1.242500000E+02  0.000000000E+00  1.000354864E+01 
       299  1.245000000E+02  0.000000000E+00  1.000301758E+01 
       300  1.247500000E+02  0.000000000E+00  1.000252309E+01 
       301  1.250000000E+02  0.000000000E+00  1.000206287E+01 
       302  1.252500000E+02  0.000000000E+00  1.000163477E+01 
       303  1.255000000E+02  0.000000000E+00  1.000123673E+01 
       304  1.257500000E+02  0.000000000E+00  1.000086682E+01 
       305  1.260000000E+02  0.000000000E+00  1.000052322E+01 
       306  1.262500000E+02  0.000000000E+00  1.000020421E+01 
       307  1.265000000E+02  0.000000000E+00  9.999908157E+00 
       308  1.267500000E+02  0.000000000E+00  9.999633540E+00 
       309  1.270000000E+02  0.000000000E+00  9.999378923E+00 
       310  1.272500000E+02  0.000000000E+00  9.999142954E+00 
       311  1.275000000E+02  0.000000000E+00  9.998924363E+00 
       312  1.277500000E+02  0.000000000E+00  9.998721959E+00 
       313  1.280000000E+02  0.000000000E+00  9.998534625E+00 
       314  1.282500000E+02  0.000000000E+00  9.998361312E+00 
       315  1.285000000E+02  0.000000000E+00  9.998201038E+00 
       316  1.287500000E+02  0.000000000E+00  9.998052883E+00 
       317  1.290000000E+02  0.000000000E+00  9.997915989E+00 
       318  1.292500000E+02  0.000000000E+00  9.997789549E+00 
       319  1.295000000E+02  0.000000000E+00  9.997672814E+00 
       320  1.297500000E+02  0.000000000E+00  9.997565080E+00 
       321  1.300000000E+02  0.000000000E+00  9.997465692E+00 
       322  1.302500000E+02  0.000000000E+00  9.997374039E+00 
       323  1.305000000E+02  0.000000000E+00  9.997289553E+00 
       324  1.307500000E+02  0.000000000E+00  9.997211701E+00 
       325  1.310000000E+02  0.000000000E+00  9.997139989E+00 
       326  1.312500000E+02  0.000000000E+00  9.997073958E+00 
       327  1.315000000E+02  0.000000000E+00  9.997013180E+00 
       328  1.317500000E+02  0.000000000E+00  9.996957257E+00 
       329  1.320000000E+02  0.000000000E+00  9.996905819E+00 
       330  1.322500000E+02  0.000000000E+00  9.996858524E+00 
       331  1.325000000E+02  0.000000000E+00  9.996815053E+00 
       332  1.327500000E+02  0.000000000E+00  9.996775111E+00 
       333  1.330000000E+02  0.000000000E+00  9.996738423E+00 
       334  1.332500000E+02  0.000000000E+00  9.996704736E+00 
       335  1.335000000E+02  0.000000000E+00  9.996673814E+00 
       336  1.337500000E+02  0.000000000E+00  9.996645440E+00 
       337  1.340000000E+02  0.000000000E+00  9.996619413E+00 
       338  1.342500000E+02  0.000000000E+00  9.996595545E+00 
       339  1.345000000E+02  0.000000000E+00  9.996573666E+00 
       340  1.347500000E+02  0.000000000E+00  9.996553614E+00 
       341  1.350000000E+02  0.000000000E+00  9.996535244E+00 
       342  1.352500000E+02  0.000000000E+00  9.996518420E+00 
       343  1.355000000E+02  0.000000000E+00  9.996503016E+00 
       344  1.357500000E+02  0.000000000E+00  9.996488916E+00 
       345  1.360000000E+02  0.000000000E+00  9.996476014E+00 
       346  1.362500000E+02  0.000000000E+00  9.996464211E+00 
       347  1.365000000E+02  0.000000000E+00  9.996453418E+00 
       348  1.367500000E+02  0.000000000E+00  9.996443550E+00 
       349  1.370000000E+02  0.000000000E+00  9.996434531E+00 
       350  1.372500000E+02  0.000000000E+00  9.996426290E+00 
       351  1.375000000E+02  0.000000000E+00  9.996418762E+00 
       352  1.377500000E+02  0.000000000E+00  9.996411887E+00 
       353  1.380000000E+02  0.000000000E+00  9.996405611E+00 
       354  1.382500000E+02  0.000000000E+00  9.996399882E+00 
       355  1.385000000E+02  0.000000000E+00  9.996394655E+00 
       356  1.387500000E+02  0.000000000E+00  9.996389886E+00 
       357  1.390000000E+02  0.000000000E+00  9.996385537E+00 
       358  1.392500000E+02  0.000000000E+00  9.996381572E+00 
       359  1.395000000E+02  0.000000000E+00  9.996377958E+00 
       360  1.397500000E+02  0.000000000E+00  9.996374664E+00 
       361  1.400000000E+02  0.000000000E+00  9.996371663E+00 
       362  1.402500000E+02  0.000000000E+00  9.996368930E+00 
       363  1.405000000E+02  0.000000000E+00  9.996366441E+00 
       364  1.407500000E+02  0.000000000E+00  9.996364176E+00 
       365  1.410000000E+02  0.000000000E+00  9.996362114E+00 
       366  1.412500000E+02  0.000000000E+00  9.996360237E+00 
       367  1.415000000E+02  0.000000000E+00  9.996358531E+00 
       368  1.417500000E+02  0.000000000E+00  9.996356979E+00 
       369  1.420000000E+02  0.000000000E+00  9.996355567E+00 
       370  1.422500000E+02  0.000000000E+00  9.996354285E+00 
       371  1.425000000E+02  0.000000000E+00  9.996353120E+00 
       372  1.427500000E+02  0.000000000E+00  9.996352061E+00 
       373  1.430000000E+02  0.000000000E+00  9.996351100E+00 
       374  1.432500000E+02  0.000000000E+00  9.996350227E+00 
       375  1.435000000E+02  0.000000000E+00  9.996349435E+00 
       376  1.437500000E+02  0.000000000E+00  9.996348717E+00 
       377  1.440000000E+02  0.000000000E+00  9.996348066E+00 
       378  1.442500000E+02  0.000000000E+00  9.996347475E+00 
       379  1.445000000E+02  0.000000000E+00  9.996346941E+00 
       380  1.447500000E+02  0.000000000E+00  9.996346457E+00 
       381  1.450000000E+02  0.000000000E+00  9.996346019E+00 
       382  1.452500000E+02  0.000000000E+00  9.996345623E+00 
       383  1.455000000E+02  0.000000000E+00  9.996345266E+00 
       384  1.457500000E+02  0.000000000E+00  9.996344944E+00 
       385  1.460000000E+02  0.000000000E+00  9.996344653E+00 
       386  1.462500000E+02  0.000000000E+00  9.996344392E+00 
       387  1.465000000E+02  0.000000000E+00  9.996344158E+00 
       388  1.467500000E+02  0.000000000E+00  9.996343948E+00 
       389  1.470000000E+02  0.000000000E+00  9.996343760E+00 
       390  1.472500000E+02  0.000000000E+00  9.996343594E+00 
       391  1.475000000E+02  0.000000000E+00  9.996343446E+00 
       392  1.477500000E+02  0.000000000E+00  9.996343316E+00 
       393  1.480000000E+02  0.000000000E+00  9.996343202E+00 
       394  1.482500000E+02  0.000000000E+00  9.996343104E+00 
       395  1.485000000E+02  0.000000000E+00  9.996343020E+00 
       396  1.487500000E+02  0.000000000E+00  9.996342950E+00 
       397  1.490000000E+02  0.000000000E+00  9.996342892E+00 
       398  1.492500000E+02  0.000000000E+00  9.996342847E+00 
       399  1.495000000E+02  0.000000000E+00  9.996342813E+00 
       400  1.497500000E+02  0.000000000E+00  9.996342791E+00 
       401  1.500000000E+02  0.000000000E+00  9.996342781E+00 
       402  1.502500000E+02  0.000000000E+00  9.996342781E+00 
       403  1.505000000E+02  0.000000000E+00  9.996342793E+00 
       404  1.507500000E+02  0.000000000E+00  9.996342816E+00 
       405  1.510000000E+02  0.000000000E+00  9.996342850E+00 
       406  1.512500000E+02  0.000000000E+00  9.996342896E+00 
       407  1.515000000E+02  0.000000000E+00  9.996342955E+00 
       408  1.517500000E+02  0.000000000E+00  9.996343026E+00 
       409  1.520000000E+02  0.000000000E+00  9.996343111E+00 
       410  1.522500000E+02  0.000000000E+00  9.996343210E+00 
       411  1.525000000E+02  0.000000000E+00  9.996343325E+00 
       412  1.527500000E+02  0.000000000E+00  9.996343455E+00 
       413  1.530000000E+02  0.000000000E+00  9.996343604E+00 
       414  1.532500000E+02  0.000000000E+00  9.996343771E+00 
       415  1.535000000E+02  0.000000000E+00  9.996343960E+00 
       416  1.537500000E+02  0.000000000E+00  9.996344170E+00 
       417  1.540000000E+02  0.000000000E+00  9.996344405E+00 
       418  1.542500000E+02  0.000000000E+00  9.996344667E+00 
       419  1.545000000E+02  0.000000000E+00  9.996344958E+00 
       420  1.547500000E+02  0.000000000E+00  9.996345281E+00 
       421  1.550000000E+02  0.000000000E+00  9.996345638E+00 
       422  1.552500000E+02  0.000000000E+00  9.996346034E+00 
       423  1.555000000E+02  0.000000000E+00  9.996346472E+00 
       424  1.557500000E+02  0.000000000E+00  9.996346955E+00 
       425  1.560000000E+02  0.000000000E+00  9.996347489E+00 
       426  1.562500000E+02  0.000000000E+00  9.996348078E+00 
       427  1.565000000E+02  0.000000000E+00  9.996348728E+00 
       428  1.567500000E+02  0.000000000E+00  9.996349444E+00 
       429  1.570000000E+02  0.000000000E+00  9.996350233E+00 
       430  1.572500000E+02  0.000000000E+00  9.996351102E+00 
       431  1.575000000E+02  0.000000000E+00  9.996352059E+00 
       432  1.577500000E+02  0.000000000E+00  9.996353113E+00 
       433  1.580000000E+02  0.000000000E+00  9.996354271E+00 
       434  1.582500000E+02  0.000000000E+00  9.996355546E+00 
       435  1.585000000E+02  0.000000000E+00  9.996356948E+00 
       436  1.587500000E+02  0.000000000E+00  9.996358489E+00 
       437  1.590000000E+02  0.000000000E+00  9.996360182E+00 
       438  1.592500000E+02  0.000000000E+00  9.996362043E+00 
       439  1.595000000E+02  0.000000000E+00  9.996364087E+00 
       440  1.597500000E+02  0.000000000E+00  9.996366332E+00 
       441  1.600000000E+02  0.000000000E+00  9.996368796E+00 
       442  1.602500000E+02  0.000000000E+00  9.996371500E+00 
       443  1.605000000E+02  0.000000000E+00  9.996374468E+00 
       444  1.607500000E+02  0.000000000E+00  9.996377723E+00 
       445  1.610000000E+02  0.000000000E+00  9.996381293E+00 
       446  1.612500000E+02  0.000000000E+00  9.996385208E+00 
       447  1.615000000E+02  0.000000000E+00  9.996389498E+00 
       448  1.617500000E+02  0.000000000E+00  9.996394199E+00 
       449  1.620000000E+02  0.000000000E+00  9.996399350E+00 
       450  1.622500000E+02  0.000000000E+00  9.996404991E+00 
       451  1.625000000E+02  0.000000000E+00  9.996411167E+00 
       452  1.627500000E+02  0.000000000E+00  9.996417928E+00 
       453  1.630000000E+02  0.000000000E+00  9.996425326E+00 
       454  1.632500000E+02  0.000000000E+00  9.996433420E+00 
       455  1.635000000E+02  0.000000000E+00  9.996442271E+00 
       456  1.637500000E+02  0.000000000E+00  9.996451949E+00 
       457  1.640000000E+02  0.000000000E+00  9.996462528E+00 
       458  1.642500000E+02  0.000000000E+00  9.996474087E+00 
       459  1.645000000E+02  0.000000000E+00  9.996486714E+00 
       460  1.647500000E+02  0.000000000E+00  9.996500504E+00 
       461  1.650000000E+02  0.000000000E+00  9.996515558E+00 
       462  1.652500000E+02  0.000000000E+00  9.996531988E+00 
       463  1.655000000E+02  0.000000000E+00  9.996549913E+00 
       464  1.657500000E+02  0.000000000E+00  9.996569465E+00 
       465  1.660000000E+02  0.000000000E+00  9.996590782E+00 
       466  1.662500000E+02  0.000000000E+00  9.996614019E+00 
       467  1.665000000E+02  0.000000000E+00  9.996639337E+00 
       468  1.667500000E+02  0.000000000E+00  9.996666917E+00 
       469  1.670000000E+02  0.000000000E+00  9.996696948E+00 
       470  1.672500000E+02  0.000000000E+00  9.996729638E+00 
       471  1.675000000E+02  0.000000000E+00  9.996765210E+00 
       472  1.677500000E+02  0.000000000E+00  9.996803905E+00 
       473  1.680000000E+02  0.000000000E+00  9.996845981E+00 
       474  1.682500000E+02  0.000000000E+00  9.996891719E+00 
       475  1.685000000E+02  0.000000000E+00  9.996941420E+00 
       476  1.687500000E+02  0.000000000E+00  9.996995405E+00 
       477  1.690000000E+02  0.000000000E+00  9.997054024E+00 
       478  1.692500000E+02  0.000000000E+00  9.997117651E+00 
       479  1.695000000E+02  0.000000000E+00  9.997186686E+00 
       480  1.697500000E+02  0.000000000E+00  9.997261562E+00 
       481  1.700000000E+02  0.000000000E+00  9.997342740E+00 
       482  1.702500000E+02  0.000000000E+00  9.997430717E+00 
       483  1.705000000E+02  0.000000000E+00  9.997526025E+00 
       484  1.707500000E+02  0.000000000E+00  9.997629233E+00 
       485  1.710000000E+02  0.000000000E+00  9.997740951E+00 
       486  1.712500000E+02  0.000000000E+00  9.997861830E+00 
       487  1.715000000E+02  0.000000000E+00  9.997992567E+00 
       488  1.717500000E+02  0.000000000E+00  9.998133907E+00 
       489  1.720000000E+02  0.000000000E+00  9.998286645E+00 
       490  1.722500000E+02  0.000000000E+00  9.998451629E+00 
       491  1.725000000E+02  0.000000000E+00  9.998629763E+00 
       492  1.727500000E+02  0.000000000E+00  9.998822010E+00 
       493  1.730000000E+02  0.000000000E+00  9.999029395E+00 
       494  1.732500000E+02  0.000000000E+00  9.999253010E+00 
       495  1.735000000E+02  0.000000000E+00  9.999494015E+00 
       496  1.737500000E+02  0.000000000E+00  9.999753642E+00 
       497  1.740000000E+02  0.000000000E+00  1.000003320E+01 
       498  1.742500000E+02  0.000000000E+00  1.000033407E+01 
       499  1.745000000E+02  0.000000000E+00  1.000065773E+01 
       500  1.747500000E+02  0.000000000E+00  1.000100574E+01 
       501  1.750000000E+02  0.000000000E+00  1.000137974E+01 
       502  1.752500000E+02  0.000000000E+00  1.000178147E+01 
       503  1.755000000E+02  0.000000000E+00  1.000221278E+01 
       504  1.757500000E+02  0.000000000E+00  1.000267560E+01 
       505  1.760000000E+02  0.000000000E+00  1.000317199E+01 
       506  1.762500000E+02  0.000000000E+00  1.000370411E+01 
       507  1.765000000E+02  0.000000000E+00  1.000427421E+01 
       508  1.767500000E+02  0.000000000E+00  1.000488471E+01 
       509  1.770000000E+02  0.000000000E+00  1.000553810E+01 
       510  1.772500000E+02  0.000000000E+00  1.000623702E+01 
       511  1.775000000E+02  0.000000000E+00  1.000698423E+01 
       512  1.777500000E+02  0.000000000E+00  1.000778264E+01 
       513  1.780000000E+02  0.000000000E+00  1.000863526E+01 
       514  1.782500000E+02  0.000000000E+00  1.000954527E+01 
       515  1.785000000E+02  0.000000000E+00  1.001051597E+01 
       516  1.787500000E+02  0.000000000E+00  1.001155082E+01 
       517  1.790000000E+02  0.000000000E+00  1.001265341E+01 
       518  1.792500000E+02  0.000000000E+00  1.001382748E+01 
       519  1.795000000E+02  0.000000000E+00  1.001507694E+01 
       520  1.797500000E+02  0.000000000E+00  1.001640582E+01 
       521  1.800000000E+02  0.000000000E+00  1.001781831E+01 
       522  1.802500000E+02  0.000000000E+00  1.001931876E+01 
       523  1.805000000E+02  0.000000000E+00  1.002091167E+01 
       524  1.807500000E+02  0.000000000E+00  1.002260169E+01 
       525  1.810000000E+02  0.000000000E+00  1.002439360E+01 
       526  1.812500000E+02  0.000000000E+00  1.002629235E+01 
       527  1.815000000E+02  0.000000000E+00  1.002830304E+01 
       528  1.817500000E+02  0.000000000E+00  1.003043089E+01 
       529  1.820000000E+02  0.000000000E+00  1.003268127E+01 
       530  1.822500000E+02  0.000000000E+00  1.003505969E+01 
       531  1.825000000E+02  0.000000000E+00  1.003757177E+01 
       532  1.827500000E+02  0.000000000E+00  1.004022329E+01 
       533  1.830000000E+02  0.000000000E+00  1.004302011E+01 
       534  1.832500000E+02  0.000000000E+00  1.004596821E+01 
       535  1.835000000E+02  0.000000000E+00  1.004907369E+01 
       536  1.837500000E+02  0.000000000E+00  1.005234272E+01 
       537  1.840000000E+02  0.000000000E+00  1.005578157E+01 
       538  1.842500000E+02  0.000000000E+00  1.005939658E+01 
       539  1.845000000E+02  0.000000000E+00  1.006319415E+01 
       540  1.847500000E+02  0.000000000E+00  1.006718074E+01 
       541  1.850000000E+02  0.000000000E+00  1.007136283E+01 
       542  1.852500000E+02  0.000000000E+00  1.007574696E+01 
       543  1.855000000E+02  0.000000000E+00  1.008033964E+01 
       544  1.857500000E+02  0.000000000E+00  1.008514743E+01 
       545  1.860000000E+02  0.000000000E+00  1.009017684E+01 
       546  1.862500000E+02  0.000000000E+00  1.009543436E+01 
       547  1.865000000E+02  0.000000000E+00  1.010092643E+01 
       548  1.867500000E+02  0.000000000E+00  1.010665944E+01 
       549  1.870000000E+02  0.000000000E+00  1.011263971E+01 
       550  1.872500000E+02  0.000000000E+00  1.011887345E+01 
       551  1.875000000E+02  0.000000000E+00  1.012536678E+01 
       552  1.877500000E+02  0.000000000E+00  1.013212568E+01 
       553  1.880000000E+02  0.000000000E+00  1.013915601E+01 
       554  1.882500000E+02  0.000000000E+00  1.014646345E+01 
       555  1.885000000E+02  0.000000000E+00  1.015405354E+01 
       556  1.887500000E+02  0.000000000E+00  1.016193162E+01 
       557  1.890000000E+02  0.000000000E+00  1.017010281E+01 
       558  1.892500000E+02  0.000000000E+00  1.017857204E+01 
       559  1.895000000E+02  0.000000000E+00  1.018734400E+01 
       560  1.897500000E+02  0.000000000E+00  1.019642313E+01 
       561  1.900000000E+02  0.000000000E+00  1.020581359E+01 
       562  1.902500000E+02  0.000000000E+00  1.021551930E+01 
       563  1.905000000E+02  0.000000000E+00  1.022554383E+01 
       564  1.907500000E+02  0.000000000E+00  1.023589048E+01 
       565  1.910000000E+02  0.000000000E+00  1.024656220E+01 
       566  1.912500000E+02  0.000000000E+00  1.025756156E+01 
       567  1.915000000E+02  0.000000000E+00  1.026889077E+01 
       568  1.917500000E+02  0.000000000E+00  1.028055162E+01 
       569  1.920000000E+02  0.000000000E+00  1.029254543E+01 
       570  1.922500000E+02  0.000000000E+00  1.030487304E+01 
       571  1.925000000E+02  0.000000000E+00  1.031753474E+01 
       572  1.927500000E+02  0.000000000E+00  1.033053018E+01 
       573  1.930000000E+02  0.000000000E+00  1.034385834E+01 
       574  1.932500000E+02  0.000000000E+00  1.035751737E+01 
       575  1.935000000E+02  0.000000000E+00  1.037150454E+01 
       576  1.937500000E+02  0.000000000E+00  1.038581599E+01 
       577  1.940000000E+02  0.000000000E+00  1.040044665E+01 
       578  1.942500000E+02  0.000000000E+00  1.041538992E+01 
       579  1.945000000E+02  0.000000000E+00  1.043063743E+01 
       580  1.947500000E+02  0.000000000E+00  1.044617866E+01 
       581  1.950000000E+02  0.000000000E+00  1.046200053E+01 
       582  1.952500000E+02  0.000000000E+00  1.047808682E+01 
       583  1.955000000E+02  0.000000000E+00  1.049441751E+01 
       584  1.957500000E+02  0.000000000E+00  1.051096797E+01 
       585  1.960000000E+02  0.000000000E+00  1.052770782E+01 
       586  1.962500000E+02  0.000000000E+00  1.054459973E+01 
       587  1.965000000E+02  0.000000000E+00  1.056159762E+01 
       588  1.967500000E+02  0.000000000E+00  1.057864462E+01 
       589  1.970000000E+02  0.000000000E+00  1.059567028E+01 
       590  1.972500000E+02  0.000000000E+00  1.061258698E+01 
       591  1.975000000E+02  0.000000000E+00  1.062928519E+01 
       592  1.977500000E+02  0.000000000E+00  1.064562704E+01 
       593  1.980000000E+02  0.000000000E+00  1.066143739E+01 
       594  1.982500000E+02  0.000000000E+00  1.067649115E+01 
       595  1.985000000E+02  0.000000000E+00  1.069049428E+01 
       596  1.987500000E+02  0.000000000E+00  1.070305420E+01 
       597  1.990000000E+02  0.000000000E+00  1.071362994E+01 
       598  1.992500000E+02  0.000000000E+00  1.072144074E+01 
       599  1.995000000E+02  0.000000000E+00  1.072527741E+01 
       600  1.997500000E+02  0.000000000E+00  1.072175220E+01 
       601  2.000000000E+02  0.000000000E+00  1.119424061E+01 
       602  2.001999988E+02  0.000000000E+00  1.151636949E+01 
       603  2.004032879E+02  0.000000000E+00  1.140126923E+01 
       604  2.006099214E+02  0.000000000E+00  1.129431128E+01 
       605  2.008199543E+02  0.000000000E+00  1.119449905E+01 
       606  2.010334426E+02  0.000000000E+00  1.110140063E+01 
       607  2.012504431E+02  0.000000000E+00  1.101460996E+01 
       608  2.014710137E+02  0.000000000E+00  1.093374490E+01 
       609  2.016952129E+02  0.000000000E+00  1.085844565E+01 
       610  2.019231006E+02  0.000000000E+00  1.078837312E+01 
       611  2.021547374E+02  0.000000000E+00  1.072320759E+01 
       612  2.023901849E+02  0.000000000E+00  1.066264741E+01 
       613  2.026295060E+02  0.000000000E+00  1.060640797E+01 
       614  2.028727642E+02  0.000000000E+00  1.055422034E+01 
       615  2.031200245E+02  0.000000000E+00  1.050445099E+01 
       616  2.033713525E+02  0.000000000E+00  1.045699743E+01 
       617  2.036268153E+02  0.000000000E+00  1.043577924E+01 
       618  2.038864808E+02  0.000000000E+00  1.041710311E+01 
       619  2.041504183E+02  0.000000000E+00  1.037643816E+01 
       620  2.044186979E+02  0.000000000E+00  1.033926735E+01 
       621  2.046913911E+02  0.000000000E+00  1.030640415E+01 
       622  2.049685706E+02  0.000000000E+00  1.027616945E+01 
       623  2.052503101E+02  0.000000000E+00  1.024838703E+01 
       624  2.055366847E+02  0.000000000E+00  1.022289103E+01 
       625  2.058277705E+02  0.000000000E+00  1.019952539E+01 
       626  2.061236452E+02  0.000000000E+00  1.017814318E+01 
       627  2.064243875E+02  0.000000000E+00  1.015860631E+01 
       628  2.067300774E+02  0.000000000E+00  1.014078504E+01 
       629  2.070407965E+02  0.000000000E+00  1.012455747E+01 
       630  2.073566273E+02  0.000000000E+00  1.010980909E+01 
       631  2.076776540E+02  0.000000000E+00  1.009643241E+01 
       632  2.080039622E+02  0.000000000E+00  1.008432646E+01 
       633  2.083356386E+02  0.000000000E+00  1.007339645E+01 
       634  2.086727716E+02  0.000000000E+00  1.006355336E+01 
       635  2.090154510E+02  0.000000000E+00  1.005471357E+01 
       636  2.093637679E+02  0.000000000E+00  1.004679855E+01 
       637  2.097178153E+02  0.000000000E+00  1.003973449E+01 
       638  2.100776872E+02  0.000000000E+00  1.003345204E+01 
       639  2.104434797E+02  0.000000000E+00  1.002788602E+01 
       640  2.108152899E+02  0.000000000E+00  1.002297517E+01 
       641  2.111932170E+02  0.000000000E+00  1.001866189E+01 
       642  2.115773617E+02  0.000000000E+00  1.001489208E+01 
       643  2.119678260E+02  0.000000000E+00  1.001161496E+01 
       644  2.123647142E+02  0.000000000E+00  1.000878284E+01 
       645  2.127681317E+02  0.000000000E+00  1.000635107E+01 
       646  2.131781861E+02  0.000000000E+00  1.000427788E+01 
       647  2.135949866E+02  0.000000000E+00  1.000252426E+01 
       648  2.140186441E+02  0.000000000E+00  1.000105391E+01 
       649  2.144492713E+02  0.000000000E+00  9.999833150E+00 
       650  2.148869831E+02  0.000000000E+00  9.998830845E+00 
       651  2.153318959E+02  0.000000000E+00  9.998018358E+00 
       652  2.157841282E+02  0.000000000E+00  9.997369481E+00 
       653  2.162438005E+02  0.000000000E+00  9.996860383E+00 
       654  2.167110350E+02  0.000000000E+00  9.996469537E+00 
       655  2.171859563E+02  0.000000000E+00  9.996177659E+00 
       656  2.176686908E+02  0.000000000E+00  9.995967621E+00 
       657  2.181593671E+02  0.000000000E+00  9.995824366E+00 
       658  2.186581157E+02  0.000000000E+00  9.995734805E+00 
       659  2.191650695E+02  0.000000000E+00  9.995687701E+00 
       660  2.196803635E+02  0.000000000E+00  9.995673553E+00 
       661  2.202041348E+02  0.000000000E+00  9.995684464E+00 
       662  2.207365230E+02  0.000000000E+00  9.995713992E+00 
       663  2.212776699E+02  0.000000000E+00  9.995757002E+00 
       664  2.218277194E+02  0.000000000E+00  9.995809516E+00 
       665  2.223868182E+02  0.000000000E+00  9.995868564E+00 
       666  2.229551149E+02  0.000000000E+00  9.995932033E+00 
       667  2.235327610E+02  0.000000000E+00  9.995998527E+00 
       668  2.241199103E+02  0.000000000E+00  9.996067227E+00 
       669  2.247167191E+02  0.000000000E+00  9.996137768E+00 
       670  2.253233464E+02  0.000000000E+00  9.996210128E+00 
       671  2.259399536E+02  0.000000000E+00  9.996284530E+00 
       672  2.265667050E+02  0.000000000E+00  9.996361352E+00 
       673  2.272037674E+02  0.000000000E+00  9.996441066E+00 
       674  2.278513104E+02  0.000000000E+00  9.996524176E+00 
       675  2.285095066E+02  0.000000000E+00  9.996611178E+00 
       676  2.291785311E+02  0.000000000E+00  9.996702530E+00 
       677  2.298585621E+02  0.000000000E+00  9.996798632E+00 
       678  2.305497807E+02  0.000000000E+00  9.996899818E+00 
       679  2.312523708E+02  0.000000000E+00  9.997006347E+00 
       680  2.319665197E+02  0.000000000E+00  9.997118408E+00 
       681  2.326924175E+02  0.000000000E+00  9.997236124E+00 
       682  2.334302574E+02  0.000000000E+00  9.997359559E+00 
       683  2.341802359E+02  0.000000000E+00  9.997488729E+00 
       684  2.349425527E+02  0.000000000E+00  9.997623608E+00 
       685  2.357174108E+02  0.000000000E+00  9.997764143E+00 
       686  2.365050165E+02  0.000000000E+00  9.997910256E+00 
       687  2.373055796E+02  0.000000000E+00  9.998061863E+00 
       688  2.381193132E+02  0.000000000E+00  9.998218877E+00 
       689  2.389464340E+02  0.000000000E+00  9.998381220E+00 
       690  2.397871622E+02  0.000000000E+00  9.998548838E+00 
       691  2.406417216E+02  0.000000000E+00  9.998721712E+00 
       692  2.415103399E+02  0.000000000E+00  9.998899871E+00 
       693  2.423932484E+02  0.000000000E+00  9.999083413E+00 
       694  2.432906820E+02  0.000000000E+00  9.999272513E+00 
       695  2.442028798E+02  0.000000000E+00  9.999467437E+00 
       696  2.451300847E+02  0.000000000E+00  9.999668543E+00 
       697  2.460725436E+02  0.000000000E+00  9.999876259E+00 
       698  2.470305073E+02  0.000000000E+00  1.000009103E+01 
       699  2.480042311E+02  0.000000000E+00  1.000031320E+01 
       700  2.489939742E+02  0.000000000E+00  1.000054289E+01 
       701  2.500000000E+02  0.000000000E+00  1.000077982E+01 
       702  2.510060258E+02  0.000000000E+00  1.000101864E+01 
       703  2.519957689E+02  0.000000000E+00  1.000125388E+01 
       704  2.529694927E+02  0.000000000E+00  1.000148509E+01 
       705  2.539274564E+02  0.000000000E+00  1.000171221E+01 
       706  2.548699153E+02  0.000000000E+00  1.000193542E+01 
       707  2.557971202E+02  0.000000000E+00  1.000215498E+01 
       708  2.567093180E+02  0.000000000E+00  1.000237119E+01 
       709  2.576067516E+02  0.000000000E+00  1.000258433E+01 
       710  2.584896601E+02  0.000000000E+00  1.000279464E+01 
       711  2.593582784E+02  0.000000000E+00  1.000300232E+01 
       712  2.602128379E+02  0.000000000E+00  1.000320757E+01 
       713  2.610535660E+02  0.000000000E+00  1.000341058E+01 
       714  2.618806868E+02  0.000000000E+00  1.000361154E+01 
       715  2.626944204E+02  0.000000000E+00  1.000381066E+01 
       716  2.634949835E+02  0.000000000E+00  1.000400817E+01 
       717  2.642825892E+02  0.000000000E+00  1.000420431E+01 
       718  2.650574473E+02  0.000000000E+00  1.000439934E+01 
       719  2.658197641E+02  0.000000000E+00  1.000459355E+01 
       720  2.665697426E+02  0.000000000E+00  1.000478720E+01 
       721  2.673075825E+02  0.000000000E+00  1.000498056E+01 
       722  2.680334803E+02  0.000000000E+00  1.000517384E+01 
       723  2.687476292E+02  0.000000000E+00  1.000536721E+01 
       724  2.694502193E+02  0.000000000E+00  1.000556076E+01 
       725  2.701414379E+02  0.000000000E+00  1.000575442E+01 
       726  2.708214689E+02  0.000000000E+00  1.000594797E+01 
       727  2.714904934E+02  0.000000000E+00  1.000614097E+01 
       728  2.721486896E+02  0.000000000E+00  1.000633271E+01 
       729  2.727962326E+02  0.000000000E+00  1.000652213E+01 
       730  2.734332950E+02  0.000000000E+00  1.000670781E+01 
       731  2.740600464E+02  0.000000000E+00  1.000688784E+01 
       732  2.746766536E+02  0.000000000E+00  1.000705979E+01 
       733  2.752832808E+02  0.000000000E+00  1.000722064E+01 
       734  2.758800897E+02  0.000000000E+00  1.000736669E+01 
       735  2.764672390E+02  0.000000000E+00  1.000749354E+01 
       736  2.770448851E+02  0.000000000E+00  1.000759598E+01 
       737  2.776131818E+02  0.000000000E+00  1.000766795E+01 
       738  2.781722806E+02  0.000000000E+00  1.000770251E+01 
       739  2.787223301E+02  0.000000000E+00  1.000769178E+01 
       740  2.792634769E+02  0.000000000E+00  1.000762690E+01 
       741  2.797958652E+02  0.000000000E+00  1.000749795E+01 
       742  2.803196365E+02  0.000000000E+00  1.000729402E+01 
       743  2.808349305E+02  0.000000000E+00  1.000700309E+01 
       744  2.813418843E+02  0.000000000E+00  1.000661207E+01 
       745  2.818406329E+02  0.000000000E+00  1.000610676E+01 
       746  2.823313092E+02  0.000000000E+00  1.000547180E+01 
       747  2.828140437E+02  0.000000000E+00  1.000469071E+01 
       748  2.832889650E+02  0.000000000E+00  1.000374578E+01 
       749  2.837561995E+02  0.000000000E+00  1.000261810E+01 
       750  2.842158718E+02  0.000000000E+00  1.000128750E+01 
       751  2.846681041E+02  0.000000000E+00  9.999732484E+00 
       752  2.851130169E+02  0.000000000E+00  9.997930193E+00 
       753  2.855507287E+02  0.000000000E+00  9.995856309E+00 
       754  2.859813560E+02  0.000000000E+00  9.993484980E+00 
       755  2.864050134E+02  0.000000000E+00  9.990788725E+00 
       756  2.868218139E+02  0.000000000E+00  9.987738318E+00 
       757  2.872318683E+02  0.000000000E+00  9.984302666E+00 
       758  2.876352858E+02  0.000000000E+00  9.980448671E+00 
       759  2.880321740E+02  0.000000000E+00  9.976141089E+00 
       760  2.884226383E+02  0.000000000E+00  9.971342363E+00 
       761  2.888067830E+02  0.000000000E+00  9.966012465E+00 
       762  2.891847101E+02  0.000000000E+00  9.960108715E+00 
       763  2.895565204E+02  0.000000000E+00  9.953585607E+00 
       764  2.899223128E+02  0.000000000E+00  9.946394620E+00 
       765  2.902821847E+02  0.000000000E+00  9.938484036E+00 
       766  2.906362321E+02  0.000000000E+00  9.929798759E+00 
       767  2.909845490E+02  0.000000000E+00  9.920280128E+00 
       768  2.913272284E+02  0.000000000E+00  9.909865752E+00 
       769  2.916643614E+02  0.000000000E+00  9.898489340E+00 
       770  2.919960378E+02  0.000000000E+00  9.886080556E+00 
       771  2.923223460E+02  0.000000000E+00  9.872564878E+00 
       772  2.926433727E+02  0.000000000E+00  9.857863490E+00 
       773  2.929592035E+02  0.000000000E+00  9.841893182E+00 
       774  2.932699226E+02  0.000000000E+00  9.824566291E+00 
       775  2.935756125E+02  0.000000000E+00  9.805790661E+00 
       776  2.938763548E+02  0.000000000E+00  9.785469641E+00 
       777  2.941722295E+02  0.000000000E+00  9.763502122E+00 
       778  2.944633153E+02  0.000000000E+00  9.739782612E+00 
       779  2.947496899E+02  0.000000000E+00  9.714201352E+00 
       780  2.950314294E+02  0.000000000E+00  9.686644490E+00 
       781  2.953086088E+02  0.000000000E+00  9.656994291E+00 
       782  2.955813021E+02  0.000000000E+00  9.625129410E+00 
       783  2.958495817E+02  0.000000000E+00  9.590925219E+00 
       784  2.961135192E+02  0.000000000E+00  9.554254191E+00 
       785  2.963731847E+02  0.000000000E+00  9.514986335E+00 
       786  2.966286475E+02  0.000000000E+00  9.472989706E+00 
       787  2.968799755E+02  0.000000000E+00  9.428130965E+00 
       788  2.971272358E+02  0.000000000E+00  9.380275997E+00 
       789  2.973704940E+02  0.000000000E+00  9.329290600E+00 
       790  2.976098151E+02  0.000000000E+00  9.275041214E+00 
       791  2.978452626E+02  0.000000000E+00  9.217395718E+00 
       792  2.980768994E+02  0.000000000E+00  9.156224272E+00 
       793  2.983047871E+02  0.000000000E+00  9.091400183E+00 
       794  2.985289863E+02  0.000000000E+00  9.022800907E+00 
       795  2.987495568E+02  0.000000000E+00  9.097853679E+00 
       796  2.989665574E+02  0.000000000E+00  9.178095442E+00 
       797  2.991800457E+02  0.000000000E+00  9.121085620E+00 
       798  2.993900786E+02  0.000000000E+00  9.061110385E+00 
       799  2.995967121E+02  0.000000000E+00  8.998100881E+00 
       800  2.998000012E+02  0.000000000E+00  8.931653272E+00 
       801  3.000000000E+02  0.000000000E+00  9.080730386E+00 
       802  3.002500000E+02  0.000000000E+00  9.306682964E+00 
       803  3.005000000E+02  0.000000000E+00  9.305336981E+00 
       804  3.007500000E+02  0.000000000E+00  9.310155697E+00 
       805  3.010000000E+02  0.000000000E+00  9.318352801E+00 
       806  3.012500000E+02  0.000000000E+00  9.328914850E+00 
       807  3.015000000E+02  0.000000000E+00  9.341181569E+00 
       808  3.017500000E+02  0.000000000E+00  9.354692313E+00 
       809  3.020000000E+02  0.000000000E+00  9.369110776E+00 
       810  3.022500000E+02  0.000000000E+00  9.384183736E+00 
       811  3.025000000E+02  0.000000000E+00  9.399716323E+00 
       812  3.027500000E+02  0.000000000E+00  9.415556164E+00 
       813  3.030000000E+02  0.000000000E+00  9.431582680E+00 
       814  3.032500000E+02  0.000000000E+00  9.447699560E+00 
       815  3.035000000E+02  0.000000000E+00  9.463829330E+00 
       816  3.037500000E+02  0.000000000E+00  9.479909307E+00 
       817  3.040000000E+02  0.000000000E+00  9.495888555E+00 
       818  3.042500000E+02  0.000000000E+00  9.511725536E+00 
       819  3.045000000E+02  0.000000000E+00  9.527386291E+00 
       820  3.047500000E+02  0.000000000E+00  9.542843011E+00 
       821  3.050000000E+02  0.000000000E+00  9.558072903E+00 
       822  3.052500000E+02  0.000000000E+00  9.573057286E+00 
       823  3.055000000E+02  0.000000000E+00  9.587780869E+00 
       824  3.057500000E+02  0.000000000E+00  9.602231168E+00 
       825  3.060000000E+02  0.000000000E+00  9.616398037E+00 
       826  3.062500000E+02  0.000000000E+00  9.630273286E+00 
       827  3.065000000E+02  0.000000000E+00  9.643850371E+00 
       828  3.067500000E+02  0.000000000E+00  9.657124145E+00 
       829  3.070000000E+02  0.000000000E+00  9.670090651E+00 
       830  3.072500000E+02  0.000000000E+00  9.682746958E+00 
       831  3.075000000E+02  0.000000000E+00  9.695091021E+00 
       832  3.077500000E+02  0.000000000E+00  9.707121574E+00 
       833  3.080000000E+02  0.000000000E+00  9.718838034E+00 
       834  3.082500000E+02  0.000000000E+00  9.730240431E+00 
       835  3.085000000E+02  0.000000000E+00  9.741329340E+00 
       836  3.087500000E+02  0.000000000E+00  9.752105834E+00 
       837  3.090000000E+02  0.000000000E+00  9.762571439E+00 
       838  3.092500000E+02  0.000000000E+00  9.772728097E+00 
       839  3.095000000E+02  0.000000000E+00  9.782578135E+00 
       840  3.097500000E+02  0.000000000E+00  9.792124238E+00 
       841  3.100000000E+02  0.000000000E+00  9.801369425E+00 
       842  3.102500000E+02  0.000000000E+00  9.810317024E+00 
       843  3.105000000E+02  0.000000000E+00  9.818970659E+00 
       844  3.107500000E+02  0.000000000E+00  9.827334225E+00 
       845  3.110000000E+02  0.000000000E+00  9.835411872E+00 
       846  3.112500000E+02  0.000000000E+00  9.843207990E+00 
       847  3.115000000E+02  0.000000000E+00  9.850727192E+00 
       848  3.117500000E+02  0.000000000E+00  9.857974297E+00 
       849  3.120000000E+02  0.000000000E+00  9.864954314E+00 
       850  3.122500000E+02  0.000000000E+00  9.871672427E+00 
       851  3.125000000E+02  0.000000000E+00  9.878133981E+00 
       852  3.127500000E+02  0.000000000E+00  9.884344462E+00 
       853  3.130000000E+02  0.000000000E+00  9.890309486E+00 
       854  3.132500000E+02  0.000000000E+00  9.896034782E+00 
       855  3.135000000E+02  0.000000000E+00  9.901526178E+00 
       856  3.137500000E+02  0.000000000E+00  9.906789581E+00 
       857  3.140000000E+02  0.000000000E+00  9.911830971E+00 
       858  3.142500000E+02  0.000000000E+00  9.916656379E+00 
       859  3.145000000E+02  0.000000000E+00  9.921271874E+00 
       860  3.147500000E+02  0.000000000E+00  9.925683554E+00 
       861  3.150000000E+02  0.000000000E+00  9.929897525E+00 
       862  3.152500000E+02  0.000000000E+00  9.933919896E+00 
       863  3.155000000E+02  0.000000000E+00  9.937756759E+00 
       864  3.157500000E+02  0.000000000E+00  9.941414182E+00 
       865  3.160000000E+02  0.000000000E+00  9.944898195E+00 
       866  3.162500000E+02  0.000000000E+00  9.948214783E+00 
       867  3.165000000E+02  0.000000000E+00  9.951369868E+00 
       868  3.167500000E+02  0.000000000E+00  9.954369307E+00 
       869  3.170000000E+02  0.000000000E+00  9.957218879E+00 
       870  3.172500000E+02  0.000000000E+00  9.959924279E+00 
       871  3.175000000E+02  0.000000000E+00  9.962491106E+00 
       872  3.177500000E+02  0.000000000E+00  9.964924861E+00 
       873  3.180000000E+02  0.000000000E+00  9.967230937E+00 
       874  3.182500000E+02  0.000000000E+00  9.969414615E+00 
       875  3.185000000E+02  0.000000000E+00  9.971481058E+00 
       876  3.187500000E+02  0.000000000E+00  9.973435305E+00 
       877  3.190000000E+02  0.000000000E+00  9.975282273E+00 
       878  3.192500000E+02  0.000000000E+00  9.977026744E+00 
       879  3.195000000E+02  0.000000000E+00  9.978673372E+00 
       880  3.197500000E+02  0.000000000E+00  9.980226673E+00 
       881  3.200000000E+02  0.000000000E+00  9.981691030E+00 
       882  3.202500000E+02  0.000000000E+00  9.983070684E+00 
       883  3.205000000E+02  0.000000000E+00  9.984369741E+00 
       884  3.207500000E+02  0.000000000E+00  9.985592169E+00 
       885  3.210000000E+02  0.000000000E+00  9.986741794E+00 
       886  3.212500000E+02  0.000000000E+00  9.987822308E+00 
       887  3.215000000E+02  0.000000000E+00  9.988837263E+00 
       888  3.217500000E+02  0.000000000E+00  9.989790078E+00 
       889  3.220000000E+02  0.000000000E+00  9.990684036E+00 
       890  3.222500000E+02  0.000000000E+00  9.991522288E+00 
       891  3.225000000E+02  0.000000000E+00  9.992307855E+00 
       892  3.227500000E+02  0.000000000E+00  9.993043631E+00 
       893  3.230000000E+02  0.000000000E+00  9.993732384E+00 
       894  3.232500000E+02  0.000000000E+00  9.994376760E+00 
       895  3.235000000E+02  0.000000000E+00  9.994979285E+00 
       896  3.237500000E+02  0.000000000E+00  9.995542369E+00 
       897  3.240000000E+02  0.000000000E+00  9.996068309E+00 
       898  3.242500000E+02  0.000000000E+00  9.996559291E+00 
       899  3.245000000E+02  0.000000000E+00  9.997017395E+00 
       900  3.247500000E+02  0.000000000E+00  9.997444598E+00 
       901  3.250000000E+02  0.000000000E+00  9.997842777E+00 
       902  3.252500000E+02  0.000000000E+00  9.998213712E+00 
       903  3.255000000E+02  0.000000000E+00  9.998559090E+00 
       904  3.257500000E+02  0.000000000E+00  9.998880511E+00 
       905  3.260000000E+02  0.000000000E+00  9.999179486E+00 
       906  3.262500000E+02  0.000000000E+00  9.999457446E+00 
       907  3.265000000E+02  0.000000000E+00  9.999715740E+00 
       908  3.267500000E+02  0.000000000E+00  9.999955644E+00 
       909  3.270000000E+02  0.000000000E+00  1.000017836E+01 
       910  3.272500000E+02  0.000000000E+00  1.000038502E+01 
       911  3.275000000E+02  0.000000000E+00  1.000057670E+01 
       912  3.277500000E+02  0.000000000E+00  1.000075439E+01 
       913  3.280000000E+02  0.000000000E+00  1.000091905E+01 
       914  3.282500000E+02  0.000000000E+00  1.000107156E+01 
       915  3.285000000E+02  0.000000000E+00  1.000121275E+01 
       916  3.287500000E+02  0.000000000E+00  1.000134340E+01 
       917  3.290000000E+02  0.000000000E+00  1.000146425E+01 
       918  3.292500000E+02  0.000000000E+00  1.000157599E+01 
       919  3.295000000E+02  0.000000000E+00  1.000167926E+01 
       920  3.297500000E+02  0.000000000E+00  1.000177466E+01 
       921  3.300000000E+02  0.000000000E+00  1.000186275E+01 
       922  3.302500000E+02  0.000000000E+00  1.000194406E+01 
       923  3.305000000E+02  0.000000000E+00  1.000201908E+01 
       924  3.307500000E+02  0.000000000E+00  1.000208827E+01 
       925  3.310000000E+02  0.000000000E+00  1.000215205E+01 
       926  3.312500000E+02  0.000000000E+00  1.000221084E+01 
       927  3.315000000E+02  0.000000000E+00  1.000226499E+01 
       928  3.317500000E+02  0.000000000E+00  1.000231485E+01 
       929  3.320000000E+02  0.000000000E+00  1.000236075E+01 
       930  3.322500000E+02  0.000000000E+00  1.000240299E+01 
       931  3.325000000E+02  0.000000000E+00  1.000244183E+01 
       932  3.327500000E+02  0.000000000E+00  1.000247755E+01 
       933  3.330000000E+02  0.000000000E+00  1.000251038E+01 
       934  3.332500000E+02  0.000000000E+00  1.000254055E+01 
       935  3.335000000E+02  0.000000000E+00  1.000256825E+01 
       936  3.337500000E+02  0.000000000E+00  1.000259369E+01 
       937  3.340000000E+02  0.000000000E+00  1.000261704E+01 
       938  3.342500000E+02  0.000000000E+00  1.000263847E+01 
       939  3.345000000E+02  0.000000000E+00  1.000265812E+01 
       940  3.347500000E+02  0.000000000E+00  1.000267613E+01 
       941  3.350000000E+02  0.000000000E+00  1.000269265E+01 
       942  3.352500000E+02  0.000000000E+00  1.000270779E+01 
       943  3.355000000E+02  0.000000000E+00  1.000272165E+01 
       944  3.357500000E+02  0.000000000E+00  1.000273435E+01 
       945  3.360000000E+02  0.000000000E+00  1.000274597E+01 
       946  3.362500000E+02  0.000000000E+00  1.000275661E+01 
       947  3.365000000E+02  0.000000000E+00  1.000276634E+01 
       948  3.367500000E+02  0.000000000E+00  1.000277524E+01 
       949  3.370000000E+02  0.000000000E+00  1.000278338E+01 
       950  3.372500000E+02  0.000000000E+00  1.000279082E+01 
       951  3.375000000E+02  0.000000000E+00  1.000279762E+01 
       952  3.377500000E+02  0.000000000E+00  1.000280383E+01 
       953  3.380000000E+02  0.000000000E+00  1.000280950E+01 
       954  3.382500000E+02  0.000000000E+00  1.000281468E+01 
       955  3.385000000E+02  0.000000000E+00  1.000281941E+01 
       956  3.387500000E+02  0.000000000E+00  1.000282372E+01 
       957  3.390000000E+02  0.000000000E+00  1.000282766E+01 
       958  3.392500000E+02  0.000000000E+00  1.000283125E+01 
       959  3.395000000E+02  0.000000000E+00  1.000283452E+01 
       960  3.397500000E+02  0.000000000E+00  1.000283750E+01 
       961  3.400000000E+02  0.000000000E+00  1.000284022E+01 
       962  3.402500000E+02  0.000000000E+00  1.000284270E+01 
       963  3.405000000E+02  0.000000000E+00  1.000284496E+01 
       964  3.407500000E+02  0.000000000E+00  1.000284701E+01 
       965  3.410000000E+02  0.000000000E+00  1.000284888E+01 
       966  3.412500000E+02  0.000000000E+00  1.000285058E+01 
       967  3.415000000E+02  0.000000000E+00  1.000285213E+01 
       968  3.417500000E+02  0.000000000E+00  1.000285354E+01 
       969  3.420000000E+02  0.000000000E+00  1.000285482E+01 
       970  3.422500000E+02  0.000000000E+00  1.000285599E+01 
       971  3.425000000E+02  0.000000000E+00  1.000285705E+01 
       972  3.427500000E+02  0.000000000E+00  1.000285801E+01 
       973  3.430000000E+02  0.000000000E+00  1.000285888E+01 
       974  3.432500000E+02  0.000000000E+00  1.000285967E+01 
       975  3.435000000E+02  0.000000000E+00  1.000286039E+01 
       976  3.437500000E+02  0.000000000E+00  1.000286105E+01 
       977  3.440000000E+02  0.000000000E+00  1.000286164E+01 
       978  3.442500000E+02  0.000000000E+00  1.000286217E+01 
       979  3.445000000E+02  0.000000000E+00  1.000286266E+01 
       980  3.447500000E+02  0.000000000E+00  1.000286310E+01 
       981  3.450000000E+02  0.000000000E+00  1.000286350E+01 
       982  3.452500000E+02  0.000000000E+00  1.000286386E+01 
       983  3.455000000E+02  0.000000000E+00  1.000286418E+01 
       984  3.457500000E+02  0.000000000E+00  1.000286447E+01 
       985  3.460000000E+02  0.000000000E+00  1.000286473E+01 
       986  3.462500000E+02  0.000000000E+00  1.000286497E+01 
       987  3.465000000E+02  0.000000000E+00  1.000286518E+01 
       988  3.467500000E+02  0.000000000E+00  1.000286537E+01 
       989  3.470000000E+02  0.000000000E+00  1.000286554E+01 
       990  3.472500000E+02  0.000000000E+00  1.000286569E+01 
       991  3.475000000E+02  0.000000000E+00  1.000286582E+01 
       992  3.477500000E+02  0.000000000E+00  1.000286594E+01 
       993  3.480000000E+02  0.000000000E+00  1.000286603E+01 
       994  3.482500000E+02  0.000000000E+00  1.000286612E+01 
       995  3.485000000E+02  0.000000000E+00  1.000286619E+01 
       996  3.487500000E+02  0.000000000E+00  1.000286625E+01 
       997  3.490000000E+02  0.000000000E+00  1.000286630E+01 
       998  3.492500000E+02  0.000000000E+00  1.000286633E+01 
       999  3.495000000E+02  0.000000000E+00  1.000286635E+01 
      1000  3.497500000E+02  0.000000000E+00  1.000286637E+01 
      1001  3.500000000E+02  0.000000000E+00  1.000286637E+01 
      1002  3.502500000E+02  0.000000000E+00  1.000286636E+01 
      1003  3.505000000E+02  0.000000000E+00  1.000286634E+01 
      1004  3.507500000E+02  0.000000000E+00  1.000286630E+01 
      1005  3.510000000E+02  0.000000000E+00  1.000286626E+01 
      1006  3.512500000E+02  0.000000000E+00  1.000286620E+01 
      1007  3.515000000E+02  0.000000000E+00  1.000286613E+01 
      1008  3.517500000E+02  0.000000000E+00  1.000286604E+01 
      1009  3.520000000E+02  0.000000000E+00  1.000286595E+01 
      1010  3.522500000E+02  0.000000000E+00  1.000286583E+01 
      1011  3.525000000E+02  0.000000000E+00  1.000286570E+01 
      1012  3.527500000E+02  0.000000000E+00  1.000286556E+01 
      1013  3.530000000E+02  0.000000000E+00  1.000286539E+01 
      1014  3.532500000E+02  0.000000000E+00  1.000286520E+01 
      1015  3.535000000E+02  0.000000000E+00  1.000286499E+01 
      1016  3.537500000E+02  0.000000000E+00  1.000286476E+01 
      1017  3.540000000E+02  0.000000000E+00  1.000286450E+01 
      1018  3.542500000E+02  0.000000000E+00  1.000286421E+01 
      1019  3.545000000E+02  0.000000000E+00  1.000286388E+01 
      1020  3.547500000E+02  0.000000000E+00  1.000286353E+01 
      1021  3.550000000E+02  0.000000000E+00  1.000286313E+01 
      1022  3.552500000E+02  0.000000000E+00  1.000286269E+01 
      1023  3.555000000E+02  0.000000000E+00  1.000286221E+01 
      1024  3.557500000E+02  0.000000000E+00  1.000286167E+01 
      1025  3.560000000E+02  0.000000000E+00  1.000286108E+01 
      1026  3.562500000E+02  0.000000000E+00  1.000286043E+01 
      1027  3.565000000E+02  0.000000000E+00  1.000285971E+01 
      1028  3.567500000E+02  0.000000000E+00  1.000285892E+01 
      1029  3.570000000E+02  0.000000000E+00  1.000285804E+01 
      1030  3.572500000E+02  0.000000000E+00  1.000285708E+01 
      1031  3.575000000E+02  0.000000000E+00  1.000285602E+01 
      1032  3.577500000E+02  0.000000000E+00  1.000285485E+01 
      1033  3.580000000E+02  0.000000000E+00  1.000285357E+01 
      1034  3.582500000E+02  0.000000000E+00  1.000285216E+01 
      1035  3.585000000E+02  0.000000000E+00  1.000285060E+01 
      1036  3.587500000E+02  0.000000000E+00  1.000284889E+01 
      1037  3.590000000E+02  0.000000000E+00  1.000284701E+01 
      1038  3.592500000E+02  0.000000000E+00  1.000284495E+01 
      1039  3.595000000E+02  0.000000000E+00  1.000284268E+01 
      1040  3.597500000E+02  0.000000000E+00  1.000284019E+01 
      1041  3.600000000E+02  0.000000000E+00  1.000283745E+01 
      1042  3.602500000E+02  0.000000000E+00  1.000283444E+01 
      1043  3.605000000E+02  0.000000000E+00  1.000283114E+01 
      1044  3.607500000E+02  0.000000000E+00  1.000282752E+01 
      1045  3.610000000E+02  0.000000000E+00  1.000282355E+01 
      1046  3.612500000E+02  0.000000000E+00  1.000281919E+01 
      1047  3.615000000E+02  0.000000000E+00  1.000281441E+01 
      1048  3.617500000E+02  0.000000000E+00  1.000280918E+01 
      1049  3.620000000E+02  0.000000000E+00  1.000280344E+01 
      1050  3.622500000E+02  0.000000000E+00  1.000279715E+01 
      1051  3.625000000E+02  0.000000000E+00  1.000279026E+01 
      1052  3.627500000E+02  0.000000000E+00  1.000278272E+01 
      1053  3.630000000E+02  0.000000000E+00  1.000277446E+01 
      1054  3.632500000E+02  0.000000000E+00  1.000276543E+01 
      1055  3.635000000E+02  0.000000000E+00  1.000275554E+01 
      1056  3.637500000E+02  0.000000000E+00  1.000274473E+01 
      1057  3.640000000E+02  0.000000000E+00  1.000273291E+01 
      1058  3.642500000E+02  0.000000000E+00  1.000271998E+01 
      1059  3.645000000E+02  0.000000000E+00  1.000270586E+01 
      1060  3.647500000E+02  0.000000000E+00  1.000269043E+01 
      1061  3.650000000E+02  0.000000000E+00  1.000267358E+01 
      1062  3.652500000E+02  0.000000000E+00  1.000265519E+01 
      1063  3.655000000E+02  0.000000000E+00  1.000263511E+01 
      1064  3.657500000E+02  0.000000000E+00  1.000261321E+01 
      1065  3.660000000E+02  0.000000000E+00  1.000258932E+01 
      1066  3.662500000E+02  0.000000000E+00  1.000256327E+01 
      1067  3.665000000E+02  0.000000000E+00  1.000253487E+01 
      1068  3.667500000E+02  0.000000000E+00  1.000250394E+01 
      1069  3.670000000E+02  0.000000000E+00  1.000247024E+01 
      1070  3.672500000E+02  0.000000000E+00  1.000243354E+01 
      1071  3.675000000E+02  0.000000000E+00  1.000239360E+01 
      1072  3.677500000E+02  0.000000000E+00  1.000235015E+01 
      1073  3.680000000E+02  0.000000000E+00  1.000230288E+01 
      1074  3.682500000E+02  0.000000000E+00  1.000225148E+01 
      1075  3.685000000E+02  0.000000000E+00  1.000219562E+01 
      1076  3.687500000E+02  0.000000000E+00  1.000213493E+01 
      1077  3.690000000E+02  0.000000000E+00  1.000206901E+01 
      1078  3.692500000E+02  0.000000000E+00  1.000199744E+01 
      1079  3.695000000E+02  0.000000000E+00  1.000191977E+01 
      1080  3.697500000E+02  0.000000000E+00  1.000183551E+01 
      1081  3.700000000E+02  0.000000000E+00  1.000174415E+01 
      1082  3.702500000E+02  0.000000000E+00  1.000164511E+01 
      1083  3.705000000E+02  0.000000000E+00  1.000153780E+01 
      1084  3.707500000E+02  0.000000000E+00  1.000142157E+01 
      1085  3.710000000E+02  0.000000000E+00  1.000129574E+01 
      1086  3.712500000E+02  0.000000000E+00  1.000115957E+01 
      1087  3.715000000E+02  0.000000000E+00  1.000101227E+01 
      1088  3.717500000E+02  0.000000000E+00  1.000085301E+01 
      1089  3.720000000E+02  0.000000000E+00  1.000068088E+01 
      1090  3.722500000E+02  0.000000000E+00  1.000049493E+01 
      1091  3.725000000E+02  0.000000000E+00  1.000029414E+01 
      1092  3.727500000E+02  0.000000000E+00  1.000007742E+01 
      1093  3.730000000E+02  0.000000000E+00  9.999843611E+00 
      1094  3.732500000E+02  0.000000000E+00  9.999591490E+00 
      1095  3.735000000E+02  0.000000000E+00  9.999319745E+00 
      1096  3.737500000E+02  0.000000000E+00  9.999026988E+00 
      1097  3.740000000E+02  0.000000000E+00  9.998711743E+00 
      1098  3.742500000E+02  0.000000000E+00  9.998372448E+00 
      1099  3.745000000E+02  0.000000000E+00  9.998007446E+00 
      1100  3.747500000E+02  0.000000000E+00  9.997614982E+00 
      1101  3.750000000E+02  0.000000000E+00  9.997193202E+00 
      1102  3.752500000E+02  0.000000000E+00  9.996740142E+00 
      1103  3.755000000E+02  0.000000000E+00  9.996253732E+00 
      1104  3.757500000E+02  0.000000000E+00  9.995731785E+00 
      1105  3.760000000E+02  0.000000000E+00  9.995171996E+00 
      1106  3.762500000E+02  0.000000000E+00  9.994571935E+00 
      1107  3.765000000E+02  0.000000000E+00  9.993929048E+00 
      1108  3.767500000E+02  0.000000000E+00  9.993240647E+00 
      1109  3.770000000E+02  0.000000000E+00  9.992503907E+00 
      1110  3.772500000E+02  0.000000000E+00  9.991715867E+00 
      1111  3.775000000E+02  0.000000000E+00  9.990873417E+00 
      1112  3.777500000E+02  0.000000000E+00  9.989973304E+00 
      1113  3.780000000E+02  0.000000000E+00  9.989012121E+00 
      1114  3.782500000E+02  0.000000000E+00  9.987986307E+00 
      1115  3.785000000E+02  0.000000000E+00  9.986892143E+00 
      1116  3.787500000E+02  0.000000000E+00  9.985725751E+00 
      1117  3.790000000E+02  0.000000000E+00  9.984483086E+00 
      1118  3.792500000E+02  0.000000000E+00  9.983159941E+00 
      1119  3.795000000E+02  0.000000000E+00  9.981751940E+00 
      1120  3.797500000E+02  0.000000000E+00  9.980254540E+00 
      1121  3.800000000E+02  0.000000000E+00  9.978663025E+00 
      1122  3.802500000E+02  0.000000000E+00  9.976972511E+00 
      1123  3.805000000E+02  0.000000000E+00  9.975177945E+00 
      1124  3.807500000E+02  0.000000000E+00  9.973274102E+00 
      1125  3.810000000E+02  0.000000000E+00  9.971255591E+00 
      1126  3.812500000E+02  0.000000000E+00  9.969116855E+00 
      1127  3.815000000E+02  0.000000000E+00  9.966852172E+00 
      1128  3.817500000E+02  0.000000000E+00  9.964455663E+00 
      1129  3.820000000E+02  0.000000000E+00  9.961921290E+00 
      1130  3.822500000E+02  0.000000000E+00  9.959242869E+00 
      1131  3.825000000E+02  0.000000000E+00  9.956414068E+00 
      1132  3.827500000E+02  0.000000000E+00  9.953428422E+00 
      1133  3.830000000E+02  0.000000000E+00  9.950279333E+00 
      1134  3.832500000E+02  0.000000000E+00  9.946960086E+00 
      1135  3.835000000E+02  0.000000000E+00  9.943463854E+00 
      1136  3.837500000E+02  0.000000000E+00  9.939783714E+00 
      1137  3.840000000E+02  0.000000000E+00  9.935912654E+00 
      1138  3.842500000E+02  0.000000000E+00  9.931843592E+00 
      1139  3.845000000E+02  0.000000000E+00  9.927569387E+00 
      1140  3.847500000E+02  0.000000000E+00  9.923082854E+00 
      1141  3.850000000E+02  0.000000000E+00  9.918376789E+00 
      1142  3.852500000E+02  0.000000000E+00  9.913443976E+00 
      1143  3.855000000E+02  0.000000000E+00  9.908277216E+00 
      1144  3.857500000E+02  0.000000000E+00  9.902869346E+00 
      1145  3.860000000E+02  0.000000000E+00  9.897213258E+00 
      1146  3.862500000E+02  0.000000000E+00  9.891301928E+00 
      1147  3.865000000E+02  0.000000000E+00  9.885128437E+00 
      1148  3.867500000E+02  0.000000000E+00  9.878686002E+00 
      1149  3.870000000E+02  0.000000000E+00  9.871967999E+00 
      1150  3.872500000E+02  0.000000000E+00  9.864967998E+00 
      1151  3.875000000E+02  0.000000000E+00  9.857679791E+00 
      1152  3.877500000E+02  0.000000000E+00  9.850097424E+00 
      1153  3.880000000E+02  0.000000000E+00  9.842215232E+00 
      1154  3.882500000E+02  0.000000000E+00  9.834027877E+00 
      1155  3.885000000E+02  0.000000000E+00  9.825530380E+00 
      1156  3.887500000E+02  0.000000000E+00  9.816718165E+00 
      1157  3.890000000E+02  0.000000000E+00  9.807587097E+00 
      1158  3.892500000E+02  0.000000000E+00  9.798133522E+00 
      1159  3.895000000E+02  0.000000000E+00  9.788354316E+00 
      1160  3.897500000E+02  0.000000000E+00  9.778246930E+00 
      1161  3.900000000E+02  0.000000000E+00  9.767809437E+00 
      1162  3.902500000E+02  0.000000000E+00  9.757040582E+00 
      1163  3.905000000E+02  0.000000000E+00  9.745939842E+00 
      1164  3.907500000E+02  0.000000000E+00  9.734507473E+00 
      1165  3.910000000E+02  0.000000000E+00  9.722744581E+00 
      1166  3.912500000E+02  0.000000000E+00  9.710653180E+00 
      1167  3.915000000E+02  0.000000000E+00  9.698236262E+00 
      1168  3.917500000E+02  0.000000000E+00  9.685497871E+00 
      1169  3.920000000E+02  0.000000000E+00  9.672443189E+00 
      1170  3.922500000E+02  0.000000000E+00  9.659078617E+00 
      1171  3.925000000E+02  0.000000000E+00  9.645411876E+00 
      1172  3.927500000E+02  0.000000000E+00  9.631452114E+00 
      1173  3.930000000E+02  0.000000000E+00  9.617210025E+00 
      1174  3.932500000E+02  0.000000000E+00  9.602697985E+00 
      1175  3.935000000E+02  0.000000000E+00  9.587930201E+00 
      1176  3.937500000E+02  0.000000000E+00  9.572922890E+00 
      1177  3.940000000E+02  0.000000000E+00  9.557694474E+00 
      1178  3.942500000E+02  0.000000000E+00  9.542265810E+00 
      1179  3.945000000E+02  0.000000000E+00  9.526660464E+00 
      1180  3.947500000E+02  0.000000000E+00  9.510905020E+00 
      1181  3.950000000E+02  0.000000000E+00  9.495029455E+00 
      1182  3.952500000E+02  0.000000000E+00  9.479067582E+00 
      1183  3.955000000E+02  0.000000000E+00  9.463057583E+00 
      1184  3.957500000E+02  0.000000000E+00  9.447042646E+00 
      1185  3.960000000E+02  0.000000000E+00  9.431071756E+00 
      1186  3.962500000E+02  0.000000000E+00  9.415200653E+00 
      1187  3.965000000E+02  0.000000000E+00  9.399493034E+00 
      1188  3.967500000E+02  0.000000000E+00  9.384022062E+00 
      1189  3.970000000E+02  0.000000000E+00  9.368872290E+00 
      1190  3.972500000E+02  0.000000000E+00  9.354142152E+00 
      1191  3.975000000E+02  0.000000000E+00  9.339947251E+00 
      1192  3.977500000E+02  0.000000000E+00  9.326424785E+00 
      1193  3.980000000E+02  0.000000000E+00  9.313739684E+00 
      1194  3.982500000E+02  0.000000000E+00  9.302093372E+00 
      1195  3.985000000E+02  0.000000000E+00  9.291736834E+00 
      1196  3.987500000E+02  0.000000000E+00  9.282991143E+00 
      1197  3.990000000E+02  0.000000000E+00  9.276282023E+00 
      1198  3.992500000E+02  0.000000000E+00  9.272203528E+00 
      1199  3.995000000E+02  0.000000000E+00  9.271649298E+00 
      1200  3.997500000E+02  0.000000000E+00  9.277046499E+00 
      1201  4.000000000E+02  0.000000000E+00  8.971338436E+00 
      1202  4.002000034E+02  0.000000000E+00  8.759427614E+00 
      1203  4.004016387E+02  0.000000000E+00  8.830692631E+00 
      1204  4.006049192E+02  0.000000000E+00  8.898633732E+00 
      1205  4.008098583E+02  0.000000000E+00  8.963587579E+00 
      1206  4.010164696E+02  0.000000000E+00  9.025630223E+00 
      1207  4.012247666E+02  0.000000000E+00  9.084841267E+00 
      1208  4.014347631E+02  0.000000000E+00  9.141303431E+00 
      1209  4.016464731E+02  0.000000000E+00  9.195101743E+00 
      1210  4.018599104E+02  0.000000000E+00  9.246322790E+00 
      1211  4.020750892E+02  0.000000000E+00  9.295054177E+00 
      1212  4.022920237E+02  0.000000000E+00  9.341383887E+00 
      1213  4.025107282E+02  0.000000000E+00  9.389076377E+00 
      1214  4.027312172E+02  0.000000000E+00  9.434327792E+00 
      1215  4.029535052E+02  0.000000000E+00  9.473501309E+00 
      1216  4.031776069E+02  0.000000000E+00  9.510650804E+00 
      1217  4.034035370E+02  0.000000000E+00  9.545860206E+00 
      1218  4.036313106E+02  0.000000000E+00  9.579211933E+00 
      1219  4.038609426E+02  0.000000000E+00  9.610786700E+00 
      1220  4.040924483E+02  0.000000000E+00  9.640663206E+00 
      1221  4.043258428E+02  0.000000000E+00  9.671175995E+00 
      1222  4.045611417E+02  0.000000000E+00  9.700001490E+00 
      1223  4.047983604E+02  0.000000000E+00  9.724927668E+00 
      1224  4.050375146E+02  0.000000000E+00  9.748472262E+00 
      1225  4.052786201E+02  0.000000000E+00  9.770701849E+00 
      1226  4.055216929E+02  0.000000000E+00  9.793366890E+00 
      1227  4.057667489E+02  0.000000000E+00  9.818209425E+00 
      1228  4.060138044E+02  0.000000000E+00  9.845507238E+00 
      1229  4.062628756E+02  0.000000000E+00  9.869563924E+00 
      1230  4.065139791E+02  0.000000000E+00  9.888324718E+00 
      1231  4.067671314E+02  0.000000000E+00  9.907563787E+00 
      1232  4.070223492E+02  0.000000000E+00  9.925467991E+00 
      1233  4.072796494E+02  0.000000000E+00  9.942669312E+00 
      1234  4.075390490E+02  0.000000000E+00  9.957791977E+00 
      1235  4.078005650E+02  0.000000000E+00  9.968664377E+00 
      1236  4.080642148E+02  0.000000000E+00  9.979260959E+00 
      1237  4.083300158E+02  0.000000000E+00  9.989218242E+00 
      1238  4.085979855E+02  0.000000000E+00  9.998462250E+00 
      1239  4.088681416E+02  0.000000000E+00  9.980575976E+00 
      1240  4.091405020E+02  0.000000000E+00  9.962619835E+00 
      1241  4.094150846E+02  0.000000000E+00  9.971844879E+00 
      1242  4.096919076E+02  0.000000000E+00  9.980459500E+00 
      1243  4.099709892E+02  0.000000000E+00  9.988499572E+00 
      1244  4.102523480E+02  0.000000000E+00  9.995999008E+00 
      1245  4.105360024E+02  0.000000000E+00  1.000298985E+01 
      1246  4.108219711E+02  0.000000000E+00  1.000950236E+01 
      1247  4.111102732E+02  0.000000000E+00  1.001556511E+01 
      1248  4.114009276E+02  0.000000000E+00  1.002120505E+01 
      1249  4.116939535E+02  0.000000000E+00  1.002644761E+01 
      1250  4.119893702E+02  0.000000000E+00  1.003131676E+01 
      1251  4.122871973E+02  0.000000000E+00  1.003583511E+01 
      1252  4.125874544E+02  0.000000000E+00  1.004002398E+01 
      1253  4.128901614E+02  0.000000000E+00  1.004390347E+01 
      1254  4.131953383E+02  0.000000000E+00  1.004749253E+01 
      1255  4.135030051E+02  0.000000000E+00  1.005080902E+01 
      1256  4.138131823E+02  0.000000000E+00  1.005386981E+01 
      1257  4.141258902E+02  0.000000000E+00  1.005669078E+01 
      1258  4.144411496E+02  0.000000000E+00  1.005928694E+01 
      1259  4.147589813E+02  0.000000000E+00  1.006167243E+01 
      1260  4.150794062E+02  0.000000000E+00  1.006386061E+01 
      1261  4.154024455E+02  0.000000000E+00  1.006586408E+01 
      1262  4.157281206E+02  0.000000000E+00  1.006769475E+01 
      1263  4.160564529E+02  0.000000000E+00  1.006936386E+01 
      1264  4.163874641E+02  0.000000000E+00  1.007088201E+01 
      1265  4.167211762E+02  0.000000000E+00  1.007225921E+01 
      1266  4.170576110E+02  0.000000000E+00  1.007350494E+01 
      1267  4.173967909E+02  0.000000000E+00  1.007462809E+01 
      1268  4.177387382E+02  0.000000000E+00  1.007563708E+01 
      1269  4.180834756E+02  0.000000000E+00  1.007653984E+01 
      1270  4.184310257E+02  0.000000000E+00  1.007734383E+01 
      1271  4.187814116E+02  0.000000000E+00  1.007805608E+01 
      1272  4.191346563E+02  0.000000000E+00  1.007868318E+01 
      1273  4.194907832E+02  0.000000000E+00  1.007923133E+01 
      1274  4.198498158E+02  0.000000000E+00  1.007970632E+01 
      1275  4.202117779E+02  0.000000000E+00  1.008011359E+01 
      1276  4.205766933E+02  0.000000000E+00  1.008045820E+01 
      1277  4.209445860E+02  0.000000000E+00  1.008074487E+01 
      1278  4.213154806E+02  0.000000000E+00  1.008097799E+01 
      1279  4.216894013E+02  0.000000000E+00  1.008116163E+01 
      1280  4.220663728E+02  0.000000000E+00  1.008129953E+01 
      1281  4.224464202E+02  0.000000000E+00  1.008139518E+01 
      1282  4.228295685E+02  0.000000000E+00  1.008145174E+01 
      1283  4.232158429E+02  0.000000000E+00  1.008147215E+01 
      1284  4.236052691E+02  0.000000000E+00  1.008145906E+01 
      1285  4.239978726E+02  0.000000000E+00  1.008141489E+01 
      1286  4.243936795E+02  0.000000000E+00  1.008134183E+01 
      1287  4.247927158E+02  0.000000000E+00  1.008124187E+01 
      1288  4.251950080E+02  0.000000000E+00  1.008111679E+01 
      1289  4.256005825E+02  0.000000000E+00  1.008096817E+01 
      1290  4.260094662E+02  0.000000000E+00  1.008079744E+01 
      1291  4.264216861E+02  0.000000000E+00  1.008060585E+01 
      1292  4.268372694E+02  0.000000000E+00  1.008039452E+01 
      1293  4.272562434E+02  0.000000000E+00  1.008016443E+01 
      1294  4.276786360E+02  0.000000000E+00  1.007991643E+01 
      1295  4.281044750E+02  0.000000000E+00  1.007965127E+01 
      1296  4.285337884E+02  0.000000000E+00  1.007936959E+01 
      1297  4.289666047E+02  0.000000000E+00  1.007907197E+01 
      1298  4.294029525E+02  0.000000000E+00  1.007875888E+01 
      1299  4.298428605E+02  0.000000000E+00  1.007843075E+01 
      1300  4.302863578E+02  0.000000000E+00  1.007808792E+01 
      1301  4.307334737E+02  0.000000000E+00  1.007773072E+01 
      1302  4.311842377E+02  0.000000000E+00  1.007735940E+01 
      1303  4.316386795E+02  0.000000000E+00  1.007697421E+01 
      1304  4.320968293E+02  0.000000000E+00  1.007657534E+01 
      1305  4.325587172E+02  0.000000000E+00  1.007616297E+01 
      1306  4.330243737E+02  0.000000000E+00  1.007573726E+01 
      1307  4.334938296E+02  0.000000000E+00  1.007529837E+01 
      1308  4.339671159E+02  0.000000000E+00  1.007484641E+01 
      1309  4.344442638E+02  0.000000000E+00  1.007438154E+01 
      1310  4.349253049E+02  0.000000000E+00  1.007390386E+01 
      1311  4.354102708E+02  0.000000000E+00  1.007341350E+01 
      1312  4.358991937E+02  0.000000000E+00  1.007291058E+01 
      1313  4.363921059E+02  0.000000000E+00  1.007239522E+01 
      1314  4.368890398E+02  0.000000000E+00  1.007186755E+01 
      1315  4.373900283E+02  0.000000000E+00  1.007132770E+01 
      1316  4.378951044E+02  0.000000000E+00  1.007077581E+01 
      1317  4.384043016E+02  0.000000000E+00  1.007021200E+01 
      1318  4.389176534E+02  0.000000000E+00  1.006963642E+01 
      1319  4.394351937E+02  0.000000000E+00  1.006904922E+01 
      1320  4.399569568E+02  0.000000000E+00  1.006845056E+01 
      1321  4.404829770E+02  0.000000000E+00  1.006784058E+01 
      1322  4.410132892E+02  0.000000000E+00  1.006721947E+01 
      1323  4.415479282E+02  0.000000000E+00  1.006658739E+01 
      1324  4.420869295E+02  0.000000000E+00  1.006594451E+01 
      1325  4.426303286E+02  0.000000000E+00  1.006529102E+01 
      1326  4.431781614E+02  0.000000000E+00  1.006462710E+01 
      1327  4.437304641E+02  0.000000000E+00  1.006395294E+01 
      1328  4.442872731E+02  0.000000000E+00  1.006326875E+01 
      1329  4.448486253E+02  0.000000000E+00  1.006257470E+01 
      1330  4.454145576E+02  0.000000000E+00  1.006187102E+01 
      1331  4.459851075E+02  0.000000000E+00  1.006115791E+01 
      1332  4.465603126E+02  0.000000000E+00  1.006043558E+01 
      1333  4.471402109E+02  0.000000000E+00  1.005970424E+01 
      1334  4.477248408E+02  0.000000000E+00  1.005896412E+01 
      1335  4.483142407E+02  0.000000000E+00  1.005821542E+01 
      1336  4.489084497E+02  0.000000000E+00  1.005745838E+01 
      1337  4.495075070E+02  0.000000000E+00  1.005669322E+01 
      1338  4.501114521E+02  0.000000000E+00  1.005592016E+01 
      1339  4.507203248E+02  0.000000000E+00  1.005513944E+01 
      1340  4.513341655E+02  0.000000000E+00  1.005435129E+01 
      1341  4.519530147E+02  0.000000000E+00  1.005355594E+01 
      1342  4.525769132E+02  0.000000000E+00  1.005275362E+01 
      1343  4.532059021E+02  0.000000000E+00  1.005194457E+01 
      1344  4.538400232E+02  0.000000000E+00  1.005112902E+01 
      1345  4.544793181E+02  0.000000000E+00  1.005030722E+01 
      1346  4.551238292E+02  0.000000000E+00  1.004947939E+01 
      1347  4.557735990E+02  0.000000000E+00  1.004864577E+01 
      1348  4.564286703E+02  0.000000000E+00  1.004780659E+01 
      1349  4.570890866E+02  0.000000000E+00  1.004696211E+01 
      1350  4.577548913E+02  0.000000000E+00  1.004611253E+01 
      1351  4.584261284E+02  0.000000000E+00  1.004525811E+01 
      1352  4.591028423E+02  0.000000000E+00  1.004439908E+01 
      1353  4.597850777E+02  0.000000000E+00  1.004353565E+01 
      1354  4.604728795E+02  0.000000000E+00  1.004266807E+01 
      1355  4.611662932E+02  0.000000000E+00  1.004179656E+01 
      1356  4.618653647E+02  0.000000000E+00  1.004092133E+01 
      1357  4.625701400E+02  0.000000000E+00  1.004004263E+01 
      1358  4.632806657E+02  0.000000000E+00  1.003916065E+01 
      1359  4.639969887E+02  0.000000000E+00  1.003827562E+01 
      1360  4.647191564E+02  0.000000000E+00  1.003738774E+01 
      1361  4.654472164E+02  0.000000000E+00  1.003649723E+01 
      1362  4.661812167E+02  0.000000000E+00  1.003560428E+01 
      1363  4.669212059E+02  0.000000000E+00  1.003470909E+01 
      1364  4.676672328E+02  0.000000000E+00  1.003381187E+01 
      1365  4.684193468E+02  0.000000000E+00  1.003291278E+01 
      1366  4.691775973E+02  0.000000000E+00  1.003201202E+01 
      1367  4.699420346E+02  0.000000000E+00  1.003110976E+01 
      1368  4.707127091E+02  0.000000000E+00  1.003020618E+01 
      1369  4.714896716E+02  0.000000000E+00  1.002930143E+01 
      1370  4.722729736E+02  0.000000000E+00  1.002839567E+01 
      1371  4.730626666E+02  0.000000000E+00  1.002748905E+01 
      1372  4.738588030E+02  0.000000000E+00  1.002658171E+01 
      1373  4.746614352E+02  0.000000000E+00  1.002567379E+01 
      1374  4.754706162E+02  0.000000000E+00  1.002476542E+01 
      1375  4.762863994E+02  0.000000000E+00  1.002385671E+01 
      1376  4.771088389E+02  0.000000000E+00  1.002294779E+01 
      1377  4.779379887E+02  0.000000000E+00  1.002203875E+01 
      1378  4.787739038E+02  0.000000000E+00  1.002112971E+01 
      1379  4.796166392E+02  0.000000000E+00  1.002022077E+01 
      1380  4.804662507E+02  0.000000000E+00  1.001931204E+01 
      1381  4.813227944E+02  0.000000000E+00  1.001840367E+01 
      1382  4.821863268E+02  0.000000000E+00  1.001749585E+01 
      1383  4.830569049E+02  0.000000000E+00  1.001658885E+01 
      1384  4.839345862E+02  0.000000000E+00  1.001568313E+01 
      1385  4.848194287E+02  0.000000000E+00  1.001477945E+01 
      1386  4.857114908E+02  0.000000000E+00  1.001387910E+01 
      1387  4.866108314E+02  0.000000000E+00  1.001298429E+01 
      1388  4.875175099E+02  0.000000000E+00  1.001209878E+01 
      1389  4.884315862E+02  0.000000000E+00  1.001122903E+01 
      1390  4.893531206E+02  0.000000000E+00  1.001038590E+01 
      1391  4.902821741E+02  0.000000000E+00  1.000958767E+01 
      1392  4.912188078E+02  0.000000000E+00  1.000886478E+01 
      1393  4.921630837E+02  0.000000000E+00  1.000826754E+01 
      1394  4.931150642E+02  0.000000000E+00  1.000787840E+01 
      1395  4.940748120E+02  0.000000000E+00  1.000783123E+01 
      1396  4.950423907E+02  0.000000000E+00  1.000834097E+01 
      1397  4.960178639E+02  0.000000000E+00  1.000975161E+01 
      1398  4.970012963E+02  0.000000000E+00  1.001258563E+01 
      1399  4.979927527E+02  0.000000000E+00  1.002089235E+01 
      1400  4.989922986E+02  0.000000000E+00  1.003388132E+01 
      1401  5.000000000E+02  0.000000000E+00  1.004042411E+01 
