nodenumber     x-coordinate     y-coordinate           udm-12 
         1  0.000000000E+00  0.000000000E+00  9.997940764E+00 
         2  1.007701384E+00  0.000000000E+00  9.998025322E+00 
         3  2.007247274E+00  0.000000000E+00  9.999195700E+00 
         4  2.998703673E+00  0.000000000E+00  1.000024842E+01 
         5  3.982136051E+00  0.000000000E+00  1.000021421E+01 
         6  4.957609346E+00  0.000000000E+00  1.000020109E+01 
         7  5.925187975E+00  0.000000000E+00  1.000019763E+01 
         8  6.884935829E+00  0.000000000E+00  1.000020109E+01 
         9  7.836916284E+00  0.000000000E+00  1.000020945E+01 
        10  8.781192203E+00  0.000000000E+00  1.000022127E+01 
        11  9.717825941E+00  0.000000000E+00  1.000023546E+01 
        12  1.064687935E+01  0.000000000E+00  1.000025124E+01 
        13  1.156841377E+01  0.000000000E+00  1.000026803E+01 
        14  1.248249006E+01  0.000000000E+00  1.000028537E+01 
        15  1.338916858E+01  0.000000000E+00  1.000030292E+01 
        16  1.428850920E+01  0.000000000E+00  1.000032041E+01 
        17  1.518057130E+01  0.000000000E+00  1.000033760E+01 
        18  1.606541380E+01  0.000000000E+00  1.000035430E+01 
        19  1.694309512E+01  0.000000000E+00  1.000037034E+01 
        20  1.781367322E+01  0.000000000E+00  1.000038556E+01 
        21  1.867720559E+01  0.000000000E+00  1.000039981E+01 
        22  1.953374925E+01  0.000000000E+00  1.000041295E+01 
        23  2.038336076E+01  0.000000000E+00  1.000042482E+01 
        24  2.122609622E+01  0.000000000E+00  1.000043529E+01 
        25  2.206201128E+01  0.000000000E+00  1.000044419E+01 
        26  2.289116114E+01  0.000000000E+00  1.000045138E+01 
        27  2.371360056E+01  0.000000000E+00  1.000045668E+01 
        28  2.452938383E+01  0.000000000E+00  1.000045993E+01 
        29  2.533856484E+01  0.000000000E+00  1.000046093E+01 
        30  2.614119701E+01  0.000000000E+00  1.000045951E+01 
        31  2.693733335E+01  0.000000000E+00  1.000045546E+01 
        32  2.772702642E+01  0.000000000E+00  1.000044857E+01 
        33  2.851032837E+01  0.000000000E+00  1.000043861E+01 
        34  2.928729093E+01  0.000000000E+00  1.000042537E+01 
        35  3.005796541E+01  0.000000000E+00  1.000040858E+01 
        36  3.082240268E+01  0.000000000E+00  1.000038800E+01 
        37  3.158065324E+01  0.000000000E+00  1.000036337E+01 
        38  3.233276716E+01  0.000000000E+00  1.000033440E+01 
        39  3.307879409E+01  0.000000000E+00  1.000030080E+01 
        40  3.381878330E+01  0.000000000E+00  1.000026228E+01 
        41  3.455278365E+01  0.000000000E+00  1.000021852E+01 
        42  3.528084362E+01  0.000000000E+00  1.000016920E+01 
        43  3.600301127E+01  0.000000000E+00  1.000011398E+01 
        44  3.671933431E+01  0.000000000E+00  1.000005252E+01 
        45  3.742986002E+01  0.000000000E+00  9.999984455E+00 
        46  3.813463533E+01  0.000000000E+00  9.999909424E+00 
        47  3.883370678E+01  0.000000000E+00  9.999827046E+00 
        48  3.952712052E+01  0.000000000E+00  9.999736932E+00 
        49  4.021492235E+01  0.000000000E+00  9.999638682E+00 
        50  4.089715769E+01  0.000000000E+00  9.999531889E+00 
        51  4.157387159E+01  0.000000000E+00  9.999416136E+00 
        52  4.224510872E+01  0.000000000E+00  9.999290996E+00 
        53  4.291091342E+01  0.000000000E+00  9.999156035E+00 
        54  4.357132966E+01  0.000000000E+00  9.999010813E+00 
        55  4.422640104E+01  0.000000000E+00  9.998854881E+00 
        56  4.487617081E+01  0.000000000E+00  9.998687784E+00 
        57  4.552068189E+01  0.000000000E+00  9.998509062E+00 
        58  4.615997684E+01  0.000000000E+00  9.998318249E+00 
        59  4.679409786E+01  0.000000000E+00  9.998114875E+00 
        60  4.742308684E+01  0.000000000E+00  9.997898467E+00 
        61  4.804698530E+01  0.000000000E+00  9.997668549E+00 
        62  4.866583446E+01  0.000000000E+00  9.997424641E+00 
        63  4.927967516E+01  0.000000000E+00  9.997166266E+00 
        64  4.988854795E+01  0.000000000E+00  9.996892941E+00 
        65  5.049249303E+01  0.000000000E+00  9.996604189E+00 
        66  5.109155028E+01  0.000000000E+00  9.996299530E+00 
        67  5.168575926E+01  0.000000000E+00  9.995978488E+00 
        68  5.227515921E+01  0.000000000E+00  9.995640591E+00 
        69  5.285978905E+01  0.000000000E+00  9.995285368E+00 
        70  5.343968738E+01  0.000000000E+00  9.994912357E+00 
        71  5.401489250E+01  0.000000000E+00  9.994521099E+00 
        72  5.458544238E+01  0.000000000E+00  9.994111143E+00 
        73  5.515137472E+01  0.000000000E+00  9.993682046E+00 
        74  5.571272686E+01  0.000000000E+00  9.993233376E+00 
        75  5.626953590E+01  0.000000000E+00  9.992764707E+00 
        76  5.682183858E+01  0.000000000E+00  9.992275628E+00 
        77  5.736967139E+01  0.000000000E+00  9.991765740E+00 
        78  5.791307049E+01  0.000000000E+00  9.991234655E+00 
        79  5.845207178E+01  0.000000000E+00  9.990682004E+00 
        80  5.898671083E+01  0.000000000E+00  9.990107431E+00 
        81  5.951702297E+01  0.000000000E+00  9.989510599E+00 
        82  6.004304320E+01  0.000000000E+00  9.988891189E+00 
        83  6.056480627E+01  0.000000000E+00  9.988248905E+00 
        84  6.108234661E+01  0.000000000E+00  9.987583471E+00 
        85  6.159569842E+01  0.000000000E+00  9.986894634E+00 
        86  6.210489559E+01  0.000000000E+00  9.986182170E+00 
        87  6.260997174E+01  0.000000000E+00  9.985445880E+00 
        88  6.311096022E+01  0.000000000E+00  9.984685596E+00 
        89  6.360789412E+01  0.000000000E+00  9.983901181E+00 
        90  6.410080625E+01  0.000000000E+00  9.983092534E+00 
        91  6.458972916E+01  0.000000000E+00  9.982259592E+00 
        92  6.507469514E+01  0.000000000E+00  9.981402329E+00 
        93  6.555573621E+01  0.000000000E+00  9.980520768E+00 
        94  6.603288413E+01  0.000000000E+00  9.979614973E+00 
        95  6.650617042E+01  0.000000000E+00  9.978685066E+00 
        96  6.697562632E+01  0.000000000E+00  9.977731219E+00 
        97  6.744128283E+01  0.000000000E+00  9.976753667E+00 
        98  6.790317071E+01  0.000000000E+00  9.975752713E+00 
        99  6.836132046E+01  0.000000000E+00  9.974728728E+00 
       100  6.881576232E+01  0.000000000E+00  9.973682163E+00 
       101  6.926652631E+01  0.000000000E+00  9.972613556E+00 
       102  6.971364219E+01  0.000000000E+00  9.971523536E+00 
       103  7.015713949E+01  0.000000000E+00  9.970412835E+00 
       104  7.059704749E+01  0.000000000E+00  9.969282300E+00 
       105  7.103339524E+01  0.000000000E+00  9.968132896E+00 
       106  7.146621156E+01  0.000000000E+00  9.966965725E+00 
       107  7.189552503E+01  0.000000000E+00  9.965782038E+00 
       108  7.232136399E+01  0.000000000E+00  9.964583245E+00 
       109  7.274375656E+01  0.000000000E+00  9.963370934E+00 
       110  7.316273064E+01  0.000000000E+00  9.962146889E+00 
       111  7.357831389E+01  0.000000000E+00  9.960913108E+00 
       112  7.399053376E+01  0.000000000E+00  9.959671820E+00 
       113  7.439941746E+01  0.000000000E+00  9.958425515E+00 
       114  7.480499201E+01  0.000000000E+00  9.957176963E+00 
       115  7.520728416E+01  0.000000000E+00  9.955929243E+00 
       116  7.560632051E+01  0.000000000E+00  9.954685771E+00 
       117  7.600212738E+01  0.000000000E+00  9.953450337E+00 
       118  7.639473092E+01  0.000000000E+00  9.952227133E+00 
       119  7.678415706E+01  0.000000000E+00  9.951020797E+00 
       120  7.717043151E+01  0.000000000E+00  9.949836452E+00 
       121  7.755357977E+01  0.000000000E+00  9.948679750E+00 
       122  7.793362715E+01  0.000000000E+00  9.947556921E+00 
       123  7.831059875E+01  0.000000000E+00  9.946474829E+00 
       124  7.868451945E+01  0.000000000E+00  9.945441025E+00 
       125  7.905541395E+01  0.000000000E+00  9.944463809E+00 
       126  7.942330674E+01  0.000000000E+00  9.943552297E+00 
       127  7.978822211E+01  0.000000000E+00  9.942716496E+00 
       128  8.015018416E+01  0.000000000E+00  9.941967376E+00 
       129  8.050921679E+01  0.000000000E+00  9.941316954E+00 
       130  8.086534371E+01  0.000000000E+00  9.940778389E+00 
       131  8.121858844E+01  0.000000000E+00  9.940366070E+00 
       132  8.156897429E+01  0.000000000E+00  9.940095727E+00 
       133  8.191652442E+01  0.000000000E+00  9.939984547E+00 
       134  8.226126177E+01  0.000000000E+00  9.940051234E+00 
       135  8.260320909E+01  0.000000000E+00  9.940316221E+00 
       136  8.294238899E+01  0.000000000E+00  9.940801808E+00 
       137  8.327882384E+01  0.000000000E+00  9.941532225E+00 
       138  8.361253587E+01  0.000000000E+00  9.942533841E+00 
       139  8.394354712E+01  0.000000000E+00  9.943835325E+00 
       140  8.427187943E+01  0.000000000E+00  9.945467823E+00 
       141  8.459755450E+01  0.000000000E+00  9.947465146E+00 
       142  8.492059382E+01  0.000000000E+00  9.949863980E+00 
       143  8.524101873E+01  0.000000000E+00  9.952704097E+00 
       144  8.555885039E+01  0.000000000E+00  9.956028593E+00 
       145  8.587410979E+01  0.000000000E+00  9.959884132E+00 
       146  8.618681774E+01  0.000000000E+00  9.964321216E+00 
       147  8.649699489E+01  0.000000000E+00  9.969394469E+00 
       148  8.680466173E+01  0.000000000E+00  9.975162939E+00 
       149  8.710983857E+01  0.000000000E+00  9.981690427E+00 
       150  8.741254556E+01  0.000000000E+00  9.989045835E+00 
       151  8.771280270E+01  0.000000000E+00  9.997303540E+00 
       152  8.801062980E+01  0.000000000E+00  1.000654380E+01 
       153  8.830604654E+01  0.000000000E+00  1.001685318E+01 
       154  8.859907242E+01  0.000000000E+00  1.002832501E+01 
       155  8.888972679E+01  0.000000000E+00  1.004105993E+01 
       156  8.917802885E+01  0.000000000E+00  1.005516635E+01 
       157  8.946399764E+01  0.000000000E+00  1.007076112E+01 
       158  8.974765203E+01  0.000000000E+00  1.008797009E+01 
       159  9.002901076E+01  0.000000000E+00  1.010692885E+01 
       160  9.030809241E+01  0.000000000E+00  1.012778343E+01 
       161  9.058491540E+01  0.000000000E+00  1.015069115E+01 
       162  9.085949802E+01  0.000000000E+00  1.017582146E+01 
       163  9.113185839E+01  0.000000000E+00  1.020335693E+01 
       164  9.140201451E+01  0.000000000E+00  1.023349430E+01 
       165  9.166998421E+01  0.000000000E+00  1.026644561E+01 
       166  9.193578518E+01  0.000000000E+00  1.030243953E+01 
       167  9.219943499E+01  0.000000000E+00  1.034172268E+01 
       168  9.246095103E+01  0.000000000E+00  1.038456125E+01 
       169  9.272035058E+01  0.000000000E+00  1.043124276E+01 
       170  9.297765077E+01  0.000000000E+00  1.048207724E+01 
       171  9.323286858E+01  0.000000000E+00  1.053739991E+01 
       172  9.348602087E+01  0.000000000E+00  1.059757500E+01 
       173  9.373712436E+01  0.000000000E+00  1.066437845E+01 
       174  9.398619563E+01  0.000000000E+00  1.073728483E+01 
       175  9.423325112E+01  0.000000000E+00  1.081555068E+01 
       176  9.447830715E+01  0.000000000E+00  1.083269779E+01 
       177  9.472137990E+01  0.000000000E+00  1.085562150E+01 
       178  9.496248543E+01  0.000000000E+00  1.094707096E+01 
       179  9.520163964E+01  0.000000000E+00  1.105157035E+01 
       180  9.543885834E+01  0.000000000E+00  1.118165711E+01 
       181  9.567415720E+01  0.000000000E+00  1.131691598E+01 
       182  9.590755173E+01  0.000000000E+00  1.144726192E+01 
       183  9.613905737E+01  0.000000000E+00  1.158503531E+01 
       184  9.636868940E+01  0.000000000E+00  1.173453810E+01 
       185  9.659646297E+01  0.000000000E+00  1.189680520E+01 
       186  9.682239314E+01  0.000000000E+00  1.207297888E+01 
       187  9.704649481E+01  0.000000000E+00  1.227017157E+01 
       188  9.726878279E+01  0.000000000E+00  1.248443784E+01 
       189  9.748927176E+01  0.000000000E+00  1.271810162E+01 
       190  9.770797628E+01  0.000000000E+00  1.297230554E+01 
       191  9.792491078E+01  0.000000000E+00  1.324987537E+01 
       192  9.814008960E+01  0.000000000E+00  1.355233113E+01 
       193  9.835352693E+01  0.000000000E+00  1.387515731E+01 
       194  9.856523689E+01  0.000000000E+00  1.422767557E+01 
       195  9.877523344E+01  0.000000000E+00  1.460270504E+01 
       196  9.898353045E+01  0.000000000E+00  1.501330769E+01 
       197  9.919014168E+01  0.000000000E+00  1.547372387E+01 
       198  9.939508077E+01  0.000000000E+00  1.597930044E+01 
       199  9.959836126E+01  0.000000000E+00  1.653547747E+01 
       200  9.979999657E+01  0.000000000E+00  1.715178426E+01 
       201  1.000000000E+02  0.000000000E+00  1.589178133E+01 
       202  1.002500000E+02  0.000000000E+00  1.397819887E+01 
       203  1.005000000E+02  0.000000000E+00  1.408128766E+01 
       204  1.007500000E+02  0.000000000E+00  1.414234466E+01 
       205  1.010000000E+02  0.000000000E+00  1.417981265E+01 
       206  1.012500000E+02  0.000000000E+00  1.420001922E+01 
       207  1.015000000E+02  0.000000000E+00  1.420705203E+01 
       208  1.017500000E+02  0.000000000E+00  1.420376125E+01 
       209  1.020000000E+02  0.000000000E+00  1.419223988E+01 
       210  1.022500000E+02  0.000000000E+00  1.417408075E+01 
       211  1.025000000E+02  0.000000000E+00  1.415052744E+01 
       212  1.027500000E+02  0.000000000E+00  1.412256931E+01 
       213  1.030000000E+02  0.000000000E+00  1.409100488E+01 
       214  1.032500000E+02  0.000000000E+00  1.405648585E+01 
       215  1.035000000E+02  0.000000000E+00  1.401954875E+01 
       216  1.037500000E+02  0.000000000E+00  1.398063847E+01 
       217  1.040000000E+02  0.000000000E+00  1.394012600E+01 
       218  1.042500000E+02  0.000000000E+00  1.389832215E+01 
       219  1.045000000E+02  0.000000000E+00  1.385548831E+01 
       220  1.047500000E+02  0.000000000E+00  1.381184500E+01 
       221  1.050000000E+02  0.000000000E+00  1.376757876E+01 
       222  1.052500000E+02  0.000000000E+00  1.372284768E+01 
       223  1.055000000E+02  0.000000000E+00  1.367778603E+01 
       224  1.057500000E+02  0.000000000E+00  1.363250795E+01 
       225  1.060000000E+02  0.000000000E+00  1.358711062E+01 
       226  1.062500000E+02  0.000000000E+00  1.354167681E+01 
       227  1.065000000E+02  0.000000000E+00  1.349627711E+01 
       228  1.067500000E+02  0.000000000E+00  1.345097167E+01 
       229  1.070000000E+02  0.000000000E+00  1.340581182E+01 
       230  1.072500000E+02  0.000000000E+00  1.336084132E+01 
       231  1.075000000E+02  0.000000000E+00  1.331609744E+01 
       232  1.077500000E+02  0.000000000E+00  1.327161196E+01 
       233  1.080000000E+02  0.000000000E+00  1.322741191E+01 
       234  1.082500000E+02  0.000000000E+00  1.318352026E+01 
       235  1.085000000E+02  0.000000000E+00  1.313995648E+01 
       236  1.087500000E+02  0.000000000E+00  1.309673707E+01 
       237  1.090000000E+02  0.000000000E+00  1.305387596E+01 
       238  1.092500000E+02  0.000000000E+00  1.301138483E+01 
       239  1.095000000E+02  0.000000000E+00  1.296927350E+01 
       240  1.097500000E+02  0.000000000E+00  1.292755011E+01 
       241  1.100000000E+02  0.000000000E+00  1.288622142E+01 
       242  1.102500000E+02  0.000000000E+00  1.284529294E+01 
       243  1.105000000E+02  0.000000000E+00  1.280476915E+01 
       244  1.107500000E+02  0.000000000E+00  1.276465358E+01 
       245  1.110000000E+02  0.000000000E+00  1.272494903E+01 
       246  1.112500000E+02  0.000000000E+00  1.268565756E+01 
       247  1.115000000E+02  0.000000000E+00  1.264678068E+01 
       248  1.117500000E+02  0.000000000E+00  1.260831936E+01 
       249  1.120000000E+02  0.000000000E+00  1.257027414E+01 
       250  1.122500000E+02  0.000000000E+00  1.253264518E+01 
       251  1.125000000E+02  0.000000000E+00  1.249543228E+01 
       252  1.127500000E+02  0.000000000E+00  1.245863496E+01 
       253  1.130000000E+02  0.000000000E+00  1.242225248E+01 
       254  1.132500000E+02  0.000000000E+00  1.238628388E+01 
       255  1.135000000E+02  0.000000000E+00  1.235072801E+01 
       256  1.137500000E+02  0.000000000E+00  1.231558352E+01 
       257  1.140000000E+02  0.000000000E+00  1.228084895E+01 
       258  1.142500000E+02  0.000000000E+00  1.224652266E+01 
       259  1.145000000E+02  0.000000000E+00  1.221260293E+01 
       260  1.147500000E+02  0.000000000E+00  1.217908793E+01 
       261  1.150000000E+02  0.000000000E+00  1.214597571E+01 
       262  1.152500000E+02  0.000000000E+00  1.211326428E+01 
       263  1.155000000E+02  0.000000000E+00  1.208095154E+01 
       264  1.157500000E+02  0.000000000E+00  1.204903534E+01 
       265  1.160000000E+02  0.000000000E+00  1.201751349E+01 
       266  1.162500000E+02  0.000000000E+00  1.198638372E+01 
       267  1.165000000E+02  0.000000000E+00  1.195564372E+01 
       268  1.167500000E+02  0.000000000E+00  1.192529115E+01 
       269  1.170000000E+02  0.000000000E+00  1.189532363E+01 
       270  1.172500000E+02  0.000000000E+00  1.186573873E+01 
       271  1.175000000E+02  0.000000000E+00  1.183653401E+01 
       272  1.177500000E+02  0.000000000E+00  1.180770699E+01 
       273  1.180000000E+02  0.000000000E+00  1.177925517E+01 
       274  1.182500000E+02  0.000000000E+00  1.175117603E+01 
       275  1.185000000E+02  0.000000000E+00  1.172346703E+01 
       276  1.187500000E+02  0.000000000E+00  1.169612560E+01 
       277  1.190000000E+02  0.000000000E+00  1.166914917E+01 
       278  1.192500000E+02  0.000000000E+00  1.164253515E+01 
       279  1.195000000E+02  0.000000000E+00  1.161628094E+01 
       280  1.197500000E+02  0.000000000E+00  1.159038392E+01 
       281  1.200000000E+02  0.000000000E+00  1.156484147E+01 
       282  1.202500000E+02  0.000000000E+00  1.153965095E+01 
       283  1.205000000E+02  0.000000000E+00  1.151480973E+01 
       284  1.207500000E+02  0.000000000E+00  1.149031516E+01 
       285  1.210000000E+02  0.000000000E+00  1.146616459E+01 
       286  1.212500000E+02  0.000000000E+00  1.144235537E+01 
       287  1.215000000E+02  0.000000000E+00  1.141888485E+01 
       288  1.217500000E+02  0.000000000E+00  1.139575037E+01 
       289  1.220000000E+02  0.000000000E+00  1.137294926E+01 
       290  1.222500000E+02  0.000000000E+00  1.135047888E+01 
       291  1.225000000E+02  0.000000000E+00  1.132833657E+01 
       292  1.227500000E+02  0.000000000E+00  1.130651967E+01 
       293  1.230000000E+02  0.000000000E+00  1.128502554E+01 
       294  1.232500000E+02  0.000000000E+00  1.126385154E+01 
       295  1.235000000E+02  0.000000000E+00  1.124299501E+01 
       296  1.237500000E+02  0.000000000E+00  1.122245333E+01 
       297  1.240000000E+02  0.000000000E+00  1.120222388E+01 
       298  1.242500000E+02  0.000000000E+00  1.118230402E+01 
       299  1.245000000E+02  0.000000000E+00  1.116269116E+01 
       300  1.247500000E+02  0.000000000E+00  1.114338269E+01 
       301  1.250000000E+02  0.000000000E+00  1.112437601E+01 
       302  1.252500000E+02  0.000000000E+00  1.110566854E+01 
       303  1.255000000E+02  0.000000000E+00  1.108725772E+01 
       304  1.257500000E+02  0.000000000E+00  1.106914099E+01 
       305  1.260000000E+02  0.000000000E+00  1.105131581E+01 
       306  1.262500000E+02  0.000000000E+00  1.103377963E+01 
       307  1.265000000E+02  0.000000000E+00  1.101652995E+01 
       308  1.267500000E+02  0.000000000E+00  1.099956427E+01 
       309  1.270000000E+02  0.000000000E+00  1.098288009E+01 
       310  1.272500000E+02  0.000000000E+00  1.096647495E+01 
       311  1.275000000E+02  0.000000000E+00  1.095034641E+01 
       312  1.277500000E+02  0.000000000E+00  1.093449201E+01 
       313  1.280000000E+02  0.000000000E+00  1.091890935E+01 
       314  1.282500000E+02  0.000000000E+00  1.090359604E+01 
       315  1.285000000E+02  0.000000000E+00  1.088854969E+01 
       316  1.287500000E+02  0.000000000E+00  1.087376794E+01 
       317  1.290000000E+02  0.000000000E+00  1.085924847E+01 
       318  1.292500000E+02  0.000000000E+00  1.084498896E+01 
       319  1.295000000E+02  0.000000000E+00  1.083098711E+01 
       320  1.297500000E+02  0.000000000E+00  1.081724066E+01 
       321  1.300000000E+02  0.000000000E+00  1.080374735E+01 
       322  1.302500000E+02  0.000000000E+00  1.079050498E+01 
       323  1.305000000E+02  0.000000000E+00  1.077751134E+01 
       324  1.307500000E+02  0.000000000E+00  1.076476425E+01 
       325  1.310000000E+02  0.000000000E+00  1.075226158E+01 
       326  1.312500000E+02  0.000000000E+00  1.074000119E+01 
       327  1.315000000E+02  0.000000000E+00  1.072798100E+01 
       328  1.317500000E+02  0.000000000E+00  1.071619893E+01 
       329  1.320000000E+02  0.000000000E+00  1.070465295E+01 
       330  1.322500000E+02  0.000000000E+00  1.069334104E+01 
       331  1.325000000E+02  0.000000000E+00  1.068226123E+01 
       332  1.327500000E+02  0.000000000E+00  1.067141155E+01 
       333  1.330000000E+02  0.000000000E+00  1.066079007E+01 
       334  1.332500000E+02  0.000000000E+00  1.065039491E+01 
       335  1.335000000E+02  0.000000000E+00  1.064022420E+01 
       336  1.337500000E+02  0.000000000E+00  1.063027610E+01 
       337  1.340000000E+02  0.000000000E+00  1.062054881E+01 
       338  1.342500000E+02  0.000000000E+00  1.061104056E+01 
       339  1.345000000E+02  0.000000000E+00  1.060174961E+01 
       340  1.347500000E+02  0.000000000E+00  1.059267424E+01 
       341  1.350000000E+02  0.000000000E+00  1.058381279E+01 
       342  1.352500000E+02  0.000000000E+00  1.057516362E+01 
       343  1.355000000E+02  0.000000000E+00  1.056672511E+01 
       344  1.357500000E+02  0.000000000E+00  1.055849568E+01 
       345  1.360000000E+02  0.000000000E+00  1.055047381E+01 
       346  1.362500000E+02  0.000000000E+00  1.054265798E+01 
       347  1.365000000E+02  0.000000000E+00  1.053504672E+01 
       348  1.367500000E+02  0.000000000E+00  1.052763860E+01 
       349  1.370000000E+02  0.000000000E+00  1.052043222E+01 
       350  1.372500000E+02  0.000000000E+00  1.051342620E+01 
       351  1.375000000E+02  0.000000000E+00  1.050661923E+01 
       352  1.377500000E+02  0.000000000E+00  1.050001001E+01 
       353  1.380000000E+02  0.000000000E+00  1.049359729E+01 
       354  1.382500000E+02  0.000000000E+00  1.048737984E+01 
       355  1.385000000E+02  0.000000000E+00  1.048135649E+01 
       356  1.387500000E+02  0.000000000E+00  1.047552609E+01 
       357  1.390000000E+02  0.000000000E+00  1.046988754E+01 
       358  1.392500000E+02  0.000000000E+00  1.046443977E+01 
       359  1.395000000E+02  0.000000000E+00  1.045918175E+01 
       360  1.397500000E+02  0.000000000E+00  1.045411248E+01 
       361  1.400000000E+02  0.000000000E+00  1.044923102E+01 
       362  1.402500000E+02  0.000000000E+00  1.044453645E+01 
       363  1.405000000E+02  0.000000000E+00  1.044002791E+01 
       364  1.407500000E+02  0.000000000E+00  1.043570454E+01 
       365  1.410000000E+02  0.000000000E+00  1.043156556E+01 
       366  1.412500000E+02  0.000000000E+00  1.042761022E+01 
       367  1.415000000E+02  0.000000000E+00  1.042383779E+01 
       368  1.417500000E+02  0.000000000E+00  1.042024760E+01 
       369  1.420000000E+02  0.000000000E+00  1.041683901E+01 
       370  1.422500000E+02  0.000000000E+00  1.041361144E+01 
       371  1.425000000E+02  0.000000000E+00  1.041056432E+01 
       372  1.427500000E+02  0.000000000E+00  1.040769715E+01 
       373  1.430000000E+02  0.000000000E+00  1.040500945E+01 
       374  1.432500000E+02  0.000000000E+00  1.040250078E+01 
       375  1.435000000E+02  0.000000000E+00  1.040017076E+01 
       376  1.437500000E+02  0.000000000E+00  1.039801904E+01 
       377  1.440000000E+02  0.000000000E+00  1.039604531E+01 
       378  1.442500000E+02  0.000000000E+00  1.039424930E+01 
       379  1.445000000E+02  0.000000000E+00  1.039263079E+01 
       380  1.447500000E+02  0.000000000E+00  1.039118960E+01 
       381  1.450000000E+02  0.000000000E+00  1.038992558E+01 
       382  1.452500000E+02  0.000000000E+00  1.038883864E+01 
       383  1.455000000E+02  0.000000000E+00  1.038792871E+01 
       384  1.457500000E+02  0.000000000E+00  1.038719578E+01 
       385  1.460000000E+02  0.000000000E+00  1.038663989E+01 
       386  1.462500000E+02  0.000000000E+00  1.038626109E+01 
       387  1.465000000E+02  0.000000000E+00  1.038605950E+01 
       388  1.467500000E+02  0.000000000E+00  1.038603526E+01 
       389  1.470000000E+02  0.000000000E+00  1.038618859E+01 
       390  1.472500000E+02  0.000000000E+00  1.038651970E+01 
       391  1.475000000E+02  0.000000000E+00  1.038702889E+01 
       392  1.477500000E+02  0.000000000E+00  1.038771648E+01 
       393  1.480000000E+02  0.000000000E+00  1.038858282E+01 
       394  1.482500000E+02  0.000000000E+00  1.038962833E+01 
       395  1.485000000E+02  0.000000000E+00  1.039085345E+01 
       396  1.487500000E+02  0.000000000E+00  1.039225868E+01 
       397  1.490000000E+02  0.000000000E+00  1.039384454E+01 
       398  1.492500000E+02  0.000000000E+00  1.039561162E+01 
       399  1.495000000E+02  0.000000000E+00  1.039756054E+01 
       400  1.497500000E+02  0.000000000E+00  1.039969194E+01 
       401  1.500000000E+02  0.000000000E+00  1.040200654E+01 
       402  1.502500000E+02  0.000000000E+00  1.040450508E+01 
       403  1.505000000E+02  0.000000000E+00  1.040718834E+01 
       404  1.507500000E+02  0.000000000E+00  1.041005716E+01 
       405  1.510000000E+02  0.000000000E+00  1.041311239E+01 
       406  1.512500000E+02  0.000000000E+00  1.041635496E+01 
       407  1.515000000E+02  0.000000000E+00  1.041978582E+01 
       408  1.517500000E+02  0.000000000E+00  1.042340596E+01 
       409  1.520000000E+02  0.000000000E+00  1.042721641E+01 
       410  1.522500000E+02  0.000000000E+00  1.043121826E+01 
       411  1.525000000E+02  0.000000000E+00  1.043541261E+01 
       412  1.527500000E+02  0.000000000E+00  1.043980064E+01 
       413  1.530000000E+02  0.000000000E+00  1.044438354E+01 
       414  1.532500000E+02  0.000000000E+00  1.044916256E+01 
       415  1.535000000E+02  0.000000000E+00  1.045413896E+01 
       416  1.537500000E+02  0.000000000E+00  1.045931408E+01 
       417  1.540000000E+02  0.000000000E+00  1.046468927E+01 
       418  1.542500000E+02  0.000000000E+00  1.047026594E+01 
       419  1.545000000E+02  0.000000000E+00  1.047604552E+01 
       420  1.547500000E+02  0.000000000E+00  1.048202950E+01 
       421  1.550000000E+02  0.000000000E+00  1.048821940E+01 
       422  1.552500000E+02  0.000000000E+00  1.049461677E+01 
       423  1.555000000E+02  0.000000000E+00  1.050122322E+01 
       424  1.557500000E+02  0.000000000E+00  1.050804037E+01 
       425  1.560000000E+02  0.000000000E+00  1.051506990E+01 
       426  1.562500000E+02  0.000000000E+00  1.052231353E+01 
       427  1.565000000E+02  0.000000000E+00  1.052977300E+01 
       428  1.567500000E+02  0.000000000E+00  1.053745010E+01 
       429  1.570000000E+02  0.000000000E+00  1.054534665E+01 
       430  1.572500000E+02  0.000000000E+00  1.055346451E+01 
       431  1.575000000E+02  0.000000000E+00  1.056180558E+01 
       432  1.577500000E+02  0.000000000E+00  1.057037179E+01 
       433  1.580000000E+02  0.000000000E+00  1.057916510E+01 
       434  1.582500000E+02  0.000000000E+00  1.058818753E+01 
       435  1.585000000E+02  0.000000000E+00  1.059744110E+01 
       436  1.587500000E+02  0.000000000E+00  1.060692790E+01 
       437  1.590000000E+02  0.000000000E+00  1.061665001E+01 
       438  1.592500000E+02  0.000000000E+00  1.062660960E+01 
       439  1.595000000E+02  0.000000000E+00  1.063680882E+01 
       440  1.597500000E+02  0.000000000E+00  1.064724988E+01 
       441  1.600000000E+02  0.000000000E+00  1.065793502E+01 
       442  1.602500000E+02  0.000000000E+00  1.066886650E+01 
       443  1.605000000E+02  0.000000000E+00  1.068004664E+01 
       444  1.607500000E+02  0.000000000E+00  1.069147775E+01 
       445  1.610000000E+02  0.000000000E+00  1.070316219E+01 
       446  1.612500000E+02  0.000000000E+00  1.071510236E+01 
       447  1.615000000E+02  0.000000000E+00  1.072730068E+01 
       448  1.617500000E+02  0.000000000E+00  1.073975959E+01 
       449  1.620000000E+02  0.000000000E+00  1.075248157E+01 
       450  1.622500000E+02  0.000000000E+00  1.076546911E+01 
       451  1.625000000E+02  0.000000000E+00  1.077872476E+01 
       452  1.627500000E+02  0.000000000E+00  1.079225105E+01 
       453  1.630000000E+02  0.000000000E+00  1.080605058E+01 
       454  1.632500000E+02  0.000000000E+00  1.082012595E+01 
       455  1.635000000E+02  0.000000000E+00  1.083447978E+01 
       456  1.637500000E+02  0.000000000E+00  1.084911473E+01 
       457  1.640000000E+02  0.000000000E+00  1.086403347E+01 
       458  1.642500000E+02  0.000000000E+00  1.087923870E+01 
       459  1.645000000E+02  0.000000000E+00  1.089473314E+01 
       460  1.647500000E+02  0.000000000E+00  1.091051952E+01 
       461  1.650000000E+02  0.000000000E+00  1.092660060E+01 
       462  1.652500000E+02  0.000000000E+00  1.094297916E+01 
       463  1.655000000E+02  0.000000000E+00  1.095965799E+01 
       464  1.657500000E+02  0.000000000E+00  1.097663990E+01 
       465  1.660000000E+02  0.000000000E+00  1.099392773E+01 
       466  1.662500000E+02  0.000000000E+00  1.101152431E+01 
       467  1.665000000E+02  0.000000000E+00  1.102943250E+01 
       468  1.667500000E+02  0.000000000E+00  1.104765518E+01 
       469  1.670000000E+02  0.000000000E+00  1.106619523E+01 
       470  1.672500000E+02  0.000000000E+00  1.108505554E+01 
       471  1.675000000E+02  0.000000000E+00  1.110423903E+01 
       472  1.677500000E+02  0.000000000E+00  1.112374862E+01 
       473  1.680000000E+02  0.000000000E+00  1.114358723E+01 
       474  1.682500000E+02  0.000000000E+00  1.116375780E+01 
       475  1.685000000E+02  0.000000000E+00  1.118426326E+01 
       476  1.687500000E+02  0.000000000E+00  1.120510658E+01 
       477  1.690000000E+02  0.000000000E+00  1.122629071E+01 
       478  1.692500000E+02  0.000000000E+00  1.124781861E+01 
       479  1.695000000E+02  0.000000000E+00  1.126969323E+01 
       480  1.697500000E+02  0.000000000E+00  1.129191755E+01 
       481  1.700000000E+02  0.000000000E+00  1.131449453E+01 
       482  1.702500000E+02  0.000000000E+00  1.133742714E+01 
       483  1.705000000E+02  0.000000000E+00  1.136071834E+01 
       484  1.707500000E+02  0.000000000E+00  1.138437111E+01 
       485  1.710000000E+02  0.000000000E+00  1.140838839E+01 
       486  1.712500000E+02  0.000000000E+00  1.143277314E+01 
       487  1.715000000E+02  0.000000000E+00  1.145752832E+01 
       488  1.717500000E+02  0.000000000E+00  1.148265687E+01 
       489  1.720000000E+02  0.000000000E+00  1.150816173E+01 
       490  1.722500000E+02  0.000000000E+00  1.153404583E+01 
       491  1.725000000E+02  0.000000000E+00  1.156031208E+01 
       492  1.727500000E+02  0.000000000E+00  1.158696340E+01 
       493  1.730000000E+02  0.000000000E+00  1.161400267E+01 
       494  1.732500000E+02  0.000000000E+00  1.164143278E+01 
       495  1.735000000E+02  0.000000000E+00  1.166925660E+01 
       496  1.737500000E+02  0.000000000E+00  1.169747698E+01 
       497  1.740000000E+02  0.000000000E+00  1.172609674E+01 
       498  1.742500000E+02  0.000000000E+00  1.175511871E+01 
       499  1.745000000E+02  0.000000000E+00  1.178454568E+01 
       500  1.747500000E+02  0.000000000E+00  1.181438043E+01 
       501  1.750000000E+02  0.000000000E+00  1.184462571E+01 
       502  1.752500000E+02  0.000000000E+00  1.187528425E+01 
       503  1.755000000E+02  0.000000000E+00  1.190635874E+01 
       504  1.757500000E+02  0.000000000E+00  1.193785189E+01 
       505  1.760000000E+02  0.000000000E+00  1.196976632E+01 
       506  1.762500000E+02  0.000000000E+00  1.200210467E+01 
       507  1.765000000E+02  0.000000000E+00  1.203486953E+01 
       508  1.767500000E+02  0.000000000E+00  1.206806345E+01 
       509  1.770000000E+02  0.000000000E+00  1.210168898E+01 
       510  1.772500000E+02  0.000000000E+00  1.213574860E+01 
       511  1.775000000E+02  0.000000000E+00  1.217024478E+01 
       512  1.777500000E+02  0.000000000E+00  1.220517994E+01 
       513  1.780000000E+02  0.000000000E+00  1.224055646E+01 
       514  1.782500000E+02  0.000000000E+00  1.227637668E+01 
       515  1.785000000E+02  0.000000000E+00  1.231264293E+01 
       516  1.787500000E+02  0.000000000E+00  1.234935745E+01 
       517  1.790000000E+02  0.000000000E+00  1.238652247E+01 
       518  1.792500000E+02  0.000000000E+00  1.242414017E+01 
       519  1.795000000E+02  0.000000000E+00  1.246221266E+01 
       520  1.797500000E+02  0.000000000E+00  1.250074204E+01 
       521  1.800000000E+02  0.000000000E+00  1.253973033E+01 
       522  1.802500000E+02  0.000000000E+00  1.257917950E+01 
       523  1.805000000E+02  0.000000000E+00  1.261909149E+01 
       524  1.807500000E+02  0.000000000E+00  1.265946816E+01 
       525  1.810000000E+02  0.000000000E+00  1.270031132E+01 
       526  1.812500000E+02  0.000000000E+00  1.274162274E+01 
       527  1.815000000E+02  0.000000000E+00  1.278340410E+01 
       528  1.817500000E+02  0.000000000E+00  1.282565704E+01 
       529  1.820000000E+02  0.000000000E+00  1.286838311E+01 
       530  1.822500000E+02  0.000000000E+00  1.291158383E+01 
       531  1.825000000E+02  0.000000000E+00  1.295526060E+01 
       532  1.827500000E+02  0.000000000E+00  1.299941478E+01 
       533  1.830000000E+02  0.000000000E+00  1.304404766E+01 
       534  1.832500000E+02  0.000000000E+00  1.308916041E+01 
       535  1.835000000E+02  0.000000000E+00  1.313475415E+01 
       536  1.837500000E+02  0.000000000E+00  1.318082990E+01 
       537  1.840000000E+02  0.000000000E+00  1.322738858E+01 
       538  1.842500000E+02  0.000000000E+00  1.327443102E+01 
       539  1.845000000E+02  0.000000000E+00  1.332195792E+01 
       540  1.847500000E+02  0.000000000E+00  1.336996989E+01 
       541  1.850000000E+02  0.000000000E+00  1.341846741E+01 
       542  1.852500000E+02  0.000000000E+00  1.346745082E+01 
       543  1.855000000E+02  0.000000000E+00  1.351692033E+01 
       544  1.857500000E+02  0.000000000E+00  1.356687596E+01 
       545  1.860000000E+02  0.000000000E+00  1.361731761E+01 
       546  1.862500000E+02  0.000000000E+00  1.366824494E+01 
       547  1.865000000E+02  0.000000000E+00  1.371965744E+01 
       548  1.867500000E+02  0.000000000E+00  1.377155436E+01 
       549  1.870000000E+02  0.000000000E+00  1.382393468E+01 
       550  1.872500000E+02  0.000000000E+00  1.387679710E+01 
       551  1.875000000E+02  0.000000000E+00  1.393014001E+01 
       552  1.877500000E+02  0.000000000E+00  1.398396142E+01 
       553  1.880000000E+02  0.000000000E+00  1.403825895E+01 
       554  1.882500000E+02  0.000000000E+00  1.409302975E+01 
       555  1.885000000E+02  0.000000000E+00  1.414827043E+01 
       556  1.887500000E+02  0.000000000E+00  1.420397702E+01 
       557  1.890000000E+02  0.000000000E+00  1.426014485E+01 
       558  1.892500000E+02  0.000000000E+00  1.431676848E+01 
       559  1.895000000E+02  0.000000000E+00  1.437384154E+01 
       560  1.897500000E+02  0.000000000E+00  1.443135666E+01 
       561  1.900000000E+02  0.000000000E+00  1.448930525E+01 
       562  1.902500000E+02  0.000000000E+00  1.454767737E+01 
       563  1.905000000E+02  0.000000000E+00  1.460646145E+01 
       564  1.907500000E+02  0.000000000E+00  1.466564413E+01 
       565  1.910000000E+02  0.000000000E+00  1.472520989E+01 
       566  1.912500000E+02  0.000000000E+00  1.478514075E+01 
       567  1.915000000E+02  0.000000000E+00  1.484541587E+01 
       568  1.917500000E+02  0.000000000E+00  1.490601110E+01 
       569  1.920000000E+02  0.000000000E+00  1.496689840E+01 
       570  1.922500000E+02  0.000000000E+00  1.502804525E+01 
       571  1.925000000E+02  0.000000000E+00  1.508941389E+01 
       572  1.927500000E+02  0.000000000E+00  1.515096046E+01 
       573  1.930000000E+02  0.000000000E+00  1.521263396E+01 
       574  1.932500000E+02  0.000000000E+00  1.527437508E+01 
       575  1.935000000E+02  0.000000000E+00  1.533611477E+01 
       576  1.937500000E+02  0.000000000E+00  1.539777258E+01 
       577  1.940000000E+02  0.000000000E+00  1.545925469E+01 
       578  1.942500000E+02  0.000000000E+00  1.552045161E+01 
       579  1.945000000E+02  0.000000000E+00  1.558123536E+01 
       580  1.947500000E+02  0.000000000E+00  1.564145621E+01 
       581  1.950000000E+02  0.000000000E+00  1.570093873E+01 
       582  1.952500000E+02  0.000000000E+00  1.575947703E+01 
       583  1.955000000E+02  0.000000000E+00  1.581682907E+01 
       584  1.957500000E+02  0.000000000E+00  1.587270969E+01 
       585  1.960000000E+02  0.000000000E+00  1.592678211E+01 
       586  1.962500000E+02  0.000000000E+00  1.597864745E+01 
       587  1.965000000E+02  0.000000000E+00  1.602783167E+01 
       588  1.967500000E+02  0.000000000E+00  1.607376913E+01 
       589  1.970000000E+02  0.000000000E+00  1.611578159E+01 
       590  1.972500000E+02  0.000000000E+00  1.615305097E+01 
       591  1.975000000E+02  0.000000000E+00  1.618458334E+01 
       592  1.977500000E+02  0.000000000E+00  1.620916010E+01 
       593  1.980000000E+02  0.000000000E+00  1.622527009E+01 
       594  1.982500000E+02  0.000000000E+00  1.623101156E+01 
       595  1.985000000E+02  0.000000000E+00  1.622394448E+01 
       596  1.987500000E+02  0.000000000E+00  1.620085538E+01 
       597  1.990000000E+02  0.000000000E+00  1.615735464E+01 
       598  1.992500000E+02  0.000000000E+00  1.608712091E+01 
       599  1.995000000E+02  0.000000000E+00  1.598031961E+01 
       600  1.997500000E+02  0.000000000E+00  1.580769905E+01 
       601  2.000000000E+02  0.000000000E+00  1.877027686E+01 
       602  2.001999988E+02  0.000000000E+00  2.069601597E+01 
       603  2.004032879E+02  0.000000000E+00  1.968318865E+01 
       604  2.006099214E+02  0.000000000E+00  1.877607438E+01 
       605  2.008199543E+02  0.000000000E+00  1.795739020E+01 
       606  2.010334426E+02  0.000000000E+00  1.721702755E+01 
       607  2.012504431E+02  0.000000000E+00  1.654629386E+01 
       608  2.014710137E+02  0.000000000E+00  1.593767359E+01 
       609  2.016952129E+02  0.000000000E+00  1.538463757E+01 
       610  2.019231006E+02  0.000000000E+00  1.488148881E+01 
       611  2.021547374E+02  0.000000000E+00  1.442323638E+01 
       612  2.023901849E+02  0.000000000E+00  1.400549115E+01 
       613  2.026295060E+02  0.000000000E+00  1.362437938E+01 
       614  2.028727642E+02  0.000000000E+00  1.327647038E+01 
       615  2.031200245E+02  0.000000000E+00  1.295277854E+01 
       616  2.033713525E+02  0.000000000E+00  1.265122133E+01 
       617  2.036268153E+02  0.000000000E+00  1.248493655E+01 
       618  2.038864808E+02  0.000000000E+00  1.233840164E+01 
       619  2.041504183E+02  0.000000000E+00  1.209282334E+01 
       620  2.044186979E+02  0.000000000E+00  1.187003773E+01 
       621  2.046913911E+02  0.000000000E+00  1.167285367E+01 
       622  2.049685706E+02  0.000000000E+00  1.149286851E+01 
       623  2.052503101E+02  0.000000000E+00  1.132865386E+01 
       624  2.055366847E+02  0.000000000E+00  1.117891130E+01 
       625  2.058277705E+02  0.000000000E+00  1.104245793E+01 
       626  2.061236452E+02  0.000000000E+00  1.091821380E+01 
       627  2.064243875E+02  0.000000000E+00  1.080519107E+01 
       628  2.067300774E+02  0.000000000E+00  1.070248441E+01 
       629  2.070407965E+02  0.000000000E+00  1.060926278E+01 
       630  2.073566273E+02  0.000000000E+00  1.052476204E+01 
       631  2.076776540E+02  0.000000000E+00  1.044827866E+01 
       632  2.080039622E+02  0.000000000E+00  1.037916400E+01 
       633  2.083356386E+02  0.000000000E+00  1.031681943E+01 
       634  2.086727716E+02  0.000000000E+00  1.026069195E+01 
       635  2.090154510E+02  0.000000000E+00  1.021027029E+01 
       636  2.093637679E+02  0.000000000E+00  1.016508150E+01 
       637  2.097178153E+02  0.000000000E+00  1.012468789E+01 
       638  2.100776872E+02  0.000000000E+00  1.008868429E+01 
       639  2.104434797E+02  0.000000000E+00  1.005669560E+01 
       640  2.108152899E+02  0.000000000E+00  1.002837460E+01 
       641  2.111932170E+02  0.000000000E+00  1.000339994E+01 
       642  2.115773617E+02  0.000000000E+00  9.981474354E+00 
       643  2.119678260E+02  0.000000000E+00  9.962322963E+00 
       644  2.123647142E+02  0.000000000E+00  9.945691806E+00 
       645  2.127681317E+02  0.000000000E+00  9.931346425E+00 
       646  2.131781861E+02  0.000000000E+00  9.919070577E+00 
       647  2.135949866E+02  0.000000000E+00  9.908665031E+00 
       648  2.140186441E+02  0.000000000E+00  9.899946449E+00 
       649  2.144492713E+02  0.000000000E+00  9.892746332E+00 
       650  2.148869831E+02  0.000000000E+00  9.886910036E+00 
       651  2.153318959E+02  0.000000000E+00  9.882295833E+00 
       652  2.157841282E+02  0.000000000E+00  9.878774033E+00 
       653  2.162438005E+02  0.000000000E+00  9.876226150E+00 
       654  2.167110350E+02  0.000000000E+00  9.874544109E+00 
       655  2.171859563E+02  0.000000000E+00  9.873629518E+00 
       656  2.176686908E+02  0.000000000E+00  9.873392731E+00 
       657  2.181593671E+02  0.000000000E+00  9.873752540E+00 
       658  2.186581157E+02  0.000000000E+00  9.874635498E+00 
       659  2.191650695E+02  0.000000000E+00  9.875974949E+00 
       660  2.196803635E+02  0.000000000E+00  9.877710730E+00 
       661  2.202041348E+02  0.000000000E+00  9.879788574E+00 
       662  2.207365230E+02  0.000000000E+00  9.882159601E+00 
       663  2.212776699E+02  0.000000000E+00  9.884779835E+00 
       664  2.218277194E+02  0.000000000E+00  9.887609754E+00 
       665  2.223868182E+02  0.000000000E+00  9.890613875E+00 
       666  2.229551149E+02  0.000000000E+00  9.893760363E+00 
       667  2.235327610E+02  0.000000000E+00  9.897020668E+00 
       668  2.241199103E+02  0.000000000E+00  9.900369196E+00 
       669  2.247167191E+02  0.000000000E+00  9.903782998E+00 
       670  2.253233464E+02  0.000000000E+00  9.907241495E+00 
       671  2.259399536E+02  0.000000000E+00  9.910726215E+00 
       672  2.265667050E+02  0.000000000E+00  9.914220567E+00 
       673  2.272037674E+02  0.000000000E+00  9.917709622E+00 
       674  2.278513104E+02  0.000000000E+00  9.921179930E+00 
       675  2.285095066E+02  0.000000000E+00  9.924619346E+00 
       676  2.291785311E+02  0.000000000E+00  9.928016876E+00 
       677  2.298585621E+02  0.000000000E+00  9.931362543E+00 
       678  2.305497807E+02  0.000000000E+00  9.934647264E+00 
       679  2.312523708E+02  0.000000000E+00  9.937862741E+00 
       680  2.319665197E+02  0.000000000E+00  9.941001367E+00 
       681  2.326924175E+02  0.000000000E+00  9.944056142E+00 
       682  2.334302574E+02  0.000000000E+00  9.947020594E+00 
       683  2.341802359E+02  0.000000000E+00  9.949888713E+00 
       684  2.349425527E+02  0.000000000E+00  9.952654890E+00 
       685  2.357174108E+02  0.000000000E+00  9.955313861E+00 
       686  2.365050165E+02  0.000000000E+00  9.957860654E+00 
       687  2.373055796E+02  0.000000000E+00  9.960290539E+00 
       688  2.381193132E+02  0.000000000E+00  9.962598982E+00 
       689  2.389464340E+02  0.000000000E+00  9.964781599E+00 
       690  2.397871622E+02  0.000000000E+00  9.966834101E+00 
       691  2.406417216E+02  0.000000000E+00  9.968752255E+00 
       692  2.415103399E+02  0.000000000E+00  9.970531820E+00 
       693  2.423932484E+02  0.000000000E+00  9.972168500E+00 
       694  2.432906820E+02  0.000000000E+00  9.973657877E+00 
       695  2.442028798E+02  0.000000000E+00  9.974995349E+00 
       696  2.451300847E+02  0.000000000E+00  9.976176055E+00 
       697  2.460725436E+02  0.000000000E+00  9.977194797E+00 
       698  2.470305073E+02  0.000000000E+00  9.978045950E+00 
       699  2.480042311E+02  0.000000000E+00  9.978723369E+00 
       700  2.489939742E+02  0.000000000E+00  9.979220281E+00 
       701  2.500000000E+02  0.000000000E+00  9.979529129E+00 
       702  2.510060258E+02  0.000000000E+00  9.979641440E+00 
       703  2.519957689E+02  0.000000000E+00  9.979560675E+00 
       704  2.529694927E+02  0.000000000E+00  9.979295903E+00 
       705  2.539274564E+02  0.000000000E+00  9.978855446E+00 
       706  2.548699153E+02  0.000000000E+00  9.978246797E+00 
       707  2.557971202E+02  0.000000000E+00  9.977476743E+00 
       708  2.567093180E+02  0.000000000E+00  9.976551448E+00 
       709  2.576067516E+02  0.000000000E+00  9.975476541E+00 
       710  2.584896601E+02  0.000000000E+00  9.974257184E+00 
       711  2.593582784E+02  0.000000000E+00  9.972898134E+00 
       712  2.602128379E+02  0.000000000E+00  9.971403802E+00 
       713  2.610535660E+02  0.000000000E+00  9.969778294E+00 
       714  2.618806868E+02  0.000000000E+00  9.968025451E+00 
       715  2.626944204E+02  0.000000000E+00  9.966148875E+00 
       716  2.634949835E+02  0.000000000E+00  9.964151948E+00 
       717  2.642825892E+02  0.000000000E+00  9.962037843E+00 
       718  2.650574473E+02  0.000000000E+00  9.959809519E+00 
       719  2.658197641E+02  0.000000000E+00  9.957469719E+00 
       720  2.665697426E+02  0.000000000E+00  9.955020944E+00 
       721  2.673075825E+02  0.000000000E+00  9.952465425E+00 
       722  2.680334803E+02  0.000000000E+00  9.949805086E+00 
       723  2.687476292E+02  0.000000000E+00  9.947041490E+00 
       724  2.694502193E+02  0.000000000E+00  9.944175776E+00 
       725  2.701414379E+02  0.000000000E+00  9.941208586E+00 
       726  2.708214689E+02  0.000000000E+00  9.938139975E+00 
       727  2.714904934E+02  0.000000000E+00  9.934969310E+00 
       728  2.721486896E+02  0.000000000E+00  9.931695153E+00 
       729  2.727962326E+02  0.000000000E+00  9.928315133E+00 
       730  2.734332950E+02  0.000000000E+00  9.924825790E+00 
       731  2.740600464E+02  0.000000000E+00  9.921222418E+00 
       732  2.746766536E+02  0.000000000E+00  9.917498876E+00 
       733  2.752832808E+02  0.000000000E+00  9.913647387E+00 
       734  2.758800897E+02  0.000000000E+00  9.909658313E+00 
       735  2.764672390E+02  0.000000000E+00  9.905519915E+00 
       736  2.770448851E+02  0.000000000E+00  9.901218084E+00 
       737  2.776131818E+02  0.000000000E+00  9.896736053E+00 
       738  2.781722806E+02  0.000000000E+00  9.892054089E+00 
       739  2.787223301E+02  0.000000000E+00  9.887149157E+00 
       740  2.792634769E+02  0.000000000E+00  9.881994566E+00 
       741  2.797958652E+02  0.000000000E+00  9.876559586E+00 
       742  2.803196365E+02  0.000000000E+00  9.870809049E+00 
       743  2.808349305E+02  0.000000000E+00  9.864702925E+00 
       744  2.813418843E+02  0.000000000E+00  9.858195876E+00 
       745  2.818406329E+02  0.000000000E+00  9.851236799E+00 
       746  2.823313092E+02  0.000000000E+00  9.843768342E+00 
       747  2.828140437E+02  0.000000000E+00  9.835726414E+00 
       748  2.832889650E+02  0.000000000E+00  9.827039687E+00 
       749  2.837561995E+02  0.000000000E+00  9.817629081E+00 
       750  2.842158718E+02  0.000000000E+00  9.807407259E+00 
       751  2.846681041E+02  0.000000000E+00  9.796278117E+00 
       752  2.851130169E+02  0.000000000E+00  9.784136292E+00 
       753  2.855507287E+02  0.000000000E+00  9.770866682E+00 
       754  2.859813560E+02  0.000000000E+00  9.756343997E+00 
       755  2.864050134E+02  0.000000000E+00  9.740432339E+00 
       756  2.868218139E+02  0.000000000E+00  9.722984832E+00 
       757  2.872318683E+02  0.000000000E+00  9.703843303E+00 
       758  2.876352858E+02  0.000000000E+00  9.682838039E+00 
       759  2.880321740E+02  0.000000000E+00  9.659787615E+00 
       760  2.884226383E+02  0.000000000E+00  9.634498824E+00 
       761  2.888067830E+02  0.000000000E+00  9.606766717E+00 
       762  2.891847101E+02  0.000000000E+00  9.576374757E+00 
       763  2.895565204E+02  0.000000000E+00  9.543095137E+00 
       764  2.899223128E+02  0.000000000E+00  9.506689225E+00 
       765  2.902821847E+02  0.000000000E+00  9.466908209E+00 
       766  2.906362321E+02  0.000000000E+00  9.423493918E+00 
       767  2.909845490E+02  0.000000000E+00  9.376179849E+00 
       768  2.913272284E+02  0.000000000E+00  9.324692422E+00 
       769  2.916643614E+02  0.000000000E+00  9.268752450E+00 
       770  2.919960378E+02  0.000000000E+00  9.208076882E+00 
       771  2.923223460E+02  0.000000000E+00  9.142380759E+00 
       772  2.926433727E+02  0.000000000E+00  9.071379467E+00 
       773  2.929592035E+02  0.000000000E+00  8.994791212E+00 
       774  2.932699226E+02  0.000000000E+00  8.912339780E+00 
       775  2.935756125E+02  0.000000000E+00  8.823757521E+00 
       776  2.938763548E+02  0.000000000E+00  8.728788572E+00 
       777  2.941722295E+02  0.000000000E+00  8.627192287E+00 
       778  2.944633153E+02  0.000000000E+00  8.518746864E+00 
       779  2.947496899E+02  0.000000000E+00  8.403253085E+00 
       780  2.950314294E+02  0.000000000E+00  8.280538203E+00 
       781  2.953086088E+02  0.000000000E+00  8.150459841E+00 
       782  2.955813021E+02  0.000000000E+00  8.012909907E+00 
       783  2.958495817E+02  0.000000000E+00  7.867818451E+00 
       784  2.961135192E+02  0.000000000E+00  7.715157377E+00 
       785  2.963731847E+02  0.000000000E+00  7.554943914E+00 
       786  2.966286475E+02  0.000000000E+00  7.387243846E+00 
       787  2.968799755E+02  0.000000000E+00  7.212174341E+00 
       788  2.971272358E+02  0.000000000E+00  7.029906331E+00 
       789  2.973704940E+02  0.000000000E+00  6.840666398E+00 
       790  2.976098151E+02  0.000000000E+00  6.644738020E+00 
       791  2.978452626E+02  0.000000000E+00  6.442462204E+00 
       792  2.980768994E+02  0.000000000E+00  6.234237377E+00 
       793  2.983047871E+02  0.000000000E+00  6.020518523E+00 
       794  2.985289863E+02  0.000000000E+00  5.801815601E+00 
       795  2.987495568E+02  0.000000000E+00  5.913490782E+00 
       796  2.989665574E+02  0.000000000E+00  6.033538572E+00 
       797  2.991800457E+02  0.000000000E+00  5.838422150E+00 
       798  2.993900786E+02  0.000000000E+00  5.640952066E+00 
       799  2.995967121E+02  0.000000000E+00  5.441897746E+00 
       800  2.998000012E+02  0.000000000E+00  5.242531793E+00 
       801  3.000000000E+02  0.000000000E+00  5.620359218E+00 
       802  3.002500000E+02  0.000000000E+00  6.184206644E+00 
       803  3.005000000E+02  0.000000000E+00  6.134767423E+00 
       804  3.007500000E+02  0.000000000E+00  6.107277213E+00 
       805  3.010000000E+02  0.000000000E+00  6.093088054E+00 
       806  3.012500000E+02  0.000000000E+00  6.088867105E+00 
       807  3.015000000E+02  0.000000000E+00  6.092390279E+00 
       808  3.017500000E+02  0.000000000E+00  6.102067462E+00 
       809  3.020000000E+02  0.000000000E+00  6.116708629E+00 
       810  3.022500000E+02  0.000000000E+00  6.135394772E+00 
       811  3.025000000E+02  0.000000000E+00  6.157400014E+00 
       812  3.027500000E+02  0.000000000E+00  6.182141275E+00 
       813  3.030000000E+02  0.000000000E+00  6.209144053E+00 
       814  3.032500000E+02  0.000000000E+00  6.238018199E+00 
       815  3.035000000E+02  0.000000000E+00  6.268440237E+00 
       816  3.037500000E+02  0.000000000E+00  6.300140141E+00 
       817  3.040000000E+02  0.000000000E+00  6.332891206E+00 
       818  3.042500000E+02  0.000000000E+00  6.366502183E+00 
       819  3.045000000E+02  0.000000000E+00  6.400811086E+00 
       820  3.047500000E+02  0.000000000E+00  6.435680238E+00 
       821  3.050000000E+02  0.000000000E+00  6.470992280E+00 
       822  3.052500000E+02  0.000000000E+00  6.506646919E+00 
       823  3.055000000E+02  0.000000000E+00  6.542558256E+00 
       824  3.057500000E+02  0.000000000E+00  6.578652585E+00 
       825  3.060000000E+02  0.000000000E+00  6.614866566E+00 
       826  3.062500000E+02  0.000000000E+00  6.651145686E+00 
       827  3.065000000E+02  0.000000000E+00  6.687442979E+00 
       828  3.067500000E+02  0.000000000E+00  6.723717941E+00 
       829  3.070000000E+02  0.000000000E+00  6.759935611E+00 
       830  3.072500000E+02  0.000000000E+00  6.796065793E+00 
       831  3.075000000E+02  0.000000000E+00  6.832082393E+00 
       832  3.077500000E+02  0.000000000E+00  6.867962857E+00 
       833  3.080000000E+02  0.000000000E+00  6.903687679E+00 
       834  3.082500000E+02  0.000000000E+00  6.939239995E+00 
       835  3.085000000E+02  0.000000000E+00  6.974605222E+00 
       836  3.087500000E+02  0.000000000E+00  7.009770753E+00 
       837  3.090000000E+02  0.000000000E+00  7.044725694E+00 
       838  3.092500000E+02  0.000000000E+00  7.079460639E+00 
       839  3.095000000E+02  0.000000000E+00  7.113967470E+00 
       840  3.097500000E+02  0.000000000E+00  7.148239193E+00 
       841  3.100000000E+02  0.000000000E+00  7.182269788E+00 
       842  3.102500000E+02  0.000000000E+00  7.216054083E+00 
       843  3.105000000E+02  0.000000000E+00  7.249587649E+00 
       844  3.107500000E+02  0.000000000E+00  7.282866701E+00 
       845  3.110000000E+02  0.000000000E+00  7.315888017E+00 
       846  3.112500000E+02  0.000000000E+00  7.348648868E+00 
       847  3.115000000E+02  0.000000000E+00  7.381146957E+00 
       848  3.117500000E+02  0.000000000E+00  7.413380363E+00 
       849  3.120000000E+02  0.000000000E+00  7.445347498E+00 
       850  3.122500000E+02  0.000000000E+00  7.477047064E+00 
       851  3.125000000E+02  0.000000000E+00  7.508478019E+00 
       852  3.127500000E+02  0.000000000E+00  7.539639548E+00 
       853  3.130000000E+02  0.000000000E+00  7.570531033E+00 
       854  3.132500000E+02  0.000000000E+00  7.601152036E+00 
       855  3.135000000E+02  0.000000000E+00  7.631502271E+00 
       856  3.137500000E+02  0.000000000E+00  7.661581594E+00 
       857  3.140000000E+02  0.000000000E+00  7.691389984E+00 
       858  3.142500000E+02  0.000000000E+00  7.720927531E+00 
       859  3.145000000E+02  0.000000000E+00  7.750194422E+00 
       860  3.147500000E+02  0.000000000E+00  7.779190934E+00 
       861  3.150000000E+02  0.000000000E+00  7.807917424E+00 
       862  3.152500000E+02  0.000000000E+00  7.836374320E+00 
       863  3.155000000E+02  0.000000000E+00  7.864562118E+00 
       864  3.157500000E+02  0.000000000E+00  7.892481370E+00 
       865  3.160000000E+02  0.000000000E+00  7.920132683E+00 
       866  3.162500000E+02  0.000000000E+00  7.947516714E+00 
       867  3.165000000E+02  0.000000000E+00  7.974634165E+00 
       868  3.167500000E+02  0.000000000E+00  8.001485780E+00 
       869  3.170000000E+02  0.000000000E+00  8.028072340E+00 
       870  3.172500000E+02  0.000000000E+00  8.054394663E+00 
       871  3.175000000E+02  0.000000000E+00  8.080453598E+00 
       872  3.177500000E+02  0.000000000E+00  8.106250027E+00 
       873  3.180000000E+02  0.000000000E+00  8.131784858E+00 
       874  3.182500000E+02  0.000000000E+00  8.157059027E+00 
       875  3.185000000E+02  0.000000000E+00  8.182073495E+00 
       876  3.187500000E+02  0.000000000E+00  8.206829247E+00 
       877  3.190000000E+02  0.000000000E+00  8.231327287E+00 
       878  3.192500000E+02  0.000000000E+00  8.255568643E+00 
       879  3.195000000E+02  0.000000000E+00  8.279554361E+00 
       880  3.197500000E+02  0.000000000E+00  8.303285506E+00 
       881  3.200000000E+02  0.000000000E+00  8.326763160E+00 
       882  3.202500000E+02  0.000000000E+00  8.349988422E+00 
       883  3.205000000E+02  0.000000000E+00  8.372962405E+00 
       884  3.207500000E+02  0.000000000E+00  8.395686239E+00 
       885  3.210000000E+02  0.000000000E+00  8.418161066E+00 
       886  3.212500000E+02  0.000000000E+00  8.440388043E+00 
       887  3.215000000E+02  0.000000000E+00  8.462368338E+00 
       888  3.217500000E+02  0.000000000E+00  8.484103132E+00 
       889  3.220000000E+02  0.000000000E+00  8.505593618E+00 
       890  3.222500000E+02  0.000000000E+00  8.526840996E+00 
       891  3.225000000E+02  0.000000000E+00  8.547846480E+00 
       892  3.227500000E+02  0.000000000E+00  8.568611291E+00 
       893  3.230000000E+02  0.000000000E+00  8.589136661E+00 
       894  3.232500000E+02  0.000000000E+00  8.609423829E+00 
       895  3.235000000E+02  0.000000000E+00  8.629474041E+00 
       896  3.237500000E+02  0.000000000E+00  8.649288554E+00 
       897  3.240000000E+02  0.000000000E+00  8.668868626E+00 
       898  3.242500000E+02  0.000000000E+00  8.688215528E+00 
       899  3.245000000E+02  0.000000000E+00  8.707330532E+00 
       900  3.247500000E+02  0.000000000E+00  8.726214918E+00 
       901  3.250000000E+02  0.000000000E+00  8.744869971E+00 
       902  3.252500000E+02  0.000000000E+00  8.763296978E+00 
       903  3.255000000E+02  0.000000000E+00  8.781497234E+00 
       904  3.257500000E+02  0.000000000E+00  8.799472035E+00 
       905  3.260000000E+02  0.000000000E+00  8.817222682E+00 
       906  3.262500000E+02  0.000000000E+00  8.834750478E+00 
       907  3.265000000E+02  0.000000000E+00  8.852056729E+00 
       908  3.267500000E+02  0.000000000E+00  8.869142742E+00 
       909  3.270000000E+02  0.000000000E+00  8.886009829E+00 
       910  3.272500000E+02  0.000000000E+00  8.902659299E+00 
       911  3.275000000E+02  0.000000000E+00  8.919092466E+00 
       912  3.277500000E+02  0.000000000E+00  8.935310642E+00 
       913  3.280000000E+02  0.000000000E+00  8.951315140E+00 
       914  3.282500000E+02  0.000000000E+00  8.967107274E+00 
       915  3.285000000E+02  0.000000000E+00  8.982688356E+00 
       916  3.287500000E+02  0.000000000E+00  8.998059698E+00 
       917  3.290000000E+02  0.000000000E+00  9.013222611E+00 
       918  3.292500000E+02  0.000000000E+00  9.028178405E+00 
       919  3.295000000E+02  0.000000000E+00  9.042928386E+00 
       920  3.297500000E+02  0.000000000E+00  9.057473861E+00 
       921  3.300000000E+02  0.000000000E+00  9.071816132E+00 
       922  3.302500000E+02  0.000000000E+00  9.085956500E+00 
       923  3.305000000E+02  0.000000000E+00  9.099896261E+00 
       924  3.307500000E+02  0.000000000E+00  9.113636709E+00 
       925  3.310000000E+02  0.000000000E+00  9.127179134E+00 
       926  3.312500000E+02  0.000000000E+00  9.140524822E+00 
       927  3.315000000E+02  0.000000000E+00  9.153675053E+00 
       928  3.317500000E+02  0.000000000E+00  9.166631105E+00 
       929  3.320000000E+02  0.000000000E+00  9.179394250E+00 
       930  3.322500000E+02  0.000000000E+00  9.191965753E+00 
       931  3.325000000E+02  0.000000000E+00  9.204346876E+00 
       932  3.327500000E+02  0.000000000E+00  9.216538874E+00 
       933  3.330000000E+02  0.000000000E+00  9.228542994E+00 
       934  3.332500000E+02  0.000000000E+00  9.240360480E+00 
       935  3.335000000E+02  0.000000000E+00  9.251992567E+00 
       936  3.337500000E+02  0.000000000E+00  9.263440483E+00 
       937  3.340000000E+02  0.000000000E+00  9.274705449E+00 
       938  3.342500000E+02  0.000000000E+00  9.285788680E+00 
       939  3.345000000E+02  0.000000000E+00  9.296691380E+00 
       940  3.347500000E+02  0.000000000E+00  9.307414748E+00 
       941  3.350000000E+02  0.000000000E+00  9.317959972E+00 
       942  3.352500000E+02  0.000000000E+00  9.328328233E+00 
       943  3.355000000E+02  0.000000000E+00  9.338520703E+00 
       944  3.357500000E+02  0.000000000E+00  9.348538543E+00 
       945  3.360000000E+02  0.000000000E+00  9.358382906E+00 
       946  3.362500000E+02  0.000000000E+00  9.368054937E+00 
       947  3.365000000E+02  0.000000000E+00  9.377555767E+00 
       948  3.367500000E+02  0.000000000E+00  9.386886520E+00 
       949  3.370000000E+02  0.000000000E+00  9.396048308E+00 
       950  3.372500000E+02  0.000000000E+00  9.405042233E+00 
       951  3.375000000E+02  0.000000000E+00  9.413869386E+00 
       952  3.377500000E+02  0.000000000E+00  9.422530847E+00 
       953  3.380000000E+02  0.000000000E+00  9.431027683E+00 
       954  3.382500000E+02  0.000000000E+00  9.439360952E+00 
       955  3.385000000E+02  0.000000000E+00  9.447531697E+00 
       956  3.387500000E+02  0.000000000E+00  9.455540952E+00 
       957  3.390000000E+02  0.000000000E+00  9.463389737E+00 
       958  3.392500000E+02  0.000000000E+00  9.471079059E+00 
       959  3.395000000E+02  0.000000000E+00  9.478609913E+00 
       960  3.397500000E+02  0.000000000E+00  9.485983280E+00 
       961  3.400000000E+02  0.000000000E+00  9.493200130E+00 
       962  3.402500000E+02  0.000000000E+00  9.500261418E+00 
       963  3.405000000E+02  0.000000000E+00  9.507168085E+00 
       964  3.407500000E+02  0.000000000E+00  9.513921058E+00 
       965  3.410000000E+02  0.000000000E+00  9.520521252E+00 
       966  3.412500000E+02  0.000000000E+00  9.526969566E+00 
       967  3.415000000E+02  0.000000000E+00  9.533266884E+00 
       968  3.417500000E+02  0.000000000E+00  9.539414076E+00 
       969  3.420000000E+02  0.000000000E+00  9.545412000E+00 
       970  3.422500000E+02  0.000000000E+00  9.551261493E+00 
       971  3.425000000E+02  0.000000000E+00  9.556963382E+00 
       972  3.427500000E+02  0.000000000E+00  9.562518477E+00 
       973  3.430000000E+02  0.000000000E+00  9.567927572E+00 
       974  3.432500000E+02  0.000000000E+00  9.573191445E+00 
       975  3.435000000E+02  0.000000000E+00  9.578310858E+00 
       976  3.437500000E+02  0.000000000E+00  9.583286558E+00 
       977  3.440000000E+02  0.000000000E+00  9.588119276E+00 
       978  3.442500000E+02  0.000000000E+00  9.592809725E+00 
       979  3.445000000E+02  0.000000000E+00  9.597358601E+00 
       980  3.447500000E+02  0.000000000E+00  9.601766586E+00 
       981  3.450000000E+02  0.000000000E+00  9.606034343E+00 
       982  3.452500000E+02  0.000000000E+00  9.610162519E+00 
       983  3.455000000E+02  0.000000000E+00  9.614151742E+00 
       984  3.457500000E+02  0.000000000E+00  9.618002625E+00 
       985  3.460000000E+02  0.000000000E+00  9.621715762E+00 
       986  3.462500000E+02  0.000000000E+00  9.625291729E+00 
       987  3.465000000E+02  0.000000000E+00  9.628731087E+00 
       988  3.467500000E+02  0.000000000E+00  9.632034375E+00 
       989  3.470000000E+02  0.000000000E+00  9.635202118E+00 
       990  3.472500000E+02  0.000000000E+00  9.638234820E+00 
       991  3.475000000E+02  0.000000000E+00  9.641132968E+00 
       992  3.477500000E+02  0.000000000E+00  9.643897030E+00 
       993  3.480000000E+02  0.000000000E+00  9.646527456E+00 
       994  3.482500000E+02  0.000000000E+00  9.649024679E+00 
       995  3.485000000E+02  0.000000000E+00  9.651389109E+00 
       996  3.487500000E+02  0.000000000E+00  9.653621141E+00 
       997  3.490000000E+02  0.000000000E+00  9.655721151E+00 
       998  3.492500000E+02  0.000000000E+00  9.657689493E+00 
       999  3.495000000E+02  0.000000000E+00  9.659526506E+00 
      1000  3.497500000E+02  0.000000000E+00  9.661232505E+00 
      1001  3.500000000E+02  0.000000000E+00  9.662807791E+00 
      1002  3.502500000E+02  0.000000000E+00  9.664252641E+00 
      1003  3.505000000E+02  0.000000000E+00  9.665567317E+00 
      1004  3.507500000E+02  0.000000000E+00  9.666752057E+00 
      1005  3.510000000E+02  0.000000000E+00  9.667807082E+00 
      1006  3.512500000E+02  0.000000000E+00  9.668732595E+00 
      1007  3.515000000E+02  0.000000000E+00  9.669528775E+00 
      1008  3.517500000E+02  0.000000000E+00  9.670195784E+00 
      1009  3.520000000E+02  0.000000000E+00  9.670733766E+00 
      1010  3.522500000E+02  0.000000000E+00  9.671142840E+00 
      1011  3.525000000E+02  0.000000000E+00  9.671423110E+00 
      1012  3.527500000E+02  0.000000000E+00  9.671574658E+00 
      1013  3.530000000E+02  0.000000000E+00  9.671597546E+00 
      1014  3.532500000E+02  0.000000000E+00  9.671491816E+00 
      1015  3.535000000E+02  0.000000000E+00  9.671257491E+00 
      1016  3.537500000E+02  0.000000000E+00  9.670894573E+00 
      1017  3.540000000E+02  0.000000000E+00  9.670403043E+00 
      1018  3.542500000E+02  0.000000000E+00  9.669782866E+00 
      1019  3.545000000E+02  0.000000000E+00  9.669033981E+00 
      1020  3.547500000E+02  0.000000000E+00  9.668156312E+00 
      1021  3.550000000E+02  0.000000000E+00  9.667149760E+00 
      1022  3.552500000E+02  0.000000000E+00  9.666014206E+00 
      1023  3.555000000E+02  0.000000000E+00  9.664749513E+00 
      1024  3.557500000E+02  0.000000000E+00  9.663355522E+00 
      1025  3.560000000E+02  0.000000000E+00  9.661832054E+00 
      1026  3.562500000E+02  0.000000000E+00  9.660178910E+00 
      1027  3.565000000E+02  0.000000000E+00  9.658395873E+00 
      1028  3.567500000E+02  0.000000000E+00  9.656482702E+00 
      1029  3.570000000E+02  0.000000000E+00  9.654439139E+00 
      1030  3.572500000E+02  0.000000000E+00  9.652264905E+00 
      1031  3.575000000E+02  0.000000000E+00  9.649959702E+00 
      1032  3.577500000E+02  0.000000000E+00  9.647523211E+00 
      1033  3.580000000E+02  0.000000000E+00  9.644955092E+00 
      1034  3.582500000E+02  0.000000000E+00  9.642254989E+00 
      1035  3.585000000E+02  0.000000000E+00  9.639422522E+00 
      1036  3.587500000E+02  0.000000000E+00  9.636457293E+00 
      1037  3.590000000E+02  0.000000000E+00  9.633358885E+00 
      1038  3.592500000E+02  0.000000000E+00  9.630126861E+00 
      1039  3.595000000E+02  0.000000000E+00  9.626760763E+00 
      1040  3.597500000E+02  0.000000000E+00  9.623260116E+00 
      1041  3.600000000E+02  0.000000000E+00  9.619624424E+00 
      1042  3.602500000E+02  0.000000000E+00  9.615853171E+00 
      1043  3.605000000E+02  0.000000000E+00  9.611945824E+00 
      1044  3.607500000E+02  0.000000000E+00  9.607901828E+00 
      1045  3.610000000E+02  0.000000000E+00  9.603720612E+00 
      1046  3.612500000E+02  0.000000000E+00  9.599401583E+00 
      1047  3.615000000E+02  0.000000000E+00  9.594944132E+00 
      1048  3.617500000E+02  0.000000000E+00  9.590347628E+00 
      1049  3.620000000E+02  0.000000000E+00  9.585611423E+00 
      1050  3.622500000E+02  0.000000000E+00  9.580734852E+00 
      1051  3.625000000E+02  0.000000000E+00  9.575717228E+00 
      1052  3.627500000E+02  0.000000000E+00  9.570557849E+00 
      1053  3.630000000E+02  0.000000000E+00  9.565255991E+00 
      1054  3.632500000E+02  0.000000000E+00  9.559810916E+00 
      1055  3.635000000E+02  0.000000000E+00  9.554221865E+00 
      1056  3.637500000E+02  0.000000000E+00  9.548488063E+00 
      1057  3.640000000E+02  0.000000000E+00  9.542608714E+00 
      1058  3.642500000E+02  0.000000000E+00  9.536583009E+00 
      1059  3.645000000E+02  0.000000000E+00  9.530410117E+00 
      1060  3.647500000E+02  0.000000000E+00  9.524089194E+00 
      1061  3.650000000E+02  0.000000000E+00  9.517619374E+00 
      1062  3.652500000E+02  0.000000000E+00  9.510999777E+00 
      1063  3.655000000E+02  0.000000000E+00  9.504229507E+00 
      1064  3.657500000E+02  0.000000000E+00  9.497307648E+00 
      1065  3.660000000E+02  0.000000000E+00  9.490233269E+00 
      1066  3.662500000E+02  0.000000000E+00  9.483005422E+00 
      1067  3.665000000E+02  0.000000000E+00  9.475623145E+00 
      1068  3.667500000E+02  0.000000000E+00  9.468085456E+00 
      1069  3.670000000E+02  0.000000000E+00  9.460391360E+00 
      1070  3.672500000E+02  0.000000000E+00  9.452539846E+00 
      1071  3.675000000E+02  0.000000000E+00  9.444529884E+00 
      1072  3.677500000E+02  0.000000000E+00  9.436360433E+00 
      1073  3.680000000E+02  0.000000000E+00  9.428030435E+00 
      1074  3.682500000E+02  0.000000000E+00  9.419538815E+00 
      1075  3.685000000E+02  0.000000000E+00  9.410884486E+00 
      1076  3.687500000E+02  0.000000000E+00  9.402066345E+00 
      1077  3.690000000E+02  0.000000000E+00  9.393083273E+00 
      1078  3.692500000E+02  0.000000000E+00  9.383934141E+00 
      1079  3.695000000E+02  0.000000000E+00  9.374617800E+00 
      1080  3.697500000E+02  0.000000000E+00  9.365133092E+00 
      1081  3.700000000E+02  0.000000000E+00  9.355478842E+00 
      1082  3.702500000E+02  0.000000000E+00  9.345653864E+00 
      1083  3.705000000E+02  0.000000000E+00  9.335656956E+00 
      1084  3.707500000E+02  0.000000000E+00  9.325486906E+00 
      1085  3.710000000E+02  0.000000000E+00  9.315142487E+00 
      1086  3.712500000E+02  0.000000000E+00  9.304622459E+00 
      1087  3.715000000E+02  0.000000000E+00  9.293925571E+00 
      1088  3.717500000E+02  0.000000000E+00  9.283050559E+00 
      1089  3.720000000E+02  0.000000000E+00  9.271996147E+00 
      1090  3.722500000E+02  0.000000000E+00  9.260761047E+00 
      1091  3.725000000E+02  0.000000000E+00  9.249343961E+00 
      1092  3.727500000E+02  0.000000000E+00  9.237743577E+00 
      1093  3.730000000E+02  0.000000000E+00  9.225958576E+00 
      1094  3.732500000E+02  0.000000000E+00  9.213987623E+00 
      1095  3.735000000E+02  0.000000000E+00  9.201829376E+00 
      1096  3.737500000E+02  0.000000000E+00  9.189482483E+00 
      1097  3.740000000E+02  0.000000000E+00  9.176945579E+00 
      1098  3.742500000E+02  0.000000000E+00  9.164217293E+00 
      1099  3.745000000E+02  0.000000000E+00  9.151296241E+00 
      1100  3.747500000E+02  0.000000000E+00  9.138181031E+00 
      1101  3.750000000E+02  0.000000000E+00  9.124870263E+00 
      1102  3.752500000E+02  0.000000000E+00  9.111362528E+00 
      1103  3.755000000E+02  0.000000000E+00  9.097656407E+00 
      1104  3.757500000E+02  0.000000000E+00  9.083750475E+00 
      1105  3.760000000E+02  0.000000000E+00  9.069643297E+00 
      1106  3.762500000E+02  0.000000000E+00  9.055333431E+00 
      1107  3.765000000E+02  0.000000000E+00  9.040819430E+00 
      1108  3.767500000E+02  0.000000000E+00  9.026099838E+00 
      1109  3.770000000E+02  0.000000000E+00  9.011173191E+00 
      1110  3.772500000E+02  0.000000000E+00  8.996038022E+00 
      1111  3.775000000E+02  0.000000000E+00  8.980692855E+00 
      1112  3.777500000E+02  0.000000000E+00  8.965136211E+00 
      1113  3.780000000E+02  0.000000000E+00  8.949366603E+00 
      1114  3.782500000E+02  0.000000000E+00  8.933382542E+00 
      1115  3.785000000E+02  0.000000000E+00  8.917182532E+00 
      1116  3.787500000E+02  0.000000000E+00  8.900765075E+00 
      1117  3.790000000E+02  0.000000000E+00  8.884128666E+00 
      1118  3.792500000E+02  0.000000000E+00  8.867271800E+00 
      1119  3.795000000E+02  0.000000000E+00  8.850192968E+00 
      1120  3.797500000E+02  0.000000000E+00  8.832890658E+00 
      1121  3.800000000E+02  0.000000000E+00  8.815363358E+00 
      1122  3.802500000E+02  0.000000000E+00  8.797609551E+00 
      1123  3.805000000E+02  0.000000000E+00  8.779627724E+00 
      1124  3.807500000E+02  0.000000000E+00  8.761416360E+00 
      1125  3.810000000E+02  0.000000000E+00  8.742973945E+00 
      1126  3.812500000E+02  0.000000000E+00  8.724298965E+00 
      1127  3.815000000E+02  0.000000000E+00  8.705389908E+00 
      1128  3.817500000E+02  0.000000000E+00  8.686245265E+00 
      1129  3.820000000E+02  0.000000000E+00  8.666863532E+00 
      1130  3.822500000E+02  0.000000000E+00  8.647243209E+00 
      1131  3.825000000E+02  0.000000000E+00  8.627382801E+00 
      1132  3.827500000E+02  0.000000000E+00  8.607280821E+00 
      1133  3.830000000E+02  0.000000000E+00  8.586935793E+00 
      1134  3.832500000E+02  0.000000000E+00  8.566346247E+00 
      1135  3.835000000E+02  0.000000000E+00  8.545510729E+00 
      1136  3.837500000E+02  0.000000000E+00  8.524427797E+00 
      1137  3.840000000E+02  0.000000000E+00  8.503096025E+00 
      1138  3.842500000E+02  0.000000000E+00  8.481514008E+00 
      1139  3.845000000E+02  0.000000000E+00  8.459680360E+00 
      1140  3.847500000E+02  0.000000000E+00  8.437593722E+00 
      1141  3.850000000E+02  0.000000000E+00  8.415252763E+00 
      1142  3.852500000E+02  0.000000000E+00  8.392656185E+00 
      1143  3.855000000E+02  0.000000000E+00  8.369802728E+00 
      1144  3.857500000E+02  0.000000000E+00  8.346691175E+00 
      1145  3.860000000E+02  0.000000000E+00  8.323320358E+00 
      1146  3.862500000E+02  0.000000000E+00  8.299689169E+00 
      1147  3.865000000E+02  0.000000000E+00  8.275796560E+00 
      1148  3.867500000E+02  0.000000000E+00  8.251641563E+00 
      1149  3.870000000E+02  0.000000000E+00  8.227223292E+00 
      1150  3.872500000E+02  0.000000000E+00  8.202540959E+00 
      1151  3.875000000E+02  0.000000000E+00  8.177593892E+00 
      1152  3.877500000E+02  0.000000000E+00  8.152381544E+00 
      1153  3.880000000E+02  0.000000000E+00  8.126903519E+00 
      1154  3.882500000E+02  0.000000000E+00  8.101159589E+00 
      1155  3.885000000E+02  0.000000000E+00  8.075149723E+00 
      1156  3.887500000E+02  0.000000000E+00  8.048874114E+00 
      1157  3.890000000E+02  0.000000000E+00  8.022333213E+00 
      1158  3.892500000E+02  0.000000000E+00  7.995527767E+00 
      1159  3.895000000E+02  0.000000000E+00  7.968458866E+00 
      1160  3.897500000E+02  0.000000000E+00  7.941127993E+00 
      1161  3.900000000E+02  0.000000000E+00  7.913537081E+00 
      1162  3.902500000E+02  0.000000000E+00  7.885688588E+00 
      1163  3.905000000E+02  0.000000000E+00  7.857585570E+00 
      1164  3.907500000E+02  0.000000000E+00  7.829231778E+00 
      1165  3.910000000E+02  0.000000000E+00  7.800631758E+00 
      1166  3.912500000E+02  0.000000000E+00  7.771790984E+00 
      1167  3.915000000E+02  0.000000000E+00  7.742715988E+00 
      1168  3.917500000E+02  0.000000000E+00  7.713414536E+00 
      1169  3.920000000E+02  0.000000000E+00  7.683895814E+00 
      1170  3.922500000E+02  0.000000000E+00  7.654170651E+00 
      1171  3.925000000E+02  0.000000000E+00  7.624251779E+00 
      1172  3.927500000E+02  0.000000000E+00  7.594154134E+00 
      1173  3.930000000E+02  0.000000000E+00  7.563895207E+00 
      1174  3.932500000E+02  0.000000000E+00  7.533495452E+00 
      1175  3.935000000E+02  0.000000000E+00  7.502978768E+00 
      1176  3.937500000E+02  0.000000000E+00  7.472373061E+00 
      1177  3.940000000E+02  0.000000000E+00  7.441710903E+00 
      1178  3.942500000E+02  0.000000000E+00  7.411030310E+00 
      1179  3.945000000E+02  0.000000000E+00  7.380375666E+00 
      1180  3.947500000E+02  0.000000000E+00  7.349798809E+00 
      1181  3.950000000E+02  0.000000000E+00  7.319360336E+00 
      1182  3.952500000E+02  0.000000000E+00  7.289131154E+00 
      1183  3.955000000E+02  0.000000000E+00  7.259194355E+00 
      1184  3.957500000E+02  0.000000000E+00  7.229647478E+00 
      1185  3.960000000E+02  0.000000000E+00  7.200605271E+00 
      1186  3.962500000E+02  0.000000000E+00  7.172203082E+00 
      1187  3.965000000E+02  0.000000000E+00  7.144601066E+00 
      1188  3.967500000E+02  0.000000000E+00  7.117989441E+00 
      1189  3.970000000E+02  0.000000000E+00  7.092595178E+00 
      1190  3.972500000E+02  0.000000000E+00  7.068690598E+00 
      1191  3.975000000E+02  0.000000000E+00  7.046604632E+00 
      1192  3.977500000E+02  0.000000000E+00  7.026737876E+00 
      1193  3.980000000E+02  0.000000000E+00  7.009583257E+00 
      1194  3.982500000E+02  0.000000000E+00  6.995755289E+00 
      1195  3.985000000E+02  0.000000000E+00  6.986033224E+00 
      1196  3.987500000E+02  0.000000000E+00  6.981428050E+00 
      1197  3.990000000E+02  0.000000000E+00  6.983293955E+00 
      1198  3.992500000E+02  0.000000000E+00  6.993531169E+00 
      1199  3.995000000E+02  0.000000000E+00  7.014999479E+00 
      1200  3.997500000E+02  0.000000000E+00  7.055250013E+00 
      1201  4.000000000E+02  0.000000000E+00  6.333890915E+00 
      1202  4.002000034E+02  0.000000000E+00  5.834307543E+00 
      1203  4.004016387E+02  0.000000000E+00  6.030483686E+00 
      1204  4.006049192E+02  0.000000000E+00  6.222521526E+00 
      1205  4.008098583E+02  0.000000000E+00  6.409494664E+00 
      1206  4.010164696E+02  0.000000000E+00  6.591073585E+00 
      1207  4.012247666E+02  0.000000000E+00  6.766998620E+00 
      1208  4.014347631E+02  0.000000000E+00  6.937066733E+00 
      1209  4.016464731E+02  0.000000000E+00  7.101125756E+00 
      1210  4.018599104E+02  0.000000000E+00  7.259069644E+00 
      1211  4.020750892E+02  0.000000000E+00  7.410834130E+00 
      1212  4.022920237E+02  0.000000000E+00  7.556392749E+00 
      1213  4.025107282E+02  0.000000000E+00  7.703318513E+00 
      1214  4.027312172E+02  0.000000000E+00  7.843653096E+00 
      1215  4.029535052E+02  0.000000000E+00  7.969789635E+00 
      1216  4.031776069E+02  0.000000000E+00  8.089962447E+00 
      1217  4.034035370E+02  0.000000000E+00  8.204282167E+00 
      1218  4.036313106E+02  0.000000000E+00  8.312877330E+00 
      1219  4.038609426E+02  0.000000000E+00  8.415891737E+00 
      1220  4.040924483E+02  0.000000000E+00  8.513481984E+00 
      1221  4.043258428E+02  0.000000000E+00  8.610461215E+00 
      1222  4.045611417E+02  0.000000000E+00  8.702029708E+00 
      1223  4.047983604E+02  0.000000000E+00  8.783666645E+00 
      1224  4.050375146E+02  0.000000000E+00  8.860633984E+00 
      1225  4.052786201E+02  0.000000000E+00  8.933119640E+00 
      1226  4.055216929E+02  0.000000000E+00  9.004635173E+00 
      1227  4.057667489E+02  0.000000000E+00  9.078719587E+00 
      1228  4.060138044E+02  0.000000000E+00  9.156287727E+00 
      1229  4.062628756E+02  0.000000000E+00  9.225514756E+00 
      1230  4.065139791E+02  0.000000000E+00  9.281948457E+00 
      1231  4.067671314E+02  0.000000000E+00  9.337610861E+00 
      1232  4.070223492E+02  0.000000000E+00  9.388735711E+00 
      1233  4.072796494E+02  0.000000000E+00  9.436573347E+00 
      1234  4.075390490E+02  0.000000000E+00  9.478675429E+00 
      1235  4.078005650E+02  0.000000000E+00  9.511002637E+00 
      1236  4.080642148E+02  0.000000000E+00  9.541679850E+00 
      1237  4.083300158E+02  0.000000000E+00  9.570125308E+00 
      1238  4.085979855E+02  0.000000000E+00  9.596254312E+00 
      1239  4.088681416E+02  0.000000000E+00  9.589260508E+00 
      1240  4.091405020E+02  0.000000000E+00  9.583270993E+00 
      1241  4.094150846E+02  0.000000000E+00  9.610420961E+00 
      1242  4.096919076E+02  0.000000000E+00  9.635632073E+00 
      1243  4.099709892E+02  0.000000000E+00  9.659032253E+00 
      1244  4.102523480E+02  0.000000000E+00  9.680742876E+00 
      1245  4.105360024E+02  0.000000000E+00  9.700878898E+00 
      1246  4.108219711E+02  0.000000000E+00  9.719549004E+00 
      1247  4.111102732E+02  0.000000000E+00  9.736855779E+00 
      1248  4.114009276E+02  0.000000000E+00  9.752895893E+00 
      1249  4.116939535E+02  0.000000000E+00  9.767760310E+00 
      1250  4.119893702E+02  0.000000000E+00  9.781534484E+00 
      1251  4.122871973E+02  0.000000000E+00  9.794298589E+00 
      1252  4.125874544E+02  0.000000000E+00  9.806127733E+00 
      1253  4.128901614E+02  0.000000000E+00  9.817092183E+00 
      1254  4.131953383E+02  0.000000000E+00  9.827257593E+00 
      1255  4.135030051E+02  0.000000000E+00  9.836685223E+00 
      1256  4.138131823E+02  0.000000000E+00  9.845432165E+00 
      1257  4.141258902E+02  0.000000000E+00  9.853551555E+00 
      1258  4.144411496E+02  0.000000000E+00  9.861092792E+00 
      1259  4.147589813E+02  0.000000000E+00  9.868101741E+00 
      1260  4.150794062E+02  0.000000000E+00  9.874620940E+00 
      1261  4.154024455E+02  0.000000000E+00  9.880689788E+00 
      1262  4.157281206E+02  0.000000000E+00  9.886344742E+00 
      1263  4.160564529E+02  0.000000000E+00  9.891619493E+00 
      1264  4.163874641E+02  0.000000000E+00  9.896545141E+00 
      1265  4.167211762E+02  0.000000000E+00  9.901150362E+00 
      1266  4.170576110E+02  0.000000000E+00  9.905461569E+00 
      1267  4.173967909E+02  0.000000000E+00  9.909503060E+00 
      1268  4.177387382E+02  0.000000000E+00  9.913297162E+00 
      1269  4.180834756E+02  0.000000000E+00  9.916864373E+00 
      1270  4.184310257E+02  0.000000000E+00  9.920223484E+00 
      1271  4.187814116E+02  0.000000000E+00  9.923391707E+00 
      1272  4.191346563E+02  0.000000000E+00  9.926384788E+00 
      1273  4.194907832E+02  0.000000000E+00  9.929217115E+00 
      1274  4.198498158E+02  0.000000000E+00  9.931901823E+00 
      1275  4.202117779E+02  0.000000000E+00  9.934450886E+00 
      1276  4.205766933E+02  0.000000000E+00  9.936875212E+00 
      1277  4.209445860E+02  0.000000000E+00  9.939184723E+00 
      1278  4.213154806E+02  0.000000000E+00  9.941388437E+00 
      1279  4.216894013E+02  0.000000000E+00  9.943494539E+00 
      1280  4.220663728E+02  0.000000000E+00  9.945510450E+00 
      1281  4.224464202E+02  0.000000000E+00  9.947442895E+00 
      1282  4.228295685E+02  0.000000000E+00  9.949297957E+00 
      1283  4.232158429E+02  0.000000000E+00  9.951081134E+00 
      1284  4.236052691E+02  0.000000000E+00  9.952797393E+00 
      1285  4.239978726E+02  0.000000000E+00  9.954451214E+00 
      1286  4.243936795E+02  0.000000000E+00  9.956046634E+00 
      1287  4.247927158E+02  0.000000000E+00  9.957587290E+00 
      1288  4.251950080E+02  0.000000000E+00  9.959076454E+00 
      1289  4.256005825E+02  0.000000000E+00  9.960517071E+00 
      1290  4.260094662E+02  0.000000000E+00  9.961911786E+00 
      1291  4.264216861E+02  0.000000000E+00  9.963262975E+00 
      1292  4.268372694E+02  0.000000000E+00  9.964572774E+00 
      1293  4.272562434E+02  0.000000000E+00  9.965843100E+00 
      1294  4.276786360E+02  0.000000000E+00  9.967075677E+00 
      1295  4.281044750E+02  0.000000000E+00  9.968272054E+00 
      1296  4.285337884E+02  0.000000000E+00  9.969433624E+00 
      1297  4.289666047E+02  0.000000000E+00  9.970561642E+00 
      1298  4.294029525E+02  0.000000000E+00  9.971657240E+00 
      1299  4.298428605E+02  0.000000000E+00  9.972721443E+00 
      1300  4.302863578E+02  0.000000000E+00  9.973755177E+00 
      1301  4.307334737E+02  0.000000000E+00  9.974759286E+00 
      1302  4.311842377E+02  0.000000000E+00  9.975734539E+00 
      1303  4.316386795E+02  0.000000000E+00  9.976681643E+00 
      1304  4.320968293E+02  0.000000000E+00  9.977601245E+00 
      1305  4.325587172E+02  0.000000000E+00  9.978493948E+00 
      1306  4.330243737E+02  0.000000000E+00  9.979360312E+00 
      1307  4.334938296E+02  0.000000000E+00  9.980200862E+00 
      1308  4.339671159E+02  0.000000000E+00  9.981016093E+00 
      1309  4.344442638E+02  0.000000000E+00  9.981806476E+00 
      1310  4.349253049E+02  0.000000000E+00  9.982572461E+00 
      1311  4.354102708E+02  0.000000000E+00  9.983314483E+00 
      1312  4.358991937E+02  0.000000000E+00  9.984032960E+00 
      1313  4.363921059E+02  0.000000000E+00  9.984728303E+00 
      1314  4.368890398E+02  0.000000000E+00  9.985400915E+00 
      1315  4.373900283E+02  0.000000000E+00  9.986051192E+00 
      1316  4.378951044E+02  0.000000000E+00  9.986679528E+00 
      1317  4.384043016E+02  0.000000000E+00  9.987286312E+00 
      1318  4.389176534E+02  0.000000000E+00  9.987871934E+00 
      1319  4.394351937E+02  0.000000000E+00  9.988436787E+00 
      1320  4.399569568E+02  0.000000000E+00  9.988981260E+00 
      1321  4.404829770E+02  0.000000000E+00  9.989505748E+00 
      1322  4.410132892E+02  0.000000000E+00  9.990010646E+00 
      1323  4.415479282E+02  0.000000000E+00  9.990496355E+00 
      1324  4.420869295E+02  0.000000000E+00  9.990963276E+00 
      1325  4.426303286E+02  0.000000000E+00  9.991411815E+00 
      1326  4.431781614E+02  0.000000000E+00  9.991842381E+00 
      1327  4.437304641E+02  0.000000000E+00  9.992255385E+00 
      1328  4.442872731E+02  0.000000000E+00  9.992651244E+00 
      1329  4.448486253E+02  0.000000000E+00  9.993030376E+00 
      1330  4.454145576E+02  0.000000000E+00  9.993393201E+00 
      1331  4.459851075E+02  0.000000000E+00  9.993740142E+00 
      1332  4.465603126E+02  0.000000000E+00  9.994071626E+00 
      1333  4.471402109E+02  0.000000000E+00  9.994388077E+00 
      1334  4.477248408E+02  0.000000000E+00  9.994689924E+00 
      1335  4.483142407E+02  0.000000000E+00  9.994977596E+00 
      1336  4.489084497E+02  0.000000000E+00  9.995251519E+00 
      1337  4.495075070E+02  0.000000000E+00  9.995512121E+00 
      1338  4.501114521E+02  0.000000000E+00  9.995759830E+00 
      1339  4.507203248E+02  0.000000000E+00  9.995995069E+00 
      1340  4.513341655E+02  0.000000000E+00  9.996218262E+00 
      1341  4.519530147E+02  0.000000000E+00  9.996429830E+00 
      1342  4.525769132E+02  0.000000000E+00  9.996630188E+00 
      1343  4.532059021E+02  0.000000000E+00  9.996819751E+00 
      1344  4.538400232E+02  0.000000000E+00  9.996998927E+00 
      1345  4.544793181E+02  0.000000000E+00  9.997168120E+00 
      1346  4.551238292E+02  0.000000000E+00  9.997327731E+00 
      1347  4.557735990E+02  0.000000000E+00  9.997478153E+00 
      1348  4.564286703E+02  0.000000000E+00  9.997619773E+00 
      1349  4.570890866E+02  0.000000000E+00  9.997752972E+00 
      1350  4.577548913E+02  0.000000000E+00  9.997878125E+00 
      1351  4.584261284E+02  0.000000000E+00  9.997995599E+00 
      1352  4.591028423E+02  0.000000000E+00  9.998105754E+00 
      1353  4.597850777E+02  0.000000000E+00  9.998208941E+00 
      1354  4.604728795E+02  0.000000000E+00  9.998305505E+00 
      1355  4.611662932E+02  0.000000000E+00  9.998395781E+00 
      1356  4.618653647E+02  0.000000000E+00  9.998480097E+00 
      1357  4.625701400E+02  0.000000000E+00  9.998558771E+00 
      1358  4.632806657E+02  0.000000000E+00  9.998632115E+00 
      1359  4.639969887E+02  0.000000000E+00  9.998700431E+00 
      1360  4.647191564E+02  0.000000000E+00  9.998764011E+00 
      1361  4.654472164E+02  0.000000000E+00  9.998823140E+00 
      1362  4.661812167E+02  0.000000000E+00  9.998878097E+00 
      1363  4.669212059E+02  0.000000000E+00  9.998929148E+00 
      1364  4.676672328E+02  0.000000000E+00  9.998976557E+00 
      1365  4.684193468E+02  0.000000000E+00  9.999020576E+00 
      1366  4.691775973E+02  0.000000000E+00  9.999061453E+00 
      1367  4.699420346E+02  0.000000000E+00  9.999099431E+00 
      1368  4.707127091E+02  0.000000000E+00  9.999134748E+00 
      1369  4.714896716E+02  0.000000000E+00  9.999167636E+00 
      1370  4.722729736E+02  0.000000000E+00  9.999198330E+00 
      1371  4.730626666E+02  0.000000000E+00  9.999227062E+00 
      1372  4.738588030E+02  0.000000000E+00  9.999254072E+00 
      1373  4.746614352E+02  0.000000000E+00  9.999279606E+00 
      1374  4.754706162E+02  0.000000000E+00  9.999303923E+00 
      1375  4.762863994E+02  0.000000000E+00  9.999327304E+00 
      1376  4.771088389E+02  0.000000000E+00  9.999350059E+00 
      1377  4.779379887E+02  0.000000000E+00  9.999372543E+00 
      1378  4.787739038E+02  0.000000000E+00  9.999395170E+00 
      1379  4.796166392E+02  0.000000000E+00  9.999418438E+00 
      1380  4.804662507E+02  0.000000000E+00  9.999442959E+00 
      1381  4.813227944E+02  0.000000000E+00  9.999469504E+00 
      1382  4.821863268E+02  0.000000000E+00  9.999499060E+00 
      1383  4.830569049E+02  0.000000000E+00  9.999532910E+00 
      1384  4.839345862E+02  0.000000000E+00  9.999572743E+00 
      1385  4.848194287E+02  0.000000000E+00  9.999620804E+00 
      1386  4.857114908E+02  0.000000000E+00  9.999680099E+00 
      1387  4.866108314E+02  0.000000000E+00  9.999754686E+00 
      1388  4.875175099E+02  0.000000000E+00  9.999850067E+00 
      1389  4.884315862E+02  0.000000000E+00  9.999973739E+00 
      1390  4.893531206E+02  0.000000000E+00  1.000013596E+01 
      1391  4.902821741E+02  0.000000000E+00  1.000035082E+01 
      1392  4.912188078E+02  0.000000000E+00  1.000063771E+01 
      1393  4.921630837E+02  0.000000000E+00  1.000102347E+01 
      1394  4.931150642E+02  0.000000000E+00  1.000154527E+01 
      1395  4.940748120E+02  0.000000000E+00  1.000225478E+01 
      1396  4.950423907E+02  0.000000000E+00  1.000322401E+01 
      1397  4.960178639E+02  0.000000000E+00  1.000455371E+01 
      1398  4.970012963E+02  0.000000000E+00  1.000637604E+01 
      1399  4.979927527E+02  0.000000000E+00  1.001020190E+01 
      1400  4.989922986E+02  0.000000000E+00  1.001531505E+01 
      1401  5.000000000E+02  0.000000000E+00  1.001765632E+01 
