nodenumber     x-coordinate     y-coordinate           udm-10 
         1  0.000000000E+00  0.000000000E+00 -4.964024770E-05 
         2  1.007701384E+00  0.000000000E+00 -9.896170276E-05 
         3  2.007247274E+00  0.000000000E+00 -1.965161676E-04 
         4  2.998703673E+00  0.000000000E+00 -2.930278271E-04 
         5  3.982136051E+00  0.000000000E+00 -3.888160395E-04 
         6  4.957609346E+00  0.000000000E+00 -4.838695013E-04 
         7  5.925187975E+00  0.000000000E+00 -5.781836242E-04 
         8  6.884935829E+00  0.000000000E+00 -6.717569457E-04 
         9  7.836916284E+00  0.000000000E+00 -7.645902116E-04 
        10  8.781192203E+00  0.000000000E+00 -8.566857211E-04 
        11  9.717825941E+00  0.000000000E+00 -9.480468639E-04 
        12  1.064687935E+01  0.000000000E+00 -1.038677792E-03 
        13  1.156841377E+01  0.000000000E+00 -1.128583189E-03 
        14  1.248249006E+01  0.000000000E+00 -1.217768101E-03 
        15  1.338916858E+01  0.000000000E+00 -1.306237821E-03 
        16  1.428850920E+01  0.000000000E+00 -1.393997806E-03 
        17  1.518057130E+01  0.000000000E+00 -1.481053615E-03 
        18  1.606541380E+01  0.000000000E+00 -1.567410864E-03 
        19  1.694309512E+01  0.000000000E+00 -1.653075200E-03 
        20  1.781367322E+01  0.000000000E+00 -1.738052275E-03 
        21  1.867720559E+01  0.000000000E+00 -1.822347732E-03 
        22  1.953374925E+01  0.000000000E+00 -1.905967192E-03 
        23  2.038336076E+01  0.000000000E+00 -1.988916250E-03 
        24  2.122609622E+01  0.000000000E+00 -2.071200463E-03 
        25  2.206201128E+01  0.000000000E+00 -2.152825351E-03 
        26  2.289116114E+01  0.000000000E+00 -2.233796394E-03 
        27  2.371360056E+01  0.000000000E+00 -2.314119027E-03 
        28  2.452938383E+01  0.000000000E+00 -2.393798642E-03 
        29  2.533856484E+01  0.000000000E+00 -2.472840586E-03 
        30  2.614119701E+01  0.000000000E+00 -2.551250160E-03 
        31  2.693733335E+01  0.000000000E+00 -2.629032622E-03 
        32  2.772702642E+01  0.000000000E+00 -2.706193181E-03 
        33  2.851032837E+01  0.000000000E+00 -2.782737004E-03 
        34  2.928729093E+01  0.000000000E+00 -2.858669214E-03 
        35  3.005796541E+01  0.000000000E+00 -2.933994886E-03 
        36  3.082240268E+01  0.000000000E+00 -3.008719055E-03 
        37  3.158065324E+01  0.000000000E+00 -3.082846710E-03 
        38  3.233276716E+01  0.000000000E+00 -3.156382800E-03 
        39  3.307879409E+01  0.000000000E+00 -3.229332228E-03 
        40  3.381878330E+01  0.000000000E+00 -3.301699859E-03 
        41  3.455278365E+01  0.000000000E+00 -3.373490515E-03 
        42  3.528084362E+01  0.000000000E+00 -3.444708976E-03 
        43  3.600301127E+01  0.000000000E+00 -3.515359983E-03 
        44  3.671933431E+01  0.000000000E+00 -3.585448239E-03 
        45  3.742986002E+01  0.000000000E+00 -3.654978404E-03 
        46  3.813463533E+01  0.000000000E+00 -3.723955103E-03 
        47  3.883370678E+01  0.000000000E+00 -3.792382919E-03 
        48  3.952712052E+01  0.000000000E+00 -3.860266402E-03 
        49  4.021492235E+01  0.000000000E+00 -3.927610061E-03 
        50  4.089715769E+01  0.000000000E+00 -3.994418369E-03 
        51  4.157387159E+01  0.000000000E+00 -4.060695763E-03 
        52  4.224510872E+01  0.000000000E+00 -4.126446645E-03 
        53  4.291091342E+01  0.000000000E+00 -4.191675380E-03 
        54  4.357132966E+01  0.000000000E+00 -4.256386298E-03 
        55  4.422640104E+01  0.000000000E+00 -4.320583697E-03 
        56  4.487617081E+01  0.000000000E+00 -4.384271837E-03 
        57  4.552068189E+01  0.000000000E+00 -4.447454948E-03 
        58  4.615997684E+01  0.000000000E+00 -4.510137224E-03 
        59  4.679409786E+01  0.000000000E+00 -4.572322826E-03 
        60  4.742308684E+01  0.000000000E+00 -4.634015885E-03 
        61  4.804698530E+01  0.000000000E+00 -4.695220497E-03 
        62  4.866583446E+01  0.000000000E+00 -4.755940729E-03 
        63  4.927967516E+01  0.000000000E+00 -4.816180614E-03 
        64  4.988854795E+01  0.000000000E+00 -4.875944156E-03 
        65  5.049249303E+01  0.000000000E+00 -4.935235329E-03 
        66  5.109155028E+01  0.000000000E+00 -4.994058074E-03 
        67  5.168575926E+01  0.000000000E+00 -5.052416307E-03 
        68  5.227515921E+01  0.000000000E+00 -5.110313910E-03 
        69  5.285978905E+01  0.000000000E+00 -5.167754741E-03 
        70  5.343968738E+01  0.000000000E+00 -5.224742629E-03 
        71  5.401489250E+01  0.000000000E+00 -5.281281373E-03 
        72  5.458544238E+01  0.000000000E+00 -5.337374748E-03 
        73  5.515137472E+01  0.000000000E+00 -5.393026504E-03 
        74  5.571272686E+01  0.000000000E+00 -5.448240362E-03 
        75  5.626953590E+01  0.000000000E+00 -5.503020024E-03 
        76  5.682183858E+01  0.000000000E+00 -5.557369165E-03 
        77  5.736967139E+01  0.000000000E+00 -5.611291438E-03 
        78  5.791307049E+01  0.000000000E+00 -5.664790478E-03 
        79  5.845207178E+01  0.000000000E+00 -5.717869898E-03 
        80  5.898671083E+01  0.000000000E+00 -5.770533293E-03 
        81  5.951702297E+01  0.000000000E+00 -5.822784244E-03 
        82  6.004304320E+01  0.000000000E+00 -5.874626316E-03 
        83  6.056480627E+01  0.000000000E+00 -5.926063062E-03 
        84  6.108234661E+01  0.000000000E+00 -5.977098025E-03 
        85  6.159569842E+01  0.000000000E+00 -6.027734744E-03 
        86  6.210489559E+01  0.000000000E+00 -6.077976751E-03 
        87  6.260997174E+01  0.000000000E+00 -6.127827581E-03 
        88  6.311096022E+01  0.000000000E+00 -6.177290769E-03 
        89  6.360789412E+01  0.000000000E+00 -6.226369864E-03 
        90  6.410080625E+01  0.000000000E+00 -6.275068423E-03 
        91  6.458972916E+01  0.000000000E+00 -6.323390027E-03 
        92  6.507469514E+01  0.000000000E+00 -6.371338278E-03 
        93  6.555573621E+01  0.000000000E+00 -6.418916815E-03 
        94  6.603288413E+01  0.000000000E+00 -6.466129316E-03 
        95  6.650617042E+01  0.000000000E+00 -6.512979508E-03 
        96  6.697562632E+01  0.000000000E+00 -6.559471179E-03 
        97  6.744128283E+01  0.000000000E+00 -6.605608188E-03 
        98  6.790317071E+01  0.000000000E+00 -6.651394475E-03 
        99  6.836132046E+01  0.000000000E+00 -6.696834082E-03 
       100  6.881576232E+01  0.000000000E+00 -6.741931159E-03 
       101  6.926652631E+01  0.000000000E+00 -6.786689989E-03 
       102  6.971364219E+01  0.000000000E+00 -6.831115001E-03 
       103  7.015713949E+01  0.000000000E+00 -6.875210798E-03 
       104  7.059704749E+01  0.000000000E+00 -6.918982172E-03 
       105  7.103339524E+01  0.000000000E+00 -6.962434136E-03 
       106  7.146621156E+01  0.000000000E+00 -7.005571950E-03 
       107  7.189552503E+01  0.000000000E+00 -7.048401154E-03 
       108  7.232136399E+01  0.000000000E+00 -7.090927598E-03 
       109  7.274375656E+01  0.000000000E+00 -7.133157486E-03 
       110  7.316273064E+01  0.000000000E+00 -7.175097415E-03 
       111  7.357831389E+01  0.000000000E+00 -7.216754417E-03 
       112  7.399053376E+01  0.000000000E+00 -7.258136016E-03 
       113  7.439941746E+01  0.000000000E+00 -7.299250279E-03 
       114  7.480499201E+01  0.000000000E+00 -7.340105874E-03 
       115  7.520728416E+01  0.000000000E+00 -7.380712140E-03 
       116  7.560632051E+01  0.000000000E+00 -7.421079154E-03 
       117  7.600212738E+01  0.000000000E+00 -7.461217814E-03 
       118  7.639473092E+01  0.000000000E+00 -7.501139915E-03 
       119  7.678415706E+01  0.000000000E+00 -7.540858251E-03 
       120  7.717043151E+01  0.000000000E+00 -7.580386706E-03 
       121  7.755357977E+01  0.000000000E+00 -7.619740368E-03 
       122  7.793362715E+01  0.000000000E+00 -7.658935640E-03 
       123  7.831059875E+01  0.000000000E+00 -7.697990374E-03 
       124  7.868451945E+01  0.000000000E+00 -7.736924002E-03 
       125  7.905541395E+01  0.000000000E+00 -7.775757683E-03 
       126  7.942330674E+01  0.000000000E+00 -7.814514467E-03 
       127  7.978822211E+01  0.000000000E+00 -7.853219461E-03 
       128  8.015018416E+01  0.000000000E+00 -7.891900016E-03 
       129  8.050921679E+01  0.000000000E+00 -7.930585922E-03 
       130  8.086534371E+01  0.000000000E+00 -7.969309623E-03 
       131  8.121858844E+01  0.000000000E+00 -8.008106442E-03 
       132  8.156897429E+01  0.000000000E+00 -8.047014825E-03 
       133  8.191652442E+01  0.000000000E+00 -8.086076602E-03 
       134  8.226126177E+01  0.000000000E+00 -8.125337265E-03 
       135  8.260320909E+01  0.000000000E+00 -8.164846263E-03 
       136  8.294238899E+01  0.000000000E+00 -8.204657318E-03 
       137  8.327882384E+01  0.000000000E+00 -8.244828766E-03 
       138  8.361253587E+01  0.000000000E+00 -8.285423909E-03 
       139  8.394354712E+01  0.000000000E+00 -8.326511401E-03 
       140  8.427187943E+01  0.000000000E+00 -8.368165649E-03 
       141  8.459755450E+01  0.000000000E+00 -8.410467243E-03 
       142  8.492059382E+01  0.000000000E+00 -8.453503409E-03 
       143  8.524101873E+01  0.000000000E+00 -8.497368490E-03 
       144  8.555885039E+01  0.000000000E+00 -8.542164451E-03 
       145  8.587410979E+01  0.000000000E+00 -8.588001419E-03 
       146  8.618681774E+01  0.000000000E+00 -8.634998246E-03 
       147  8.649699489E+01  0.000000000E+00 -8.683283106E-03 
       148  8.680466173E+01  0.000000000E+00 -8.732994119E-03 
       149  8.710983857E+01  0.000000000E+00 -8.784280018E-03 
       150  8.741254556E+01  0.000000000E+00 -8.837300832E-03 
       151  8.771280270E+01  0.000000000E+00 -8.892228625E-03 
       152  8.801062980E+01  0.000000000E+00 -8.949248249E-03 
       153  8.830604654E+01  0.000000000E+00 -9.008558149E-03 
       154  8.859907242E+01  0.000000000E+00 -9.070371199E-03 
       155  8.888972679E+01  0.000000000E+00 -9.134915574E-03 
       156  8.917802885E+01  0.000000000E+00 -9.202435666E-03 
       157  8.946399764E+01  0.000000000E+00 -9.273193037E-03 
       158  8.974765203E+01  0.000000000E+00 -9.347467412E-03 
       159  9.002901076E+01  0.000000000E+00 -9.425557716E-03 
       160  9.030809241E+01  0.000000000E+00 -9.507783151E-03 
       161  9.058491540E+01  0.000000000E+00 -9.594484316E-03 
       162  9.085949802E+01  0.000000000E+00 -9.686024370E-03 
       163  9.113185839E+01  0.000000000E+00 -9.782790242E-03 
       164  9.140201451E+01  0.000000000E+00 -9.885193879E-03 
       165  9.166998421E+01  0.000000000E+00 -9.993673548E-03 
       166  9.193578518E+01  0.000000000E+00 -1.010869517E-02 
       167  9.219943499E+01  0.000000000E+00 -1.023075373E-02 
       168  9.246095103E+01  0.000000000E+00 -1.036037470E-02 
       169  9.272035058E+01  0.000000000E+00 -1.049811550E-02 
       170  9.297765077E+01  0.000000000E+00 -1.064456711E-02 
       171  9.323286858E+01  0.000000000E+00 -1.080035110E-02 
       172  9.348602087E+01  0.000000000E+00 -1.096613518E-02 
       173  9.373712436E+01  0.000000000E+00 -1.113875916E-02 
       174  9.398619563E+01  0.000000000E+00 -1.132208244E-02 
       175  9.423325112E+01  0.000000000E+00 -1.152070462E-02 
       176  9.447830715E+01  0.000000000E+00 -1.185420903E-02 
       177  9.472137990E+01  0.000000000E+00 -1.219588704E-02 
       178  9.496248543E+01  0.000000000E+00 -1.242687718E-02 
       179  9.520163964E+01  0.000000000E+00 -1.267261241E-02 
       180  9.543885834E+01  0.000000000E+00 -1.293087557E-02 
       181  9.567415720E+01  0.000000000E+00 -1.320714434E-02 
       182  9.590755173E+01  0.000000000E+00 -1.350669362E-02 
       183  9.613905737E+01  0.000000000E+00 -1.382679696E-02 
       184  9.636868940E+01  0.000000000E+00 -1.416704936E-02 
       185  9.659646297E+01  0.000000000E+00 -1.452868436E-02 
       186  9.682239314E+01  0.000000000E+00 -1.491299837E-02 
       187  9.704649481E+01  0.000000000E+00 -1.532247763E-02 
       188  9.726878279E+01  0.000000000E+00 -1.575802635E-02 
       189  9.748927176E+01  0.000000000E+00 -1.622202654E-02 
       190  9.770797628E+01  0.000000000E+00 -1.671536804E-02 
       191  9.792491078E+01  0.000000000E+00 -1.724071312E-02 
       192  9.814008960E+01  0.000000000E+00 -1.779902913E-02 
       193  9.835352693E+01  0.000000000E+00 -1.838946513E-02 
       194  9.856523689E+01  0.000000000E+00 -1.901613003E-02 
       195  9.877523344E+01  0.000000000E+00 -1.967493950E-02 
       196  9.898353045E+01  0.000000000E+00 -2.037329049E-02 
       197  9.919014168E+01  0.000000000E+00 -2.111950127E-02 
       198  9.939508077E+01  0.000000000E+00 -2.191083875E-02 
       199  9.959836126E+01  0.000000000E+00 -2.274990076E-02 
       200  9.979999657E+01  0.000000000E+00 -2.363944631E-02 
       201  1.000000000E+02  0.000000000E+00 -2.236661565E-02 
       202  1.002500000E+02  0.000000000E+00 -2.038027101E-02 
       203  1.005000000E+02  0.000000000E+00 -2.069108026E-02 
       204  1.007500000E+02  0.000000000E+00 -2.093932460E-02 
       205  1.010000000E+02  0.000000000E+00 -2.114550890E-02 
       206  1.012500000E+02  0.000000000E+00 -2.132069241E-02 
       207  1.015000000E+02  0.000000000E+00 -2.147187506E-02 
       208  1.017500000E+02  0.000000000E+00 -2.160392890E-02 
       209  1.020000000E+02  0.000000000E+00 -2.172044392E-02 
       210  1.022500000E+02  0.000000000E+00 -2.182416416E-02 
       211  1.025000000E+02  0.000000000E+00 -2.191724064E-02 
       212  1.027500000E+02  0.000000000E+00 -2.200139082E-02 
       213  1.030000000E+02  0.000000000E+00 -2.207800520E-02 
       214  1.032500000E+02  0.000000000E+00 -2.214822185E-02 
       215  1.035000000E+02  0.000000000E+00 -2.221298030E-02 
       216  1.037500000E+02  0.000000000E+00 -2.227306163E-02 
       217  1.040000000E+02  0.000000000E+00 -2.232911895E-02 
       218  1.042500000E+02  0.000000000E+00 -2.238170096E-02 
       219  1.045000000E+02  0.000000000E+00 -2.243127050E-02 
       220  1.047500000E+02  0.000000000E+00 -2.247821931E-02 
       221  1.050000000E+02  0.000000000E+00 -2.252287991E-02 
       222  1.052500000E+02  0.000000000E+00 -2.256553525E-02 
       223  1.055000000E+02  0.000000000E+00 -2.260642661E-02 
       224  1.057500000E+02  0.000000000E+00 -2.264576014E-02 
       225  1.060000000E+02  0.000000000E+00 -2.268371225E-02 
       226  1.062500000E+02  0.000000000E+00 -2.272043414E-02 
       227  1.065000000E+02  0.000000000E+00 -2.275605554E-02 
       228  1.067500000E+02  0.000000000E+00 -2.279068792E-02 
       229  1.070000000E+02  0.000000000E+00 -2.282442717E-02 
       230  1.072500000E+02  0.000000000E+00 -2.285735584E-02 
       231  1.075000000E+02  0.000000000E+00 -2.288954509E-02 
       232  1.077500000E+02  0.000000000E+00 -2.292105631E-02 
       233  1.080000000E+02  0.000000000E+00 -2.295194251E-02 
       234  1.082500000E+02  0.000000000E+00 -2.298224954E-02 
       235  1.085000000E+02  0.000000000E+00 -2.301201706E-02 
       236  1.087500000E+02  0.000000000E+00 -2.304127942E-02 
       237  1.090000000E+02  0.000000000E+00 -2.307006644E-02 
       238  1.092500000E+02  0.000000000E+00 -2.309840400E-02 
       239  1.095000000E+02  0.000000000E+00 -2.312631463E-02 
       240  1.097500000E+02  0.000000000E+00 -2.315381794E-02 
       241  1.100000000E+02  0.000000000E+00 -2.318093106E-02 
       242  1.102500000E+02  0.000000000E+00 -2.320766896E-02 
       243  1.105000000E+02  0.000000000E+00 -2.323404477E-02 
       244  1.107500000E+02  0.000000000E+00 -2.326007001E-02 
       245  1.110000000E+02  0.000000000E+00 -2.328575486E-02 
       246  1.112500000E+02  0.000000000E+00 -2.331110829E-02 
       247  1.115000000E+02  0.000000000E+00 -2.333613827E-02 
       248  1.117500000E+02  0.000000000E+00 -2.336085188E-02 
       249  1.120000000E+02  0.000000000E+00 -2.338525547E-02 
       250  1.122500000E+02  0.000000000E+00 -2.340935473E-02 
       251  1.125000000E+02  0.000000000E+00 -2.343315480E-02 
       252  1.127500000E+02  0.000000000E+00 -2.345666032E-02 
       253  1.130000000E+02  0.000000000E+00 -2.347987554E-02 
       254  1.132500000E+02  0.000000000E+00 -2.350280435E-02 
       255  1.135000000E+02  0.000000000E+00 -2.352545033E-02 
       256  1.137500000E+02  0.000000000E+00 -2.354781682E-02 
       257  1.140000000E+02  0.000000000E+00 -2.356990692E-02 
       258  1.142500000E+02  0.000000000E+00 -2.359172353E-02 
       259  1.145000000E+02  0.000000000E+00 -2.361326940E-02 
       260  1.147500000E+02  0.000000000E+00 -2.363454714E-02 
       261  1.150000000E+02  0.000000000E+00 -2.365555923E-02 
       262  1.152500000E+02  0.000000000E+00 -2.367630806E-02 
       263  1.155000000E+02  0.000000000E+00 -2.369679592E-02 
       264  1.157500000E+02  0.000000000E+00 -2.371702503E-02 
       265  1.160000000E+02  0.000000000E+00 -2.373699755E-02 
       266  1.162500000E+02  0.000000000E+00 -2.375671558E-02 
       267  1.165000000E+02  0.000000000E+00 -2.377618118E-02 
       268  1.167500000E+02  0.000000000E+00 -2.379539637E-02 
       269  1.170000000E+02  0.000000000E+00 -2.381436313E-02 
       270  1.172500000E+02  0.000000000E+00 -2.383308342E-02 
       271  1.175000000E+02  0.000000000E+00 -2.385155917E-02 
       272  1.177500000E+02  0.000000000E+00 -2.386979230E-02 
       273  1.180000000E+02  0.000000000E+00 -2.388778469E-02 
       274  1.182500000E+02  0.000000000E+00 -2.390553823E-02 
       275  1.185000000E+02  0.000000000E+00 -2.392305479E-02 
       276  1.187500000E+02  0.000000000E+00 -2.394033623E-02 
       277  1.190000000E+02  0.000000000E+00 -2.395738439E-02 
       278  1.192500000E+02  0.000000000E+00 -2.397420112E-02 
       279  1.195000000E+02  0.000000000E+00 -2.399078825E-02 
       280  1.197500000E+02  0.000000000E+00 -2.400714760E-02 
       281  1.200000000E+02  0.000000000E+00 -2.402328100E-02 
       282  1.202500000E+02  0.000000000E+00 -2.403919027E-02 
       283  1.205000000E+02  0.000000000E+00 -2.405487721E-02 
       284  1.207500000E+02  0.000000000E+00 -2.407034364E-02 
       285  1.210000000E+02  0.000000000E+00 -2.408559135E-02 
       286  1.212500000E+02  0.000000000E+00 -2.410062215E-02 
       287  1.215000000E+02  0.000000000E+00 -2.411543782E-02 
       288  1.217500000E+02  0.000000000E+00 -2.413004016E-02 
       289  1.220000000E+02  0.000000000E+00 -2.414443095E-02 
       290  1.222500000E+02  0.000000000E+00 -2.415861197E-02 
       291  1.225000000E+02  0.000000000E+00 -2.417258498E-02 
       292  1.227500000E+02  0.000000000E+00 -2.418635177E-02 
       293  1.230000000E+02  0.000000000E+00 -2.419991409E-02 
       294  1.232500000E+02  0.000000000E+00 -2.421327370E-02 
       295  1.235000000E+02  0.000000000E+00 -2.422643235E-02 
       296  1.237500000E+02  0.000000000E+00 -2.423939177E-02 
       297  1.240000000E+02  0.000000000E+00 -2.425215372E-02 
       298  1.242500000E+02  0.000000000E+00 -2.426471991E-02 
       299  1.245000000E+02  0.000000000E+00 -2.427709207E-02 
       300  1.247500000E+02  0.000000000E+00 -2.428927190E-02 
       301  1.250000000E+02  0.000000000E+00 -2.430126112E-02 
       302  1.252500000E+02  0.000000000E+00 -2.431306142E-02 
       303  1.255000000E+02  0.000000000E+00 -2.432467447E-02 
       304  1.257500000E+02  0.000000000E+00 -2.433610197E-02 
       305  1.260000000E+02  0.000000000E+00 -2.434734558E-02 
       306  1.262500000E+02  0.000000000E+00 -2.435840694E-02 
       307  1.265000000E+02  0.000000000E+00 -2.436928772E-02 
       308  1.267500000E+02  0.000000000E+00 -2.437998953E-02 
       309  1.270000000E+02  0.000000000E+00 -2.439051400E-02 
       310  1.272500000E+02  0.000000000E+00 -2.440086274E-02 
       311  1.275000000E+02  0.000000000E+00 -2.441103735E-02 
       312  1.277500000E+02  0.000000000E+00 -2.442103942E-02 
       313  1.280000000E+02  0.000000000E+00 -2.443087051E-02 
       314  1.282500000E+02  0.000000000E+00 -2.444053219E-02 
       315  1.285000000E+02  0.000000000E+00 -2.445002599E-02 
       316  1.287500000E+02  0.000000000E+00 -2.445935345E-02 
       317  1.290000000E+02  0.000000000E+00 -2.446851610E-02 
       318  1.292500000E+02  0.000000000E+00 -2.447751542E-02 
       319  1.295000000E+02  0.000000000E+00 -2.448635290E-02 
       320  1.297500000E+02  0.000000000E+00 -2.449503002E-02 
       321  1.300000000E+02  0.000000000E+00 -2.450354823E-02 
       322  1.302500000E+02  0.000000000E+00 -2.451190898E-02 
       323  1.305000000E+02  0.000000000E+00 -2.452011368E-02 
       324  1.307500000E+02  0.000000000E+00 -2.452816374E-02 
       325  1.310000000E+02  0.000000000E+00 -2.453606055E-02 
       326  1.312500000E+02  0.000000000E+00 -2.454380549E-02 
       327  1.315000000E+02  0.000000000E+00 -2.455139990E-02 
       328  1.317500000E+02  0.000000000E+00 -2.455884514E-02 
       329  1.320000000E+02  0.000000000E+00 -2.456614251E-02 
       330  1.322500000E+02  0.000000000E+00 -2.457329331E-02 
       331  1.325000000E+02  0.000000000E+00 -2.458029884E-02 
       332  1.327500000E+02  0.000000000E+00 -2.458716035E-02 
       333  1.330000000E+02  0.000000000E+00 -2.459387908E-02 
       334  1.332500000E+02  0.000000000E+00 -2.460045628E-02 
       335  1.335000000E+02  0.000000000E+00 -2.460689313E-02 
       336  1.337500000E+02  0.000000000E+00 -2.461319083E-02 
       337  1.340000000E+02  0.000000000E+00 -2.461935054E-02 
       338  1.342500000E+02  0.000000000E+00 -2.462537340E-02 
       339  1.345000000E+02  0.000000000E+00 -2.463126055E-02 
       340  1.347500000E+02  0.000000000E+00 -2.463701309E-02 
       341  1.350000000E+02  0.000000000E+00 -2.464263210E-02 
       342  1.352500000E+02  0.000000000E+00 -2.464811865E-02 
       343  1.355000000E+02  0.000000000E+00 -2.465347377E-02 
       344  1.357500000E+02  0.000000000E+00 -2.465869849E-02 
       345  1.360000000E+02  0.000000000E+00 -2.466379381E-02 
       346  1.362500000E+02  0.000000000E+00 -2.466876070E-02 
       347  1.365000000E+02  0.000000000E+00 -2.467360011E-02 
       348  1.367500000E+02  0.000000000E+00 -2.467831298E-02 
       349  1.370000000E+02  0.000000000E+00 -2.468290023E-02 
       350  1.372500000E+02  0.000000000E+00 -2.468736273E-02 
       351  1.375000000E+02  0.000000000E+00 -2.469170135E-02 
       352  1.377500000E+02  0.000000000E+00 -2.469591693E-02 
       353  1.380000000E+02  0.000000000E+00 -2.470001030E-02 
       354  1.382500000E+02  0.000000000E+00 -2.470398224E-02 
       355  1.385000000E+02  0.000000000E+00 -2.470783353E-02 
       356  1.387500000E+02  0.000000000E+00 -2.471156493E-02 
       357  1.390000000E+02  0.000000000E+00 -2.471517715E-02 
       358  1.392500000E+02  0.000000000E+00 -2.471867089E-02 
       359  1.395000000E+02  0.000000000E+00 -2.472204684E-02 
       360  1.397500000E+02  0.000000000E+00 -2.472530565E-02 
       361  1.400000000E+02  0.000000000E+00 -2.472844795E-02 
       362  1.402500000E+02  0.000000000E+00 -2.473147435E-02 
       363  1.405000000E+02  0.000000000E+00 -2.473438541E-02 
       364  1.407500000E+02  0.000000000E+00 -2.473718171E-02 
       365  1.410000000E+02  0.000000000E+00 -2.473986378E-02 
       366  1.412500000E+02  0.000000000E+00 -2.474243212E-02 
       367  1.415000000E+02  0.000000000E+00 -2.474488721E-02 
       368  1.417500000E+02  0.000000000E+00 -2.474722952E-02 
       369  1.420000000E+02  0.000000000E+00 -2.474945948E-02 
       370  1.422500000E+02  0.000000000E+00 -2.475157749E-02 
       371  1.425000000E+02  0.000000000E+00 -2.475358394E-02 
       372  1.427500000E+02  0.000000000E+00 -2.475547919E-02 
       373  1.430000000E+02  0.000000000E+00 -2.475726357E-02 
       374  1.432500000E+02  0.000000000E+00 -2.475893739E-02 
       375  1.435000000E+02  0.000000000E+00 -2.476050093E-02 
       376  1.437500000E+02  0.000000000E+00 -2.476195444E-02 
       377  1.440000000E+02  0.000000000E+00 -2.476329817E-02 
       378  1.442500000E+02  0.000000000E+00 -2.476453230E-02 
       379  1.445000000E+02  0.000000000E+00 -2.476565704E-02 
       380  1.447500000E+02  0.000000000E+00 -2.476667252E-02 
       381  1.450000000E+02  0.000000000E+00 -2.476757889E-02 
       382  1.452500000E+02  0.000000000E+00 -2.476837623E-02 
       383  1.455000000E+02  0.000000000E+00 -2.476906464E-02 
       384  1.457500000E+02  0.000000000E+00 -2.476964416E-02 
       385  1.460000000E+02  0.000000000E+00 -2.477011481E-02 
       386  1.462500000E+02  0.000000000E+00 -2.477047661E-02 
       387  1.465000000E+02  0.000000000E+00 -2.477072952E-02 
       388  1.467500000E+02  0.000000000E+00 -2.477087349E-02 
       389  1.470000000E+02  0.000000000E+00 -2.477090844E-02 
       390  1.472500000E+02  0.000000000E+00 -2.477083427E-02 
       391  1.475000000E+02  0.000000000E+00 -2.477065086E-02 
       392  1.477500000E+02  0.000000000E+00 -2.477035804E-02 
       393  1.480000000E+02  0.000000000E+00 -2.476995564E-02 
       394  1.482500000E+02  0.000000000E+00 -2.476944344E-02 
       395  1.485000000E+02  0.000000000E+00 -2.476882123E-02 
       396  1.487500000E+02  0.000000000E+00 -2.476808872E-02 
       397  1.490000000E+02  0.000000000E+00 -2.476724566E-02 
       398  1.492500000E+02  0.000000000E+00 -2.476629171E-02 
       399  1.495000000E+02  0.000000000E+00 -2.476522655E-02 
       400  1.497500000E+02  0.000000000E+00 -2.476404981E-02 
       401  1.500000000E+02  0.000000000E+00 -2.476276111E-02 
       402  1.502500000E+02  0.000000000E+00 -2.476136004E-02 
       403  1.505000000E+02  0.000000000E+00 -2.475984614E-02 
       404  1.507500000E+02  0.000000000E+00 -2.475821897E-02 
       405  1.510000000E+02  0.000000000E+00 -2.475647803E-02 
       406  1.512500000E+02  0.000000000E+00 -2.475462280E-02 
       407  1.515000000E+02  0.000000000E+00 -2.475265274E-02 
       408  1.517500000E+02  0.000000000E+00 -2.475056729E-02 
       409  1.520000000E+02  0.000000000E+00 -2.474836585E-02 
       410  1.522500000E+02  0.000000000E+00 -2.474604781E-02 
       411  1.525000000E+02  0.000000000E+00 -2.474361253E-02 
       412  1.527500000E+02  0.000000000E+00 -2.474105933E-02 
       413  1.530000000E+02  0.000000000E+00 -2.473838753E-02 
       414  1.532500000E+02  0.000000000E+00 -2.473559641E-02 
       415  1.535000000E+02  0.000000000E+00 -2.473268522E-02 
       416  1.537500000E+02  0.000000000E+00 -2.472965321E-02 
       417  1.540000000E+02  0.000000000E+00 -2.472649957E-02 
       418  1.542500000E+02  0.000000000E+00 -2.472322350E-02 
       419  1.545000000E+02  0.000000000E+00 -2.471982415E-02 
       420  1.547500000E+02  0.000000000E+00 -2.471630065E-02 
       421  1.550000000E+02  0.000000000E+00 -2.471265213E-02 
       422  1.552500000E+02  0.000000000E+00 -2.470887767E-02 
       423  1.555000000E+02  0.000000000E+00 -2.470497633E-02 
       424  1.557500000E+02  0.000000000E+00 -2.470094715E-02 
       425  1.560000000E+02  0.000000000E+00 -2.469678915E-02 
       426  1.562500000E+02  0.000000000E+00 -2.469250133E-02 
       427  1.565000000E+02  0.000000000E+00 -2.468808264E-02 
       428  1.567500000E+02  0.000000000E+00 -2.468353205E-02 
       429  1.570000000E+02  0.000000000E+00 -2.467884847E-02 
       430  1.572500000E+02  0.000000000E+00 -2.467403081E-02 
       431  1.575000000E+02  0.000000000E+00 -2.466907794E-02 
       432  1.577500000E+02  0.000000000E+00 -2.466398873E-02 
       433  1.580000000E+02  0.000000000E+00 -2.465876200E-02 
       434  1.582500000E+02  0.000000000E+00 -2.465339657E-02 
       435  1.585000000E+02  0.000000000E+00 -2.464789123E-02 
       436  1.587500000E+02  0.000000000E+00 -2.464224475E-02 
       437  1.590000000E+02  0.000000000E+00 -2.463645589E-02 
       438  1.592500000E+02  0.000000000E+00 -2.463052336E-02 
       439  1.595000000E+02  0.000000000E+00 -2.462444587E-02 
       440  1.597500000E+02  0.000000000E+00 -2.461822212E-02 
       441  1.600000000E+02  0.000000000E+00 -2.461185076E-02 
       442  1.602500000E+02  0.000000000E+00 -2.460533044E-02 
       443  1.605000000E+02  0.000000000E+00 -2.459865980E-02 
       444  1.607500000E+02  0.000000000E+00 -2.459183743E-02 
       445  1.610000000E+02  0.000000000E+00 -2.458486193E-02 
       446  1.612500000E+02  0.000000000E+00 -2.457773186E-02 
       447  1.615000000E+02  0.000000000E+00 -2.457044577E-02 
       448  1.617500000E+02  0.000000000E+00 -2.456300221E-02 
       449  1.620000000E+02  0.000000000E+00 -2.455539967E-02 
       450  1.622500000E+02  0.000000000E+00 -2.454763667E-02 
       451  1.625000000E+02  0.000000000E+00 -2.453971167E-02 
       452  1.627500000E+02  0.000000000E+00 -2.453162314E-02 
       453  1.630000000E+02  0.000000000E+00 -2.452336953E-02 
       454  1.632500000E+02  0.000000000E+00 -2.451494927E-02 
       455  1.635000000E+02  0.000000000E+00 -2.450636077E-02 
       456  1.637500000E+02  0.000000000E+00 -2.449760242E-02 
       457  1.640000000E+02  0.000000000E+00 -2.448867262E-02 
       458  1.642500000E+02  0.000000000E+00 -2.447956973E-02 
       459  1.645000000E+02  0.000000000E+00 -2.447029211E-02 
       460  1.647500000E+02  0.000000000E+00 -2.446083809E-02 
       461  1.650000000E+02  0.000000000E+00 -2.445120601E-02 
       462  1.652500000E+02  0.000000000E+00 -2.444139417E-02 
       463  1.655000000E+02  0.000000000E+00 -2.443140088E-02 
       464  1.657500000E+02  0.000000000E+00 -2.442122443E-02 
       465  1.660000000E+02  0.000000000E+00 -2.441086308E-02 
       466  1.662500000E+02  0.000000000E+00 -2.440031512E-02 
       467  1.665000000E+02  0.000000000E+00 -2.438957879E-02 
       468  1.667500000E+02  0.000000000E+00 -2.437865234E-02 
       469  1.670000000E+02  0.000000000E+00 -2.436753400E-02 
       470  1.672500000E+02  0.000000000E+00 -2.435622199E-02 
       471  1.675000000E+02  0.000000000E+00 -2.434471454E-02 
       472  1.677500000E+02  0.000000000E+00 -2.433300984E-02 
       473  1.680000000E+02  0.000000000E+00 -2.432110610E-02 
       474  1.682500000E+02  0.000000000E+00 -2.430900152E-02 
       475  1.685000000E+02  0.000000000E+00 -2.429669427E-02 
       476  1.687500000E+02  0.000000000E+00 -2.428418253E-02 
       477  1.690000000E+02  0.000000000E+00 -2.427146447E-02 
       478  1.692500000E+02  0.000000000E+00 -2.425853827E-02 
       479  1.695000000E+02  0.000000000E+00 -2.424540209E-02 
       480  1.697500000E+02  0.000000000E+00 -2.423205407E-02 
       481  1.700000000E+02  0.000000000E+00 -2.421849239E-02 
       482  1.702500000E+02  0.000000000E+00 -2.420471518E-02 
       483  1.705000000E+02  0.000000000E+00 -2.419072060E-02 
       484  1.707500000E+02  0.000000000E+00 -2.417650680E-02 
       485  1.710000000E+02  0.000000000E+00 -2.416207192E-02 
       486  1.712500000E+02  0.000000000E+00 -2.414741411E-02 
       487  1.715000000E+02  0.000000000E+00 -2.413253150E-02 
       488  1.717500000E+02  0.000000000E+00 -2.411742225E-02 
       489  1.720000000E+02  0.000000000E+00 -2.410208451E-02 
       490  1.722500000E+02  0.000000000E+00 -2.408651642E-02 
       491  1.725000000E+02  0.000000000E+00 -2.407071613E-02 
       492  1.727500000E+02  0.000000000E+00 -2.405468180E-02 
       493  1.730000000E+02  0.000000000E+00 -2.403841158E-02 
       494  1.732500000E+02  0.000000000E+00 -2.402190364E-02 
       495  1.735000000E+02  0.000000000E+00 -2.400515614E-02 
       496  1.737500000E+02  0.000000000E+00 -2.398816726E-02 
       497  1.740000000E+02  0.000000000E+00 -2.397093518E-02 
       498  1.742500000E+02  0.000000000E+00 -2.395345808E-02 
       499  1.745000000E+02  0.000000000E+00 -2.393573415E-02 
       500  1.747500000E+02  0.000000000E+00 -2.391776161E-02 
       501  1.750000000E+02  0.000000000E+00 -2.389953865E-02 
       502  1.752500000E+02  0.000000000E+00 -2.388106351E-02 
       503  1.755000000E+02  0.000000000E+00 -2.386233440E-02 
       504  1.757500000E+02  0.000000000E+00 -2.384334959E-02 
       505  1.760000000E+02  0.000000000E+00 -2.382410731E-02 
       506  1.762500000E+02  0.000000000E+00 -2.380460583E-02 
       507  1.765000000E+02  0.000000000E+00 -2.378484344E-02 
       508  1.767500000E+02  0.000000000E+00 -2.376481843E-02 
       509  1.770000000E+02  0.000000000E+00 -2.374452910E-02 
       510  1.772500000E+02  0.000000000E+00 -2.372397378E-02 
       511  1.775000000E+02  0.000000000E+00 -2.370315080E-02 
       512  1.777500000E+02  0.000000000E+00 -2.368205852E-02 
       513  1.780000000E+02  0.000000000E+00 -2.366069530E-02 
       514  1.782500000E+02  0.000000000E+00 -2.363905954E-02 
       515  1.785000000E+02  0.000000000E+00 -2.361714963E-02 
       516  1.787500000E+02  0.000000000E+00 -2.359496401E-02 
       517  1.790000000E+02  0.000000000E+00 -2.357250110E-02 
       518  1.792500000E+02  0.000000000E+00 -2.354975937E-02 
       519  1.795000000E+02  0.000000000E+00 -2.352673730E-02 
       520  1.797500000E+02  0.000000000E+00 -2.350343337E-02 
       521  1.800000000E+02  0.000000000E+00 -2.347984611E-02 
       522  1.802500000E+02  0.000000000E+00 -2.345597406E-02 
       523  1.805000000E+02  0.000000000E+00 -2.343181576E-02 
       524  1.807500000E+02  0.000000000E+00 -2.340736978E-02 
       525  1.810000000E+02  0.000000000E+00 -2.338263471E-02 
       526  1.812500000E+02  0.000000000E+00 -2.335760916E-02 
       527  1.815000000E+02  0.000000000E+00 -2.333229176E-02 
       528  1.817500000E+02  0.000000000E+00 -2.330668113E-02 
       529  1.820000000E+02  0.000000000E+00 -2.328077593E-02 
       530  1.822500000E+02  0.000000000E+00 -2.325457481E-02 
       531  1.825000000E+02  0.000000000E+00 -2.322807646E-02 
       532  1.827500000E+02  0.000000000E+00 -2.320127954E-02 
       533  1.830000000E+02  0.000000000E+00 -2.317418274E-02 
       534  1.832500000E+02  0.000000000E+00 -2.314678473E-02 
       535  1.835000000E+02  0.000000000E+00 -2.311908418E-02 
       536  1.837500000E+02  0.000000000E+00 -2.309107976E-02 
       537  1.840000000E+02  0.000000000E+00 -2.306277010E-02 
       538  1.842500000E+02  0.000000000E+00 -2.303415382E-02 
       539  1.845000000E+02  0.000000000E+00 -2.300522950E-02 
       540  1.847500000E+02  0.000000000E+00 -2.297599567E-02 
       541  1.850000000E+02  0.000000000E+00 -2.294645080E-02 
       542  1.852500000E+02  0.000000000E+00 -2.291659328E-02 
       543  1.855000000E+02  0.000000000E+00 -2.288642143E-02 
       544  1.857500000E+02  0.000000000E+00 -2.285593343E-02 
       545  1.860000000E+02  0.000000000E+00 -2.282512734E-02 
       546  1.862500000E+02  0.000000000E+00 -2.279400105E-02 
       547  1.865000000E+02  0.000000000E+00 -2.276255225E-02 
       548  1.867500000E+02  0.000000000E+00 -2.273077842E-02 
       549  1.870000000E+02  0.000000000E+00 -2.269867673E-02 
       550  1.872500000E+02  0.000000000E+00 -2.266624404E-02 
       551  1.875000000E+02  0.000000000E+00 -2.263347684E-02 
       552  1.877500000E+02  0.000000000E+00 -2.260037114E-02 
       553  1.880000000E+02  0.000000000E+00 -2.256692243E-02 
       554  1.882500000E+02  0.000000000E+00 -2.253312558E-02 
       555  1.885000000E+02  0.000000000E+00 -2.249897472E-02 
       556  1.887500000E+02  0.000000000E+00 -2.246446315E-02 
       557  1.890000000E+02  0.000000000E+00 -2.242958314E-02 
       558  1.892500000E+02  0.000000000E+00 -2.239432582E-02 
       559  1.895000000E+02  0.000000000E+00 -2.235868096E-02 
       560  1.897500000E+02  0.000000000E+00 -2.232263676E-02 
       561  1.900000000E+02  0.000000000E+00 -2.228617955E-02 
       562  1.902500000E+02  0.000000000E+00 -2.224929356E-02 
       563  1.905000000E+02  0.000000000E+00 -2.221196049E-02 
       564  1.907500000E+02  0.000000000E+00 -2.217415915E-02 
       565  1.910000000E+02  0.000000000E+00 -2.213586496E-02 
       566  1.912500000E+02  0.000000000E+00 -2.209704942E-02 
       567  1.915000000E+02  0.000000000E+00 -2.205767944E-02 
       568  1.917500000E+02  0.000000000E+00 -2.201771661E-02 
       569  1.920000000E+02  0.000000000E+00 -2.197711631E-02 
       570  1.922500000E+02  0.000000000E+00 -2.193582666E-02 
       571  1.925000000E+02  0.000000000E+00 -2.189378740E-02 
       572  1.927500000E+02  0.000000000E+00 -2.185092843E-02 
       573  1.930000000E+02  0.000000000E+00 -2.180716817E-02 
       574  1.932500000E+02  0.000000000E+00 -2.176241169E-02 
       575  1.935000000E+02  0.000000000E+00 -2.171654841E-02 
       576  1.937500000E+02  0.000000000E+00 -2.166944948E-02 
       577  1.940000000E+02  0.000000000E+00 -2.162096462E-02 
       578  1.942500000E+02  0.000000000E+00 -2.157091843E-02 
       579  1.945000000E+02  0.000000000E+00 -2.151910603E-02 
       580  1.947500000E+02  0.000000000E+00 -2.146528779E-02 
       581  1.950000000E+02  0.000000000E+00 -2.140918312E-02 
       582  1.952500000E+02  0.000000000E+00 -2.135046300E-02 
       583  1.955000000E+02  0.000000000E+00 -2.128874091E-02 
       584  1.957500000E+02  0.000000000E+00 -2.122356192E-02 
       585  1.960000000E+02  0.000000000E+00 -2.115438931E-02 
       586  1.962500000E+02  0.000000000E+00 -2.108058809E-02 
       587  1.965000000E+02  0.000000000E+00 -2.100140457E-02 
       588  1.967500000E+02  0.000000000E+00 -2.091594063E-02 
       589  1.970000000E+02  0.000000000E+00 -2.082312104E-02 
       590  1.972500000E+02  0.000000000E+00 -2.072165120E-02 
       591  1.975000000E+02  0.000000000E+00 -2.060996154E-02 
       592  1.977500000E+02  0.000000000E+00 -2.048613273E-02 
       593  1.980000000E+02  0.000000000E+00 -2.034779228E-02 
       594  1.982500000E+02  0.000000000E+00 -2.019196661E-02 
       595  1.985000000E+02  0.000000000E+00 -2.001485972E-02 
       596  1.987500000E+02  0.000000000E+00 -1.981150202E-02 
       597  1.990000000E+02  0.000000000E+00 -1.957514473E-02 
       598  1.992500000E+02  0.000000000E+00 -1.929608478E-02 
       599  1.995000000E+02  0.000000000E+00 -1.895898068E-02 
       600  1.997500000E+02  0.000000000E+00 -1.853536387E-02 
       601  2.000000000E+02  0.000000000E+00 -2.134030083E-02 
       602  2.001999988E+02  0.000000000E+00 -2.314182609E-02 
       603  2.004032879E+02  0.000000000E+00 -2.189809181E-02 
       604  2.006099214E+02  0.000000000E+00 -2.071861263E-02 
       605  2.008199543E+02  0.000000000E+00 -1.960063393E-02 
       606  2.010334426E+02  0.000000000E+00 -1.854154583E-02 
       607  2.012504431E+02  0.000000000E+00 -1.753886395E-02 
       608  2.014710137E+02  0.000000000E+00 -1.659021343E-02 
       609  2.016952129E+02  0.000000000E+00 -1.569331537E-02 
       610  2.019231006E+02  0.000000000E+00 -1.484597589E-02 
       611  2.021547374E+02  0.000000000E+00 -1.404607703E-02 
       612  2.023901849E+02  0.000000000E+00 -1.329156912E-02 
       613  2.026295060E+02  0.000000000E+00 -1.258046489E-02 
       614  2.028727642E+02  0.000000000E+00 -1.191083457E-02 
       615  2.031200245E+02  0.000000000E+00 -1.128093273E-02 
       616  2.033713525E+02  0.000000000E+00 -1.068980139E-02 
       617  2.036268153E+02  0.000000000E+00 -1.004199630E-02 
       618  2.038864808E+02  0.000000000E+00 -9.419259252E-03 
       619  2.041504183E+02  0.000000000E+00 -8.920551895E-03 
       620  2.044186979E+02  0.000000000E+00 -8.453397252E-03 
       621  2.046913911E+02  0.000000000E+00 -8.012737332E-03 
       622  2.049685706E+02  0.000000000E+00 -7.601457389E-03 
       623  2.052503101E+02  0.000000000E+00 -7.217955351E-03 
       624  2.055366847E+02  0.000000000E+00 -6.860678161E-03 
       625  2.058277705E+02  0.000000000E+00 -6.528121767E-03 
       626  2.061236452E+02  0.000000000E+00 -6.218831486E-03 
       627  2.064243875E+02  0.000000000E+00 -5.931402390E-03 
       628  2.067300774E+02  0.000000000E+00 -5.664479560E-03 
       629  2.070407965E+02  0.000000000E+00 -5.416758387E-03 
       630  2.073566273E+02  0.000000000E+00 -5.186984763E-03 
       631  2.076776540E+02  0.000000000E+00 -4.973955172E-03 
       632  2.080039622E+02  0.000000000E+00 -4.776516678E-03 
       633  2.083356386E+02  0.000000000E+00 -4.593566844E-03 
       634  2.086727716E+02  0.000000000E+00 -4.424053445E-03 
       635  2.090154510E+02  0.000000000E+00 -4.266974137E-03 
       636  2.093637679E+02  0.000000000E+00 -4.121375910E-03 
       637  2.097178153E+02  0.000000000E+00 -3.986354498E-03 
       638  2.100776872E+02  0.000000000E+00 -3.861053582E-03 
       639  2.104434797E+02  0.000000000E+00 -3.744663925E-03 
       640  2.108152899E+02  0.000000000E+00 -3.636422369E-03 
       641  2.111932170E+02  0.000000000E+00 -3.535610700E-03 
       642  2.115773617E+02  0.000000000E+00 -3.441554465E-03 
       643  2.119678260E+02  0.000000000E+00 -3.353621641E-03 
       644  2.123647142E+02  0.000000000E+00 -3.271221256E-03 
       645  2.127681317E+02  0.000000000E+00 -3.193801929E-03 
       646  2.131781861E+02  0.000000000E+00 -3.120850339E-03 
       647  2.135949866E+02  0.000000000E+00 -3.051889664E-03 
       648  2.140186441E+02  0.000000000E+00 -2.986477966E-03 
       649  2.144492713E+02  0.000000000E+00 -2.924206540E-03 
       650  2.148869831E+02  0.000000000E+00 -2.864698275E-03 
       651  2.153318959E+02  0.000000000E+00 -2.807605977E-03 
       652  2.157841282E+02  0.000000000E+00 -2.752610702E-03 
       653  2.162438005E+02  0.000000000E+00 -2.699420115E-03 
       654  2.167110350E+02  0.000000000E+00 -2.647766846E-03 
       655  2.171859563E+02  0.000000000E+00 -2.597406896E-03 
       656  2.176686908E+02  0.000000000E+00 -2.548118054E-03 
       657  2.181593671E+02  0.000000000E+00 -2.499698374E-03 
       658  2.186581157E+02  0.000000000E+00 -2.451964691E-03 
       659  2.191650695E+02  0.000000000E+00 -2.404751192E-03 
       660  2.196803635E+02  0.000000000E+00 -2.357908048E-03 
       661  2.202041348E+02  0.000000000E+00 -2.311300090E-03 
       662  2.207365230E+02  0.000000000E+00 -2.264805562E-03 
       663  2.212776699E+02  0.000000000E+00 -2.218314936E-03 
       664  2.218277194E+02  0.000000000E+00 -2.171729787E-03 
       665  2.223868182E+02  0.000000000E+00 -2.124961740E-03 
       666  2.229551149E+02  0.000000000E+00 -2.077931480E-03 
       667  2.235327610E+02  0.000000000E+00 -2.030567832E-03 
       668  2.241199103E+02  0.000000000E+00 -1.982806901E-03 
       669  2.247167191E+02  0.000000000E+00 -1.934591280E-03 
       670  2.253233464E+02  0.000000000E+00 -1.885869318E-03 
       671  2.259399536E+02  0.000000000E+00 -1.836594450E-03 
       672  2.265667050E+02  0.000000000E+00 -1.786724581E-03 
       673  2.272037674E+02  0.000000000E+00 -1.736221524E-03 
       674  2.278513104E+02  0.000000000E+00 -1.685050496E-03 
       675  2.285095066E+02  0.000000000E+00 -1.633179658E-03 
       676  2.291785311E+02  0.000000000E+00 -1.580579698E-03 
       677  2.298585621E+02  0.000000000E+00 -1.527223468E-03 
       678  2.305497807E+02  0.000000000E+00 -1.473085644E-03 
       679  2.312523708E+02  0.000000000E+00 -1.418142438E-03 
       680  2.319665197E+02  0.000000000E+00 -1.362371335E-03 
       681  2.326924175E+02  0.000000000E+00 -1.305750864E-03 
       682  2.334302574E+02  0.000000000E+00 -1.248260393E-03 
       683  2.341802359E+02  0.000000000E+00 -1.189879953E-03 
       684  2.349425527E+02  0.000000000E+00 -1.130590084E-03 
       685  2.357174108E+02  0.000000000E+00 -1.070371701E-03 
       686  2.365050165E+02  0.000000000E+00 -1.009205971E-03 
       687  2.373055796E+02  0.000000000E+00 -9.470742208E-04 
       688  2.381193132E+02  0.000000000E+00 -8.839578444E-04 
       689  2.389464340E+02  0.000000000E+00 -8.198382279E-04 
       690  2.397871622E+02  0.000000000E+00 -7.546966874E-04 
       691  2.406417216E+02  0.000000000E+00 -6.885144110E-04 
       692  2.415103399E+02  0.000000000E+00 -6.212724092E-04 
       693  2.423932484E+02  0.000000000E+00 -5.529514759E-04 
       694  2.432906820E+02  0.000000000E+00 -4.835321481E-04 
       695  2.442028798E+02  0.000000000E+00 -4.129946714E-04 
       696  2.451300847E+02  0.000000000E+00 -3.413189689E-04 
       697  2.460725436E+02  0.000000000E+00 -2.684846110E-04 
       698  2.470305073E+02  0.000000000E+00 -1.944707807E-04 
       699  2.480042311E+02  0.000000000E+00 -1.192562382E-04 
       700  2.489939742E+02  0.000000000E+00 -4.281928161E-05 
       701  2.500000000E+02  0.000000000E+00  3.486231142E-05 
       702  2.510060258E+02  0.000000000E+00  1.125335815E-04 
       703  2.519957689E+02  0.000000000E+00  1.889401727E-04 
       704  2.529694927E+02  0.000000000E+00  2.641051243E-04 
       705  2.539274564E+02  0.000000000E+00  3.380508588E-04 
       706  2.548699153E+02  0.000000000E+00  4.107992439E-04 
       707  2.557971202E+02  0.000000000E+00  4.823716423E-04 
       708  2.567093180E+02  0.000000000E+00  5.527889619E-04 
       709  2.576067516E+02  0.000000000E+00  6.220717007E-04 
       710  2.584896601E+02  0.000000000E+00  6.902399882E-04 
       711  2.593582784E+02  0.000000000E+00  7.573136247E-04 
       712  2.602128379E+02  0.000000000E+00  8.233121245E-04 
       713  2.610535660E+02  0.000000000E+00  8.882547627E-04 
       714  2.618806868E+02  0.000000000E+00  9.521606202E-04 
       715  2.626944204E+02  0.000000000E+00  1.015048639E-03 
       716  2.634949835E+02  0.000000000E+00  1.076937682E-03 
       717  2.642825892E+02  0.000000000E+00  1.137846604E-03 
       718  2.650574473E+02  0.000000000E+00  1.197794324E-03 
       719  2.658197641E+02  0.000000000E+00  1.256799920E-03 
       720  2.665697426E+02  0.000000000E+00  1.314882726E-03 
       721  2.673075825E+02  0.000000000E+00  1.372062455E-03 
       722  2.680334803E+02  0.000000000E+00  1.428359328E-03 
       723  2.687476292E+02  0.000000000E+00  1.483794234E-03 
       724  2.694502193E+02  0.000000000E+00  1.538388902E-03 
       725  2.701414379E+02  0.000000000E+00  1.592166105E-03 
       726  2.708214689E+02  0.000000000E+00  1.645149884E-03 
       727  2.714904934E+02  0.000000000E+00  1.697365812E-03 
       728  2.721486896E+02  0.000000000E+00  1.748841280E-03 
       729  2.727962326E+02  0.000000000E+00  1.799605829E-03 
       730  2.734332950E+02  0.000000000E+00  1.849691516E-03 
       731  2.740600464E+02  0.000000000E+00  1.899133320E-03 
       732  2.746766536E+02  0.000000000E+00  1.947969602E-03 
       733  2.752832808E+02  0.000000000E+00  1.996242605E-03 
       734  2.758800897E+02  0.000000000E+00  2.043999010E-03 
       735  2.764672390E+02  0.000000000E+00  2.091290548E-03 
       736  2.770448851E+02  0.000000000E+00  2.138174663E-03 
       737  2.776131818E+02  0.000000000E+00  2.184715244E-03 
       738  2.781722806E+02  0.000000000E+00  2.230983408E-03 
       739  2.787223301E+02  0.000000000E+00  2.277058358E-03 
       740  2.792634769E+02  0.000000000E+00  2.323028297E-03 
       741  2.797958652E+02  0.000000000E+00  2.368991413E-03 
       742  2.803196365E+02  0.000000000E+00  2.415056935E-03 
       743  2.808349305E+02  0.000000000E+00  2.461346244E-03 
       744  2.813418843E+02  0.000000000E+00  2.507994062E-03 
       745  2.818406329E+02  0.000000000E+00  2.555149699E-03 
       746  2.823313092E+02  0.000000000E+00  2.602978371E-03 
       747  2.828140437E+02  0.000000000E+00  2.651662566E-03 
       748  2.832889650E+02  0.000000000E+00  2.701403475E-03 
       749  2.837561995E+02  0.000000000E+00  2.752422481E-03 
       750  2.842158718E+02  0.000000000E+00  2.804962684E-03 
       751  2.846681041E+02  0.000000000E+00  2.859290482E-03 
       752  2.851130169E+02  0.000000000E+00  2.915697176E-03 
       753  2.855507287E+02  0.000000000E+00  2.974500615E-03 
       754  2.859813560E+02  0.000000000E+00  3.036046848E-03 
       755  2.864050134E+02  0.000000000E+00  3.100711798E-03 
       756  2.868218139E+02  0.000000000E+00  3.168902952E-03 
       757  2.872318683E+02  0.000000000E+00  3.241061006E-03 
       758  2.876352858E+02  0.000000000E+00  3.317661541E-03 
       759  2.880321740E+02  0.000000000E+00  3.399216640E-03 
       760  2.884226383E+02  0.000000000E+00  3.486276474E-03 
       761  2.888067830E+02  0.000000000E+00  3.579430846E-03 
       762  2.891847101E+02  0.000000000E+00  3.679310675E-03 
       763  2.895565204E+02  0.000000000E+00  3.786589393E-03 
       764  2.899223128E+02  0.000000000E+00  3.901984295E-03 
       765  2.902821847E+02  0.000000000E+00  4.026257751E-03 
       766  2.906362321E+02  0.000000000E+00  4.160218363E-03 
       767  2.909845490E+02  0.000000000E+00  4.304721986E-03 
       768  2.913272284E+02  0.000000000E+00  4.460672627E-03 
       769  2.916643614E+02  0.000000000E+00  4.629023263E-03 
       770  2.919960378E+02  0.000000000E+00  4.810776461E-03 
       771  2.923223460E+02  0.000000000E+00  5.006984941E-03 
       772  2.926433727E+02  0.000000000E+00  5.218751946E-03 
       773  2.929592035E+02  0.000000000E+00  5.447231545E-03 
       774  2.932699226E+02  0.000000000E+00  5.693628739E-03 
       775  2.935756125E+02  0.000000000E+00  5.959199502E-03 
       776  2.938763548E+02  0.000000000E+00  6.245250708E-03 
       777  2.941722295E+02  0.000000000E+00  6.553139963E-03 
       778  2.944633153E+02  0.000000000E+00  6.884275325E-03 
       779  2.947496899E+02  0.000000000E+00  7.240115067E-03 
       780  2.950314294E+02  0.000000000E+00  7.622167308E-03 
       781  2.953086088E+02  0.000000000E+00  8.031989769E-03 
       782  2.955813021E+02  0.000000000E+00  8.471189543E-03 
       783  2.958495817E+02  0.000000000E+00  8.941422930E-03 
       784  2.961135192E+02  0.000000000E+00  9.444395460E-03 
       785  2.963731847E+02  0.000000000E+00  9.981862232E-03 
       786  2.966286475E+02  0.000000000E+00  1.055562841E-02 
       787  2.968799755E+02  0.000000000E+00  1.116755019E-02 
       788  2.971272358E+02  0.000000000E+00  1.181953625E-02 
       789  2.973704940E+02  0.000000000E+00  1.251354969E-02 
       790  2.976098151E+02  0.000000000E+00  1.325161084E-02 
       791  2.978452626E+02  0.000000000E+00  1.403580072E-02 
       792  2.980768994E+02  0.000000000E+00  1.486826564E-02 
       793  2.983047871E+02  0.000000000E+00  1.575122298E-02 
       794  2.985289863E+02  0.000000000E+00  1.668696811E-02 
       795  2.987495568E+02  0.000000000E+00  1.703986962E-02 
       796  2.989665574E+02  0.000000000E+00  1.737003800E-02 
       797  2.991800457E+02  0.000000000E+00  1.829194317E-02 
       798  2.993900786E+02  0.000000000E+00  1.926264137E-02 
       799  2.995967121E+02  0.000000000E+00  2.028421485E-02 
       800  2.998000012E+02  0.000000000E+00  2.135884866E-02 
       801  3.000000000E+02  0.000000000E+00  2.030008492E-02 
       802  3.002500000E+02  0.000000000E+00  1.853163756E-02 
       803  3.005000000E+02  0.000000000E+00  1.895462186E-02 
       804  3.007500000E+02  0.000000000E+00  1.929113269E-02 
       805  3.010000000E+02  0.000000000E+00  1.956963919E-02 
       806  3.012500000E+02  0.000000000E+00  1.980548119E-02 
       807  3.015000000E+02  0.000000000E+00  2.000835943E-02 
       808  3.017500000E+02  0.000000000E+00  2.018502021E-02 
       809  3.020000000E+02  0.000000000E+00  2.034043069E-02 
       810  3.022500000E+02  0.000000000E+00  2.047838452E-02 
       811  3.025000000E+02  0.000000000E+00  2.060185309E-02 
       812  3.027500000E+02  0.000000000E+00  2.071320685E-02 
       813  3.030000000E+02  0.000000000E+00  2.081436322E-02 
       814  3.032500000E+02  0.000000000E+00  2.090689000E-02 
       815  3.035000000E+02  0.000000000E+00  2.099208018E-02 
       816  3.037500000E+02  0.000000000E+00  2.107100750E-02 
       817  3.040000000E+02  0.000000000E+00  2.114456872E-02 
       818  3.042500000E+02  0.000000000E+00  2.121351630E-02 
       819  3.045000000E+02  0.000000000E+00  2.127848408E-02 
       820  3.047500000E+02  0.000000000E+00  2.134000776E-02 
       821  3.050000000E+02  0.000000000E+00  2.139854133E-02 
       822  3.052500000E+02  0.000000000E+00  2.145447045E-02 
       823  3.055000000E+02  0.000000000E+00  2.150812338E-02 
       824  3.057500000E+02  0.000000000E+00  2.155978001E-02 
       825  3.060000000E+02  0.000000000E+00  2.160967933E-02 
       826  3.062500000E+02  0.000000000E+00  2.165802566E-02 
       827  3.065000000E+02  0.000000000E+00  2.170499388E-02 
       828  3.067500000E+02  0.000000000E+00  2.175073380E-02 
       829  3.070000000E+02  0.000000000E+00  2.179537387E-02 
       830  3.072500000E+02  0.000000000E+00  2.183902427E-02 
       831  3.075000000E+02  0.000000000E+00  2.188177961E-02 
       832  3.077500000E+02  0.000000000E+00  2.192372115E-02 
       833  3.080000000E+02  0.000000000E+00  2.196491871E-02 
       834  3.082500000E+02  0.000000000E+00  2.200543233E-02 
       835  3.085000000E+02  0.000000000E+00  2.204531363E-02 
       836  3.087500000E+02  0.000000000E+00  2.208460704E-02 
       837  3.090000000E+02  0.000000000E+00  2.212335079E-02 
       838  3.092500000E+02  0.000000000E+00  2.216157781E-02 
       839  3.095000000E+02  0.000000000E+00  2.219931644E-02 
       840  3.097500000E+02  0.000000000E+00  2.223659113E-02 
       841  3.100000000E+02  0.000000000E+00  2.227342295E-02 
       842  3.102500000E+02  0.000000000E+00  2.230983007E-02 
       843  3.105000000E+02  0.000000000E+00  2.234582817E-02 
       844  3.107500000E+02  0.000000000E+00  2.238143082E-02 
       845  3.110000000E+02  0.000000000E+00  2.241664973E-02 
       846  3.112500000E+02  0.000000000E+00  2.245149506E-02 
       847  3.115000000E+02  0.000000000E+00  2.248597560E-02 
       848  3.117500000E+02  0.000000000E+00  2.252009899E-02 
       849  3.120000000E+02  0.000000000E+00  2.255387188E-02 
       850  3.122500000E+02  0.000000000E+00  2.258730007E-02 
       851  3.125000000E+02  0.000000000E+00  2.262038864E-02 
       852  3.127500000E+02  0.000000000E+00  2.265314204E-02 
       853  3.130000000E+02  0.000000000E+00  2.268556419E-02 
       854  3.132500000E+02  0.000000000E+00  2.271765856E-02 
       855  3.135000000E+02  0.000000000E+00  2.274942825E-02 
       856  3.137500000E+02  0.000000000E+00  2.278087601E-02 
       857  3.140000000E+02  0.000000000E+00  2.281200433E-02 
       858  3.142500000E+02  0.000000000E+00  2.284281547E-02 
       859  3.145000000E+02  0.000000000E+00  2.287331149E-02 
       860  3.147500000E+02  0.000000000E+00  2.290349429E-02 
       861  3.150000000E+02  0.000000000E+00  2.293336562E-02 
       862  3.152500000E+02  0.000000000E+00  2.296292714E-02 
       863  3.155000000E+02  0.000000000E+00  2.299218041E-02 
       864  3.157500000E+02  0.000000000E+00  2.302112690E-02 
       865  3.160000000E+02  0.000000000E+00  2.304976805E-02 
       866  3.162500000E+02  0.000000000E+00  2.307810521E-02 
       867  3.165000000E+02  0.000000000E+00  2.310613974E-02 
       868  3.167500000E+02  0.000000000E+00  2.313387295E-02 
       869  3.170000000E+02  0.000000000E+00  2.316130612E-02 
       870  3.172500000E+02  0.000000000E+00  2.318844055E-02 
       871  3.175000000E+02  0.000000000E+00  2.321527751E-02 
       872  3.177500000E+02  0.000000000E+00  2.324181826E-02 
       873  3.180000000E+02  0.000000000E+00  2.326806409E-02 
       874  3.182500000E+02  0.000000000E+00  2.329401628E-02 
       875  3.185000000E+02  0.000000000E+00  2.331967611E-02 
       876  3.187500000E+02  0.000000000E+00  2.334504490E-02 
       877  3.190000000E+02  0.000000000E+00  2.337012395E-02 
       878  3.192500000E+02  0.000000000E+00  2.339491459E-02 
       879  3.195000000E+02  0.000000000E+00  2.341941818E-02 
       880  3.197500000E+02  0.000000000E+00  2.344363607E-02 
       881  3.200000000E+02  0.000000000E+00  2.346756963E-02 
       882  3.202500000E+02  0.000000000E+00  2.349122028E-02 
       883  3.205000000E+02  0.000000000E+00  2.351458942E-02 
       884  3.207500000E+02  0.000000000E+00  2.353767850E-02 
       885  3.210000000E+02  0.000000000E+00  2.356048896E-02 
       886  3.212500000E+02  0.000000000E+00  2.358302228E-02 
       887  3.215000000E+02  0.000000000E+00  2.360527995E-02 
       888  3.217500000E+02  0.000000000E+00  2.362726347E-02 
       889  3.220000000E+02  0.000000000E+00  2.364897439E-02 
       890  3.222500000E+02  0.000000000E+00  2.367041424E-02 
       891  3.225000000E+02  0.000000000E+00  2.369158460E-02 
       892  3.227500000E+02  0.000000000E+00  2.371248703E-02 
       893  3.230000000E+02  0.000000000E+00  2.373312313E-02 
       894  3.232500000E+02  0.000000000E+00  2.375349453E-02 
       895  3.235000000E+02  0.000000000E+00  2.377360285E-02 
       896  3.237500000E+02  0.000000000E+00  2.379344973E-02 
       897  3.240000000E+02  0.000000000E+00  2.381303684E-02 
       898  3.242500000E+02  0.000000000E+00  2.383236583E-02 
       899  3.245000000E+02  0.000000000E+00  2.385143841E-02 
       900  3.247500000E+02  0.000000000E+00  2.387025627E-02 
       901  3.250000000E+02  0.000000000E+00  2.388882111E-02 
       902  3.252500000E+02  0.000000000E+00  2.390713467E-02 
       903  3.255000000E+02  0.000000000E+00  2.392519867E-02 
       904  3.257500000E+02  0.000000000E+00  2.394301485E-02 
       905  3.260000000E+02  0.000000000E+00  2.396058496E-02 
       906  3.262500000E+02  0.000000000E+00  2.397791078E-02 
       907  3.265000000E+02  0.000000000E+00  2.399499405E-02 
       908  3.267500000E+02  0.000000000E+00  2.401183657E-02 
       909  3.270000000E+02  0.000000000E+00  2.402844011E-02 
       910  3.272500000E+02  0.000000000E+00  2.404480647E-02 
       911  3.275000000E+02  0.000000000E+00  2.406093743E-02 
       912  3.277500000E+02  0.000000000E+00  2.407683479E-02 
       913  3.280000000E+02  0.000000000E+00  2.409250037E-02 
       914  3.282500000E+02  0.000000000E+00  2.410793596E-02 
       915  3.285000000E+02  0.000000000E+00  2.412314339E-02 
       916  3.287500000E+02  0.000000000E+00  2.413812445E-02 
       917  3.290000000E+02  0.000000000E+00  2.415288096E-02 
       918  3.292500000E+02  0.000000000E+00  2.416741475E-02 
       919  3.295000000E+02  0.000000000E+00  2.418172762E-02 
       920  3.297500000E+02  0.000000000E+00  2.419582139E-02 
       921  3.300000000E+02  0.000000000E+00  2.420969788E-02 
       922  3.302500000E+02  0.000000000E+00  2.422335890E-02 
       923  3.305000000E+02  0.000000000E+00  2.423680627E-02 
       924  3.307500000E+02  0.000000000E+00  2.425004179E-02 
       925  3.310000000E+02  0.000000000E+00  2.426306727E-02 
       926  3.312500000E+02  0.000000000E+00  2.427588451E-02 
       927  3.315000000E+02  0.000000000E+00  2.428849531E-02 
       928  3.317500000E+02  0.000000000E+00  2.430090147E-02 
       929  3.320000000E+02  0.000000000E+00  2.431310478E-02 
       930  3.322500000E+02  0.000000000E+00  2.432510701E-02 
       931  3.325000000E+02  0.000000000E+00  2.433690996E-02 
       932  3.327500000E+02  0.000000000E+00  2.434851537E-02 
       933  3.330000000E+02  0.000000000E+00  2.435992503E-02 
       934  3.332500000E+02  0.000000000E+00  2.437114069E-02 
       935  3.335000000E+02  0.000000000E+00  2.438216409E-02 
       936  3.337500000E+02  0.000000000E+00  2.439299697E-02 
       937  3.340000000E+02  0.000000000E+00  2.440364106E-02 
       938  3.342500000E+02  0.000000000E+00  2.441409808E-02 
       939  3.345000000E+02  0.000000000E+00  2.442436973E-02 
       940  3.347500000E+02  0.000000000E+00  2.443445773E-02 
       941  3.350000000E+02  0.000000000E+00  2.444436374E-02 
       942  3.352500000E+02  0.000000000E+00  2.445408946E-02 
       943  3.355000000E+02  0.000000000E+00  2.446363654E-02 
       944  3.357500000E+02  0.000000000E+00  2.447300663E-02 
       945  3.360000000E+02  0.000000000E+00  2.448220137E-02 
       946  3.362500000E+02  0.000000000E+00  2.449122239E-02 
       947  3.365000000E+02  0.000000000E+00  2.450007130E-02 
       948  3.367500000E+02  0.000000000E+00  2.450874970E-02 
       949  3.370000000E+02  0.000000000E+00  2.451725916E-02 
       950  3.372500000E+02  0.000000000E+00  2.452560126E-02 
       951  3.375000000E+02  0.000000000E+00  2.453377755E-02 
       952  3.377500000E+02  0.000000000E+00  2.454178957E-02 
       953  3.380000000E+02  0.000000000E+00  2.454963883E-02 
       954  3.382500000E+02  0.000000000E+00  2.455732684E-02 
       955  3.385000000E+02  0.000000000E+00  2.456485509E-02 
       956  3.387500000E+02  0.000000000E+00  2.457222506E-02 
       957  3.390000000E+02  0.000000000E+00  2.457943819E-02 
       958  3.392500000E+02  0.000000000E+00  2.458649592E-02 
       959  3.395000000E+02  0.000000000E+00  2.459339967E-02 
       960  3.397500000E+02  0.000000000E+00  2.460015084E-02 
       961  3.400000000E+02  0.000000000E+00  2.460675082E-02 
       962  3.402500000E+02  0.000000000E+00  2.461320095E-02 
       963  3.405000000E+02  0.000000000E+00  2.461950259E-02 
       964  3.407500000E+02  0.000000000E+00  2.462565707E-02 
       965  3.410000000E+02  0.000000000E+00  2.463166567E-02 
       966  3.412500000E+02  0.000000000E+00  2.463752970E-02 
       967  3.415000000E+02  0.000000000E+00  2.464325042E-02 
       968  3.417500000E+02  0.000000000E+00  2.464882906E-02 
       969  3.420000000E+02  0.000000000E+00  2.465426685E-02 
       970  3.422500000E+02  0.000000000E+00  2.465956499E-02 
       971  3.425000000E+02  0.000000000E+00  2.466472467E-02 
       972  3.427500000E+02  0.000000000E+00  2.466974704E-02 
       973  3.430000000E+02  0.000000000E+00  2.467463324E-02 
       974  3.432500000E+02  0.000000000E+00  2.467938439E-02 
       975  3.435000000E+02  0.000000000E+00  2.468400158E-02 
       976  3.437500000E+02  0.000000000E+00  2.468848588E-02 
       977  3.440000000E+02  0.000000000E+00  2.469283835E-02 
       978  3.442500000E+02  0.000000000E+00  2.469706001E-02 
       979  3.445000000E+02  0.000000000E+00  2.470115185E-02 
       980  3.447500000E+02  0.000000000E+00  2.470511488E-02 
       981  3.450000000E+02  0.000000000E+00  2.470895003E-02 
       982  3.452500000E+02  0.000000000E+00  2.471265826E-02 
       983  3.455000000E+02  0.000000000E+00  2.471624046E-02 
       984  3.457500000E+02  0.000000000E+00  2.471969752E-02 
       985  3.460000000E+02  0.000000000E+00  2.472303032E-02 
       986  3.462500000E+02  0.000000000E+00  2.472623969E-02 
       987  3.465000000E+02  0.000000000E+00  2.472932644E-02 
       988  3.467500000E+02  0.000000000E+00  2.473229137E-02 
       989  3.470000000E+02  0.000000000E+00  2.473513524E-02 
       990  3.472500000E+02  0.000000000E+00  2.473785881E-02 
       991  3.475000000E+02  0.000000000E+00  2.474046278E-02 
       992  3.477500000E+02  0.000000000E+00  2.474294785E-02 
       993  3.480000000E+02  0.000000000E+00  2.474531470E-02 
       994  3.482500000E+02  0.000000000E+00  2.474756396E-02 
       995  3.485000000E+02  0.000000000E+00  2.474969626E-02 
       996  3.487500000E+02  0.000000000E+00  2.475171219E-02 
       997  3.490000000E+02  0.000000000E+00  2.475361231E-02 
       998  3.492500000E+02  0.000000000E+00  2.475539719E-02 
       999  3.495000000E+02  0.000000000E+00  2.475706733E-02 
      1000  3.497500000E+02  0.000000000E+00  2.475862323E-02 
      1001  3.500000000E+02  0.000000000E+00  2.476006535E-02 
      1002  3.502500000E+02  0.000000000E+00  2.476139415E-02 
      1003  3.505000000E+02  0.000000000E+00  2.476261004E-02 
      1004  3.507500000E+02  0.000000000E+00  2.476371341E-02 
      1005  3.510000000E+02  0.000000000E+00  2.476470463E-02 
      1006  3.512500000E+02  0.000000000E+00  2.476558404E-02 
      1007  3.515000000E+02  0.000000000E+00  2.476635196E-02 
      1008  3.517500000E+02  0.000000000E+00  2.476700868E-02 
      1009  3.520000000E+02  0.000000000E+00  2.476755446E-02 
      1010  3.522500000E+02  0.000000000E+00  2.476798954E-02 
      1011  3.525000000E+02  0.000000000E+00  2.476831414E-02 
      1012  3.527500000E+02  0.000000000E+00  2.476852844E-02 
      1013  3.530000000E+02  0.000000000E+00  2.476863260E-02 
      1014  3.532500000E+02  0.000000000E+00  2.476862677E-02 
      1015  3.535000000E+02  0.000000000E+00  2.476851105E-02 
      1016  3.537500000E+02  0.000000000E+00  2.476828552E-02 
      1017  3.540000000E+02  0.000000000E+00  2.476795025E-02 
      1018  3.542500000E+02  0.000000000E+00  2.476750526E-02 
      1019  3.545000000E+02  0.000000000E+00  2.476695058E-02 
      1020  3.547500000E+02  0.000000000E+00  2.476628617E-02 
      1021  3.550000000E+02  0.000000000E+00  2.476551199E-02 
      1022  3.552500000E+02  0.000000000E+00  2.476462798E-02 
      1023  3.555000000E+02  0.000000000E+00  2.476363404E-02 
      1024  3.557500000E+02  0.000000000E+00  2.476253004E-02 
      1025  3.560000000E+02  0.000000000E+00  2.476131585E-02 
      1026  3.562500000E+02  0.000000000E+00  2.475999129E-02 
      1027  3.565000000E+02  0.000000000E+00  2.475855617E-02 
      1028  3.567500000E+02  0.000000000E+00  2.475701026E-02 
      1029  3.570000000E+02  0.000000000E+00  2.475535331E-02 
      1030  3.572500000E+02  0.000000000E+00  2.475358506E-02 
      1031  3.575000000E+02  0.000000000E+00  2.475170520E-02 
      1032  3.577500000E+02  0.000000000E+00  2.474971341E-02 
      1033  3.580000000E+02  0.000000000E+00  2.474760934E-02 
      1034  3.582500000E+02  0.000000000E+00  2.474539262E-02 
      1035  3.585000000E+02  0.000000000E+00  2.474306286E-02 
      1036  3.587500000E+02  0.000000000E+00  2.474061962E-02 
      1037  3.590000000E+02  0.000000000E+00  2.473806246E-02 
      1038  3.592500000E+02  0.000000000E+00  2.473539091E-02 
      1039  3.595000000E+02  0.000000000E+00  2.473260447E-02 
      1040  3.597500000E+02  0.000000000E+00  2.472970261E-02 
      1041  3.600000000E+02  0.000000000E+00  2.472668481E-02 
      1042  3.602500000E+02  0.000000000E+00  2.472355047E-02 
      1043  3.605000000E+02  0.000000000E+00  2.472029901E-02 
      1044  3.607500000E+02  0.000000000E+00  2.471692982E-02 
      1045  3.610000000E+02  0.000000000E+00  2.471344224E-02 
      1046  3.612500000E+02  0.000000000E+00  2.470983562E-02 
      1047  3.615000000E+02  0.000000000E+00  2.470610925E-02 
      1048  3.617500000E+02  0.000000000E+00  2.470226244E-02 
      1049  3.620000000E+02  0.000000000E+00  2.469829444E-02 
      1050  3.622500000E+02  0.000000000E+00  2.469420449E-02 
      1051  3.625000000E+02  0.000000000E+00  2.468999181E-02 
      1052  3.627500000E+02  0.000000000E+00  2.468565560E-02 
      1053  3.630000000E+02  0.000000000E+00  2.468119502E-02 
      1054  3.632500000E+02  0.000000000E+00  2.467660922E-02 
      1055  3.635000000E+02  0.000000000E+00  2.467189733E-02 
      1056  3.637500000E+02  0.000000000E+00  2.466705846E-02 
      1057  3.640000000E+02  0.000000000E+00  2.466209167E-02 
      1058  3.642500000E+02  0.000000000E+00  2.465699604E-02 
      1059  3.645000000E+02  0.000000000E+00  2.465177060E-02 
      1060  3.647500000E+02  0.000000000E+00  2.464641437E-02 
      1061  3.650000000E+02  0.000000000E+00  2.464092634E-02 
      1062  3.652500000E+02  0.000000000E+00  2.463530548E-02 
      1063  3.655000000E+02  0.000000000E+00  2.462955075E-02 
      1064  3.657500000E+02  0.000000000E+00  2.462366107E-02 
      1065  3.660000000E+02  0.000000000E+00  2.461763536E-02 
      1066  3.662500000E+02  0.000000000E+00  2.461147251E-02 
      1067  3.665000000E+02  0.000000000E+00  2.460517139E-02 
      1068  3.667500000E+02  0.000000000E+00  2.459873084E-02 
      1069  3.670000000E+02  0.000000000E+00  2.459214970E-02 
      1070  3.672500000E+02  0.000000000E+00  2.458542678E-02 
      1071  3.675000000E+02  0.000000000E+00  2.457856087E-02 
      1072  3.677500000E+02  0.000000000E+00  2.457155074E-02 
      1073  3.680000000E+02  0.000000000E+00  2.456439514E-02 
      1074  3.682500000E+02  0.000000000E+00  2.455709281E-02 
      1075  3.685000000E+02  0.000000000E+00  2.454964247E-02 
      1076  3.687500000E+02  0.000000000E+00  2.454204281E-02 
      1077  3.690000000E+02  0.000000000E+00  2.453429251E-02 
      1078  3.692500000E+02  0.000000000E+00  2.452639024E-02 
      1079  3.695000000E+02  0.000000000E+00  2.451833465E-02 
      1080  3.697500000E+02  0.000000000E+00  2.451012435E-02 
      1081  3.700000000E+02  0.000000000E+00  2.450175797E-02 
      1082  3.702500000E+02  0.000000000E+00  2.449323410E-02 
      1083  3.705000000E+02  0.000000000E+00  2.448455132E-02 
      1084  3.707500000E+02  0.000000000E+00  2.447570819E-02 
      1085  3.710000000E+02  0.000000000E+00  2.446670327E-02 
      1086  3.712500000E+02  0.000000000E+00  2.445753508E-02 
      1087  3.715000000E+02  0.000000000E+00  2.444820214E-02 
      1088  3.717500000E+02  0.000000000E+00  2.443870296E-02 
      1089  3.720000000E+02  0.000000000E+00  2.442903603E-02 
      1090  3.722500000E+02  0.000000000E+00  2.441919982E-02 
      1091  3.725000000E+02  0.000000000E+00  2.440919280E-02 
      1092  3.727500000E+02  0.000000000E+00  2.439901342E-02 
      1093  3.730000000E+02  0.000000000E+00  2.438866011E-02 
      1094  3.732500000E+02  0.000000000E+00  2.437813129E-02 
      1095  3.735000000E+02  0.000000000E+00  2.436742539E-02 
      1096  3.737500000E+02  0.000000000E+00  2.435654079E-02 
      1097  3.740000000E+02  0.000000000E+00  2.434547590E-02 
      1098  3.742500000E+02  0.000000000E+00  2.433422908E-02 
      1099  3.745000000E+02  0.000000000E+00  2.432279870E-02 
      1100  3.747500000E+02  0.000000000E+00  2.431118313E-02 
      1101  3.750000000E+02  0.000000000E+00  2.429938071E-02 
      1102  3.752500000E+02  0.000000000E+00  2.428738977E-02 
      1103  3.755000000E+02  0.000000000E+00  2.427520865E-02 
      1104  3.757500000E+02  0.000000000E+00  2.426283567E-02 
      1105  3.760000000E+02  0.000000000E+00  2.425026913E-02 
      1106  3.762500000E+02  0.000000000E+00  2.423750735E-02 
      1107  3.765000000E+02  0.000000000E+00  2.422454862E-02 
      1108  3.767500000E+02  0.000000000E+00  2.421139122E-02 
      1109  3.770000000E+02  0.000000000E+00  2.419803344E-02 
      1110  3.772500000E+02  0.000000000E+00  2.418447355E-02 
      1111  3.775000000E+02  0.000000000E+00  2.417070982E-02 
      1112  3.777500000E+02  0.000000000E+00  2.415674053E-02 
      1113  3.780000000E+02  0.000000000E+00  2.414256391E-02 
      1114  3.782500000E+02  0.000000000E+00  2.412817823E-02 
      1115  3.785000000E+02  0.000000000E+00  2.411358174E-02 
      1116  3.787500000E+02  0.000000000E+00  2.409877267E-02 
      1117  3.790000000E+02  0.000000000E+00  2.408374926E-02 
      1118  3.792500000E+02  0.000000000E+00  2.406850974E-02 
      1119  3.795000000E+02  0.000000000E+00  2.405305235E-02 
      1120  3.797500000E+02  0.000000000E+00  2.403737531E-02 
      1121  3.800000000E+02  0.000000000E+00  2.402147683E-02 
      1122  3.802500000E+02  0.000000000E+00  2.400535514E-02 
      1123  3.805000000E+02  0.000000000E+00  2.398900844E-02 
      1124  3.807500000E+02  0.000000000E+00  2.397243493E-02 
      1125  3.810000000E+02  0.000000000E+00  2.395563283E-02 
      1126  3.812500000E+02  0.000000000E+00  2.393860031E-02 
      1127  3.815000000E+02  0.000000000E+00  2.392133556E-02 
      1128  3.817500000E+02  0.000000000E+00  2.390383678E-02 
      1129  3.820000000E+02  0.000000000E+00  2.388610211E-02 
      1130  3.822500000E+02  0.000000000E+00  2.386812973E-02 
      1131  3.825000000E+02  0.000000000E+00  2.384991778E-02 
      1132  3.827500000E+02  0.000000000E+00  2.383146438E-02 
      1133  3.830000000E+02  0.000000000E+00  2.381276767E-02 
      1134  3.832500000E+02  0.000000000E+00  2.379382572E-02 
      1135  3.835000000E+02  0.000000000E+00  2.377463662E-02 
      1136  3.837500000E+02  0.000000000E+00  2.375519840E-02 
      1137  3.840000000E+02  0.000000000E+00  2.373550907E-02 
      1138  3.842500000E+02  0.000000000E+00  2.371556662E-02 
      1139  3.845000000E+02  0.000000000E+00  2.369536895E-02 
      1140  3.847500000E+02  0.000000000E+00  2.367491395E-02 
      1141  3.850000000E+02  0.000000000E+00  2.365419942E-02 
      1142  3.852500000E+02  0.000000000E+00  2.363322310E-02 
      1143  3.855000000E+02  0.000000000E+00  2.361198263E-02 
      1144  3.857500000E+02  0.000000000E+00  2.359047556E-02 
      1145  3.860000000E+02  0.000000000E+00  2.356869932E-02 
      1146  3.862500000E+02  0.000000000E+00  2.354665119E-02 
      1147  3.865000000E+02  0.000000000E+00  2.352432829E-02 
      1148  3.867500000E+02  0.000000000E+00  2.350172756E-02 
      1149  3.870000000E+02  0.000000000E+00  2.347884571E-02 
      1150  3.872500000E+02  0.000000000E+00  2.345567920E-02 
      1151  3.875000000E+02  0.000000000E+00  2.343222416E-02 
      1152  3.877500000E+02  0.000000000E+00  2.340847639E-02 
      1153  3.880000000E+02  0.000000000E+00  2.338443130E-02 
      1154  3.882500000E+02  0.000000000E+00  2.336008379E-02 
      1155  3.885000000E+02  0.000000000E+00  2.333542822E-02 
      1156  3.887500000E+02  0.000000000E+00  2.331045830E-02 
      1157  3.890000000E+02  0.000000000E+00  2.328516701E-02 
      1158  3.892500000E+02  0.000000000E+00  2.325954644E-02 
      1159  3.895000000E+02  0.000000000E+00  2.323358769E-02 
      1160  3.897500000E+02  0.000000000E+00  2.320728066E-02 
      1161  3.900000000E+02  0.000000000E+00  2.318061392E-02 
      1162  3.902500000E+02  0.000000000E+00  2.315357442E-02 
      1163  3.905000000E+02  0.000000000E+00  2.312614730E-02 
      1164  3.907500000E+02  0.000000000E+00  2.309831555E-02 
      1165  3.910000000E+02  0.000000000E+00  2.307005968E-02 
      1166  3.912500000E+02  0.000000000E+00  2.304135732E-02 
      1167  3.915000000E+02  0.000000000E+00  2.301218273E-02 
      1168  3.917500000E+02  0.000000000E+00  2.298250629E-02 
      1169  3.920000000E+02  0.000000000E+00  2.295229385E-02 
      1170  3.922500000E+02  0.000000000E+00  2.292150596E-02 
      1171  3.925000000E+02  0.000000000E+00  2.289009705E-02 
      1172  3.927500000E+02  0.000000000E+00  2.285801440E-02 
      1173  3.930000000E+02  0.000000000E+00  2.282519694E-02 
      1174  3.932500000E+02  0.000000000E+00  2.279157390E-02 
      1175  3.935000000E+02  0.000000000E+00  2.275706315E-02 
      1176  3.937500000E+02  0.000000000E+00  2.272156928E-02 
      1177  3.940000000E+02  0.000000000E+00  2.268498137E-02 
      1178  3.942500000E+02  0.000000000E+00  2.264717030E-02 
      1179  3.945000000E+02  0.000000000E+00  2.260798559E-02 
      1180  3.947500000E+02  0.000000000E+00  2.256725164E-02 
      1181  3.950000000E+02  0.000000000E+00  2.252476322E-02 
      1182  3.952500000E+02  0.000000000E+00  2.248028009E-02 
      1183  3.955000000E+02  0.000000000E+00  2.243352051E-02 
      1184  3.957500000E+02  0.000000000E+00  2.238415334E-02 
      1185  3.960000000E+02  0.000000000E+00  2.233178842E-02 
      1186  3.962500000E+02  0.000000000E+00  2.227596474E-02 
      1187  3.965000000E+02  0.000000000E+00  2.221613569E-02 
      1188  3.967500000E+02  0.000000000E+00  2.215165060E-02 
      1189  3.970000000E+02  0.000000000E+00  2.208173124E-02 
      1190  3.972500000E+02  0.000000000E+00  2.200544137E-02 
      1191  3.975000000E+02  0.000000000E+00  2.192164685E-02 
      1192  3.977500000E+02  0.000000000E+00  2.182896181E-02 
      1193  3.980000000E+02  0.000000000E+00  2.172567435E-02 
      1194  3.982500000E+02  0.000000000E+00  2.160964021E-02 
      1195  3.985000000E+02  0.000000000E+00  2.147812371E-02 
      1196  3.987500000E+02  0.000000000E+00  2.132754547E-02 
      1197  3.990000000E+02  0.000000000E+00  2.115304741E-02 
      1198  3.992500000E+02  0.000000000E+00  2.094764894E-02 
      1199  3.995000000E+02  0.000000000E+00  2.070032039E-02 
      1200  3.997500000E+02  0.000000000E+00  2.039060964E-02 
      1201  4.000000000E+02  0.000000000E+00  2.219273031E-02 
      1202  4.002000034E+02  0.000000000E+00  2.333552437E-02 
      1203  4.004016387E+02  0.000000000E+00  2.248053160E-02 
      1204  4.006049192E+02  0.000000000E+00  2.167359384E-02 
      1205  4.008098583E+02  0.000000000E+00  2.091210483E-02 
      1206  4.010164696E+02  0.000000000E+00  2.019360934E-02 
      1207  4.012247666E+02  0.000000000E+00  1.951578965E-02 
      1208  4.014347631E+02  0.000000000E+00  1.887645439E-02 
      1209  4.016464731E+02  0.000000000E+00  1.827352885E-02 
      1210  4.018599104E+02  0.000000000E+00  1.770504654E-02 
      1211  4.020750892E+02  0.000000000E+00  1.716914163E-02 
      1212  4.022920237E+02  0.000000000E+00  1.666404270E-02 
      1213  4.025107282E+02  0.000000000E+00  1.618038808E-02 
      1214  4.027312172E+02  0.000000000E+00  1.572539759E-02 
      1215  4.029535052E+02  0.000000000E+00  1.530525882E-02 
      1216  4.031776069E+02  0.000000000E+00  1.490947206E-02 
      1217  4.034035370E+02  0.000000000E+00  1.453667571E-02 
      1218  4.036313106E+02  0.000000000E+00  1.418557452E-02 
      1219  4.038609426E+02  0.000000000E+00  1.385493650E-02 
      1220  4.040924483E+02  0.000000000E+00  1.354359017E-02 
      1221  4.043258428E+02  0.000000000E+00  1.324911384E-02 
      1222  4.045611417E+02  0.000000000E+00  1.297236087E-02 
      1223  4.047983604E+02  0.000000000E+00  1.271359304E-02 
      1224  4.050375146E+02  0.000000000E+00  1.246985483E-02 
      1225  4.052786201E+02  0.000000000E+00  1.224024900E-02 
      1226  4.055216929E+02  0.000000000E+00  1.202463342E-02 
      1227  4.057667489E+02  0.000000000E+00  1.182260207E-02 
      1228  4.060138044E+02  0.000000000E+00  1.163090914E-02 
      1229  4.062628756E+02  0.000000000E+00  1.145046547E-02 
      1230  4.065139791E+02  0.000000000E+00  1.128270034E-02 
      1231  4.067671314E+02  0.000000000E+00  1.112371692E-02 
      1232  4.070223492E+02  0.000000000E+00  1.097460708E-02 
      1233  4.072796494E+02  0.000000000E+00  1.083406894E-02 
      1234  4.075390490E+02  0.000000000E+00  1.070298317E-02 
      1235  4.078005650E+02  0.000000000E+00  1.058239284E-02 
      1236  4.080642148E+02  0.000000000E+00  1.046774164E-02 
      1237  4.083300158E+02  0.000000000E+00  1.035878914E-02 
      1238  4.085979855E+02  0.000000000E+00  1.025524513E-02 
      1239  4.088681416E+02  0.000000000E+00  9.998240158E-03 
      1240  4.091405020E+02  0.000000000E+00  9.743770400E-03 
      1241  4.094150846E+02  0.000000000E+00  9.652866145E-03 
      1242  4.096919076E+02  0.000000000E+00  9.566772043E-03 
      1243  4.099709892E+02  0.000000000E+00  9.485126163E-03 
      1244  4.102523480E+02  0.000000000E+00  9.407589114E-03 
      1245  4.105360024E+02  0.000000000E+00  9.333842868E-03 
      1246  4.108219711E+02  0.000000000E+00  9.263589645E-03 
      1247  4.111102732E+02  0.000000000E+00  9.196550823E-03 
      1248  4.114009276E+02  0.000000000E+00  9.132465919E-03 
      1249  4.116939535E+02  0.000000000E+00  9.071091570E-03 
      1250  4.119893702E+02  0.000000000E+00  9.012200596E-03 
      1251  4.122871973E+02  0.000000000E+00  8.955581081E-03 
      1252  4.125874544E+02  0.000000000E+00  8.901035491E-03 
      1253  4.128901614E+02  0.000000000E+00  8.848379852E-03 
      1254  4.131953383E+02  0.000000000E+00  8.797442933E-03 
      1255  4.135030051E+02  0.000000000E+00  8.748065498E-03 
      1256  4.138131823E+02  0.000000000E+00  8.700099573E-03 
      1257  4.141258902E+02  0.000000000E+00  8.653407749E-03 
      1258  4.144411496E+02  0.000000000E+00  8.607862532E-03 
      1259  4.147589813E+02  0.000000000E+00  8.563345711E-03 
      1260  4.150794062E+02  0.000000000E+00  8.519747762E-03 
      1261  4.154024455E+02  0.000000000E+00  8.476967287E-03 
      1262  4.157281206E+02  0.000000000E+00  8.434910475E-03 
      1263  4.160564529E+02  0.000000000E+00  8.393490602E-03 
      1264  4.163874641E+02  0.000000000E+00  8.352627545E-03 
      1265  4.167211762E+02  0.000000000E+00  8.312247335E-03 
      1266  4.170576110E+02  0.000000000E+00  8.272281724E-03 
      1267  4.173967909E+02  0.000000000E+00  8.232667787E-03 
      1268  4.177387382E+02  0.000000000E+00  8.193347542E-03 
      1269  4.180834756E+02  0.000000000E+00  8.154267591E-03 
      1270  4.184310257E+02  0.000000000E+00  8.115378786E-03 
      1271  4.187814116E+02  0.000000000E+00  8.076635917E-03 
      1272  4.191346563E+02  0.000000000E+00  8.037997406E-03 
      1273  4.194907832E+02  0.000000000E+00  7.999425044E-03 
      1274  4.198498158E+02  0.000000000E+00  7.960883725E-03 
      1275  4.202117779E+02  0.000000000E+00  7.922341201E-03 
      1276  4.205766933E+02  0.000000000E+00  7.883767863E-03 
      1277  4.209445860E+02  0.000000000E+00  7.845136525E-03 
      1278  4.213154806E+02  0.000000000E+00  7.806422229E-03 
      1279  4.216894013E+02  0.000000000E+00  7.767602065E-03 
      1280  4.220663728E+02  0.000000000E+00  7.728654993E-03 
      1281  4.224464202E+02  0.000000000E+00  7.689561696E-03 
      1282  4.228295685E+02  0.000000000E+00  7.650304424E-03 
      1283  4.232158429E+02  0.000000000E+00  7.610866861E-03 
      1284  4.236052691E+02  0.000000000E+00  7.571234005E-03 
      1285  4.239978726E+02  0.000000000E+00  7.531392045E-03 
      1286  4.243936795E+02  0.000000000E+00  7.491328256E-03 
      1287  4.247927158E+02  0.000000000E+00  7.451030898E-03 
      1288  4.251950080E+02  0.000000000E+00  7.410489132E-03 
      1289  4.256005825E+02  0.000000000E+00  7.369692927E-03 
      1290  4.260094662E+02  0.000000000E+00  7.328632991E-03 
      1291  4.264216861E+02  0.000000000E+00  7.287300693E-03 
      1292  4.268372694E+02  0.000000000E+00  7.245688003E-03 
      1293  4.272562434E+02  0.000000000E+00  7.203787432E-03 
      1294  4.276786360E+02  0.000000000E+00  7.161591976E-03 
      1295  4.281044750E+02  0.000000000E+00  7.119095067E-03 
      1296  4.285337884E+02  0.000000000E+00  7.076290529E-03 
      1297  4.289666047E+02  0.000000000E+00  7.033172535E-03 
      1298  4.294029525E+02  0.000000000E+00  6.989735569E-03 
      1299  4.298428605E+02  0.000000000E+00  6.945974395E-03 
      1300  4.302863578E+02  0.000000000E+00  6.901884022E-03 
      1301  4.307334737E+02  0.000000000E+00  6.857459678E-03 
      1302  4.311842377E+02  0.000000000E+00  6.812696784E-03 
      1303  4.316386795E+02  0.000000000E+00  6.767590932E-03 
      1304  4.320968293E+02  0.000000000E+00  6.722137860E-03 
      1305  4.325587172E+02  0.000000000E+00  6.676333441E-03 
      1306  4.330243737E+02  0.000000000E+00  6.630173658E-03 
      1307  4.334938296E+02  0.000000000E+00  6.583654591E-03 
      1308  4.339671159E+02  0.000000000E+00  6.536772406E-03 
      1309  4.344442638E+02  0.000000000E+00  6.489523342E-03 
      1310  4.349253049E+02  0.000000000E+00  6.441903696E-03 
      1311  4.354102708E+02  0.000000000E+00  6.393909817E-03 
      1312  4.358991937E+02  0.000000000E+00  6.345538095E-03 
      1313  4.363921059E+02  0.000000000E+00  6.296784955E-03 
      1314  4.368890398E+02  0.000000000E+00  6.247646847E-03 
      1315  4.373900283E+02  0.000000000E+00  6.198120243E-03 
      1316  4.378951044E+02  0.000000000E+00  6.148201628E-03 
      1317  4.384043016E+02  0.000000000E+00  6.097887496E-03 
      1318  4.389176534E+02  0.000000000E+00  6.047174349E-03 
      1319  4.394351937E+02  0.000000000E+00  5.996058688E-03 
      1320  4.399569568E+02  0.000000000E+00  5.944537008E-03 
      1321  4.404829770E+02  0.000000000E+00  5.892605804E-03 
      1322  4.410132892E+02  0.000000000E+00  5.840261560E-03 
      1323  4.415479282E+02  0.000000000E+00  5.787500746E-03 
      1324  4.420869295E+02  0.000000000E+00  5.734319821E-03 
      1325  4.426303286E+02  0.000000000E+00  5.680715229E-03 
      1326  4.431781614E+02  0.000000000E+00  5.626683395E-03 
      1327  4.437304641E+02  0.000000000E+00  5.572220725E-03 
      1328  4.442872731E+02  0.000000000E+00  5.517323604E-03 
      1329  4.448486253E+02  0.000000000E+00  5.461988399E-03 
      1330  4.454145576E+02  0.000000000E+00  5.406211448E-03 
      1331  4.459851075E+02  0.000000000E+00  5.349989071E-03 
      1332  4.465603126E+02  0.000000000E+00  5.293317558E-03 
      1333  4.471402109E+02  0.000000000E+00  5.236193176E-03 
      1334  4.477248408E+02  0.000000000E+00  5.178612164E-03 
      1335  4.483142407E+02  0.000000000E+00  5.120570735E-03 
      1336  4.489084497E+02  0.000000000E+00  5.062065072E-03 
      1337  4.495075070E+02  0.000000000E+00  5.003091330E-03 
      1338  4.501114521E+02  0.000000000E+00  4.943645635E-03 
      1339  4.507203248E+02  0.000000000E+00  4.883724083E-03 
      1340  4.513341655E+02  0.000000000E+00  4.823322739E-03 
      1341  4.519530147E+02  0.000000000E+00  4.762437635E-03 
      1342  4.525769132E+02  0.000000000E+00  4.701064777E-03 
      1343  4.532059021E+02  0.000000000E+00  4.639200133E-03 
      1344  4.538400232E+02  0.000000000E+00  4.576839643E-03 
      1345  4.544793181E+02  0.000000000E+00  4.513979209E-03 
      1346  4.551238292E+02  0.000000000E+00  4.450614704E-03 
      1347  4.557735990E+02  0.000000000E+00  4.386741966E-03 
      1348  4.564286703E+02  0.000000000E+00  4.322356796E-03 
      1349  4.570890866E+02  0.000000000E+00  4.257454964E-03 
      1350  4.577548913E+02  0.000000000E+00  4.192032201E-03 
      1351  4.584261284E+02  0.000000000E+00  4.126084206E-03 
      1352  4.591028423E+02  0.000000000E+00  4.059606637E-03 
      1353  4.597850777E+02  0.000000000E+00  3.992595118E-03 
      1354  4.604728795E+02  0.000000000E+00  3.925045237E-03 
      1355  4.611662932E+02  0.000000000E+00  3.856952542E-03 
      1356  4.618653647E+02  0.000000000E+00  3.788312541E-03 
      1357  4.625701400E+02  0.000000000E+00  3.719120706E-03 
      1358  4.632806657E+02  0.000000000E+00  3.649372468E-03 
      1359  4.639969887E+02  0.000000000E+00  3.579063218E-03 
      1360  4.647191564E+02  0.000000000E+00  3.508188305E-03 
      1361  4.654472164E+02  0.000000000E+00  3.436743036E-03 
      1362  4.661812167E+02  0.000000000E+00  3.364722677E-03 
      1363  4.669212059E+02  0.000000000E+00  3.292122447E-03 
      1364  4.676672328E+02  0.000000000E+00  3.218937520E-03 
      1365  4.684193468E+02  0.000000000E+00  3.145163024E-03 
      1366  4.691775973E+02  0.000000000E+00  3.070794039E-03 
      1367  4.699420346E+02  0.000000000E+00  2.995825590E-03 
      1368  4.707127091E+02  0.000000000E+00  2.920252648E-03 
      1369  4.714896716E+02  0.000000000E+00  2.844070128E-03 
      1370  4.722729736E+02  0.000000000E+00  2.767272879E-03 
      1371  4.730626666E+02  0.000000000E+00  2.689855678E-03 
      1372  4.738588030E+02  0.000000000E+00  2.611813223E-03 
      1373  4.746614352E+02  0.000000000E+00  2.533140125E-03 
      1374  4.754706162E+02  0.000000000E+00  2.453830884E-03 
      1375  4.762863994E+02  0.000000000E+00  2.373879876E-03 
      1376  4.771088389E+02  0.000000000E+00  2.293281319E-03 
      1377  4.779379887E+02  0.000000000E+00  2.212029246E-03 
      1378  4.787739038E+02  0.000000000E+00  2.130117443E-03 
      1379  4.796166392E+02  0.000000000E+00  2.047539392E-03 
      1380  4.804662507E+02  0.000000000E+00  1.964288176E-03 
      1381  4.813227944E+02  0.000000000E+00  1.880356354E-03 
      1382  4.821863268E+02  0.000000000E+00  1.795735796E-03 
      1383  4.830569049E+02  0.000000000E+00  1.710417449E-03 
      1384  4.839345862E+02  0.000000000E+00  1.624391022E-03 
      1385  4.848194287E+02  0.000000000E+00  1.537644552E-03 
      1386  4.857114908E+02  0.000000000E+00  1.450163808E-03 
      1387  4.866108314E+02  0.000000000E+00  1.361931462E-03 
      1388  4.875175099E+02  0.000000000E+00  1.272925955E-03 
      1389  4.884315862E+02  0.000000000E+00  1.183119909E-03 
      1390  4.893531206E+02  0.000000000E+00  1.092477927E-03 
      1391  4.902821741E+02  0.000000000E+00  1.000953533E-03 
      1392  4.912188078E+02  0.000000000E+00  9.084848889E-04 
      1393  4.921630837E+02  0.000000000E+00  8.149888019E-04 
      1394  4.931150642E+02  0.000000000E+00  7.203523104E-04 
      1395  4.940748120E+02  0.000000000E+00  6.244208463E-04 
      1396  4.950423907E+02  0.000000000E+00  5.269815368E-04 
      1397  4.960178639E+02  0.000000000E+00  4.277395862E-04 
      1398  4.970012963E+02  0.000000000E+00  3.262847704E-04 
      1399  4.979927527E+02  0.000000000E+00  2.220463629E-04 
      1400  4.989922986E+02  0.000000000E+00  1.138271031E-04 
      1401  5.000000000E+02  0.000000000E+00  5.827480978E-05 
