nodenumber     x-coordinate     y-coordinate           udm-10 
         1  0.000000000E+00  0.000000000E+00 -7.079305804E-05 
         2  1.007701384E+00  0.000000000E+00 -1.411307357E-04 
         3  2.007247274E+00  0.000000000E+00 -2.802534172E-04 
         4  2.998703673E+00  0.000000000E+00 -4.178889480E-04 
         5  3.982136051E+00  0.000000000E+00 -5.544945167E-04 
         6  4.957609346E+00  0.000000000E+00 -6.900555972E-04 
         7  5.925187975E+00  0.000000000E+00 -8.245669317E-04 
         8  6.884935829E+00  0.000000000E+00 -9.580275026E-04 
         9  7.836916284E+00  0.000000000E+00 -1.090439288E-03 
        10  8.781192203E+00  0.000000000E+00 -1.221806369E-03 
        11  9.717825941E+00  0.000000000E+00 -1.352134294E-03 
        12  1.064687935E+01  0.000000000E+00 -1.481429633E-03 
        13  1.156841377E+01  0.000000000E+00 -1.609699659E-03 
        14  1.248249006E+01  0.000000000E+00 -1.736952114E-03 
        15  1.338916858E+01  0.000000000E+00 -1.863195054E-03 
        16  1.428850920E+01  0.000000000E+00 -1.988436726E-03 
        17  1.518057130E+01  0.000000000E+00 -2.112685490E-03 
        18  1.606541380E+01  0.000000000E+00 -2.235949754E-03 
        19  1.694309512E+01  0.000000000E+00 -2.358237934E-03 
        20  1.781367322E+01  0.000000000E+00 -2.479558424E-03 
        21  1.867720559E+01  0.000000000E+00 -2.599919571E-03 
        22  1.953374925E+01  0.000000000E+00 -2.719329663E-03 
        23  2.038336076E+01  0.000000000E+00 -2.837796917E-03 
        24  2.122609622E+01  0.000000000E+00 -2.955329469E-03 
        25  2.206201128E+01  0.000000000E+00 -3.071935375E-03 
        26  2.289116114E+01  0.000000000E+00 -3.187622600E-03 
        27  2.371360056E+01  0.000000000E+00 -3.302399023E-03 
        28  2.452938383E+01  0.000000000E+00 -3.416272433E-03 
        29  2.533856484E+01  0.000000000E+00 -3.529250529E-03 
        30  2.614119701E+01  0.000000000E+00 -3.641340919E-03 
        31  2.693733335E+01  0.000000000E+00 -3.752551124E-03 
        32  2.772702642E+01  0.000000000E+00 -3.862888575E-03 
        33  2.851032837E+01  0.000000000E+00 -3.972360617E-03 
        34  2.928729093E+01  0.000000000E+00 -4.080974510E-03 
        35  3.005796541E+01  0.000000000E+00 -4.188737427E-03 
        36  3.082240268E+01  0.000000000E+00 -4.295656461E-03 
        37  3.158065324E+01  0.000000000E+00 -4.401738622E-03 
        38  3.233276716E+01  0.000000000E+00 -4.506990838E-03 
        39  3.307879409E+01  0.000000000E+00 -4.611419963E-03 
        40  3.381878330E+01  0.000000000E+00 -4.715032768E-03 
        41  3.455278365E+01  0.000000000E+00 -4.817835953E-03 
        42  3.528084362E+01  0.000000000E+00 -4.919836141E-03 
        43  3.600301127E+01  0.000000000E+00 -5.021039884E-03 
        44  3.671933431E+01  0.000000000E+00 -5.121453662E-03 
        45  3.742986002E+01  0.000000000E+00 -5.221083884E-03 
        46  3.813463533E+01  0.000000000E+00 -5.319936891E-03 
        47  3.883370678E+01  0.000000000E+00 -5.418018957E-03 
        48  3.952712052E+01  0.000000000E+00 -5.515336292E-03 
        49  4.021492235E+01  0.000000000E+00 -5.611895038E-03 
        50  4.089715769E+01  0.000000000E+00 -5.707701276E-03 
        51  4.157387159E+01  0.000000000E+00 -5.802761024E-03 
        52  4.224510872E+01  0.000000000E+00 -5.897080241E-03 
        53  4.291091342E+01  0.000000000E+00 -5.990664825E-03 
        54  4.357132966E+01  0.000000000E+00 -6.083520615E-03 
        55  4.422640104E+01  0.000000000E+00 -6.175653395E-03 
        56  4.487617081E+01  0.000000000E+00 -6.267068892E-03 
        57  4.552068189E+01  0.000000000E+00 -6.357772777E-03 
        58  4.615997684E+01  0.000000000E+00 -6.447770671E-03 
        59  4.679409786E+01  0.000000000E+00 -6.537068137E-03 
        60  4.742308684E+01  0.000000000E+00 -6.625670692E-03 
        61  4.804698530E+01  0.000000000E+00 -6.713583799E-03 
        62  4.866583446E+01  0.000000000E+00 -6.800812872E-03 
        63  4.927967516E+01  0.000000000E+00 -6.887363278E-03 
        64  4.988854795E+01  0.000000000E+00 -6.973240336E-03 
        65  5.049249303E+01  0.000000000E+00 -7.058449318E-03 
        66  5.109155028E+01  0.000000000E+00 -7.142995450E-03 
        67  5.168575926E+01  0.000000000E+00 -7.226883917E-03 
        68  5.227515921E+01  0.000000000E+00 -7.310119857E-03 
        69  5.285978905E+01  0.000000000E+00 -7.392708367E-03 
        70  5.343968738E+01  0.000000000E+00 -7.474654502E-03 
        71  5.401489250E+01  0.000000000E+00 -7.555963279E-03 
        72  5.458544238E+01  0.000000000E+00 -7.636639673E-03 
        73  5.515137472E+01  0.000000000E+00 -7.716688622E-03 
        74  5.571272686E+01  0.000000000E+00 -7.796115026E-03 
        75  5.626953590E+01  0.000000000E+00 -7.874923749E-03 
        76  5.682183858E+01  0.000000000E+00 -7.953119622E-03 
        77  5.736967139E+01  0.000000000E+00 -8.030707440E-03 
        78  5.791307049E+01  0.000000000E+00 -8.107691966E-03 
        79  5.845207178E+01  0.000000000E+00 -8.184077934E-03 
        80  5.898671083E+01  0.000000000E+00 -8.259870045E-03 
        81  5.951702297E+01  0.000000000E+00 -8.335072975E-03 
        82  6.004304320E+01  0.000000000E+00 -8.409691373E-03 
        83  6.056480627E+01  0.000000000E+00 -8.483729862E-03 
        84  6.108234661E+01  0.000000000E+00 -8.557193044E-03 
        85  6.159569842E+01  0.000000000E+00 -8.630085501E-03 
        86  6.210489559E+01  0.000000000E+00 -8.702411797E-03 
        87  6.260997174E+01  0.000000000E+00 -8.774176479E-03 
        88  6.311096022E+01  0.000000000E+00 -8.845384084E-03 
        89  6.360789412E+01  0.000000000E+00 -8.916039139E-03 
        90  6.410080625E+01  0.000000000E+00 -8.986146166E-03 
        91  6.458972916E+01  0.000000000E+00 -9.055709685E-03 
        92  6.507469514E+01  0.000000000E+00 -9.124734221E-03 
        93  6.555573621E+01  0.000000000E+00 -9.193224306E-03 
        94  6.603288413E+01  0.000000000E+00 -9.261184483E-03 
        95  6.650617042E+01  0.000000000E+00 -9.328619321E-03 
        96  6.697562632E+01  0.000000000E+00 -9.395533410E-03 
        97  6.744128283E+01  0.000000000E+00 -9.461931377E-03 
        98  6.790317071E+01  0.000000000E+00 -9.527817891E-03 
        99  6.836132046E+01  0.000000000E+00 -9.593197676E-03 
       100  6.881576232E+01  0.000000000E+00 -9.658075516E-03 
       101  6.926652631E+01  0.000000000E+00 -9.722456270E-03 
       102  6.971364219E+01  0.000000000E+00 -9.786344886E-03 
       103  7.015713949E+01  0.000000000E+00 -9.849746413E-03 
       104  7.059704749E+01  0.000000000E+00 -9.912666019E-03 
       105  7.103339524E+01  0.000000000E+00 -9.975109007E-03 
       106  7.146621156E+01  0.000000000E+00 -1.003708083E-02 
       107  7.189552503E+01  0.000000000E+00 -1.009858713E-02 
       108  7.232136399E+01  0.000000000E+00 -1.015963374E-02 
       109  7.274375656E+01  0.000000000E+00 -1.022022672E-02 
       110  7.316273064E+01  0.000000000E+00 -1.028037239E-02 
       111  7.357831389E+01  0.000000000E+00 -1.034007734E-02 
       112  7.399053376E+01  0.000000000E+00 -1.039934851E-02 
       113  7.439941746E+01  0.000000000E+00 -1.045819317E-02 
       114  7.480499201E+01  0.000000000E+00 -1.051661901E-02 
       115  7.520728416E+01  0.000000000E+00 -1.057463416E-02 
       116  7.560632051E+01  0.000000000E+00 -1.063224724E-02 
       117  7.600212738E+01  0.000000000E+00 -1.068946744E-02 
       118  7.639473092E+01  0.000000000E+00 -1.074630452E-02 
       119  7.678415706E+01  0.000000000E+00 -1.080276896E-02 
       120  7.717043151E+01  0.000000000E+00 -1.085887195E-02 
       121  7.755357977E+01  0.000000000E+00 -1.091462552E-02 
       122  7.793362715E+01  0.000000000E+00 -1.097004257E-02 
       123  7.831059875E+01  0.000000000E+00 -1.102513703E-02 
       124  7.868451945E+01  0.000000000E+00 -1.107992388E-02 
       125  7.905541395E+01  0.000000000E+00 -1.113441932E-02 
       126  7.942330674E+01  0.000000000E+00 -1.118864083E-02 
       127  7.978822211E+01  0.000000000E+00 -1.124260733E-02 
       128  8.015018416E+01  0.000000000E+00 -1.129633929E-02 
       129  8.050921679E+01  0.000000000E+00 -1.134985888E-02 
       130  8.086534371E+01  0.000000000E+00 -1.140319011E-02 
       131  8.121858844E+01  0.000000000E+00 -1.145635899E-02 
       132  8.156897429E+01  0.000000000E+00 -1.150939375E-02 
       133  8.191652442E+01  0.000000000E+00 -1.156232494E-02 
       134  8.226126177E+01  0.000000000E+00 -1.161518572E-02 
       135  8.260320909E+01  0.000000000E+00 -1.166801202E-02 
       136  8.294238899E+01  0.000000000E+00 -1.172084277E-02 
       137  8.327882384E+01  0.000000000E+00 -1.177372016E-02 
       138  8.361253587E+01  0.000000000E+00 -1.182668990E-02 
       139  8.394354712E+01  0.000000000E+00 -1.187980148E-02 
       140  8.427187943E+01  0.000000000E+00 -1.193310848E-02 
       141  8.459755450E+01  0.000000000E+00 -1.198666885E-02 
       142  8.492059382E+01  0.000000000E+00 -1.204054530E-02 
       143  8.524101873E+01  0.000000000E+00 -1.209480558E-02 
       144  8.555885039E+01  0.000000000E+00 -1.214952289E-02 
       145  8.587410979E+01  0.000000000E+00 -1.220477628E-02 
       146  8.618681774E+01  0.000000000E+00 -1.226065103E-02 
       147  8.649699489E+01  0.000000000E+00 -1.231723912E-02 
       148  8.680466173E+01  0.000000000E+00 -1.237463968E-02 
       149  8.710983857E+01  0.000000000E+00 -1.243295945E-02 
       150  8.741254556E+01  0.000000000E+00 -1.249231336E-02 
       151  8.771280270E+01  0.000000000E+00 -1.255282497E-02 
       152  8.801062980E+01  0.000000000E+00 -1.261462712E-02 
       153  8.830604654E+01  0.000000000E+00 -1.267786248E-02 
       154  8.859907242E+01  0.000000000E+00 -1.274268419E-02 
       155  8.888972679E+01  0.000000000E+00 -1.280925648E-02 
       156  8.917802885E+01  0.000000000E+00 -1.287775539E-02 
       157  8.946399764E+01  0.000000000E+00 -1.294836945E-02 
       158  8.974765203E+01  0.000000000E+00 -1.302130043E-02 
       159  9.002901076E+01  0.000000000E+00 -1.309676413E-02 
       160  9.030809241E+01  0.000000000E+00 -1.317499115E-02 
       161  9.058491540E+01  0.000000000E+00 -1.325622778E-02 
       162  9.085949802E+01  0.000000000E+00 -1.334073682E-02 
       163  9.113185839E+01  0.000000000E+00 -1.342879852E-02 
       164  9.140201451E+01  0.000000000E+00 -1.352071149E-02 
       165  9.166998421E+01  0.000000000E+00 -1.361679369E-02 
       166  9.193578518E+01  0.000000000E+00 -1.371738342E-02 
       167  9.219943499E+01  0.000000000E+00 -1.382284037E-02 
       168  9.246095103E+01  0.000000000E+00 -1.393354668E-02 
       169  9.272035058E+01  0.000000000E+00 -1.404990808E-02 
       170  9.297765077E+01  0.000000000E+00 -1.417235497E-02 
       171  9.323286858E+01  0.000000000E+00 -1.430133637E-02 
       172  9.348602087E+01  0.000000000E+00 -1.443734363E-02 
       173  9.373712436E+01  0.000000000E+00 -1.457738549E-02 
       174  9.398619563E+01  0.000000000E+00 -1.472480847E-02 
       175  9.423325112E+01  0.000000000E+00 -1.488362311E-02 
       176  9.447830715E+01  0.000000000E+00 -1.516625782E-02 
       177  9.472137990E+01  0.000000000E+00 -1.545365141E-02 
       178  9.496248543E+01  0.000000000E+00 -1.563485273E-02 
       179  9.520163964E+01  0.000000000E+00 -1.582539024E-02 
       180  9.543885834E+01  0.000000000E+00 -1.602092618E-02 
       181  9.567415720E+01  0.000000000E+00 -1.623052471E-02 
       182  9.590755173E+01  0.000000000E+00 -1.646050067E-02 
       183  9.613905737E+01  0.000000000E+00 -1.670598062E-02 
       184  9.636868940E+01  0.000000000E+00 -1.696584024E-02 
       185  9.659646297E+01  0.000000000E+00 -1.724097912E-02 
       186  9.682239314E+01  0.000000000E+00 -1.753234126E-02 
       187  9.704649481E+01  0.000000000E+00 -1.784096157E-02 
       188  9.726878279E+01  0.000000000E+00 -1.816829144E-02 
       189  9.748927176E+01  0.000000000E+00 -1.851612635E-02 
       190  9.770797628E+01  0.000000000E+00 -1.888505718E-02 
       191  9.792491078E+01  0.000000000E+00 -1.927708988E-02 
       192  9.814008960E+01  0.000000000E+00 -1.969285526E-02 
       193  9.835352693E+01  0.000000000E+00 -2.013232925E-02 
       194  9.856523689E+01  0.000000000E+00 -2.059784642E-02 
       195  9.877523344E+01  0.000000000E+00 -2.108689058E-02 
       196  9.898353045E+01  0.000000000E+00 -2.160427641E-02 
       197  9.919014168E+01  0.000000000E+00 -2.215552824E-02 
       198  9.939508077E+01  0.000000000E+00 -2.273911222E-02 
       199  9.959836126E+01  0.000000000E+00 -2.335683759E-02 
       200  9.979999657E+01  0.000000000E+00 -2.401060897E-02 
       201  1.000000000E+02  0.000000000E+00 -2.312126612E-02 
       202  1.002500000E+02  0.000000000E+00 -2.172173173E-02 
       203  1.005000000E+02  0.000000000E+00 -2.195508497E-02 
       204  1.007500000E+02  0.000000000E+00 -2.214284954E-02 
       205  1.010000000E+02  0.000000000E+00 -2.229988134E-02 
       206  1.012500000E+02  0.000000000E+00 -2.243420322E-02 
       207  1.015000000E+02  0.000000000E+00 -2.255089789E-02 
       208  1.017500000E+02  0.000000000E+00 -2.265350520E-02 
       209  1.020000000E+02  0.000000000E+00 -2.274463472E-02 
       210  1.022500000E+02  0.000000000E+00 -2.282628190E-02 
       211  1.025000000E+02  0.000000000E+00 -2.290001154E-02 
       212  1.027500000E+02  0.000000000E+00 -2.296707353E-02 
       213  1.030000000E+02  0.000000000E+00 -2.302848025E-02 
       214  1.032500000E+02  0.000000000E+00 -2.308506074E-02 
       215  1.035000000E+02  0.000000000E+00 -2.313749980E-02 
       216  1.037500000E+02  0.000000000E+00 -2.318636716E-02 
       217  1.040000000E+02  0.000000000E+00 -2.323213960E-02 
       218  1.042500000E+02  0.000000000E+00 -2.327521807E-02 
       219  1.045000000E+02  0.000000000E+00 -2.331594116E-02 
       220  1.047500000E+02  0.000000000E+00 -2.335459586E-02 
       221  1.050000000E+02  0.000000000E+00 -2.339142612E-02 
       222  1.052500000E+02  0.000000000E+00 -2.342663991E-02 
       223  1.055000000E+02  0.000000000E+00 -2.346041495E-02 
       224  1.057500000E+02  0.000000000E+00 -2.349290342E-02 
       225  1.060000000E+02  0.000000000E+00 -2.352423594E-02 
       226  1.062500000E+02  0.000000000E+00 -2.355452476E-02 
       227  1.065000000E+02  0.000000000E+00 -2.358386660E-02 
       228  1.067500000E+02  0.000000000E+00 -2.361234485E-02 
       229  1.070000000E+02  0.000000000E+00 -2.364003162E-02 
       230  1.072500000E+02  0.000000000E+00 -2.366698928E-02 
       231  1.075000000E+02  0.000000000E+00 -2.369327195E-02 
       232  1.077500000E+02  0.000000000E+00 -2.371892662E-02 
       233  1.080000000E+02  0.000000000E+00 -2.374399418E-02 
       234  1.082500000E+02  0.000000000E+00 -2.376851031E-02 
       235  1.085000000E+02  0.000000000E+00 -2.379250617E-02 
       236  1.087500000E+02  0.000000000E+00 -2.381600906E-02 
       237  1.090000000E+02  0.000000000E+00 -2.383904296E-02 
       238  1.092500000E+02  0.000000000E+00 -2.386162897E-02 
       239  1.095000000E+02  0.000000000E+00 -2.388378574E-02 
       240  1.097500000E+02  0.000000000E+00 -2.390552980E-02 
       241  1.100000000E+02  0.000000000E+00 -2.392687582E-02 
       242  1.102500000E+02  0.000000000E+00 -2.394783693E-02 
       243  1.105000000E+02  0.000000000E+00 -2.396842487E-02 
       244  1.107500000E+02  0.000000000E+00 -2.398865022E-02 
       245  1.110000000E+02  0.000000000E+00 -2.400852255E-02 
       246  1.112500000E+02  0.000000000E+00 -2.402805054E-02 
       247  1.115000000E+02  0.000000000E+00 -2.404724212E-02 
       248  1.117500000E+02  0.000000000E+00 -2.406610458E-02 
       249  1.120000000E+02  0.000000000E+00 -2.408464464E-02 
       250  1.122500000E+02  0.000000000E+00 -2.410286853E-02 
       251  1.125000000E+02  0.000000000E+00 -2.412078207E-02 
       252  1.127500000E+02  0.000000000E+00 -2.413839070E-02 
       253  1.130000000E+02  0.000000000E+00 -2.415569956E-02 
       254  1.132500000E+02  0.000000000E+00 -2.417271350E-02 
       255  1.135000000E+02  0.000000000E+00 -2.418943717E-02 
       256  1.137500000E+02  0.000000000E+00 -2.420587496E-02 
       257  1.140000000E+02  0.000000000E+00 -2.422203114E-02 
       258  1.142500000E+02  0.000000000E+00 -2.423790979E-02 
       259  1.145000000E+02  0.000000000E+00 -2.425351486E-02 
       260  1.147500000E+02  0.000000000E+00 -2.426885019E-02 
       261  1.150000000E+02  0.000000000E+00 -2.428391952E-02 
       262  1.152500000E+02  0.000000000E+00 -2.429872649E-02 
       263  1.155000000E+02  0.000000000E+00 -2.431327468E-02 
       264  1.157500000E+02  0.000000000E+00 -2.432756757E-02 
       265  1.160000000E+02  0.000000000E+00 -2.434160861E-02 
       266  1.162500000E+02  0.000000000E+00 -2.435540117E-02 
       267  1.165000000E+02  0.000000000E+00 -2.436894859E-02 
       268  1.167500000E+02  0.000000000E+00 -2.438225416E-02 
       269  1.170000000E+02  0.000000000E+00 -2.439532112E-02 
       270  1.172500000E+02  0.000000000E+00 -2.440815269E-02 
       271  1.175000000E+02  0.000000000E+00 -2.442075205E-02 
       272  1.177500000E+02  0.000000000E+00 -2.443312235E-02 
       273  1.180000000E+02  0.000000000E+00 -2.444526671E-02 
       274  1.182500000E+02  0.000000000E+00 -2.445718821E-02 
       275  1.185000000E+02  0.000000000E+00 -2.446888994E-02 
       276  1.187500000E+02  0.000000000E+00 -2.448037492E-02 
       277  1.190000000E+02  0.000000000E+00 -2.449164618E-02 
       278  1.192500000E+02  0.000000000E+00 -2.450270671E-02 
       279  1.195000000E+02  0.000000000E+00 -2.451355950E-02 
       280  1.197500000E+02  0.000000000E+00 -2.452420748E-02 
       281  1.200000000E+02  0.000000000E+00 -2.453465360E-02 
       282  1.202500000E+02  0.000000000E+00 -2.454490075E-02 
       283  1.205000000E+02  0.000000000E+00 -2.455495182E-02 
       284  1.207500000E+02  0.000000000E+00 -2.456480969E-02 
       285  1.210000000E+02  0.000000000E+00 -2.457447718E-02 
       286  1.212500000E+02  0.000000000E+00 -2.458395713E-02 
       287  1.215000000E+02  0.000000000E+00 -2.459325233E-02 
       288  1.217500000E+02  0.000000000E+00 -2.460236556E-02 
       289  1.220000000E+02  0.000000000E+00 -2.461129956E-02 
       290  1.222500000E+02  0.000000000E+00 -2.462005708E-02 
       291  1.225000000E+02  0.000000000E+00 -2.462864082E-02 
       292  1.227500000E+02  0.000000000E+00 -2.463705347E-02 
       293  1.230000000E+02  0.000000000E+00 -2.464529768E-02 
       294  1.232500000E+02  0.000000000E+00 -2.465337609E-02 
       295  1.235000000E+02  0.000000000E+00 -2.466129131E-02 
       296  1.237500000E+02  0.000000000E+00 -2.466904593E-02 
       297  1.240000000E+02  0.000000000E+00 -2.467664251E-02 
       298  1.242500000E+02  0.000000000E+00 -2.468408360E-02 
       299  1.245000000E+02  0.000000000E+00 -2.469137169E-02 
       300  1.247500000E+02  0.000000000E+00 -2.469850927E-02 
       301  1.250000000E+02  0.000000000E+00 -2.470549881E-02 
       302  1.252500000E+02  0.000000000E+00 -2.471234273E-02 
       303  1.255000000E+02  0.000000000E+00 -2.471904343E-02 
       304  1.257500000E+02  0.000000000E+00 -2.472560331E-02 
       305  1.260000000E+02  0.000000000E+00 -2.473202469E-02 
       306  1.262500000E+02  0.000000000E+00 -2.473830992E-02 
       307  1.265000000E+02  0.000000000E+00 -2.474446127E-02 
       308  1.267500000E+02  0.000000000E+00 -2.475048102E-02 
       309  1.270000000E+02  0.000000000E+00 -2.475637140E-02 
       310  1.272500000E+02  0.000000000E+00 -2.476213463E-02 
       311  1.275000000E+02  0.000000000E+00 -2.476777287E-02 
       312  1.277500000E+02  0.000000000E+00 -2.477328829E-02 
       313  1.280000000E+02  0.000000000E+00 -2.477868301E-02 
       314  1.282500000E+02  0.000000000E+00 -2.478395911E-02 
       315  1.285000000E+02  0.000000000E+00 -2.478911866E-02 
       316  1.287500000E+02  0.000000000E+00 -2.479416369E-02 
       317  1.290000000E+02  0.000000000E+00 -2.479909621E-02 
       318  1.292500000E+02  0.000000000E+00 -2.480391819E-02 
       319  1.295000000E+02  0.000000000E+00 -2.480863158E-02 
       320  1.297500000E+02  0.000000000E+00 -2.481323829E-02 
       321  1.300000000E+02  0.000000000E+00 -2.481774020E-02 
       322  1.302500000E+02  0.000000000E+00 -2.482213917E-02 
       323  1.305000000E+02  0.000000000E+00 -2.482643702E-02 
       324  1.307500000E+02  0.000000000E+00 -2.483063554E-02 
       325  1.310000000E+02  0.000000000E+00 -2.483473651E-02 
       326  1.312500000E+02  0.000000000E+00 -2.483874166E-02 
       327  1.315000000E+02  0.000000000E+00 -2.484265268E-02 
       328  1.317500000E+02  0.000000000E+00 -2.484647126E-02 
       329  1.320000000E+02  0.000000000E+00 -2.485019904E-02 
       330  1.322500000E+02  0.000000000E+00 -2.485383763E-02 
       331  1.325000000E+02  0.000000000E+00 -2.485738861E-02 
       332  1.327500000E+02  0.000000000E+00 -2.486085355E-02 
       333  1.330000000E+02  0.000000000E+00 -2.486423396E-02 
       334  1.332500000E+02  0.000000000E+00 -2.486753134E-02 
       335  1.335000000E+02  0.000000000E+00 -2.487074715E-02 
       336  1.337500000E+02  0.000000000E+00 -2.487388284E-02 
       337  1.340000000E+02  0.000000000E+00 -2.487693980E-02 
       338  1.342500000E+02  0.000000000E+00 -2.487991941E-02 
       339  1.345000000E+02  0.000000000E+00 -2.488282303E-02 
       340  1.347500000E+02  0.000000000E+00 -2.488565196E-02 
       341  1.350000000E+02  0.000000000E+00 -2.488840751E-02 
       342  1.352500000E+02  0.000000000E+00 -2.489109091E-02 
       343  1.355000000E+02  0.000000000E+00 -2.489370342E-02 
       344  1.357500000E+02  0.000000000E+00 -2.489624623E-02 
       345  1.360000000E+02  0.000000000E+00 -2.489872051E-02 
       346  1.362500000E+02  0.000000000E+00 -2.490112741E-02 
       347  1.365000000E+02  0.000000000E+00 -2.490346805E-02 
       348  1.367500000E+02  0.000000000E+00 -2.490574351E-02 
       349  1.370000000E+02  0.000000000E+00 -2.490795485E-02 
       350  1.372500000E+02  0.000000000E+00 -2.491010310E-02 
       351  1.375000000E+02  0.000000000E+00 -2.491218928E-02 
       352  1.377500000E+02  0.000000000E+00 -2.491421435E-02 
       353  1.380000000E+02  0.000000000E+00 -2.491617926E-02 
       354  1.382500000E+02  0.000000000E+00 -2.491808494E-02 
       355  1.385000000E+02  0.000000000E+00 -2.491993227E-02 
       356  1.387500000E+02  0.000000000E+00 -2.492172212E-02 
       357  1.390000000E+02  0.000000000E+00 -2.492345534E-02 
       358  1.392500000E+02  0.000000000E+00 -2.492513272E-02 
       359  1.395000000E+02  0.000000000E+00 -2.492675507E-02 
       360  1.397500000E+02  0.000000000E+00 -2.492832312E-02 
       361  1.400000000E+02  0.000000000E+00 -2.492983762E-02 
       362  1.402500000E+02  0.000000000E+00 -2.493129926E-02 
       363  1.405000000E+02  0.000000000E+00 -2.493270873E-02 
       364  1.407500000E+02  0.000000000E+00 -2.493406667E-02 
       365  1.410000000E+02  0.000000000E+00 -2.493537372E-02 
       366  1.412500000E+02  0.000000000E+00 -2.493663045E-02 
       367  1.415000000E+02  0.000000000E+00 -2.493783746E-02 
       368  1.417500000E+02  0.000000000E+00 -2.493899527E-02 
       369  1.420000000E+02  0.000000000E+00 -2.494010442E-02 
       370  1.422500000E+02  0.000000000E+00 -2.494116539E-02 
       371  1.425000000E+02  0.000000000E+00 -2.494217866E-02 
       372  1.427500000E+02  0.000000000E+00 -2.494314465E-02 
       373  1.430000000E+02  0.000000000E+00 -2.494406379E-02 
       374  1.432500000E+02  0.000000000E+00 -2.494493647E-02 
       375  1.435000000E+02  0.000000000E+00 -2.494576305E-02 
       376  1.437500000E+02  0.000000000E+00 -2.494654386E-02 
       377  1.440000000E+02  0.000000000E+00 -2.494727922E-02 
       378  1.442500000E+02  0.000000000E+00 -2.494796942E-02 
       379  1.445000000E+02  0.000000000E+00 -2.494861472E-02 
       380  1.447500000E+02  0.000000000E+00 -2.494921534E-02 
       381  1.450000000E+02  0.000000000E+00 -2.494977151E-02 
       382  1.452500000E+02  0.000000000E+00 -2.495028339E-02 
       383  1.455000000E+02  0.000000000E+00 -2.495075116E-02 
       384  1.457500000E+02  0.000000000E+00 -2.495117495E-02 
       385  1.460000000E+02  0.000000000E+00 -2.495155485E-02 
       386  1.462500000E+02  0.000000000E+00 -2.495189096E-02 
       387  1.465000000E+02  0.000000000E+00 -2.495218332E-02 
       388  1.467500000E+02  0.000000000E+00 -2.495243196E-02 
       389  1.470000000E+02  0.000000000E+00 -2.495263690E-02 
       390  1.472500000E+02  0.000000000E+00 -2.495279810E-02 
       391  1.475000000E+02  0.000000000E+00 -2.495291552E-02 
       392  1.477500000E+02  0.000000000E+00 -2.495298909E-02 
       393  1.480000000E+02  0.000000000E+00 -2.495301870E-02 
       394  1.482500000E+02  0.000000000E+00 -2.495300423E-02 
       395  1.485000000E+02  0.000000000E+00 -2.495294552E-02 
       396  1.487500000E+02  0.000000000E+00 -2.495284241E-02 
       397  1.490000000E+02  0.000000000E+00 -2.495269467E-02 
       398  1.492500000E+02  0.000000000E+00 -2.495250209E-02 
       399  1.495000000E+02  0.000000000E+00 -2.495226440E-02 
       400  1.497500000E+02  0.000000000E+00 -2.495198133E-02 
       401  1.500000000E+02  0.000000000E+00 -2.495165255E-02 
       402  1.502500000E+02  0.000000000E+00 -2.495127773E-02 
       403  1.505000000E+02  0.000000000E+00 -2.495085650E-02 
       404  1.507500000E+02  0.000000000E+00 -2.495038848E-02 
       405  1.510000000E+02  0.000000000E+00 -2.494987324E-02 
       406  1.512500000E+02  0.000000000E+00 -2.494931035E-02 
       407  1.515000000E+02  0.000000000E+00 -2.494869931E-02 
       408  1.517500000E+02  0.000000000E+00 -2.494803964E-02 
       409  1.520000000E+02  0.000000000E+00 -2.494733080E-02 
       410  1.522500000E+02  0.000000000E+00 -2.494657223E-02 
       411  1.525000000E+02  0.000000000E+00 -2.494576336E-02 
       412  1.527500000E+02  0.000000000E+00 -2.494490356E-02 
       413  1.530000000E+02  0.000000000E+00 -2.494399219E-02 
       414  1.532500000E+02  0.000000000E+00 -2.494302859E-02 
       415  1.535000000E+02  0.000000000E+00 -2.494201205E-02 
       416  1.537500000E+02  0.000000000E+00 -2.494094185E-02 
       417  1.540000000E+02  0.000000000E+00 -2.493981722E-02 
       418  1.542500000E+02  0.000000000E+00 -2.493863739E-02 
       419  1.545000000E+02  0.000000000E+00 -2.493740153E-02 
       420  1.547500000E+02  0.000000000E+00 -2.493610879E-02 
       421  1.550000000E+02  0.000000000E+00 -2.493475831E-02 
       422  1.552500000E+02  0.000000000E+00 -2.493334918E-02 
       423  1.555000000E+02  0.000000000E+00 -2.493188045E-02 
       424  1.557500000E+02  0.000000000E+00 -2.493035117E-02 
       425  1.560000000E+02  0.000000000E+00 -2.492876033E-02 
       426  1.562500000E+02  0.000000000E+00 -2.492710691E-02 
       427  1.565000000E+02  0.000000000E+00 -2.492538985E-02 
       428  1.567500000E+02  0.000000000E+00 -2.492360806E-02 
       429  1.570000000E+02  0.000000000E+00 -2.492176041E-02 
       430  1.572500000E+02  0.000000000E+00 -2.491984575E-02 
       431  1.575000000E+02  0.000000000E+00 -2.491786290E-02 
       432  1.577500000E+02  0.000000000E+00 -2.491581063E-02 
       433  1.580000000E+02  0.000000000E+00 -2.491368770E-02 
       434  1.582500000E+02  0.000000000E+00 -2.491149282E-02 
       435  1.585000000E+02  0.000000000E+00 -2.490922469E-02 
       436  1.587500000E+02  0.000000000E+00 -2.490688194E-02 
       437  1.590000000E+02  0.000000000E+00 -2.490446321E-02 
       438  1.592500000E+02  0.000000000E+00 -2.490196707E-02 
       439  1.595000000E+02  0.000000000E+00 -2.489939207E-02 
       440  1.597500000E+02  0.000000000E+00 -2.489673674E-02 
       441  1.600000000E+02  0.000000000E+00 -2.489399956E-02 
       442  1.602500000E+02  0.000000000E+00 -2.489117898E-02 
       443  1.605000000E+02  0.000000000E+00 -2.488827342E-02 
       444  1.607500000E+02  0.000000000E+00 -2.488528124E-02 
       445  1.610000000E+02  0.000000000E+00 -2.488220082E-02 
       446  1.612500000E+02  0.000000000E+00 -2.487903045E-02 
       447  1.615000000E+02  0.000000000E+00 -2.487576841E-02 
       448  1.617500000E+02  0.000000000E+00 -2.487241294E-02 
       449  1.620000000E+02  0.000000000E+00 -2.486896226E-02 
       450  1.622500000E+02  0.000000000E+00 -2.486541453E-02 
       451  1.625000000E+02  0.000000000E+00 -2.486176788E-02 
       452  1.627500000E+02  0.000000000E+00 -2.485802043E-02 
       453  1.630000000E+02  0.000000000E+00 -2.485417023E-02 
       454  1.632500000E+02  0.000000000E+00 -2.485021531E-02 
       455  1.635000000E+02  0.000000000E+00 -2.484615367E-02 
       456  1.637500000E+02  0.000000000E+00 -2.484198325E-02 
       457  1.640000000E+02  0.000000000E+00 -2.483770199E-02 
       458  1.642500000E+02  0.000000000E+00 -2.483330776E-02 
       459  1.645000000E+02  0.000000000E+00 -2.482879841E-02 
       460  1.647500000E+02  0.000000000E+00 -2.482417175E-02 
       461  1.650000000E+02  0.000000000E+00 -2.481942556E-02 
       462  1.652500000E+02  0.000000000E+00 -2.481455758E-02 
       463  1.655000000E+02  0.000000000E+00 -2.480956550E-02 
       464  1.657500000E+02  0.000000000E+00 -2.480444699E-02 
       465  1.660000000E+02  0.000000000E+00 -2.479919968E-02 
       466  1.662500000E+02  0.000000000E+00 -2.479382116E-02 
       467  1.665000000E+02  0.000000000E+00 -2.478830898E-02 
       468  1.667500000E+02  0.000000000E+00 -2.478266067E-02 
       469  1.670000000E+02  0.000000000E+00 -2.477687370E-02 
       470  1.672500000E+02  0.000000000E+00 -2.477094552E-02 
       471  1.675000000E+02  0.000000000E+00 -2.476487354E-02 
       472  1.677500000E+02  0.000000000E+00 -2.475865514E-02 
       473  1.680000000E+02  0.000000000E+00 -2.475228764E-02 
       474  1.682500000E+02  0.000000000E+00 -2.474576835E-02 
       475  1.685000000E+02  0.000000000E+00 -2.473909453E-02 
       476  1.687500000E+02  0.000000000E+00 -2.473226342E-02 
       477  1.690000000E+02  0.000000000E+00 -2.472527220E-02 
       478  1.692500000E+02  0.000000000E+00 -2.471811803E-02 
       479  1.695000000E+02  0.000000000E+00 -2.471079804E-02 
       480  1.697500000E+02  0.000000000E+00 -2.470330931E-02 
       481  1.700000000E+02  0.000000000E+00 -2.469564890E-02 
       482  1.702500000E+02  0.000000000E+00 -2.468781382E-02 
       483  1.705000000E+02  0.000000000E+00 -2.467980107E-02 
       484  1.707500000E+02  0.000000000E+00 -2.467160758E-02 
       485  1.710000000E+02  0.000000000E+00 -2.466323028E-02 
       486  1.712500000E+02  0.000000000E+00 -2.465466605E-02 
       487  1.715000000E+02  0.000000000E+00 -2.464591174E-02 
       488  1.717500000E+02  0.000000000E+00 -2.463696417E-02 
       489  1.720000000E+02  0.000000000E+00 -2.462782012E-02 
       490  1.722500000E+02  0.000000000E+00 -2.461847636E-02 
       491  1.725000000E+02  0.000000000E+00 -2.460892961E-02 
       492  1.727500000E+02  0.000000000E+00 -2.459917655E-02 
       493  1.730000000E+02  0.000000000E+00 -2.458921385E-02 
       494  1.732500000E+02  0.000000000E+00 -2.457903816E-02 
       495  1.735000000E+02  0.000000000E+00 -2.456864606E-02 
       496  1.737500000E+02  0.000000000E+00 -2.455803413E-02 
       497  1.740000000E+02  0.000000000E+00 -2.454719894E-02 
       498  1.742500000E+02  0.000000000E+00 -2.453613698E-02 
       499  1.745000000E+02  0.000000000E+00 -2.452484477E-02 
       500  1.747500000E+02  0.000000000E+00 -2.451331876E-02 
       501  1.750000000E+02  0.000000000E+00 -2.450155541E-02 
       502  1.752500000E+02  0.000000000E+00 -2.448955112E-02 
       503  1.755000000E+02  0.000000000E+00 -2.447730230E-02 
       504  1.757500000E+02  0.000000000E+00 -2.446480532E-02 
       505  1.760000000E+02  0.000000000E+00 -2.445205652E-02 
       506  1.762500000E+02  0.000000000E+00 -2.443905223E-02 
       507  1.765000000E+02  0.000000000E+00 -2.442578876E-02 
       508  1.767500000E+02  0.000000000E+00 -2.441226239E-02 
       509  1.770000000E+02  0.000000000E+00 -2.439846940E-02 
       510  1.772500000E+02  0.000000000E+00 -2.438440603E-02 
       511  1.775000000E+02  0.000000000E+00 -2.437006852E-02 
       512  1.777500000E+02  0.000000000E+00 -2.435545307E-02 
       513  1.780000000E+02  0.000000000E+00 -2.434055590E-02 
       514  1.782500000E+02  0.000000000E+00 -2.432537317E-02 
       515  1.785000000E+02  0.000000000E+00 -2.430990108E-02 
       516  1.787500000E+02  0.000000000E+00 -2.429413577E-02 
       517  1.790000000E+02  0.000000000E+00 -2.427807338E-02 
       518  1.792500000E+02  0.000000000E+00 -2.426171006E-02 
       519  1.795000000E+02  0.000000000E+00 -2.424504192E-02 
       520  1.797500000E+02  0.000000000E+00 -2.422806507E-02 
       521  1.800000000E+02  0.000000000E+00 -2.421077563E-02 
       522  1.802500000E+02  0.000000000E+00 -2.419316968E-02 
       523  1.805000000E+02  0.000000000E+00 -2.417524331E-02 
       524  1.807500000E+02  0.000000000E+00 -2.415699260E-02 
       525  1.810000000E+02  0.000000000E+00 -2.413841362E-02 
       526  1.812500000E+02  0.000000000E+00 -2.411950243E-02 
       527  1.815000000E+02  0.000000000E+00 -2.410025508E-02 
       528  1.817500000E+02  0.000000000E+00 -2.408066763E-02 
       529  1.820000000E+02  0.000000000E+00 -2.406073611E-02 
       530  1.822500000E+02  0.000000000E+00 -2.404045656E-02 
       531  1.825000000E+02  0.000000000E+00 -2.401982499E-02 
       532  1.827500000E+02  0.000000000E+00 -2.399883741E-02 
       533  1.830000000E+02  0.000000000E+00 -2.397748982E-02 
       534  1.832500000E+02  0.000000000E+00 -2.395577820E-02 
       535  1.835000000E+02  0.000000000E+00 -2.393369850E-02 
       536  1.837500000E+02  0.000000000E+00 -2.391124666E-02 
       537  1.840000000E+02  0.000000000E+00 -2.388841859E-02 
       538  1.842500000E+02  0.000000000E+00 -2.386521018E-02 
       539  1.845000000E+02  0.000000000E+00 -2.384161725E-02 
       540  1.847500000E+02  0.000000000E+00 -2.381763559E-02 
       541  1.850000000E+02  0.000000000E+00 -2.379326094E-02 
       542  1.852500000E+02  0.000000000E+00 -2.376848896E-02 
       543  1.855000000E+02  0.000000000E+00 -2.374331523E-02 
       544  1.857500000E+02  0.000000000E+00 -2.371773522E-02 
       545  1.860000000E+02  0.000000000E+00 -2.369174432E-02 
       546  1.862500000E+02  0.000000000E+00 -2.366533774E-02 
       547  1.865000000E+02  0.000000000E+00 -2.363851055E-02 
       548  1.867500000E+02  0.000000000E+00 -2.361125762E-02 
       549  1.870000000E+02  0.000000000E+00 -2.358357359E-02 
       550  1.872500000E+02  0.000000000E+00 -2.355545284E-02 
       551  1.875000000E+02  0.000000000E+00 -2.352688943E-02 
       552  1.877500000E+02  0.000000000E+00 -2.349787703E-02 
       553  1.880000000E+02  0.000000000E+00 -2.346840892E-02 
       554  1.882500000E+02  0.000000000E+00 -2.343847782E-02 
       555  1.885000000E+02  0.000000000E+00 -2.340807589E-02 
       556  1.887500000E+02  0.000000000E+00 -2.337719457E-02 
       557  1.890000000E+02  0.000000000E+00 -2.334582450E-02 
       558  1.892500000E+02  0.000000000E+00 -2.331395537E-02 
       559  1.895000000E+02  0.000000000E+00 -2.328157574E-02 
       560  1.897500000E+02  0.000000000E+00 -2.324867290E-02 
       561  1.900000000E+02  0.000000000E+00 -2.321523262E-02 
       562  1.902500000E+02  0.000000000E+00 -2.318123892E-02 
       563  1.905000000E+02  0.000000000E+00 -2.314667377E-02 
       564  1.907500000E+02  0.000000000E+00 -2.311151675E-02 
       565  1.910000000E+02  0.000000000E+00 -2.307574468E-02 
       566  1.912500000E+02  0.000000000E+00 -2.303933114E-02 
       567  1.915000000E+02  0.000000000E+00 -2.300224595E-02 
       568  1.917500000E+02  0.000000000E+00 -2.296445455E-02 
       569  1.920000000E+02  0.000000000E+00 -2.292591727E-02 
       570  1.922500000E+02  0.000000000E+00 -2.288658850E-02 
       571  1.925000000E+02  0.000000000E+00 -2.284641570E-02 
       572  1.927500000E+02  0.000000000E+00 -2.280533826E-02 
       573  1.930000000E+02  0.000000000E+00 -2.276328613E-02 
       574  1.932500000E+02  0.000000000E+00 -2.272017826E-02 
       575  1.935000000E+02  0.000000000E+00 -2.267592073E-02 
       576  1.937500000E+02  0.000000000E+00 -2.263040459E-02 
       577  1.940000000E+02  0.000000000E+00 -2.258350324E-02 
       578  1.942500000E+02  0.000000000E+00 -2.253506945E-02 
       579  1.945000000E+02  0.000000000E+00 -2.248493167E-02 
       580  1.947500000E+02  0.000000000E+00 -2.243288981E-02 
       581  1.950000000E+02  0.000000000E+00 -2.237871003E-02 
       582  1.952500000E+02  0.000000000E+00 -2.232211866E-02 
       583  1.955000000E+02  0.000000000E+00 -2.226279470E-02 
       584  1.957500000E+02  0.000000000E+00 -2.220036087E-02 
       585  1.960000000E+02  0.000000000E+00 -2.213437254E-02 
       586  1.962500000E+02  0.000000000E+00 -2.206430426E-02 
       587  1.965000000E+02  0.000000000E+00 -2.198953284E-02 
       588  1.967500000E+02  0.000000000E+00 -2.190931627E-02 
       589  1.970000000E+02  0.000000000E+00 -2.182276676E-02 
       590  1.972500000E+02  0.000000000E+00 -2.172881598E-02 
       591  1.975000000E+02  0.000000000E+00 -2.162616932E-02 
       592  1.977500000E+02  0.000000000E+00 -2.151324432E-02 
       593  1.980000000E+02  0.000000000E+00 -2.138808565E-02 
       594  1.982500000E+02  0.000000000E+00 -2.124824339E-02 
       595  1.985000000E+02  0.000000000E+00 -2.109059116E-02 
       596  1.987500000E+02  0.000000000E+00 -2.091103754E-02 
       597  1.990000000E+02  0.000000000E+00 -2.070402892E-02 
       598  1.992500000E+02  0.000000000E+00 -2.046158564E-02 
       599  1.995000000E+02  0.000000000E+00 -2.017110276E-02 
       600  1.997500000E+02  0.000000000E+00 -1.980922043E-02 
       601  2.000000000E+02  0.000000000E+00 -2.204452341E-02 
       602  2.001999988E+02  0.000000000E+00 -2.346749442E-02 
       603  2.004032879E+02  0.000000000E+00 -2.243016907E-02 
       604  2.006099214E+02  0.000000000E+00 -2.144451468E-02 
       605  2.008199543E+02  0.000000000E+00 -2.050847368E-02 
       606  2.010334426E+02  0.000000000E+00 -1.962006686E-02 
       607  2.012504431E+02  0.000000000E+00 -1.877738405E-02 
       608  2.014710137E+02  0.000000000E+00 -1.797857647E-02 
       609  2.016952129E+02  0.000000000E+00 -1.722185026E-02 
       610  2.019231006E+02  0.000000000E+00 -1.650546149E-02 
       611  2.021547374E+02  0.000000000E+00 -1.582771200E-02 
       612  2.023901849E+02  0.000000000E+00 -1.518694604E-02 
       613  2.026295060E+02  0.000000000E+00 -1.458154786E-02 
       614  2.028727642E+02  0.000000000E+00 -1.400993976E-02 
       615  2.031200245E+02  0.000000000E+00 -1.347199229E-02 
       616  2.033713525E+02  0.000000000E+00 -1.296703718E-02 
       617  2.036268153E+02  0.000000000E+00 -1.238098111E-02 
       618  2.038864808E+02  0.000000000E+00 -1.181333795E-02 
       619  2.041504183E+02  0.000000000E+00 -1.138254063E-02 
       620  2.044186979E+02  0.000000000E+00 -1.097697888E-02 
       621  2.046913911E+02  0.000000000E+00 -1.059080942E-02 
       622  2.049685706E+02  0.000000000E+00 -1.022855766E-02 
       623  2.052503101E+02  0.000000000E+00 -9.888877877E-03 
       624  2.055366847E+02  0.000000000E+00 -9.570465015E-03 
       625  2.058277705E+02  0.000000000E+00 -9.272054686E-03 
       626  2.061236452E+02  0.000000000E+00 -8.992423866E-03 
       627  2.064243875E+02  0.000000000E+00 -8.730391407E-03 
       628  2.067300774E+02  0.000000000E+00 -8.484818400E-03 
       629  2.070407965E+02  0.000000000E+00 -8.254608527E-03 
       630  2.073566273E+02  0.000000000E+00 -8.038708285E-03 
       631  2.076776540E+02  0.000000000E+00 -7.836107102E-03 
       632  2.080039622E+02  0.000000000E+00 -7.645837333E-03 
       633  2.083356386E+02  0.000000000E+00 -7.466974188E-03 
       634  2.086727716E+02  0.000000000E+00 -7.298635460E-03 
       635  2.090154510E+02  0.000000000E+00 -7.139981215E-03 
       636  2.093637679E+02  0.000000000E+00 -6.990213277E-03 
       637  2.097178153E+02  0.000000000E+00 -6.848574683E-03 
       638  2.100776872E+02  0.000000000E+00 -6.714348954E-03 
       639  2.104434797E+02  0.000000000E+00 -6.586859295E-03 
       640  2.108152899E+02  0.000000000E+00 -6.465467695E-03 
       641  2.111932170E+02  0.000000000E+00 -6.349573903E-03 
       642  2.115773617E+02  0.000000000E+00 -6.238614369E-03 
       643  2.119678260E+02  0.000000000E+00 -6.132061056E-03 
       644  2.123647142E+02  0.000000000E+00 -6.029420227E-03 
       645  2.127681317E+02  0.000000000E+00 -5.930231148E-03 
       646  2.131781861E+02  0.000000000E+00 -5.834064755E-03 
       647  2.135949866E+02  0.000000000E+00 -5.740522278E-03 
       648  2.140186441E+02  0.000000000E+00 -5.649233846E-03 
       649  2.144492713E+02  0.000000000E+00 -5.559857044E-03 
       650  2.148869831E+02  0.000000000E+00 -5.472075504E-03 
       651  2.153318959E+02  0.000000000E+00 -5.385597456E-03 
       652  2.157841282E+02  0.000000000E+00 -5.300154291E-03 
       653  2.162438005E+02  0.000000000E+00 -5.215499166E-03 
       654  2.167110350E+02  0.000000000E+00 -5.131405594E-03 
       655  2.171859563E+02  0.000000000E+00 -5.047666081E-03 
       656  2.176686908E+02  0.000000000E+00 -4.964090784E-03 
       657  2.181593671E+02  0.000000000E+00 -4.880506224E-03 
       658  2.186581157E+02  0.000000000E+00 -4.796754039E-03 
       659  2.191650695E+02  0.000000000E+00 -4.712689771E-03 
       660  2.196803635E+02  0.000000000E+00 -4.628181719E-03 
       661  2.202041348E+02  0.000000000E+00 -4.543109834E-03 
       662  2.207365230E+02  0.000000000E+00 -4.457364674E-03 
       663  2.212776699E+02  0.000000000E+00 -4.370846416E-03 
       664  2.218277194E+02  0.000000000E+00 -4.283463925E-03 
       665  2.223868182E+02  0.000000000E+00 -4.195133882E-03 
       666  2.229551149E+02  0.000000000E+00 -4.105779961E-03 
       667  2.235327610E+02  0.000000000E+00 -4.015332078E-03 
       668  2.241199103E+02  0.000000000E+00 -3.923725679E-03 
       669  2.247167191E+02  0.000000000E+00 -3.830901098E-03 
       670  2.253233464E+02  0.000000000E+00 -3.736802955E-03 
       671  2.259399536E+02  0.000000000E+00 -3.641379608E-03 
       672  2.265667050E+02  0.000000000E+00 -3.544582662E-03 
       673  2.272037674E+02  0.000000000E+00 -3.446366506E-03 
       674  2.278513104E+02  0.000000000E+00 -3.346687912E-03 
       675  2.285095066E+02  0.000000000E+00 -3.245505662E-03 
       676  2.291785311E+02  0.000000000E+00 -3.142780213E-03 
       677  2.298585621E+02  0.000000000E+00 -3.038473413E-03 
       678  2.305497807E+02  0.000000000E+00 -2.932548221E-03 
       679  2.312523708E+02  0.000000000E+00 -2.824968490E-03 
       680  2.319665197E+02  0.000000000E+00 -2.715698745E-03 
       681  2.326924175E+02  0.000000000E+00 -2.604704013E-03 
       682  2.334302574E+02  0.000000000E+00 -2.491949656E-03 
       683  2.341802359E+02  0.000000000E+00 -2.377401231E-03 
       684  2.349425527E+02  0.000000000E+00 -2.261024378E-03 
       685  2.357174108E+02  0.000000000E+00 -2.142784700E-03 
       686  2.365050165E+02  0.000000000E+00 -2.022647679E-03 
       687  2.373055796E+02  0.000000000E+00 -1.900578595E-03 
       688  2.381193132E+02  0.000000000E+00 -1.776542453E-03 
       689  2.389464340E+02  0.000000000E+00 -1.650503925E-03 
       690  2.397871622E+02  0.000000000E+00 -1.522427296E-03 
       691  2.406417216E+02  0.000000000E+00 -1.392276417E-03 
       692  2.415103399E+02  0.000000000E+00 -1.260014657E-03 
       693  2.423932484E+02  0.000000000E+00 -1.125604874E-03 
       694  2.432906820E+02  0.000000000E+00 -9.890093666E-04 
       695  2.442028798E+02  0.000000000E+00 -8.501898439E-04 
       696  2.451300847E+02  0.000000000E+00 -7.091073847E-04 
       697  2.460725436E+02  0.000000000E+00 -5.657224009E-04 
       698  2.470305073E+02  0.000000000E+00 -4.199945869E-04 
       699  2.480042311E+02  0.000000000E+00 -2.718828631E-04 
       700  2.489939742E+02  0.000000000E+00 -1.213453111E-04 
       701  2.500000000E+02  0.000000000E+00  3.166093601E-05 
       702  2.510060258E+02  0.000000000E+00  1.846626500E-04 
       703  2.519957689E+02  0.000000000E+00  3.351868304E-04 
       704  2.529694927E+02  0.000000000E+00  4.832765878E-04 
       705  2.539274564E+02  0.000000000E+00  6.289739683E-04 
       706  2.548699153E+02  0.000000000E+00  7.723200805E-04 
       707  2.557971202E+02  0.000000000E+00  9.133551727E-04 
       708  2.567093180E+02  0.000000000E+00  1.052118701E-03 
       709  2.576067516E+02  0.000000000E+00  1.188649393E-03 
       710  2.584896601E+02  0.000000000E+00  1.322985297E-03 
       711  2.593582784E+02  0.000000000E+00  1.455163828E-03 
       712  2.602128379E+02  0.000000000E+00  1.585221812E-03 
       713  2.610535660E+02  0.000000000E+00  1.713195538E-03 
       714  2.618806868E+02  0.000000000E+00  1.839120795E-03 
       715  2.626944204E+02  0.000000000E+00  1.963032924E-03 
       716  2.634949835E+02  0.000000000E+00  2.084966876E-03 
       717  2.642825892E+02  0.000000000E+00  2.204957265E-03 
       718  2.650574473E+02  0.000000000E+00  2.323038431E-03 
       719  2.658197641E+02  0.000000000E+00  2.439244521E-03 
       720  2.665697426E+02  0.000000000E+00  2.553609568E-03 
       721  2.673075825E+02  0.000000000E+00  2.666167584E-03 
       722  2.680334803E+02  0.000000000E+00  2.776952673E-03 
       723  2.687476292E+02  0.000000000E+00  2.885999155E-03 
       724  2.694502193E+02  0.000000000E+00  2.993341702E-03 
       725  2.701414379E+02  0.000000000E+00  3.099015506E-03 
       726  2.708214689E+02  0.000000000E+00  3.203056449E-03 
       727  2.714904934E+02  0.000000000E+00  3.305501329E-03 
       728  2.721486896E+02  0.000000000E+00  3.406388071E-03 
       729  2.727962326E+02  0.000000000E+00  3.505756009E-03 
       730  2.734332950E+02  0.000000000E+00  3.603646172E-03 
       731  2.740600464E+02  0.000000000E+00  3.700101608E-03 
       732  2.746766536E+02  0.000000000E+00  3.795167764E-03 
       733  2.752832808E+02  0.000000000E+00  3.888892880E-03 
       734  2.758800897E+02  0.000000000E+00  3.981328450E-03 
       735  2.764672390E+02  0.000000000E+00  4.072529709E-03 
       736  2.770448851E+02  0.000000000E+00  4.162556181E-03 
       737  2.776131818E+02  0.000000000E+00  4.251472271E-03 
       738  2.781722806E+02  0.000000000E+00  4.339347908E-03 
       739  2.787223301E+02  0.000000000E+00  4.426259254E-03 
       740  2.792634769E+02  0.000000000E+00  4.512289445E-03 
       741  2.797958652E+02  0.000000000E+00  4.597529415E-03 
       742  2.803196365E+02  0.000000000E+00  4.682078765E-03 
       743  2.808349305E+02  0.000000000E+00  4.766046685E-03 
       744  2.813418843E+02  0.000000000E+00  4.849552944E-03 
       745  2.818406329E+02  0.000000000E+00  4.932728926E-03 
       746  2.823313092E+02  0.000000000E+00  5.015718741E-03 
       747  2.828140437E+02  0.000000000E+00  5.098680364E-03 
       748  2.832889650E+02  0.000000000E+00  5.181786843E-03 
       749  2.837561995E+02  0.000000000E+00  5.265227546E-03 
       750  2.842158718E+02  0.000000000E+00  5.349209457E-03 
       751  2.846681041E+02  0.000000000E+00  5.433958519E-03 
       752  2.851130169E+02  0.000000000E+00  5.519720994E-03 
       753  2.855507287E+02  0.000000000E+00  5.606764871E-03 
       754  2.859813560E+02  0.000000000E+00  5.695381277E-03 
       755  2.864050134E+02  0.000000000E+00  5.785885909E-03 
       756  2.868218139E+02  0.000000000E+00  5.878620497E-03 
       757  2.872318683E+02  0.000000000E+00  5.973954221E-03 
       758  2.876352858E+02  0.000000000E+00  6.072285161E-03 
       759  2.880321740E+02  0.000000000E+00  6.174041710E-03 
       760  2.884226383E+02  0.000000000E+00  6.279683949E-03 
       761  2.888067830E+02  0.000000000E+00  6.389705014E-03 
       762  2.891847101E+02  0.000000000E+00  6.504632392E-03 
       763  2.895565204E+02  0.000000000E+00  6.625029160E-03 
       764  2.899223128E+02  0.000000000E+00  6.751495190E-03 
       765  2.902821847E+02  0.000000000E+00  6.884668224E-03 
       766  2.906362321E+02  0.000000000E+00  7.025224925E-03 
       767  2.909845490E+02  0.000000000E+00  7.173881793E-03 
       768  2.913272284E+02  0.000000000E+00  7.331395993E-03 
       769  2.916643614E+02  0.000000000E+00  7.498566099E-03 
       770  2.919960378E+02  0.000000000E+00  7.676232674E-03 
       771  2.923223460E+02  0.000000000E+00  7.865278799E-03 
       772  2.926433727E+02  0.000000000E+00  8.066630414E-03 
       773  2.929592035E+02  0.000000000E+00  8.281256612E-03 
       774  2.932699226E+02  0.000000000E+00  8.510169733E-03 
       775  2.935756125E+02  0.000000000E+00  8.754425395E-03 
       776  2.938763548E+02  0.000000000E+00  9.015122403E-03 
       777  2.941722295E+02  0.000000000E+00  9.293402543E-03 
       778  2.944633153E+02  0.000000000E+00  9.590450254E-03 
       779  2.947496899E+02  0.000000000E+00  9.907492294E-03 
       780  2.950314294E+02  0.000000000E+00  1.024579723E-02 
       781  2.953086088E+02  0.000000000E+00  1.060667501E-02 
       782  2.955813021E+02  0.000000000E+00  1.099147641E-02 
       783  2.958495817E+02  0.000000000E+00  1.140159255E-02 
       784  2.961135192E+02  0.000000000E+00  1.183845437E-02 
       785  2.963731847E+02  0.000000000E+00  1.230353236E-02 
       786  2.966286475E+02  0.000000000E+00  1.279833618E-02 
       787  2.968799755E+02  0.000000000E+00  1.332441465E-02 
       788  2.971272358E+02  0.000000000E+00  1.388335589E-02 
       789  2.973704940E+02  0.000000000E+00  1.447678770E-02 
       790  2.976098151E+02  0.000000000E+00  1.510637840E-02 
       791  2.978452626E+02  0.000000000E+00  1.577383804E-02 
       792  2.980768994E+02  0.000000000E+00  1.648092019E-02 
       793  2.983047871E+02  0.000000000E+00  1.722942431E-02 
       794  2.985289863E+02  0.000000000E+00  1.802119879E-02 
       795  2.987495568E+02  0.000000000E+00  1.837827110E-02 
       796  2.989665574E+02  0.000000000E+00  1.871188551E-02 
       797  2.991800457E+02  0.000000000E+00  1.948358544E-02 
       798  2.993900786E+02  0.000000000E+00  2.029415343E-02 
       799  2.995967121E+02  0.000000000E+00  2.114514320E-02 
       800  2.998000012E+02  0.000000000E+00  2.203815909E-02 
       801  3.000000000E+02  0.000000000E+00  2.120815441E-02 
       802  3.002500000E+02  0.000000000E+00  1.980628145E-02 
       803  3.005000000E+02  0.000000000E+00  2.016762947E-02 
       804  3.007500000E+02  0.000000000E+00  2.045761666E-02 
       805  3.010000000E+02  0.000000000E+00  2.069960240E-02 
       806  3.012500000E+02  0.000000000E+00  2.090618966E-02 
       807  3.015000000E+02  0.000000000E+00  2.108535566E-02 
       808  3.017500000E+02  0.000000000E+00  2.124265160E-02 
       809  3.020000000E+02  0.000000000E+00  2.138216655E-02 
       810  3.022500000E+02  0.000000000E+00  2.150702469E-02 
       811  3.025000000E+02  0.000000000E+00  2.161967387E-02 
       812  3.027500000E+02  0.000000000E+00  2.172206753E-02 
       813  3.030000000E+02  0.000000000E+00  2.181578637E-02 
       814  3.032500000E+02  0.000000000E+00  2.190212336E-02 
       815  3.035000000E+02  0.000000000E+00  2.198214538E-02 
       816  3.037500000E+02  0.000000000E+00  2.205673882E-02 
       817  3.040000000E+02  0.000000000E+00  2.212664449E-02 
       818  3.042500000E+02  0.000000000E+00  2.219248440E-02 
       819  3.045000000E+02  0.000000000E+00  2.225478300E-02 
       820  3.047500000E+02  0.000000000E+00  2.231398393E-02 
       821  3.050000000E+02  0.000000000E+00  2.237046364E-02 
       822  3.052500000E+02  0.000000000E+00  2.242454232E-02 
       823  3.055000000E+02  0.000000000E+00  2.247649294E-02 
       824  3.057500000E+02  0.000000000E+00  2.252654868E-02 
       825  3.060000000E+02  0.000000000E+00  2.257490904E-02 
       826  3.062500000E+02  0.000000000E+00  2.262174503E-02 
       827  3.065000000E+02  0.000000000E+00  2.266720338E-02 
       828  3.067500000E+02  0.000000000E+00  2.271141025E-02 
       829  3.070000000E+02  0.000000000E+00  2.275447418E-02 
       830  3.072500000E+02  0.000000000E+00  2.279648871E-02 
       831  3.075000000E+02  0.000000000E+00  2.283753455E-02 
       832  3.077500000E+02  0.000000000E+00  2.287768144E-02 
       833  3.080000000E+02  0.000000000E+00  2.291698971E-02 
       834  3.082500000E+02  0.000000000E+00  2.295551164E-02 
       835  3.085000000E+02  0.000000000E+00  2.299329258E-02 
       836  3.087500000E+02  0.000000000E+00  2.303037198E-02 
       837  3.090000000E+02  0.000000000E+00  2.306678421E-02 
       838  3.092500000E+02  0.000000000E+00  2.310255923E-02 
       839  3.095000000E+02  0.000000000E+00  2.313772330E-02 
       840  3.097500000E+02  0.000000000E+00  2.317229944E-02 
       841  3.100000000E+02  0.000000000E+00  2.320630790E-02 
       842  3.102500000E+02  0.000000000E+00  2.323976657E-02 
       843  3.105000000E+02  0.000000000E+00  2.327269128E-02 
       844  3.107500000E+02  0.000000000E+00  2.330509614E-02 
       845  3.110000000E+02  0.000000000E+00  2.333699373E-02 
       846  3.112500000E+02  0.000000000E+00  2.336839537E-02 
       847  3.115000000E+02  0.000000000E+00  2.339931126E-02 
       848  3.117500000E+02  0.000000000E+00  2.342975065E-02 
       849  3.120000000E+02  0.000000000E+00  2.345972198E-02 
       850  3.122500000E+02  0.000000000E+00  2.348923302E-02 
       851  3.125000000E+02  0.000000000E+00  2.351829091E-02 
       852  3.127500000E+02  0.000000000E+00  2.354690232E-02 
       853  3.130000000E+02  0.000000000E+00  2.357507345E-02 
       854  3.132500000E+02  0.000000000E+00  2.360281016E-02 
       855  3.135000000E+02  0.000000000E+00  2.363011800E-02 
       856  3.137500000E+02  0.000000000E+00  2.365700222E-02 
       857  3.140000000E+02  0.000000000E+00  2.368346787E-02 
       858  3.142500000E+02  0.000000000E+00  2.370951981E-02 
       859  3.145000000E+02  0.000000000E+00  2.373516272E-02 
       860  3.147500000E+02  0.000000000E+00  2.376040117E-02 
       861  3.150000000E+02  0.000000000E+00  2.378523958E-02 
       862  3.152500000E+02  0.000000000E+00  2.380968230E-02 
       863  3.155000000E+02  0.000000000E+00  2.383373359E-02 
       864  3.157500000E+02  0.000000000E+00  2.385739765E-02 
       865  3.160000000E+02  0.000000000E+00  2.388067861E-02 
       866  3.162500000E+02  0.000000000E+00  2.390358056E-02 
       867  3.165000000E+02  0.000000000E+00  2.392610756E-02 
       868  3.167500000E+02  0.000000000E+00  2.394826361E-02 
       869  3.170000000E+02  0.000000000E+00  2.397005273E-02 
       870  3.172500000E+02  0.000000000E+00  2.399147887E-02 
       871  3.175000000E+02  0.000000000E+00  2.401254599E-02 
       872  3.177500000E+02  0.000000000E+00  2.403325804E-02 
       873  3.180000000E+02  0.000000000E+00  2.405361893E-02 
       874  3.182500000E+02  0.000000000E+00  2.407363258E-02 
       875  3.185000000E+02  0.000000000E+00  2.409330289E-02 
       876  3.187500000E+02  0.000000000E+00  2.411263378E-02 
       877  3.190000000E+02  0.000000000E+00  2.413162912E-02 
       878  3.192500000E+02  0.000000000E+00  2.415029280E-02 
       879  3.195000000E+02  0.000000000E+00  2.416862871E-02 
       880  3.197500000E+02  0.000000000E+00  2.418664071E-02 
       881  3.200000000E+02  0.000000000E+00  2.420433266E-02 
       882  3.202500000E+02  0.000000000E+00  2.422170844E-02 
       883  3.205000000E+02  0.000000000E+00  2.423877188E-02 
       884  3.207500000E+02  0.000000000E+00  2.425552683E-02 
       885  3.210000000E+02  0.000000000E+00  2.427197714E-02 
       886  3.212500000E+02  0.000000000E+00  2.428812662E-02 
       887  3.215000000E+02  0.000000000E+00  2.430397909E-02 
       888  3.217500000E+02  0.000000000E+00  2.431953836E-02 
       889  3.220000000E+02  0.000000000E+00  2.433480822E-02 
       890  3.222500000E+02  0.000000000E+00  2.434979247E-02 
       891  3.225000000E+02  0.000000000E+00  2.436449486E-02 
       892  3.227500000E+02  0.000000000E+00  2.437891916E-02 
       893  3.230000000E+02  0.000000000E+00  2.439306911E-02 
       894  3.232500000E+02  0.000000000E+00  2.440694844E-02 
       895  3.235000000E+02  0.000000000E+00  2.442056086E-02 
       896  3.237500000E+02  0.000000000E+00  2.443391006E-02 
       897  3.240000000E+02  0.000000000E+00  2.444699972E-02 
       898  3.242500000E+02  0.000000000E+00  2.445983351E-02 
       899  3.245000000E+02  0.000000000E+00  2.447241504E-02 
       900  3.247500000E+02  0.000000000E+00  2.448474795E-02 
       901  3.250000000E+02  0.000000000E+00  2.449683584E-02 
       902  3.252500000E+02  0.000000000E+00  2.450868227E-02 
       903  3.255000000E+02  0.000000000E+00  2.452029080E-02 
       904  3.257500000E+02  0.000000000E+00  2.453166495E-02 
       905  3.260000000E+02  0.000000000E+00  2.454280824E-02 
       906  3.262500000E+02  0.000000000E+00  2.455372414E-02 
       907  3.265000000E+02  0.000000000E+00  2.456441611E-02 
       908  3.267500000E+02  0.000000000E+00  2.457488758E-02 
       909  3.270000000E+02  0.000000000E+00  2.458514194E-02 
       910  3.272500000E+02  0.000000000E+00  2.459518257E-02 
       911  3.275000000E+02  0.000000000E+00  2.460501282E-02 
       912  3.277500000E+02  0.000000000E+00  2.461463601E-02 
       913  3.280000000E+02  0.000000000E+00  2.462405543E-02 
       914  3.282500000E+02  0.000000000E+00  2.463327433E-02 
       915  3.285000000E+02  0.000000000E+00  2.464229594E-02 
       916  3.287500000E+02  0.000000000E+00  2.465112347E-02 
       917  3.290000000E+02  0.000000000E+00  2.465976008E-02 
       918  3.292500000E+02  0.000000000E+00  2.466820891E-02 
       919  3.295000000E+02  0.000000000E+00  2.467647305E-02 
       920  3.297500000E+02  0.000000000E+00  2.468455559E-02 
       921  3.300000000E+02  0.000000000E+00  2.469245957E-02 
       922  3.302500000E+02  0.000000000E+00  2.470018798E-02 
       923  3.305000000E+02  0.000000000E+00  2.470774381E-02 
       924  3.307500000E+02  0.000000000E+00  2.471513000E-02 
       925  3.310000000E+02  0.000000000E+00  2.472234944E-02 
       926  3.312500000E+02  0.000000000E+00  2.472940502E-02 
       927  3.315000000E+02  0.000000000E+00  2.473629956E-02 
       928  3.317500000E+02  0.000000000E+00  2.474303588E-02 
       929  3.320000000E+02  0.000000000E+00  2.474961673E-02 
       930  3.322500000E+02  0.000000000E+00  2.475604486E-02 
       931  3.325000000E+02  0.000000000E+00  2.476232296E-02 
       932  3.327500000E+02  0.000000000E+00  2.476845370E-02 
       933  3.330000000E+02  0.000000000E+00  2.477443969E-02 
       934  3.332500000E+02  0.000000000E+00  2.478028354E-02 
       935  3.335000000E+02  0.000000000E+00  2.478598779E-02 
       936  3.337500000E+02  0.000000000E+00  2.479155497E-02 
       937  3.340000000E+02  0.000000000E+00  2.479698756E-02 
       938  3.342500000E+02  0.000000000E+00  2.480228801E-02 
       939  3.345000000E+02  0.000000000E+00  2.480745873E-02 
       940  3.347500000E+02  0.000000000E+00  2.481250209E-02 
       941  3.350000000E+02  0.000000000E+00  2.481742044E-02 
       942  3.352500000E+02  0.000000000E+00  2.482221608E-02 
       943  3.355000000E+02  0.000000000E+00  2.482689127E-02 
       944  3.357500000E+02  0.000000000E+00  2.483144825E-02 
       945  3.360000000E+02  0.000000000E+00  2.483588921E-02 
       946  3.362500000E+02  0.000000000E+00  2.484021630E-02 
       947  3.365000000E+02  0.000000000E+00  2.484443167E-02 
       948  3.367500000E+02  0.000000000E+00  2.484853738E-02 
       949  3.370000000E+02  0.000000000E+00  2.485253549E-02 
       950  3.372500000E+02  0.000000000E+00  2.485642803E-02 
       951  3.375000000E+02  0.000000000E+00  2.486021695E-02 
       952  3.377500000E+02  0.000000000E+00  2.486390422E-02 
       953  3.380000000E+02  0.000000000E+00  2.486749173E-02 
       954  3.382500000E+02  0.000000000E+00  2.487098136E-02 
       955  3.385000000E+02  0.000000000E+00  2.487437496E-02 
       956  3.387500000E+02  0.000000000E+00  2.487767431E-02 
       957  3.390000000E+02  0.000000000E+00  2.488088119E-02 
       958  3.392500000E+02  0.000000000E+00  2.488399733E-02 
       959  3.395000000E+02  0.000000000E+00  2.488702443E-02 
       960  3.397500000E+02  0.000000000E+00  2.488996415E-02 
       961  3.400000000E+02  0.000000000E+00  2.489281812E-02 
       962  3.402500000E+02  0.000000000E+00  2.489558793E-02 
       963  3.405000000E+02  0.000000000E+00  2.489827515E-02 
       964  3.407500000E+02  0.000000000E+00  2.490088129E-02 
       965  3.410000000E+02  0.000000000E+00  2.490340786E-02 
       966  3.412500000E+02  0.000000000E+00  2.490585631E-02 
       967  3.415000000E+02  0.000000000E+00  2.490822806E-02 
       968  3.417500000E+02  0.000000000E+00  2.491052452E-02 
       969  3.420000000E+02  0.000000000E+00  2.491274703E-02 
       970  3.422500000E+02  0.000000000E+00  2.491489692E-02 
       971  3.425000000E+02  0.000000000E+00  2.491697549E-02 
       972  3.427500000E+02  0.000000000E+00  2.491898400E-02 
       973  3.430000000E+02  0.000000000E+00  2.492092367E-02 
       974  3.432500000E+02  0.000000000E+00  2.492279571E-02 
       975  3.435000000E+02  0.000000000E+00  2.492460128E-02 
       976  3.437500000E+02  0.000000000E+00  2.492634150E-02 
       977  3.440000000E+02  0.000000000E+00  2.492801749E-02 
       978  3.442500000E+02  0.000000000E+00  2.492963031E-02 
       979  3.445000000E+02  0.000000000E+00  2.493118100E-02 
       980  3.447500000E+02  0.000000000E+00  2.493267056E-02 
       981  3.450000000E+02  0.000000000E+00  2.493409999E-02 
       982  3.452500000E+02  0.000000000E+00  2.493547021E-02 
       983  3.455000000E+02  0.000000000E+00  2.493678216E-02 
       984  3.457500000E+02  0.000000000E+00  2.493803671E-02 
       985  3.460000000E+02  0.000000000E+00  2.493923473E-02 
       986  3.462500000E+02  0.000000000E+00  2.494037703E-02 
       987  3.465000000E+02  0.000000000E+00  2.494146442E-02 
       988  3.467500000E+02  0.000000000E+00  2.494249766E-02 
       989  3.470000000E+02  0.000000000E+00  2.494347749E-02 
       990  3.472500000E+02  0.000000000E+00  2.494440463E-02 
       991  3.475000000E+02  0.000000000E+00  2.494527974E-02 
       992  3.477500000E+02  0.000000000E+00  2.494610349E-02 
       993  3.480000000E+02  0.000000000E+00  2.494687649E-02 
       994  3.482500000E+02  0.000000000E+00  2.494759935E-02 
       995  3.485000000E+02  0.000000000E+00  2.494827262E-02 
       996  3.487500000E+02  0.000000000E+00  2.494889685E-02 
       997  3.490000000E+02  0.000000000E+00  2.494947255E-02 
       998  3.492500000E+02  0.000000000E+00  2.495000019E-02 
       999  3.495000000E+02  0.000000000E+00  2.495048024E-02 
      1000  3.497500000E+02  0.000000000E+00  2.495091313E-02 
      1001  3.500000000E+02  0.000000000E+00  2.495129924E-02 
      1002  3.502500000E+02  0.000000000E+00  2.495163897E-02 
      1003  3.505000000E+02  0.000000000E+00  2.495193264E-02 
      1004  3.507500000E+02  0.000000000E+00  2.495218059E-02 
      1005  3.510000000E+02  0.000000000E+00  2.495238310E-02 
      1006  3.512500000E+02  0.000000000E+00  2.495254045E-02 
      1007  3.515000000E+02  0.000000000E+00  2.495265286E-02 
      1008  3.517500000E+02  0.000000000E+00  2.495272055E-02 
      1009  3.520000000E+02  0.000000000E+00  2.495274371E-02 
      1010  3.522500000E+02  0.000000000E+00  2.495272250E-02 
      1011  3.525000000E+02  0.000000000E+00  2.495265705E-02 
      1012  3.527500000E+02  0.000000000E+00  2.495254747E-02 
      1013  3.530000000E+02  0.000000000E+00  2.495239383E-02 
      1014  3.532500000E+02  0.000000000E+00  2.495219620E-02 
      1015  3.535000000E+02  0.000000000E+00  2.495195460E-02 
      1016  3.537500000E+02  0.000000000E+00  2.495166904E-02 
      1017  3.540000000E+02  0.000000000E+00  2.495133949E-02 
      1018  3.542500000E+02  0.000000000E+00  2.495096591E-02 
      1019  3.545000000E+02  0.000000000E+00  2.495054821E-02 
      1020  3.547500000E+02  0.000000000E+00  2.495008631E-02 
      1021  3.550000000E+02  0.000000000E+00  2.494958006E-02 
      1022  3.552500000E+02  0.000000000E+00  2.494902933E-02 
      1023  3.555000000E+02  0.000000000E+00  2.494843393E-02 
      1024  3.557500000E+02  0.000000000E+00  2.494779366E-02 
      1025  3.560000000E+02  0.000000000E+00  2.494710829E-02 
      1026  3.562500000E+02  0.000000000E+00  2.494637756E-02 
      1027  3.565000000E+02  0.000000000E+00  2.494560120E-02 
      1028  3.567500000E+02  0.000000000E+00  2.494477890E-02 
      1029  3.570000000E+02  0.000000000E+00  2.494391032E-02 
      1030  3.572500000E+02  0.000000000E+00  2.494299511E-02 
      1031  3.575000000E+02  0.000000000E+00  2.494203288E-02 
      1032  3.577500000E+02  0.000000000E+00  2.494102322E-02 
      1033  3.580000000E+02  0.000000000E+00  2.493996571E-02 
      1034  3.582500000E+02  0.000000000E+00  2.493885986E-02 
      1035  3.585000000E+02  0.000000000E+00  2.493770520E-02 
      1036  3.587500000E+02  0.000000000E+00  2.493650122E-02 
      1037  3.590000000E+02  0.000000000E+00  2.493524736E-02 
      1038  3.592500000E+02  0.000000000E+00  2.493394307E-02 
      1039  3.595000000E+02  0.000000000E+00  2.493258776E-02 
      1040  3.597500000E+02  0.000000000E+00  2.493118079E-02 
      1041  3.600000000E+02  0.000000000E+00  2.492972153E-02 
      1042  3.602500000E+02  0.000000000E+00  2.492820931E-02 
      1043  3.605000000E+02  0.000000000E+00  2.492664341E-02 
      1044  3.607500000E+02  0.000000000E+00  2.492502313E-02 
      1045  3.610000000E+02  0.000000000E+00  2.492334770E-02 
      1046  3.612500000E+02  0.000000000E+00  2.492161635E-02 
      1047  3.615000000E+02  0.000000000E+00  2.491982826E-02 
      1048  3.617500000E+02  0.000000000E+00  2.491798261E-02 
      1049  3.620000000E+02  0.000000000E+00  2.491607853E-02 
      1050  3.622500000E+02  0.000000000E+00  2.491411513E-02 
      1051  3.625000000E+02  0.000000000E+00  2.491209150E-02 
      1052  3.627500000E+02  0.000000000E+00  2.491000669E-02 
      1053  3.630000000E+02  0.000000000E+00  2.490785974E-02 
      1054  3.632500000E+02  0.000000000E+00  2.490564963E-02 
      1055  3.635000000E+02  0.000000000E+00  2.490337535E-02 
      1056  3.637500000E+02  0.000000000E+00  2.490103584E-02 
      1057  3.640000000E+02  0.000000000E+00  2.489863001E-02 
      1058  3.642500000E+02  0.000000000E+00  2.489615675E-02 
      1059  3.645000000E+02  0.000000000E+00  2.489361493E-02 
      1060  3.647500000E+02  0.000000000E+00  2.489100337E-02 
      1061  3.650000000E+02  0.000000000E+00  2.488832087E-02 
      1062  3.652500000E+02  0.000000000E+00  2.488556622E-02 
      1063  3.655000000E+02  0.000000000E+00  2.488273814E-02 
      1064  3.657500000E+02  0.000000000E+00  2.487983537E-02 
      1065  3.660000000E+02  0.000000000E+00  2.487685658E-02 
      1066  3.662500000E+02  0.000000000E+00  2.487380043E-02 
      1067  3.665000000E+02  0.000000000E+00  2.487066556E-02 
      1068  3.667500000E+02  0.000000000E+00  2.486745056E-02 
      1069  3.670000000E+02  0.000000000E+00  2.486415400E-02 
      1070  3.672500000E+02  0.000000000E+00  2.486077442E-02 
      1071  3.675000000E+02  0.000000000E+00  2.485731033E-02 
      1072  3.677500000E+02  0.000000000E+00  2.485376022E-02 
      1073  3.680000000E+02  0.000000000E+00  2.485012253E-02 
      1074  3.682500000E+02  0.000000000E+00  2.484639568E-02 
      1075  3.685000000E+02  0.000000000E+00  2.484257808E-02 
      1076  3.687500000E+02  0.000000000E+00  2.483866807E-02 
      1077  3.690000000E+02  0.000000000E+00  2.483466400E-02 
      1078  3.692500000E+02  0.000000000E+00  2.483056416E-02 
      1079  3.695000000E+02  0.000000000E+00  2.482636683E-02 
      1080  3.697500000E+02  0.000000000E+00  2.482207025E-02 
      1081  3.700000000E+02  0.000000000E+00  2.481767264E-02 
      1082  3.702500000E+02  0.000000000E+00  2.481317217E-02 
      1083  3.705000000E+02  0.000000000E+00  2.480856700E-02 
      1084  3.707500000E+02  0.000000000E+00  2.480385525E-02 
      1085  3.710000000E+02  0.000000000E+00  2.479903503E-02 
      1086  3.712500000E+02  0.000000000E+00  2.479410438E-02 
      1087  3.715000000E+02  0.000000000E+00  2.478906135E-02 
      1088  3.717500000E+02  0.000000000E+00  2.478390395E-02 
      1089  3.720000000E+02  0.000000000E+00  2.477863014E-02 
      1090  3.722500000E+02  0.000000000E+00  2.477323788E-02 
      1091  3.725000000E+02  0.000000000E+00  2.476772508E-02 
      1092  3.727500000E+02  0.000000000E+00  2.476208963E-02 
      1093  3.730000000E+02  0.000000000E+00  2.475632939E-02 
      1094  3.732500000E+02  0.000000000E+00  2.475044220E-02 
      1095  3.735000000E+02  0.000000000E+00  2.474442585E-02 
      1096  3.737500000E+02  0.000000000E+00  2.473827811E-02 
      1097  3.740000000E+02  0.000000000E+00  2.473199675E-02 
      1098  3.742500000E+02  0.000000000E+00  2.472557946E-02 
      1099  3.745000000E+02  0.000000000E+00  2.471902395E-02 
      1100  3.747500000E+02  0.000000000E+00  2.471232788E-02 
      1101  3.750000000E+02  0.000000000E+00  2.470548888E-02 
      1102  3.752500000E+02  0.000000000E+00  2.469850457E-02 
      1103  3.755000000E+02  0.000000000E+00  2.469137252E-02 
      1104  3.757500000E+02  0.000000000E+00  2.468409029E-02 
      1105  3.760000000E+02  0.000000000E+00  2.467665541E-02 
      1106  3.762500000E+02  0.000000000E+00  2.466906540E-02 
      1107  3.765000000E+02  0.000000000E+00  2.466131772E-02 
      1108  3.767500000E+02  0.000000000E+00  2.465340983E-02 
      1109  3.770000000E+02  0.000000000E+00  2.464533916E-02 
      1110  3.772500000E+02  0.000000000E+00  2.463710312E-02 
      1111  3.775000000E+02  0.000000000E+00  2.462869909E-02 
      1112  3.777500000E+02  0.000000000E+00  2.462012443E-02 
      1113  3.780000000E+02  0.000000000E+00  2.461137646E-02 
      1114  3.782500000E+02  0.000000000E+00  2.460245251E-02 
      1115  3.785000000E+02  0.000000000E+00  2.459334985E-02 
      1116  3.787500000E+02  0.000000000E+00  2.458406576E-02 
      1117  3.790000000E+02  0.000000000E+00  2.457459749E-02 
      1118  3.792500000E+02  0.000000000E+00  2.456494224E-02 
      1119  3.795000000E+02  0.000000000E+00  2.455509723E-02 
      1120  3.797500000E+02  0.000000000E+00  2.454505963E-02 
      1121  3.800000000E+02  0.000000000E+00  2.453482660E-02 
      1122  3.802500000E+02  0.000000000E+00  2.452439528E-02 
      1123  3.805000000E+02  0.000000000E+00  2.451376278E-02 
      1124  3.807500000E+02  0.000000000E+00  2.450292620E-02 
      1125  3.810000000E+02  0.000000000E+00  2.449188261E-02 
      1126  3.812500000E+02  0.000000000E+00  2.448062906E-02 
      1127  3.815000000E+02  0.000000000E+00  2.446916258E-02 
      1128  3.817500000E+02  0.000000000E+00  2.445748019E-02 
      1129  3.820000000E+02  0.000000000E+00  2.444557886E-02 
      1130  3.822500000E+02  0.000000000E+00  2.443345555E-02 
      1131  3.825000000E+02  0.000000000E+00  2.442110720E-02 
      1132  3.827500000E+02  0.000000000E+00  2.440853072E-02 
      1133  3.830000000E+02  0.000000000E+00  2.439572299E-02 
      1134  3.832500000E+02  0.000000000E+00  2.438268086E-02 
      1135  3.835000000E+02  0.000000000E+00  2.436940115E-02 
      1136  3.837500000E+02  0.000000000E+00  2.435588065E-02 
      1137  3.840000000E+02  0.000000000E+00  2.434211608E-02 
      1138  3.842500000E+02  0.000000000E+00  2.432810417E-02 
      1139  3.845000000E+02  0.000000000E+00  2.431384155E-02 
      1140  3.847500000E+02  0.000000000E+00  2.429932483E-02 
      1141  3.850000000E+02  0.000000000E+00  2.428455054E-02 
      1142  3.852500000E+02  0.000000000E+00  2.426951516E-02 
      1143  3.855000000E+02  0.000000000E+00  2.425421508E-02 
      1144  3.857500000E+02  0.000000000E+00  2.423864661E-02 
      1145  3.860000000E+02  0.000000000E+00  2.422280594E-02 
      1146  3.862500000E+02  0.000000000E+00  2.420668916E-02 
      1147  3.865000000E+02  0.000000000E+00  2.419029223E-02 
      1148  3.867500000E+02  0.000000000E+00  2.417361094E-02 
      1149  3.870000000E+02  0.000000000E+00  2.415664094E-02 
      1150  3.872500000E+02  0.000000000E+00  2.413937763E-02 
      1151  3.875000000E+02  0.000000000E+00  2.412181621E-02 
      1152  3.877500000E+02  0.000000000E+00  2.410395160E-02 
      1153  3.880000000E+02  0.000000000E+00  2.408577841E-02 
      1154  3.882500000E+02  0.000000000E+00  2.406729089E-02 
      1155  3.885000000E+02  0.000000000E+00  2.404848286E-02 
      1156  3.887500000E+02  0.000000000E+00  2.402934768E-02 
      1157  3.890000000E+02  0.000000000E+00  2.400987813E-02 
      1158  3.892500000E+02  0.000000000E+00  2.399006636E-02 
      1159  3.895000000E+02  0.000000000E+00  2.396990377E-02 
      1160  3.897500000E+02  0.000000000E+00  2.394938087E-02 
      1161  3.900000000E+02  0.000000000E+00  2.392848720E-02 
      1162  3.902500000E+02  0.000000000E+00  2.390721111E-02 
      1163  3.905000000E+02  0.000000000E+00  2.388553960E-02 
      1164  3.907500000E+02  0.000000000E+00  2.386345811E-02 
      1165  3.910000000E+02  0.000000000E+00  2.384095025E-02 
      1166  3.912500000E+02  0.000000000E+00  2.381799755E-02 
      1167  3.915000000E+02  0.000000000E+00  2.379457905E-02 
      1168  3.917500000E+02  0.000000000E+00  2.377067096E-02 
      1169  3.920000000E+02  0.000000000E+00  2.374624621E-02 
      1170  3.922500000E+02  0.000000000E+00  2.372127385E-02 
      1171  3.925000000E+02  0.000000000E+00  2.369571848E-02 
      1172  3.927500000E+02  0.000000000E+00  2.366953950E-02 
      1173  3.930000000E+02  0.000000000E+00  2.364269023E-02 
      1174  3.932500000E+02  0.000000000E+00  2.361511695E-02 
      1175  3.935000000E+02  0.000000000E+00  2.358675767E-02 
      1176  3.937500000E+02  0.000000000E+00  2.355754079E-02 
      1177  3.940000000E+02  0.000000000E+00  2.352738342E-02 
      1178  3.942500000E+02  0.000000000E+00  2.349618947E-02 
      1179  3.945000000E+02  0.000000000E+00  2.346384737E-02 
      1180  3.947500000E+02  0.000000000E+00  2.343022730E-02 
      1181  3.950000000E+02  0.000000000E+00  2.339517796E-02 
      1182  3.952500000E+02  0.000000000E+00  2.335852266E-02 
      1183  3.955000000E+02  0.000000000E+00  2.332005463E-02 
      1184  3.957500000E+02  0.000000000E+00  2.327953125E-02 
      1185  3.960000000E+02  0.000000000E+00  2.323666713E-02 
      1186  3.962500000E+02  0.000000000E+00  2.319112547E-02 
      1187  3.965000000E+02  0.000000000E+00  2.314250743E-02 
      1188  3.967500000E+02  0.000000000E+00  2.309033869E-02 
      1189  3.970000000E+02  0.000000000E+00  2.303405240E-02 
      1190  3.972500000E+02  0.000000000E+00  2.297296715E-02 
      1191  3.975000000E+02  0.000000000E+00  2.290625795E-02 
      1192  3.977500000E+02  0.000000000E+00  2.283291725E-02 
      1193  3.980000000E+02  0.000000000E+00  2.275170100E-02 
      1194  3.982500000E+02  0.000000000E+00  2.266105160E-02 
      1195  3.985000000E+02  0.000000000E+00  2.255898261E-02 
      1196  3.987500000E+02  0.000000000E+00  2.244289599E-02 
      1197  3.990000000E+02  0.000000000E+00  2.230926722E-02 
      1198  3.992500000E+02  0.000000000E+00  2.215303521E-02 
      1199  3.995000000E+02  0.000000000E+00  2.196621044E-02 
      1200  3.997500000E+02  0.000000000E+00  2.173399738E-02 
      1201  4.000000000E+02  0.000000000E+00  2.300088417E-02 
      1202  4.002000034E+02  0.000000000E+00  2.379764043E-02 
      1203  4.004016387E+02  0.000000000E+00  2.317107863E-02 
      1204  4.006049192E+02  0.000000000E+00  2.257865334E-02 
      1205  4.008098583E+02  0.000000000E+00  2.201857302E-02 
      1206  4.010164696E+02  0.000000000E+00  2.148913548E-02 
      1207  4.012247666E+02  0.000000000E+00  2.098872178E-02 
      1208  4.014347631E+02  0.000000000E+00  2.051579130E-02 
      1209  4.016464731E+02  0.000000000E+00  2.006887725E-02 
      1210  4.018599104E+02  0.000000000E+00  1.964658269E-02 
      1211  4.020750892E+02  0.000000000E+00  1.924757672E-02 
      1212  4.022920237E+02  0.000000000E+00  1.887059140E-02 
      1213  4.025107282E+02  0.000000000E+00  1.851000323E-02 
      1214  4.027312172E+02  0.000000000E+00  1.816992200E-02 
      1215  4.029535052E+02  0.000000000E+00  1.785366455E-02 
      1216  4.031776069E+02  0.000000000E+00  1.755477046E-02 
      1217  4.034035370E+02  0.000000000E+00  1.727225626E-02 
      1218  4.036313106E+02  0.000000000E+00  1.700518532E-02 
      1219  4.038609426E+02  0.000000000E+00  1.675266608E-02 
      1220  4.040924483E+02  0.000000000E+00  1.651385036E-02 
      1221  4.043258428E+02  0.000000000E+00  1.628815530E-02 
      1222  4.045611417E+02  0.000000000E+00  1.607501747E-02 
      1223  4.047983604E+02  0.000000000E+00  1.587343394E-02 
      1224  4.050375146E+02  0.000000000E+00  1.568246321E-02 
      1225  4.052786201E+02  0.000000000E+00  1.550145629E-02 
      1226  4.055216929E+02  0.000000000E+00  1.533140949E-02 
      1227  4.057667489E+02  0.000000000E+00  1.517316177E-02 
      1228  4.060138044E+02  0.000000000E+00  1.502445537E-02 
      1229  4.062628756E+02  0.000000000E+00  1.488237288E-02 
      1230  4.065139791E+02  0.000000000E+00  1.474665573E-02 
      1231  4.067671314E+02  0.000000000E+00  1.461796649E-02 
      1232  4.070223492E+02  0.000000000E+00  1.449593773E-02 
      1233  4.072796494E+02  0.000000000E+00  1.437996539E-02 
      1234  4.075390490E+02  0.000000000E+00  1.426976730E-02 
      1235  4.078005650E+02  0.000000000E+00  1.416468304E-02 
      1236  4.080642148E+02  0.000000000E+00  1.406383363E-02 
      1237  4.083300158E+02  0.000000000E+00  1.396679536E-02 
      1238  4.085979855E+02  0.000000000E+00  1.387329443E-02 
      1239  4.088681416E+02  0.000000000E+00  1.363636629E-02 
      1240  4.091405020E+02  0.000000000E+00  1.340131968E-02 
      1241  4.094150846E+02  0.000000000E+00  1.331750471E-02 
      1242  4.096919076E+02  0.000000000E+00  1.323693807E-02 
      1243  4.099709892E+02  0.000000000E+00  1.315935814E-02 
      1244  4.102523480E+02  0.000000000E+00  1.308451976E-02 
      1245  4.105360024E+02  0.000000000E+00  1.301219340E-02 
      1246  4.108219711E+02  0.000000000E+00  1.294216432E-02 
      1247  4.111102732E+02  0.000000000E+00  1.287423172E-02 
      1248  4.114009276E+02  0.000000000E+00  1.280820803E-02 
      1249  4.116939535E+02  0.000000000E+00  1.274391812E-02 
      1250  4.119893702E+02  0.000000000E+00  1.268119860E-02 
      1251  4.122871973E+02  0.000000000E+00  1.261989716E-02 
      1252  4.125874544E+02  0.000000000E+00  1.255987189E-02 
      1253  4.128901614E+02  0.000000000E+00  1.250099068E-02 
      1254  4.131953383E+02  0.000000000E+00  1.244313065E-02 
      1255  4.135030051E+02  0.000000000E+00  1.238617752E-02 
      1256  4.138131823E+02  0.000000000E+00  1.233002516E-02 
      1257  4.141258902E+02  0.000000000E+00  1.227457500E-02 
      1258  4.144411496E+02  0.000000000E+00  1.221973561E-02 
      1259  4.147589813E+02  0.000000000E+00  1.216542220E-02 
      1260  4.150794062E+02  0.000000000E+00  1.211155619E-02 
      1261  4.154024455E+02  0.000000000E+00  1.205806482E-02 
      1262  4.157281206E+02  0.000000000E+00  1.200488073E-02 
      1263  4.160564529E+02  0.000000000E+00  1.195194161E-02 
      1264  4.163874641E+02  0.000000000E+00  1.189918984E-02 
      1265  4.167211762E+02  0.000000000E+00  1.184657217E-02 
      1266  4.170576110E+02  0.000000000E+00  1.179403942E-02 
      1267  4.173967909E+02  0.000000000E+00  1.174154616E-02 
      1268  4.177387382E+02  0.000000000E+00  1.168905045E-02 
      1269  4.180834756E+02  0.000000000E+00  1.163651358E-02 
      1270  4.184310257E+02  0.000000000E+00  1.158389985E-02 
      1271  4.187814116E+02  0.000000000E+00  1.153117631E-02 
      1272  4.191346563E+02  0.000000000E+00  1.147831257E-02 
      1273  4.194907832E+02  0.000000000E+00  1.142528059E-02 
      1274  4.198498158E+02  0.000000000E+00  1.137205450E-02 
      1275  4.202117779E+02  0.000000000E+00  1.131861043E-02 
      1276  4.205766933E+02  0.000000000E+00  1.126492634E-02 
      1277  4.209445860E+02  0.000000000E+00  1.121098188E-02 
      1278  4.213154806E+02  0.000000000E+00  1.115675824E-02 
      1279  4.216894013E+02  0.000000000E+00  1.110223802E-02 
      1280  4.220663728E+02  0.000000000E+00  1.104740513E-02 
      1281  4.224464202E+02  0.000000000E+00  1.099224466E-02 
      1282  4.228295685E+02  0.000000000E+00  1.093674276E-02 
      1283  4.232158429E+02  0.000000000E+00  1.088088658E-02 
      1284  4.236052691E+02  0.000000000E+00  1.082466417E-02 
      1285  4.239978726E+02  0.000000000E+00  1.076806438E-02 
      1286  4.243936795E+02  0.000000000E+00  1.071107680E-02 
      1287  4.247927158E+02  0.000000000E+00  1.065369170E-02 
      1288  4.251950080E+02  0.000000000E+00  1.059589995E-02 
      1289  4.256005825E+02  0.000000000E+00  1.053769296E-02 
      1290  4.260094662E+02  0.000000000E+00  1.047906264E-02 
      1291  4.264216861E+02  0.000000000E+00  1.042000134E-02 
      1292  4.268372694E+02  0.000000000E+00  1.036050181E-02 
      1293  4.272562434E+02  0.000000000E+00  1.030055715E-02 
      1294  4.276786360E+02  0.000000000E+00  1.024016080E-02 
      1295  4.281044750E+02  0.000000000E+00  1.017930647E-02 
      1296  4.285337884E+02  0.000000000E+00  1.011798811E-02 
      1297  4.289666047E+02  0.000000000E+00  1.005619992E-02 
      1298  4.294029525E+02  0.000000000E+00  9.993936295E-03 
      1299  4.298428605E+02  0.000000000E+00  9.931191789E-03 
      1300  4.302863578E+02  0.000000000E+00  9.867961124E-03 
      1301  4.307334737E+02  0.000000000E+00  9.804239155E-03 
      1302  4.311842377E+02  0.000000000E+00  9.740020852E-03 
      1303  4.316386795E+02  0.000000000E+00  9.675301286E-03 
      1304  4.320968293E+02  0.000000000E+00  9.610075616E-03 
      1305  4.325587172E+02  0.000000000E+00  9.544339075E-03 
      1306  4.330243737E+02  0.000000000E+00  9.478086959E-03 
      1307  4.334938296E+02  0.000000000E+00  9.411314613E-03 
      1308  4.339671159E+02  0.000000000E+00  9.344017424E-03 
      1309  4.344442638E+02  0.000000000E+00  9.276190817E-03 
      1310  4.349253049E+02  0.000000000E+00  9.207830237E-03 
      1311  4.354102708E+02  0.000000000E+00  9.138931153E-03 
      1312  4.358991937E+02  0.000000000E+00  9.069489045E-03 
      1313  4.363921059E+02  0.000000000E+00  8.999499397E-03 
      1314  4.368890398E+02  0.000000000E+00  8.928957699E-03 
      1315  4.373900283E+02  0.000000000E+00  8.857859438E-03 
      1316  4.378951044E+02  0.000000000E+00  8.786200092E-03 
      1317  4.384043016E+02  0.000000000E+00  8.713975130E-03 
      1318  4.389176534E+02  0.000000000E+00  8.641180009E-03 
      1319  4.394351937E+02  0.000000000E+00  8.567810168E-03 
      1320  4.399569568E+02  0.000000000E+00  8.493861025E-03 
      1321  4.404829770E+02  0.000000000E+00  8.419327981E-03 
      1322  4.410132892E+02  0.000000000E+00  8.344206410E-03 
      1323  4.415479282E+02  0.000000000E+00  8.268491657E-03 
      1324  4.420869295E+02  0.000000000E+00  8.192179045E-03 
      1325  4.426303286E+02  0.000000000E+00  8.115263864E-03 
      1326  4.431781614E+02  0.000000000E+00  8.037741373E-03 
      1327  4.437304641E+02  0.000000000E+00  7.959606801E-03 
      1328  4.442872731E+02  0.000000000E+00  7.880855338E-03 
      1329  4.448486253E+02  0.000000000E+00  7.801482145E-03 
      1330  4.454145576E+02  0.000000000E+00  7.721482339E-03 
      1331  4.459851075E+02  0.000000000E+00  7.640851008E-03 
      1332  4.465603126E+02  0.000000000E+00  7.559583194E-03 
      1333  4.471402109E+02  0.000000000E+00  7.477673902E-03 
      1334  4.477248408E+02  0.000000000E+00  7.395118096E-03 
      1335  4.483142407E+02  0.000000000E+00  7.311910698E-03 
      1336  4.489084497E+02  0.000000000E+00  7.228046588E-03 
      1337  4.495075070E+02  0.000000000E+00  7.143520602E-03 
      1338  4.501114521E+02  0.000000000E+00  7.058327528E-03 
      1339  4.507203248E+02  0.000000000E+00  6.972462113E-03 
      1340  4.513341655E+02  0.000000000E+00  6.885919056E-03 
      1341  4.519530147E+02  0.000000000E+00  6.798693004E-03 
      1342  4.525769132E+02  0.000000000E+00  6.710778563E-03 
      1343  4.532059021E+02  0.000000000E+00  6.622170284E-03 
      1344  4.538400232E+02  0.000000000E+00  6.532862668E-03 
      1345  4.544793181E+02  0.000000000E+00  6.442850166E-03 
      1346  4.551238292E+02  0.000000000E+00  6.352127176E-03 
      1347  4.557735990E+02  0.000000000E+00  6.260688044E-03 
      1348  4.564286703E+02  0.000000000E+00  6.168527056E-03 
      1349  4.570890866E+02  0.000000000E+00  6.075638451E-03 
      1350  4.577548913E+02  0.000000000E+00  5.982016402E-03 
      1351  4.584261284E+02  0.000000000E+00  5.887655033E-03 
      1352  4.591028423E+02  0.000000000E+00  5.792548402E-03 
      1353  4.597850777E+02  0.000000000E+00  5.696690511E-03 
      1354  4.604728795E+02  0.000000000E+00  5.600075300E-03 
      1355  4.611662932E+02  0.000000000E+00  5.502696646E-03 
      1356  4.618653647E+02  0.000000000E+00  5.404548361E-03 
      1357  4.625701400E+02  0.000000000E+00  5.305624194E-03 
      1358  4.632806657E+02  0.000000000E+00  5.205917826E-03 
      1359  4.639969887E+02  0.000000000E+00  5.105422868E-03 
      1360  4.647191564E+02  0.000000000E+00  5.004132868E-03 
      1361  4.654472164E+02  0.000000000E+00  4.902041294E-03 
      1362  4.661812167E+02  0.000000000E+00  4.799141545E-03 
      1363  4.669212059E+02  0.000000000E+00  4.695426942E-03 
      1364  4.676672328E+02  0.000000000E+00  4.590890729E-03 
      1365  4.684193468E+02  0.000000000E+00  4.485526067E-03 
      1366  4.691775973E+02  0.000000000E+00  4.379326034E-03 
      1367  4.699420346E+02  0.000000000E+00  4.272283617E-03 
      1368  4.707127091E+02  0.000000000E+00  4.164391705E-03 
      1369  4.714896716E+02  0.000000000E+00  4.055643092E-03 
      1370  4.722729736E+02  0.000000000E+00  3.946030457E-03 
      1371  4.730626666E+02  0.000000000E+00  3.835546358E-03 
      1372  4.738588030E+02  0.000000000E+00  3.724183220E-03 
      1373  4.746614352E+02  0.000000000E+00  3.611933315E-03 
      1374  4.754706162E+02  0.000000000E+00  3.498788736E-03 
      1375  4.762863994E+02  0.000000000E+00  3.384741367E-03 
      1376  4.771088389E+02  0.000000000E+00  3.269782840E-03 
      1377  4.779379887E+02  0.000000000E+00  3.153904479E-03 
      1378  4.787739038E+02  0.000000000E+00  3.037097222E-03 
      1379  4.796166392E+02  0.000000000E+00  2.919351518E-03 
      1380  4.804662507E+02  0.000000000E+00  2.800657192E-03 
      1381  4.813227944E+02  0.000000000E+00  2.681003252E-03 
      1382  4.821863268E+02  0.000000000E+00  2.560377637E-03 
      1383  4.830569049E+02  0.000000000E+00  2.438766866E-03 
      1384  4.839345862E+02  0.000000000E+00  2.316155566E-03 
      1385  4.848194287E+02  0.000000000E+00  2.192525821E-03 
      1386  4.857114908E+02  0.000000000E+00  2.067856281E-03 
      1387  4.866108314E+02  0.000000000E+00  1.942120938E-03 
      1388  4.875175099E+02  0.000000000E+00  1.815287444E-03 
      1389  4.884315862E+02  0.000000000E+00  1.687314781E-03 
      1390  4.893531206E+02  0.000000000E+00  1.558150048E-03 
      1391  4.902821741E+02  0.000000000E+00  1.427723997E-03 
      1392  4.912188078E+02  0.000000000E+00  1.295944842E-03 
      1393  4.921630837E+02  0.000000000E+00  1.162689616E-03 
      1394  4.931150642E+02  0.000000000E+00  1.027792122E-03 
      1395  4.940748120E+02  0.000000000E+00  8.910260501E-04 
      1396  4.950423907E+02  0.000000000E+00  7.520812819E-04 
      1397  4.960178639E+02  0.000000000E+00  6.105305478E-04 
      1398  4.970012963E+02  0.000000000E+00  4.657823351E-04 
      1399  4.979927527E+02  0.000000000E+00  3.170178116E-04 
      1400  4.989922986E+02  0.000000000E+00  1.625279416E-04 
      1401  5.000000000E+02  0.000000000E+00  8.321320771E-05 
