nodenumber     x-coordinate     y-coordinate           udm-10 
         1  0.000000000E+00  0.000000000E+00 -4.544191511E-05 
         2  1.007701384E+00  0.000000000E+00 -9.059209752E-05 
         3  2.007247274E+00  0.000000000E+00 -1.798961960E-04 
         4  2.998703673E+00  0.000000000E+00 -2.682459134E-04 
         5  3.982136051E+00  0.000000000E+00 -3.559335454E-04 
         6  4.957609346E+00  0.000000000E+00 -4.429486931E-04 
         7  5.925187975E+00  0.000000000E+00 -5.292871308E-04 
         8  6.884935829E+00  0.000000000E+00 -6.149475111E-04 
         9  7.836916284E+00  0.000000000E+00 -6.999305192E-04 
        10  8.781192203E+00  0.000000000E+00 -7.842382684E-04 
        11  9.717825941E+00  0.000000000E+00 -8.678738743E-04 
        12  1.064687935E+01  0.000000000E+00 -9.508411533E-04 
        13  1.156841377E+01  0.000000000E+00 -1.033144408E-03 
        14  1.248249006E+01  0.000000000E+00 -1.114788275E-03 
        15  1.338916858E+01  0.000000000E+00 -1.195777618E-03 
        16  1.428850920E+01  0.000000000E+00 -1.276117447E-03 
        17  1.518057130E+01  0.000000000E+00 -1.355812870E-03 
        18  1.606541380E+01  0.000000000E+00 -1.434869044E-03 
        19  1.694309512E+01  0.000000000E+00 -1.513291155E-03 
        20  1.781367322E+01  0.000000000E+00 -1.591084394E-03 
        21  1.867720559E+01  0.000000000E+00 -1.668253944E-03 
        22  1.953374925E+01  0.000000000E+00 -1.744804967E-03 
        23  2.038336076E+01  0.000000000E+00 -1.820742599E-03 
        24  2.122609622E+01  0.000000000E+00 -1.896071947E-03 
        25  2.206201128E+01  0.000000000E+00 -1.970798080E-03 
        26  2.289116114E+01  0.000000000E+00 -2.044926030E-03 
        27  2.371360056E+01  0.000000000E+00 -2.118460790E-03 
        28  2.452938383E+01  0.000000000E+00 -2.191407314E-03 
        29  2.533856484E+01  0.000000000E+00 -2.263770513E-03 
        30  2.614119701E+01  0.000000000E+00 -2.335555258E-03 
        31  2.693733335E+01  0.000000000E+00 -2.406766378E-03 
        32  2.772702642E+01  0.000000000E+00 -2.477408662E-03 
        33  2.851032837E+01  0.000000000E+00 -2.547486857E-03 
        34  2.928729093E+01  0.000000000E+00 -2.617005668E-03 
        35  3.005796541E+01  0.000000000E+00 -2.685969764E-03 
        36  3.082240268E+01  0.000000000E+00 -2.754383768E-03 
        37  3.158065324E+01  0.000000000E+00 -2.822252270E-03 
        38  3.233276716E+01  0.000000000E+00 -2.889579815E-03 
        39  3.307879409E+01  0.000000000E+00 -2.956370913E-03 
        40  3.381878330E+01  0.000000000E+00 -3.022630035E-03 
        41  3.455278365E+01  0.000000000E+00 -3.088361615E-03 
        42  3.528084362E+01  0.000000000E+00 -3.153570048E-03 
        43  3.600301127E+01  0.000000000E+00 -3.218259693E-03 
        44  3.671933431E+01  0.000000000E+00 -3.282434873E-03 
        45  3.742986002E+01  0.000000000E+00 -3.346099875E-03 
        46  3.813463533E+01  0.000000000E+00 -3.409258952E-03 
        47  3.883370678E+01  0.000000000E+00 -3.471916319E-03 
        48  3.952712052E+01  0.000000000E+00 -3.534076158E-03 
        49  4.021492235E+01  0.000000000E+00 -3.595742618E-03 
        50  4.089715769E+01  0.000000000E+00 -3.656919812E-03 
        51  4.157387159E+01  0.000000000E+00 -3.717611821E-03 
        52  4.224510872E+01  0.000000000E+00 -3.777822693E-03 
        53  4.291091342E+01  0.000000000E+00 -3.837556442E-03 
        54  4.357132966E+01  0.000000000E+00 -3.896817052E-03 
        55  4.422640104E+01  0.000000000E+00 -3.955608474E-03 
        56  4.487617081E+01  0.000000000E+00 -4.013934627E-03 
        57  4.552068189E+01  0.000000000E+00 -4.071799400E-03 
        58  4.615997684E+01  0.000000000E+00 -4.129206649E-03 
        59  4.679409786E+01  0.000000000E+00 -4.186160203E-03 
        60  4.742308684E+01  0.000000000E+00 -4.242663857E-03 
        61  4.804698530E+01  0.000000000E+00 -4.298721381E-03 
        62  4.866583446E+01  0.000000000E+00 -4.354336510E-03 
        63  4.927967516E+01  0.000000000E+00 -4.409512955E-03 
        64  4.988854795E+01  0.000000000E+00 -4.464254396E-03 
        65  5.049249303E+01  0.000000000E+00 -4.518564484E-03 
        66  5.109155028E+01  0.000000000E+00 -4.572446845E-03 
        67  5.168575926E+01  0.000000000E+00 -4.625905076E-03 
        68  5.227515921E+01  0.000000000E+00 -4.678942746E-03 
        69  5.285978905E+01  0.000000000E+00 -4.731563399E-03 
        70  5.343968738E+01  0.000000000E+00 -4.783770555E-03 
        71  5.401489250E+01  0.000000000E+00 -4.835567705E-03 
        72  5.458544238E+01  0.000000000E+00 -4.886958317E-03 
        73  5.515137472E+01  0.000000000E+00 -4.937945838E-03 
        74  5.571272686E+01  0.000000000E+00 -4.988533687E-03 
        75  5.626953590E+01  0.000000000E+00 -5.038725265E-03 
        76  5.682183858E+01  0.000000000E+00 -5.088523950E-03 
        77  5.736967139E+01  0.000000000E+00 -5.137933101E-03 
        78  5.791307049E+01  0.000000000E+00 -5.186956058E-03 
        79  5.845207178E+01  0.000000000E+00 -5.235596143E-03 
        80  5.898671083E+01  0.000000000E+00 -5.283856664E-03 
        81  5.951702297E+01  0.000000000E+00 -5.331740914E-03 
        82  6.004304320E+01  0.000000000E+00 -5.379252174E-03 
        83  6.056480627E+01  0.000000000E+00 -5.426393718E-03 
        84  6.108234661E+01  0.000000000E+00 -5.473168810E-03 
        85  6.159569842E+01  0.000000000E+00 -5.519580713E-03 
        86  6.210489559E+01  0.000000000E+00 -5.565632688E-03 
        87  6.260997174E+01  0.000000000E+00 -5.611328000E-03 
        88  6.311096022E+01  0.000000000E+00 -5.656669922E-03 
        89  6.360789412E+01  0.000000000E+00 -5.701661739E-03 
        90  6.410080625E+01  0.000000000E+00 -5.746306753E-03 
        91  6.458972916E+01  0.000000000E+00 -5.790608292E-03 
        92  6.507469514E+01  0.000000000E+00 -5.834569713E-03 
        93  6.555573621E+01  0.000000000E+00 -5.878194412E-03 
        94  6.603288413E+01  0.000000000E+00 -5.921485831E-03 
        95  6.650617042E+01  0.000000000E+00 -5.964447471E-03 
        96  6.697562632E+01  0.000000000E+00 -6.007082896E-03 
        97  6.744128283E+01  0.000000000E+00 -6.049395752E-03 
        98  6.790317071E+01  0.000000000E+00 -6.091389776E-03 
        99  6.836132046E+01  0.000000000E+00 -6.133068814E-03 
       100  6.881576232E+01  0.000000000E+00 -6.174436831E-03 
       101  6.926652631E+01  0.000000000E+00 -6.215497939E-03 
       102  6.971364219E+01  0.000000000E+00 -6.256256408E-03 
       103  7.015713949E+01  0.000000000E+00 -6.296716694E-03 
       104  7.059704749E+01  0.000000000E+00 -6.336883461E-03 
       105  7.103339524E+01  0.000000000E+00 -6.376761609E-03 
       106  7.146621156E+01  0.000000000E+00 -6.416356307E-03 
       107  7.189552503E+01  0.000000000E+00 -6.455673019E-03 
       108  7.232136399E+01  0.000000000E+00 -6.494717551E-03 
       109  7.274375656E+01  0.000000000E+00 -6.533496081E-03 
       110  7.316273064E+01  0.000000000E+00 -6.572015211E-03 
       111  7.357831389E+01  0.000000000E+00 -6.610282009E-03 
       112  7.399053376E+01  0.000000000E+00 -6.648304068E-03 
       113  7.439941746E+01  0.000000000E+00 -6.686089561E-03 
       114  7.480499201E+01  0.000000000E+00 -6.723647303E-03 
       115  7.520728416E+01  0.000000000E+00 -6.760986825E-03 
       116  7.560632051E+01  0.000000000E+00 -6.798118443E-03 
       117  7.600212738E+01  0.000000000E+00 -6.835053347E-03 
       118  7.639473092E+01  0.000000000E+00 -6.871803686E-03 
       119  7.678415706E+01  0.000000000E+00 -6.908382666E-03 
       120  7.717043151E+01  0.000000000E+00 -6.944804656E-03 
       121  7.755357977E+01  0.000000000E+00 -6.981085301E-03 
       122  7.793362715E+01  0.000000000E+00 -7.017241648E-03 
       123  7.831059875E+01  0.000000000E+00 -7.053292277E-03 
       124  7.868451945E+01  0.000000000E+00 -7.089257447E-03 
       125  7.905541395E+01  0.000000000E+00 -7.125159250E-03 
       126  7.942330674E+01  0.000000000E+00 -7.161021781E-03 
       127  7.978822211E+01  0.000000000E+00 -7.196871318E-03 
       128  8.015018416E+01  0.000000000E+00 -7.232736513E-03 
       129  8.050921679E+01  0.000000000E+00 -7.268648605E-03 
       130  8.086534371E+01  0.000000000E+00 -7.304641642E-03 
       131  8.121858844E+01  0.000000000E+00 -7.340752720E-03 
       132  8.156897429E+01  0.000000000E+00 -7.377022239E-03 
       133  8.191652442E+01  0.000000000E+00 -7.413494179E-03 
       134  8.226126177E+01  0.000000000E+00 -7.450216392E-03 
       135  8.260320909E+01  0.000000000E+00 -7.487240915E-03 
       136  8.294238899E+01  0.000000000E+00 -7.524624302E-03 
       137  8.327882384E+01  0.000000000E+00 -7.562427978E-03 
       138  8.361253587E+01  0.000000000E+00 -7.600718619E-03 
       139  8.394354712E+01  0.000000000E+00 -7.639568550E-03 
       140  8.427187943E+01  0.000000000E+00 -7.679056173E-03 
       141  8.459755450E+01  0.000000000E+00 -7.719266414E-03 
       142  8.492059382E+01  0.000000000E+00 -7.760291201E-03 
       143  8.524101873E+01  0.000000000E+00 -7.802229973E-03 
       144  8.555885039E+01  0.000000000E+00 -7.845190207E-03 
       145  8.587410979E+01  0.000000000E+00 -7.889287988E-03 
       146  8.618681774E+01  0.000000000E+00 -7.934648598E-03 
       147  8.649699489E+01  0.000000000E+00 -7.981407143E-03 
       148  8.680466173E+01  0.000000000E+00 -8.029709216E-03 
       149  8.710983857E+01  0.000000000E+00 -8.079711583E-03 
       150  8.741254556E+01  0.000000000E+00 -8.131582916E-03 
       151  8.771280270E+01  0.000000000E+00 -8.185504554E-03 
       152  8.801062980E+01  0.000000000E+00 -8.241671305E-03 
       153  8.830604654E+01  0.000000000E+00 -8.300292284E-03 
       154  8.859907242E+01  0.000000000E+00 -8.361591789E-03 
       155  8.888972679E+01  0.000000000E+00 -8.425810220E-03 
       156  8.917802885E+01  0.000000000E+00 -8.493205038E-03 
       157  8.946399764E+01  0.000000000E+00 -8.564051761E-03 
       158  8.974765203E+01  0.000000000E+00 -8.638645009E-03 
       159  9.002901076E+01  0.000000000E+00 -8.717299588E-03 
       160  9.030809241E+01  0.000000000E+00 -8.800351620E-03 
       161  9.058491540E+01  0.000000000E+00 -8.888159715E-03 
       162  9.085949802E+01  0.000000000E+00 -8.981106195E-03 
       163  9.113185839E+01  0.000000000E+00 -9.079598352E-03 
       164  9.140201451E+01  0.000000000E+00 -9.184069770E-03 
       165  9.166998421E+01  0.000000000E+00 -9.294981675E-03 
       166  9.193578518E+01  0.000000000E+00 -9.412824349E-03 
       167  9.219943499E+01  0.000000000E+00 -9.538118588E-03 
       168  9.246095103E+01  0.000000000E+00 -9.671417209E-03 
       169  9.272035058E+01  0.000000000E+00 -9.813306613E-03 
       170  9.297765077E+01  0.000000000E+00 -9.964408407E-03 
       171  9.323286858E+01  0.000000000E+00 -1.012537703E-02 
       172  9.348602087E+01  0.000000000E+00 -1.029691395E-02 
       173  9.373712436E+01  0.000000000E+00 -1.047590799E-02 
       174  9.398619563E+01  0.000000000E+00 -1.066625310E-02 
       175  9.423325112E+01  0.000000000E+00 -1.087258440E-02 
       176  9.447830715E+01  0.000000000E+00 -1.121289460E-02 
       177  9.472137990E+01  0.000000000E+00 -1.156212882E-02 
       178  9.496248543E+01  0.000000000E+00 -1.180278111E-02 
       179  9.520163964E+01  0.000000000E+00 -1.205933254E-02 
       180  9.543885834E+01  0.000000000E+00 -1.233025381E-02 
       181  9.567415720E+01  0.000000000E+00 -1.261982187E-02 
       182  9.590755173E+01  0.000000000E+00 -1.293285298E-02 
       183  9.613905737E+01  0.000000000E+00 -1.326732789E-02 
       184  9.636868940E+01  0.000000000E+00 -1.362306732E-02 
       185  9.659646297E+01  0.000000000E+00 -1.400137025E-02 
       186  9.682239314E+01  0.000000000E+00 -1.440360230E-02 
       187  9.704649481E+01  0.000000000E+00 -1.483261207E-02 
       188  9.726878279E+01  0.000000000E+00 -1.528911723E-02 
       189  9.748927176E+01  0.000000000E+00 -1.577560927E-02 
       190  9.770797628E+01  0.000000000E+00 -1.629304344E-02 
       191  9.792491078E+01  0.000000000E+00 -1.684420497E-02 
       192  9.814008960E+01  0.000000000E+00 -1.743013636E-02 
       193  9.835352693E+01  0.000000000E+00 -1.804976739E-02 
       194  9.856523689E+01  0.000000000E+00 -1.870762316E-02 
       195  9.877523344E+01  0.000000000E+00 -1.939927117E-02 
       196  9.898353045E+01  0.000000000E+00 -2.013267376E-02 
       197  9.919014168E+01  0.000000000E+00 -2.091675258E-02 
       198  9.939508077E+01  0.000000000E+00 -2.174850070E-02 
       199  9.959836126E+01  0.000000000E+00 -2.263068512E-02 
       200  9.979999657E+01  0.000000000E+00 -2.356625040E-02 
       201  1.000000000E+02  0.000000000E+00 -2.221539141E-02 
       202  1.002500000E+02  0.000000000E+00 -2.011034662E-02 
       203  1.005000000E+02  0.000000000E+00 -2.043591809E-02 
       204  1.007500000E+02  0.000000000E+00 -2.069556767E-02 
       205  1.010000000E+02  0.000000000E+00 -2.091092019E-02 
       206  1.012500000E+02  0.000000000E+00 -2.109363647E-02 
       207  1.015000000E+02  0.000000000E+00 -2.125109610E-02 
       208  1.017500000E+02  0.000000000E+00 -2.138843482E-02 
       209  1.020000000E+02  0.000000000E+00 -2.150943667E-02 
       210  1.022500000E+02  0.000000000E+00 -2.161699379E-02 
       211  1.025000000E+02  0.000000000E+00 -2.171337320E-02 
       212  1.027500000E+02  0.000000000E+00 -2.180038484E-02 
       213  1.030000000E+02  0.000000000E+00 -2.187949402E-02 
       214  1.032500000E+02  0.000000000E+00 -2.195189990E-02 
       215  1.035000000E+02  0.000000000E+00 -2.201859241E-02 
       216  1.037500000E+02  0.000000000E+00 -2.208039443E-02 
       217  1.040000000E+02  0.000000000E+00 -2.213799393E-02 
       218  1.042500000E+02  0.000000000E+00 -2.219196885E-02 
       219  1.045000000E+02  0.000000000E+00 -2.224280661E-02 
       220  1.047500000E+02  0.000000000E+00 -2.229091966E-02 
       221  1.050000000E+02  0.000000000E+00 -2.233665806E-02 
       222  1.052500000E+02  0.000000000E+00 -2.238031961E-02 
       223  1.055000000E+02  0.000000000E+00 -2.242215818E-02 
       224  1.057500000E+02  0.000000000E+00 -2.246239061E-02 
       225  1.060000000E+02  0.000000000E+00 -2.250120240E-02 
       226  1.062500000E+02  0.000000000E+00 -2.253875247E-02 
       227  1.065000000E+02  0.000000000E+00 -2.257517712E-02 
       228  1.067500000E+02  0.000000000E+00 -2.261059341E-02 
       229  1.070000000E+02  0.000000000E+00 -2.264510196E-02 
       230  1.072500000E+02  0.000000000E+00 -2.267878936E-02 
       231  1.075000000E+02  0.000000000E+00 -2.271173017E-02 
       232  1.077500000E+02  0.000000000E+00 -2.274398866E-02 
       233  1.080000000E+02  0.000000000E+00 -2.277562028E-02 
       234  1.082500000E+02  0.000000000E+00 -2.280667293E-02 
       235  1.085000000E+02  0.000000000E+00 -2.283718797E-02 
       236  1.087500000E+02  0.000000000E+00 -2.286720121E-02 
       237  1.090000000E+02  0.000000000E+00 -2.289674364E-02 
       238  1.092500000E+02  0.000000000E+00 -2.292584212E-02 
       239  1.095000000E+02  0.000000000E+00 -2.295451999E-02 
       240  1.097500000E+02  0.000000000E+00 -2.298279749E-02 
       241  1.100000000E+02  0.000000000E+00 -2.301069226E-02 
       242  1.102500000E+02  0.000000000E+00 -2.303821967E-02 
       243  1.105000000E+02  0.000000000E+00 -2.306539314E-02 
       244  1.107500000E+02  0.000000000E+00 -2.309222442E-02 
       245  1.110000000E+02  0.000000000E+00 -2.311872379E-02 
       246  1.112500000E+02  0.000000000E+00 -2.314490033E-02 
       247  1.115000000E+02  0.000000000E+00 -2.317076201E-02 
       248  1.117500000E+02  0.000000000E+00 -2.319631591E-02 
       249  1.120000000E+02  0.000000000E+00 -2.322156828E-02 
       250  1.122500000E+02  0.000000000E+00 -2.324652473E-02 
       251  1.125000000E+02  0.000000000E+00 -2.327119026E-02 
       252  1.127500000E+02  0.000000000E+00 -2.329556937E-02 
       253  1.130000000E+02  0.000000000E+00 -2.331966612E-02 
       254  1.132500000E+02  0.000000000E+00 -2.334348420E-02 
       255  1.135000000E+02  0.000000000E+00 -2.336702700E-02 
       256  1.137500000E+02  0.000000000E+00 -2.339029761E-02 
       257  1.140000000E+02  0.000000000E+00 -2.341329890E-02 
       258  1.142500000E+02  0.000000000E+00 -2.343603353E-02 
       259  1.145000000E+02  0.000000000E+00 -2.345850400E-02 
       260  1.147500000E+02  0.000000000E+00 -2.348071264E-02 
       261  1.150000000E+02  0.000000000E+00 -2.350266167E-02 
       262  1.152500000E+02  0.000000000E+00 -2.352435320E-02 
       263  1.155000000E+02  0.000000000E+00 -2.354578925E-02 
       264  1.157500000E+02  0.000000000E+00 -2.356697177E-02 
       265  1.160000000E+02  0.000000000E+00 -2.358790262E-02 
       266  1.162500000E+02  0.000000000E+00 -2.360858362E-02 
       267  1.165000000E+02  0.000000000E+00 -2.362901654E-02 
       268  1.167500000E+02  0.000000000E+00 -2.364920311E-02 
       269  1.170000000E+02  0.000000000E+00 -2.366914502E-02 
       270  1.172500000E+02  0.000000000E+00 -2.368884395E-02 
       271  1.175000000E+02  0.000000000E+00 -2.370830154E-02 
       272  1.177500000E+02  0.000000000E+00 -2.372751940E-02 
       273  1.180000000E+02  0.000000000E+00 -2.374649915E-02 
       274  1.182500000E+02  0.000000000E+00 -2.376524237E-02 
       275  1.185000000E+02  0.000000000E+00 -2.378375065E-02 
       276  1.187500000E+02  0.000000000E+00 -2.380202556E-02 
       277  1.190000000E+02  0.000000000E+00 -2.382006866E-02 
       278  1.192500000E+02  0.000000000E+00 -2.383788151E-02 
       279  1.195000000E+02  0.000000000E+00 -2.385546565E-02 
       280  1.197500000E+02  0.000000000E+00 -2.387282263E-02 
       281  1.200000000E+02  0.000000000E+00 -2.388995400E-02 
       282  1.202500000E+02  0.000000000E+00 -2.390686128E-02 
       283  1.205000000E+02  0.000000000E+00 -2.392354603E-02 
       284  1.207500000E+02  0.000000000E+00 -2.394000976E-02 
       285  1.210000000E+02  0.000000000E+00 -2.395625400E-02 
       286  1.212500000E+02  0.000000000E+00 -2.397228029E-02 
       287  1.215000000E+02  0.000000000E+00 -2.398809015E-02 
       288  1.217500000E+02  0.000000000E+00 -2.400368510E-02 
       289  1.220000000E+02  0.000000000E+00 -2.401906666E-02 
       290  1.222500000E+02  0.000000000E+00 -2.403423634E-02 
       291  1.225000000E+02  0.000000000E+00 -2.404919567E-02 
       292  1.227500000E+02  0.000000000E+00 -2.406394614E-02 
       293  1.230000000E+02  0.000000000E+00 -2.407848927E-02 
       294  1.232500000E+02  0.000000000E+00 -2.409282656E-02 
       295  1.235000000E+02  0.000000000E+00 -2.410695951E-02 
       296  1.237500000E+02  0.000000000E+00 -2.412088962E-02 
       297  1.240000000E+02  0.000000000E+00 -2.413461837E-02 
       298  1.242500000E+02  0.000000000E+00 -2.414814725E-02 
       299  1.245000000E+02  0.000000000E+00 -2.416147775E-02 
       300  1.247500000E+02  0.000000000E+00 -2.417461134E-02 
       301  1.250000000E+02  0.000000000E+00 -2.418754949E-02 
       302  1.252500000E+02  0.000000000E+00 -2.420029366E-02 
       303  1.255000000E+02  0.000000000E+00 -2.421284531E-02 
       304  1.257500000E+02  0.000000000E+00 -2.422520589E-02 
       305  1.260000000E+02  0.000000000E+00 -2.423737685E-02 
       306  1.262500000E+02  0.000000000E+00 -2.424935961E-02 
       307  1.265000000E+02  0.000000000E+00 -2.426115561E-02 
       308  1.267500000E+02  0.000000000E+00 -2.427276626E-02 
       309  1.270000000E+02  0.000000000E+00 -2.428419298E-02 
       310  1.272500000E+02  0.000000000E+00 -2.429543717E-02 
       311  1.275000000E+02  0.000000000E+00 -2.430650021E-02 
       312  1.277500000E+02  0.000000000E+00 -2.431738349E-02 
       313  1.280000000E+02  0.000000000E+00 -2.432808839E-02 
       314  1.282500000E+02  0.000000000E+00 -2.433861626E-02 
       315  1.285000000E+02  0.000000000E+00 -2.434896846E-02 
       316  1.287500000E+02  0.000000000E+00 -2.435914632E-02 
       317  1.290000000E+02  0.000000000E+00 -2.436915118E-02 
       318  1.292500000E+02  0.000000000E+00 -2.437898434E-02 
       319  1.295000000E+02  0.000000000E+00 -2.438864712E-02 
       320  1.297500000E+02  0.000000000E+00 -2.439814081E-02 
       321  1.300000000E+02  0.000000000E+00 -2.440746669E-02 
       322  1.302500000E+02  0.000000000E+00 -2.441662601E-02 
       323  1.305000000E+02  0.000000000E+00 -2.442562005E-02 
       324  1.307500000E+02  0.000000000E+00 -2.443445003E-02 
       325  1.310000000E+02  0.000000000E+00 -2.444311717E-02 
       326  1.312500000E+02  0.000000000E+00 -2.445162270E-02 
       327  1.315000000E+02  0.000000000E+00 -2.445996781E-02 
       328  1.317500000E+02  0.000000000E+00 -2.446815368E-02 
       329  1.320000000E+02  0.000000000E+00 -2.447618147E-02 
       330  1.322500000E+02  0.000000000E+00 -2.448405234E-02 
       331  1.325000000E+02  0.000000000E+00 -2.449176742E-02 
       332  1.327500000E+02  0.000000000E+00 -2.449932784E-02 
       333  1.330000000E+02  0.000000000E+00 -2.450673469E-02 
       334  1.332500000E+02  0.000000000E+00 -2.451398906E-02 
       335  1.335000000E+02  0.000000000E+00 -2.452109202E-02 
       336  1.337500000E+02  0.000000000E+00 -2.452804463E-02 
       337  1.340000000E+02  0.000000000E+00 -2.453484792E-02 
       338  1.342500000E+02  0.000000000E+00 -2.454150291E-02 
       339  1.345000000E+02  0.000000000E+00 -2.454801060E-02 
       340  1.347500000E+02  0.000000000E+00 -2.455437197E-02 
       341  1.350000000E+02  0.000000000E+00 -2.456058799E-02 
       342  1.352500000E+02  0.000000000E+00 -2.456665960E-02 
       343  1.355000000E+02  0.000000000E+00 -2.457258774E-02 
       344  1.357500000E+02  0.000000000E+00 -2.457837330E-02 
       345  1.360000000E+02  0.000000000E+00 -2.458401719E-02 
       346  1.362500000E+02  0.000000000E+00 -2.458952026E-02 
       347  1.365000000E+02  0.000000000E+00 -2.459488338E-02 
       348  1.367500000E+02  0.000000000E+00 -2.460010737E-02 
       349  1.370000000E+02  0.000000000E+00 -2.460519305E-02 
       350  1.372500000E+02  0.000000000E+00 -2.461014120E-02 
       351  1.375000000E+02  0.000000000E+00 -2.461495261E-02 
       352  1.377500000E+02  0.000000000E+00 -2.461962801E-02 
       353  1.380000000E+02  0.000000000E+00 -2.462416814E-02 
       354  1.382500000E+02  0.000000000E+00 -2.462857372E-02 
       355  1.385000000E+02  0.000000000E+00 -2.463284543E-02 
       356  1.387500000E+02  0.000000000E+00 -2.463698393E-02 
       357  1.390000000E+02  0.000000000E+00 -2.464098988E-02 
       358  1.392500000E+02  0.000000000E+00 -2.464486391E-02 
       359  1.395000000E+02  0.000000000E+00 -2.464860661E-02 
       360  1.397500000E+02  0.000000000E+00 -2.465221857E-02 
       361  1.400000000E+02  0.000000000E+00 -2.465570036E-02 
       362  1.402500000E+02  0.000000000E+00 -2.465905250E-02 
       363  1.405000000E+02  0.000000000E+00 -2.466227552E-02 
       364  1.407500000E+02  0.000000000E+00 -2.466536992E-02 
       365  1.410000000E+02  0.000000000E+00 -2.466833617E-02 
       366  1.412500000E+02  0.000000000E+00 -2.467117472E-02 
       367  1.415000000E+02  0.000000000E+00 -2.467388599E-02 
       368  1.417500000E+02  0.000000000E+00 -2.467647040E-02 
       369  1.420000000E+02  0.000000000E+00 -2.467892833E-02 
       370  1.422500000E+02  0.000000000E+00 -2.468126013E-02 
       371  1.425000000E+02  0.000000000E+00 -2.468346616E-02 
       372  1.427500000E+02  0.000000000E+00 -2.468554671E-02 
       373  1.430000000E+02  0.000000000E+00 -2.468750210E-02 
       374  1.432500000E+02  0.000000000E+00 -2.468933258E-02 
       375  1.435000000E+02  0.000000000E+00 -2.469103840E-02 
       376  1.437500000E+02  0.000000000E+00 -2.469261978E-02 
       377  1.440000000E+02  0.000000000E+00 -2.469407694E-02 
       378  1.442500000E+02  0.000000000E+00 -2.469541004E-02 
       379  1.445000000E+02  0.000000000E+00 -2.469661923E-02 
       380  1.447500000E+02  0.000000000E+00 -2.469770465E-02 
       381  1.450000000E+02  0.000000000E+00 -2.469866641E-02 
       382  1.452500000E+02  0.000000000E+00 -2.469950459E-02 
       383  1.455000000E+02  0.000000000E+00 -2.470021924E-02 
       384  1.457500000E+02  0.000000000E+00 -2.470081042E-02 
       385  1.460000000E+02  0.000000000E+00 -2.470127812E-02 
       386  1.462500000E+02  0.000000000E+00 -2.470162234E-02 
       387  1.465000000E+02  0.000000000E+00 -2.470184305E-02 
       388  1.467500000E+02  0.000000000E+00 -2.470194019E-02 
       389  1.470000000E+02  0.000000000E+00 -2.470191368E-02 
       390  1.472500000E+02  0.000000000E+00 -2.470176342E-02 
       391  1.475000000E+02  0.000000000E+00 -2.470148927E-02 
       392  1.477500000E+02  0.000000000E+00 -2.470109109E-02 
       393  1.480000000E+02  0.000000000E+00 -2.470056870E-02 
       394  1.482500000E+02  0.000000000E+00 -2.469992190E-02 
       395  1.485000000E+02  0.000000000E+00 -2.469915048E-02 
       396  1.487500000E+02  0.000000000E+00 -2.469825418E-02 
       397  1.490000000E+02  0.000000000E+00 -2.469723274E-02 
       398  1.492500000E+02  0.000000000E+00 -2.469608587E-02 
       399  1.495000000E+02  0.000000000E+00 -2.469481325E-02 
       400  1.497500000E+02  0.000000000E+00 -2.469341455E-02 
       401  1.500000000E+02  0.000000000E+00 -2.469188940E-02 
       402  1.502500000E+02  0.000000000E+00 -2.469023741E-02 
       403  1.505000000E+02  0.000000000E+00 -2.468845819E-02 
       404  1.507500000E+02  0.000000000E+00 -2.468655130E-02 
       405  1.510000000E+02  0.000000000E+00 -2.468451629E-02 
       406  1.512500000E+02  0.000000000E+00 -2.468235267E-02 
       407  1.515000000E+02  0.000000000E+00 -2.468005996E-02 
       408  1.517500000E+02  0.000000000E+00 -2.467763763E-02 
       409  1.520000000E+02  0.000000000E+00 -2.467508514E-02 
       410  1.522500000E+02  0.000000000E+00 -2.467240191E-02 
       411  1.525000000E+02  0.000000000E+00 -2.466958737E-02 
       412  1.527500000E+02  0.000000000E+00 -2.466664089E-02 
       413  1.530000000E+02  0.000000000E+00 -2.466356185E-02 
       414  1.532500000E+02  0.000000000E+00 -2.466034959E-02 
       415  1.535000000E+02  0.000000000E+00 -2.465700344E-02 
       416  1.537500000E+02  0.000000000E+00 -2.465352269E-02 
       417  1.540000000E+02  0.000000000E+00 -2.464990662E-02 
       418  1.542500000E+02  0.000000000E+00 -2.464615449E-02 
       419  1.545000000E+02  0.000000000E+00 -2.464226555E-02 
       420  1.547500000E+02  0.000000000E+00 -2.463823899E-02 
       421  1.550000000E+02  0.000000000E+00 -2.463407403E-02 
       422  1.552500000E+02  0.000000000E+00 -2.462976983E-02 
       423  1.555000000E+02  0.000000000E+00 -2.462532554E-02 
       424  1.557500000E+02  0.000000000E+00 -2.462074030E-02 
       425  1.560000000E+02  0.000000000E+00 -2.461601322E-02 
       426  1.562500000E+02  0.000000000E+00 -2.461114339E-02 
       427  1.565000000E+02  0.000000000E+00 -2.460612988E-02 
       428  1.567500000E+02  0.000000000E+00 -2.460097176E-02 
       429  1.570000000E+02  0.000000000E+00 -2.459566804E-02 
       430  1.572500000E+02  0.000000000E+00 -2.459021775E-02 
       431  1.575000000E+02  0.000000000E+00 -2.458461988E-02 
       432  1.577500000E+02  0.000000000E+00 -2.457887340E-02 
       433  1.580000000E+02  0.000000000E+00 -2.457297727E-02 
       434  1.582500000E+02  0.000000000E+00 -2.456693043E-02 
       435  1.585000000E+02  0.000000000E+00 -2.456073181E-02 
       436  1.587500000E+02  0.000000000E+00 -2.455438030E-02 
       437  1.590000000E+02  0.000000000E+00 -2.454787480E-02 
       438  1.592500000E+02  0.000000000E+00 -2.454121416E-02 
       439  1.595000000E+02  0.000000000E+00 -2.453439725E-02 
       440  1.597500000E+02  0.000000000E+00 -2.452742288E-02 
       441  1.600000000E+02  0.000000000E+00 -2.452028990E-02 
       442  1.602500000E+02  0.000000000E+00 -2.451299708E-02 
       443  1.605000000E+02  0.000000000E+00 -2.450554323E-02 
       444  1.607500000E+02  0.000000000E+00 -2.449792711E-02 
       445  1.610000000E+02  0.000000000E+00 -2.449014747E-02 
       446  1.612500000E+02  0.000000000E+00 -2.448220306E-02 
       447  1.615000000E+02  0.000000000E+00 -2.447409261E-02 
       448  1.617500000E+02  0.000000000E+00 -2.446581481E-02 
       449  1.620000000E+02  0.000000000E+00 -2.445736838E-02 
       450  1.622500000E+02  0.000000000E+00 -2.444875199E-02 
       451  1.625000000E+02  0.000000000E+00 -2.443996431E-02 
       452  1.627500000E+02  0.000000000E+00 -2.443100401E-02 
       453  1.630000000E+02  0.000000000E+00 -2.442186972E-02 
       454  1.632500000E+02  0.000000000E+00 -2.441256009E-02 
       455  1.635000000E+02  0.000000000E+00 -2.440307372E-02 
       456  1.637500000E+02  0.000000000E+00 -2.439340924E-02 
       457  1.640000000E+02  0.000000000E+00 -2.438356523E-02 
       458  1.642500000E+02  0.000000000E+00 -2.437354030E-02 
       459  1.645000000E+02  0.000000000E+00 -2.436333301E-02 
       460  1.647500000E+02  0.000000000E+00 -2.435294193E-02 
       461  1.650000000E+02  0.000000000E+00 -2.434236563E-02 
       462  1.652500000E+02  0.000000000E+00 -2.433160265E-02 
       463  1.655000000E+02  0.000000000E+00 -2.432065153E-02 
       464  1.657500000E+02  0.000000000E+00 -2.430951081E-02 
       465  1.660000000E+02  0.000000000E+00 -2.429817901E-02 
       466  1.662500000E+02  0.000000000E+00 -2.428665466E-02 
       467  1.665000000E+02  0.000000000E+00 -2.427493626E-02 
       468  1.667500000E+02  0.000000000E+00 -2.426302232E-02 
       469  1.670000000E+02  0.000000000E+00 -2.425091134E-02 
       470  1.672500000E+02  0.000000000E+00 -2.423860182E-02 
       471  1.675000000E+02  0.000000000E+00 -2.422609224E-02 
       472  1.677500000E+02  0.000000000E+00 -2.421338109E-02 
       473  1.680000000E+02  0.000000000E+00 -2.420046686E-02 
       474  1.682500000E+02  0.000000000E+00 -2.418734801E-02 
       475  1.685000000E+02  0.000000000E+00 -2.417402303E-02 
       476  1.687500000E+02  0.000000000E+00 -2.416049039E-02 
       477  1.690000000E+02  0.000000000E+00 -2.414674856E-02 
       478  1.692500000E+02  0.000000000E+00 -2.413279602E-02 
       479  1.695000000E+02  0.000000000E+00 -2.411863123E-02 
       480  1.697500000E+02  0.000000000E+00 -2.410425266E-02 
       481  1.700000000E+02  0.000000000E+00 -2.408965878E-02 
       482  1.702500000E+02  0.000000000E+00 -2.407484806E-02 
       483  1.705000000E+02  0.000000000E+00 -2.405981899E-02 
       484  1.707500000E+02  0.000000000E+00 -2.404457002E-02 
       485  1.710000000E+02  0.000000000E+00 -2.402909964E-02 
       486  1.712500000E+02  0.000000000E+00 -2.401340632E-02 
       487  1.715000000E+02  0.000000000E+00 -2.399748856E-02 
       488  1.717500000E+02  0.000000000E+00 -2.398134484E-02 
       489  1.720000000E+02  0.000000000E+00 -2.396497365E-02 
       490  1.722500000E+02  0.000000000E+00 -2.394837350E-02 
       491  1.725000000E+02  0.000000000E+00 -2.393154288E-02 
       492  1.727500000E+02  0.000000000E+00 -2.391448031E-02 
       493  1.730000000E+02  0.000000000E+00 -2.389718431E-02 
       494  1.732500000E+02  0.000000000E+00 -2.387965340E-02 
       495  1.735000000E+02  0.000000000E+00 -2.386188613E-02 
       496  1.737500000E+02  0.000000000E+00 -2.384388102E-02 
       497  1.740000000E+02  0.000000000E+00 -2.382563664E-02 
       498  1.742500000E+02  0.000000000E+00 -2.380715155E-02 
       499  1.745000000E+02  0.000000000E+00 -2.378842433E-02 
       500  1.747500000E+02  0.000000000E+00 -2.376945356E-02 
       501  1.750000000E+02  0.000000000E+00 -2.375023783E-02 
       502  1.752500000E+02  0.000000000E+00 -2.373077577E-02 
       503  1.755000000E+02  0.000000000E+00 -2.371106599E-02 
       504  1.757500000E+02  0.000000000E+00 -2.369110712E-02 
       505  1.760000000E+02  0.000000000E+00 -2.367089783E-02 
       506  1.762500000E+02  0.000000000E+00 -2.365043678E-02 
       507  1.765000000E+02  0.000000000E+00 -2.362972264E-02 
       508  1.767500000E+02  0.000000000E+00 -2.360875413E-02 
       509  1.770000000E+02  0.000000000E+00 -2.358752994E-02 
       510  1.772500000E+02  0.000000000E+00 -2.356604882E-02 
       511  1.775000000E+02  0.000000000E+00 -2.354430950E-02 
       512  1.777500000E+02  0.000000000E+00 -2.352231077E-02 
       513  1.780000000E+02  0.000000000E+00 -2.350005139E-02 
       514  1.782500000E+02  0.000000000E+00 -2.347753018E-02 
       515  1.785000000E+02  0.000000000E+00 -2.345474595E-02 
       516  1.787500000E+02  0.000000000E+00 -2.343169755E-02 
       517  1.790000000E+02  0.000000000E+00 -2.340838383E-02 
       518  1.792500000E+02  0.000000000E+00 -2.338480369E-02 
       519  1.795000000E+02  0.000000000E+00 -2.336095601E-02 
       520  1.797500000E+02  0.000000000E+00 -2.333683971E-02 
       521  1.800000000E+02  0.000000000E+00 -2.331245375E-02 
       522  1.802500000E+02  0.000000000E+00 -2.328779707E-02 
       523  1.805000000E+02  0.000000000E+00 -2.326286865E-02 
       524  1.807500000E+02  0.000000000E+00 -2.323766749E-02 
       525  1.810000000E+02  0.000000000E+00 -2.321219261E-02 
       526  1.812500000E+02  0.000000000E+00 -2.318644302E-02 
       527  1.815000000E+02  0.000000000E+00 -2.316041780E-02 
       528  1.817500000E+02  0.000000000E+00 -2.313411598E-02 
       529  1.820000000E+02  0.000000000E+00 -2.310753665E-02 
       530  1.822500000E+02  0.000000000E+00 -2.308067890E-02 
       531  1.825000000E+02  0.000000000E+00 -2.305354181E-02 
       532  1.827500000E+02  0.000000000E+00 -2.302612448E-02 
       533  1.830000000E+02  0.000000000E+00 -2.299842601E-02 
       534  1.832500000E+02  0.000000000E+00 -2.297044549E-02 
       535  1.835000000E+02  0.000000000E+00 -2.294218202E-02 
       536  1.837500000E+02  0.000000000E+00 -2.291363466E-02 
       537  1.840000000E+02  0.000000000E+00 -2.288480247E-02 
       538  1.842500000E+02  0.000000000E+00 -2.285568447E-02 
       539  1.845000000E+02  0.000000000E+00 -2.282627963E-02 
       540  1.847500000E+02  0.000000000E+00 -2.279658689E-02 
       541  1.850000000E+02  0.000000000E+00 -2.276660512E-02 
       542  1.852500000E+02  0.000000000E+00 -2.273633311E-02 
       543  1.855000000E+02  0.000000000E+00 -2.270576953E-02 
       544  1.857500000E+02  0.000000000E+00 -2.267491296E-02 
       545  1.860000000E+02  0.000000000E+00 -2.264376184E-02 
       546  1.862500000E+02  0.000000000E+00 -2.261231440E-02 
       547  1.865000000E+02  0.000000000E+00 -2.258056871E-02 
       548  1.867500000E+02  0.000000000E+00 -2.254852257E-02 
       549  1.870000000E+02  0.000000000E+00 -2.251617349E-02 
       550  1.872500000E+02  0.000000000E+00 -2.248351867E-02 
       551  1.875000000E+02  0.000000000E+00 -2.245055487E-02 
       552  1.877500000E+02  0.000000000E+00 -2.241727842E-02 
       553  1.880000000E+02  0.000000000E+00 -2.238368506E-02 
       554  1.882500000E+02  0.000000000E+00 -2.234976991E-02 
       555  1.885000000E+02  0.000000000E+00 -2.231552734E-02 
       556  1.887500000E+02  0.000000000E+00 -2.228095083E-02 
       557  1.890000000E+02  0.000000000E+00 -2.224603282E-02 
       558  1.892500000E+02  0.000000000E+00 -2.221076458E-02 
       559  1.895000000E+02  0.000000000E+00 -2.217513596E-02 
       560  1.897500000E+02  0.000000000E+00 -2.213913519E-02 
       561  1.900000000E+02  0.000000000E+00 -2.210274860E-02 
       562  1.902500000E+02  0.000000000E+00 -2.206596032E-02 
       563  1.905000000E+02  0.000000000E+00 -2.202875191E-02 
       564  1.907500000E+02  0.000000000E+00 -2.199110195E-02 
       565  1.910000000E+02  0.000000000E+00 -2.195298552E-02 
       566  1.912500000E+02  0.000000000E+00 -2.191437366E-02 
       567  1.915000000E+02  0.000000000E+00 -2.187523272E-02 
       568  1.917500000E+02  0.000000000E+00 -2.183552355E-02 
       569  1.920000000E+02  0.000000000E+00 -2.179520060E-02 
       570  1.922500000E+02  0.000000000E+00 -2.175421092E-02 
       571  1.925000000E+02  0.000000000E+00 -2.171249287E-02 
       572  1.927500000E+02  0.000000000E+00 -2.166997472E-02 
       573  1.930000000E+02  0.000000000E+00 -2.162657294E-02 
       574  1.932500000E+02  0.000000000E+00 -2.158219027E-02 
       575  1.935000000E+02  0.000000000E+00 -2.153671335E-02 
       576  1.937500000E+02  0.000000000E+00 -2.149001003E-02 
       577  1.940000000E+02  0.000000000E+00 -2.144192613E-02 
       578  1.942500000E+02  0.000000000E+00 -2.139228166E-02 
       579  1.945000000E+02  0.000000000E+00 -2.134086627E-02 
       580  1.947500000E+02  0.000000000E+00 -2.128743390E-02 
       581  1.950000000E+02  0.000000000E+00 -2.123169637E-02 
       582  1.952500000E+02  0.000000000E+00 -2.117331566E-02 
       583  1.955000000E+02  0.000000000E+00 -2.111189467E-02 
       584  1.957500000E+02  0.000000000E+00 -2.104696589E-02 
       585  1.960000000E+02  0.000000000E+00 -2.097797770E-02 
       586  1.962500000E+02  0.000000000E+00 -2.090427743E-02 
       587  1.965000000E+02  0.000000000E+00 -2.082509029E-02 
       588  1.967500000E+02  0.000000000E+00 -2.073949294E-02 
       589  1.970000000E+02  0.000000000E+00 -2.064637987E-02 
       590  1.972500000E+02  0.000000000E+00 -2.054441991E-02 
       591  1.975000000E+02  0.000000000E+00 -2.043199904E-02 
       592  1.977500000E+02  0.000000000E+00 -2.030714349E-02 
       593  1.980000000E+02  0.000000000E+00 -2.016741329E-02 
       594  1.982500000E+02  0.000000000E+00 -2.000975009E-02 
       595  1.985000000E+02  0.000000000E+00 -1.983024951E-02 
       596  1.987500000E+02  0.000000000E+00 -1.962379970E-02 
       597  1.990000000E+02  0.000000000E+00 -1.938345813E-02 
       598  1.992500000E+02  0.000000000E+00 -1.909924217E-02 
       599  1.995000000E+02  0.000000000E+00 -1.875536585E-02 
       600  1.997500000E+02  0.000000000E+00 -1.832252960E-02 
       601  2.000000000E+02  0.000000000E+00 -2.122351395E-02 
       602  2.001999988E+02  0.000000000E+00 -2.308953088E-02 
       603  2.004032879E+02  0.000000000E+00 -2.181331712E-02 
       604  2.006099214E+02  0.000000000E+00 -2.060343248E-02 
       605  2.008199543E+02  0.000000000E+00 -1.945699510E-02 
       606  2.010334426E+02  0.000000000E+00 -1.837128114E-02 
       607  2.012504431E+02  0.000000000E+00 -1.734370349E-02 
       608  2.014710137E+02  0.000000000E+00 -1.637179409E-02 
       609  2.016952129E+02  0.000000000E+00 -1.545318893E-02 
       610  2.019231006E+02  0.000000000E+00 -1.458561594E-02 
       611  2.021547374E+02  0.000000000E+00 -1.376688483E-02 
       612  2.023901849E+02  0.000000000E+00 -1.299487870E-02 
       613  2.026295060E+02  0.000000000E+00 -1.226754738E-02 
       614  2.028727642E+02  0.000000000E+00 -1.158290193E-02 
       615  2.031200245E+02  0.000000000E+00 -1.093882809E-02 
       616  2.033713525E+02  0.000000000E+00 -1.033431064E-02 
       617  2.036268153E+02  0.000000000E+00 -9.680390228E-03 
       618  2.038864808E+02  0.000000000E+00 -9.052741669E-03 
       619  2.041504183E+02  0.000000000E+00 -8.543557710E-03 
       620  2.044186979E+02  0.000000000E+00 -8.066947663E-03 
       621  2.046913911E+02  0.000000000E+00 -7.618126395E-03 
       622  2.049685706E+02  0.000000000E+00 -7.199517339E-03 
       623  2.052503101E+02  0.000000000E+00 -6.809478288E-03 
       624  2.055366847E+02  0.000000000E+00 -6.446417506E-03 
       625  2.058277705E+02  0.000000000E+00 -6.108793685E-03 
       626  2.061236452E+02  0.000000000E+00 -5.795116244E-03 
       627  2.064243875E+02  0.000000000E+00 -5.503945678E-03 
       628  2.067300774E+02  0.000000000E+00 -5.233893781E-03 
       629  2.070407965E+02  0.000000000E+00 -4.983623927E-03 
       630  2.073566273E+02  0.000000000E+00 -4.751851242E-03 
       631  2.076776540E+02  0.000000000E+00 -4.537342685E-03 
       632  2.080039622E+02  0.000000000E+00 -4.338917023E-03 
       633  2.083356386E+02  0.000000000E+00 -4.155444741E-03 
       634  2.086727716E+02  0.000000000E+00 -3.985847746E-03 
       635  2.090154510E+02  0.000000000E+00 -3.829099025E-03 
       636  2.093637679E+02  0.000000000E+00 -3.684222087E-03 
       637  2.097178153E+02  0.000000000E+00 -3.550290362E-03 
       638  2.100776872E+02  0.000000000E+00 -3.426426389E-03 
       639  2.104434797E+02  0.000000000E+00 -3.311800930E-03 
       640  2.108152899E+02  0.000000000E+00 -3.205631953E-03 
       641  2.111932170E+02  0.000000000E+00 -3.107183476E-03 
       642  2.115773617E+02  0.000000000E+00 -3.015764359E-03 
       643  2.119678260E+02  0.000000000E+00 -2.930726946E-03 
       644  2.123647142E+02  0.000000000E+00 -2.851465662E-03 
       645  2.127681317E+02  0.000000000E+00 -2.777415521E-03 
       646  2.131781861E+02  0.000000000E+00 -2.708050568E-03 
       647  2.135949866E+02  0.000000000E+00 -2.642882281E-03 
       648  2.140186441E+02  0.000000000E+00 -2.581457925E-03 
       649  2.144492713E+02  0.000000000E+00 -2.523358868E-03 
       650  2.148869831E+02  0.000000000E+00 -2.468198903E-03 
       651  2.153318959E+02  0.000000000E+00 -2.415622536E-03 
       652  2.157841282E+02  0.000000000E+00 -2.365303285E-03 
       653  2.162438005E+02  0.000000000E+00 -2.316942001E-03 
       654  2.167110350E+02  0.000000000E+00 -2.270265186E-03 
       655  2.171859563E+02  0.000000000E+00 -2.225023363E-03 
       656  2.176686908E+02  0.000000000E+00 -2.180989464E-03 
       657  2.181593671E+02  0.000000000E+00 -2.137957260E-03 
       658  2.186581157E+02  0.000000000E+00 -2.095739851E-03 
       659  2.191650695E+02  0.000000000E+00 -2.054168200E-03 
       660  2.196803635E+02  0.000000000E+00 -2.013089732E-03 
       661  2.202041348E+02  0.000000000E+00 -1.972366980E-03 
       662  2.207365230E+02  0.000000000E+00 -1.931876310E-03 
       663  2.212776699E+02  0.000000000E+00 -1.891506697E-03 
       664  2.218277194E+02  0.000000000E+00 -1.851158584E-03 
       665  2.223868182E+02  0.000000000E+00 -1.810742797E-03 
       666  2.229551149E+02  0.000000000E+00 -1.770179528E-03 
       667  2.235327610E+02  0.000000000E+00 -1.729397395E-03 
       668  2.241199103E+02  0.000000000E+00 -1.688332556E-03 
       669  2.247167191E+02  0.000000000E+00 -1.646927903E-03 
       670  2.253233464E+02  0.000000000E+00 -1.605132302E-03 
       671  2.259399536E+02  0.000000000E+00 -1.562899910E-03 
       672  2.265667050E+02  0.000000000E+00 -1.520189541E-03 
       673  2.272037674E+02  0.000000000E+00 -1.476964091E-03 
       674  2.278513104E+02  0.000000000E+00 -1.433190017E-03 
       675  2.285095066E+02  0.000000000E+00 -1.388836863E-03 
       676  2.291785311E+02  0.000000000E+00 -1.343876836E-03 
       677  2.298585621E+02  0.000000000E+00 -1.298284428E-03 
       678  2.305497807E+02  0.000000000E+00 -1.252036068E-03 
       679  2.312523708E+02  0.000000000E+00 -1.205109829E-03 
       680  2.319665197E+02  0.000000000E+00 -1.157485148E-03 
       681  2.326924175E+02  0.000000000E+00 -1.109142601E-03 
       682  2.334302574E+02  0.000000000E+00 -1.060063682E-03 
       683  2.341802359E+02  0.000000000E+00 -1.010230630E-03 
       684  2.349425527E+02  0.000000000E+00 -9.596262648E-04 
       685  2.357174108E+02  0.000000000E+00 -9.082338499E-04 
       686  2.365050165E+02  0.000000000E+00 -8.560369688E-04 
       687  2.373055796E+02  0.000000000E+00 -8.030194256E-04 
       688  2.381193132E+02  0.000000000E+00 -7.491651505E-04 
       689  2.389464340E+02  0.000000000E+00 -6.944581250E-04 
       690  2.397871622E+02  0.000000000E+00 -6.388823156E-04 
       691  2.406417216E+02  0.000000000E+00 -5.824216149E-04 
       692  2.415103399E+02  0.000000000E+00 -5.250597914E-04 
       693  2.423932484E+02  0.000000000E+00 -4.667804486E-04 
       694  2.432906820E+02  0.000000000E+00 -4.075669854E-04 
       695  2.442028798E+02  0.000000000E+00 -3.474025615E-04 
       696  2.451300847E+02  0.000000000E+00 -2.862700663E-04 
       697  2.460725436E+02  0.000000000E+00 -2.241520898E-04 
       698  2.470305073E+02  0.000000000E+00 -1.610308906E-04 
       699  2.480042311E+02  0.000000000E+00 -9.688836235E-05 
       700  2.489939742E+02  0.000000000E+00 -3.170599894E-05 
       701  2.500000000E+02  0.000000000E+00  3.453515681E-05 
       702  2.510060258E+02  0.000000000E+00  1.007650436E-04 
       703  2.519957689E+02  0.000000000E+00  1.659142751E-04 
       704  2.529694927E+02  0.000000000E+00  2.300027425E-04 
       705  2.539274564E+02  0.000000000E+00  2.930497998E-04 
       706  2.548699153E+02  0.000000000E+00  3.550743179E-04 
       707  2.557971202E+02  0.000000000E+00  4.160947290E-04 
       708  2.567093180E+02  0.000000000E+00  4.761290712E-04 
       709  2.576067516E+02  0.000000000E+00  5.351950306E-04 
       710  2.584896601E+02  0.000000000E+00  5.933099788E-04 
       711  2.593582784E+02  0.000000000E+00  6.504910113E-04 
       712  2.602128379E+02  0.000000000E+00  7.067549892E-04 
       713  2.610535660E+02  0.000000000E+00  7.621185848E-04 
       714  2.618806868E+02  0.000000000E+00  8.165983270E-04 
       715  2.626944204E+02  0.000000000E+00  8.702106563E-04 
       716  2.634949835E+02  0.000000000E+00  9.229719868E-04 
       717  2.642825892E+02  0.000000000E+00  9.748987753E-04 
       718  2.650574473E+02  0.000000000E+00  1.026007598E-03 
       719  2.658197641E+02  0.000000000E+00  1.076315247E-03 
       720  2.665697426E+02  0.000000000E+00  1.125838831E-03 
       721  2.673075825E+02  0.000000000E+00  1.174595896E-03 
       722  2.680334803E+02  0.000000000E+00  1.222604566E-03 
       723  2.687476292E+02  0.000000000E+00  1.269883703E-03 
       724  2.694502193E+02  0.000000000E+00  1.316453084E-03 
       725  2.701414379E+02  0.000000000E+00  1.362333613E-03 
       726  2.708214689E+02  0.000000000E+00  1.407547549E-03 
       727  2.714904934E+02  0.000000000E+00  1.452118781E-03 
       728  2.721486896E+02  0.000000000E+00  1.496073122E-03 
       729  2.727962326E+02  0.000000000E+00  1.539438646E-03 
       730  2.734332950E+02  0.000000000E+00  1.582246071E-03 
       731  2.740600464E+02  0.000000000E+00  1.624529172E-03 
       732  2.746766536E+02  0.000000000E+00  1.666325258E-03 
       733  2.752832808E+02  0.000000000E+00  1.707675682E-03 
       734  2.758800897E+02  0.000000000E+00  1.748626417E-03 
       735  2.764672390E+02  0.000000000E+00  1.789228679E-03 
       736  2.770448851E+02  0.000000000E+00  1.829539616E-03 
       737  2.776131818E+02  0.000000000E+00  1.869623052E-03 
       738  2.781722806E+02  0.000000000E+00  1.909550295E-03 
       739  2.787223301E+02  0.000000000E+00  1.949401019E-03 
       740  2.792634769E+02  0.000000000E+00  1.989264198E-03 
       741  2.797958652E+02  0.000000000E+00  2.029239120E-03 
       742  2.803196365E+02  0.000000000E+00  2.069436464E-03 
       743  2.808349305E+02  0.000000000E+00  2.109979449E-03 
       744  2.813418843E+02  0.000000000E+00  2.151005045E-03 
       745  2.818406329E+02  0.000000000E+00  2.192665252E-03 
       746  2.823313092E+02  0.000000000E+00  2.235128452E-03 
       747  2.828140437E+02  0.000000000E+00  2.278580806E-03 
       748  2.832889650E+02  0.000000000E+00  2.323227721E-03 
       749  2.837561995E+02  0.000000000E+00  2.369295372E-03 
       750  2.842158718E+02  0.000000000E+00  2.417032265E-03 
       751  2.846681041E+02  0.000000000E+00  2.466710854E-03 
       752  2.851130169E+02  0.000000000E+00  2.518629179E-03 
       753  2.855507287E+02  0.000000000E+00  2.573112552E-03 
       754  2.859813560E+02  0.000000000E+00  2.630515246E-03 
       755  2.864050134E+02  0.000000000E+00  2.691222203E-03 
       756  2.868218139E+02  0.000000000E+00  2.755650759E-03 
       757  2.872318683E+02  0.000000000E+00  2.824252333E-03 
       758  2.876352858E+02  0.000000000E+00  2.897514125E-03 
       759  2.880321740E+02  0.000000000E+00  2.975960778E-03 
       760  2.884226383E+02  0.000000000E+00  3.060155991E-03 
       761  2.888067830E+02  0.000000000E+00  3.150704097E-03 
       762  2.891847101E+02  0.000000000E+00  3.248251572E-03 
       763  2.895565204E+02  0.000000000E+00  3.353488462E-03 
       764  2.899223128E+02  0.000000000E+00  3.467149759E-03 
       765  2.902821847E+02  0.000000000E+00  3.590016636E-03 
       766  2.906362321E+02  0.000000000E+00  3.722917622E-03 
       767  2.909845490E+02  0.000000000E+00  3.866729646E-03 
       768  2.913272284E+02  0.000000000E+00  4.022378951E-03 
       769  2.916643614E+02  0.000000000E+00  4.190841923E-03 
       770  2.919960378E+02  0.000000000E+00  4.373145728E-03 
       771  2.923223460E+02  0.000000000E+00  4.570368886E-03 
       772  2.926433727E+02  0.000000000E+00  4.783641644E-03 
       773  2.929592035E+02  0.000000000E+00  5.014146297E-03 
       774  2.932699226E+02  0.000000000E+00  5.263117296E-03 
       775  2.935756125E+02  0.000000000E+00  5.531841304E-03 
       776  2.938763548E+02  0.000000000E+00  5.821657132E-03 
       777  2.941722295E+02  0.000000000E+00  6.133955588E-03 
       778  2.944633153E+02  0.000000000E+00  6.470179219E-03 
       779  2.947496899E+02  0.000000000E+00  6.831822100E-03 
       780  2.950314294E+02  0.000000000E+00  7.220429506E-03 
       781  2.953086088E+02  0.000000000E+00  7.637597712E-03 
       782  2.955813021E+02  0.000000000E+00  8.084973835E-03 
       783  2.958495817E+02  0.000000000E+00  8.564255747E-03 
       784  2.961135192E+02  0.000000000E+00  9.077192208E-03 
       785  2.963731847E+02  0.000000000E+00  9.625583341E-03 
       786  2.966286475E+02  0.000000000E+00  1.021128129E-02 
       787  2.968799755E+02  0.000000000E+00  1.083619140E-02 
       788  2.971272358E+02  0.000000000E+00  1.150227393E-02 
       789  2.973704940E+02  0.000000000E+00  1.221154629E-02 
       790  2.976098151E+02  0.000000000E+00  1.296608623E-02 
       791  2.978452626E+02  0.000000000E+00  1.376803575E-02 
       792  2.980768994E+02  0.000000000E+00  1.461960627E-02 
       793  2.983047871E+02  0.000000000E+00  1.552308502E-02 
       794  2.985289863E+02  0.000000000E+00  1.648084276E-02 
       795  2.987495568E+02  0.000000000E+00  1.682830024E-02 
       796  2.989665574E+02  0.000000000E+00  1.715351065E-02 
       797  2.991800457E+02  0.000000000E+00  1.809905494E-02 
       798  2.993900786E+02  0.000000000E+00  1.909504512E-02 
       799  2.995967121E+02  0.000000000E+00  2.014366179E-02 
       800  2.998000012E+02  0.000000000E+00  2.124719917E-02 
       801  3.000000000E+02  0.000000000E+00  2.014926075E-02 
       802  3.002500000E+02  0.000000000E+00  1.831869628E-02 
       803  3.005000000E+02  0.000000000E+00  1.875089629E-02 
       804  3.007500000E+02  0.000000000E+00  1.909417442E-02 
       805  3.010000000E+02  0.000000000E+00  1.937783119E-02 
       806  3.012500000E+02  0.000000000E+00  1.961765107E-02 
       807  3.015000000E+02  0.000000000E+00  1.982361449E-02 
       808  3.017500000E+02  0.000000000E+00  2.000266156E-02 
       809  3.020000000E+02  0.000000000E+00  2.015990174E-02 
       810  3.022500000E+02  0.000000000E+00  2.029923715E-02 
       811  3.025000000E+02  0.000000000E+00  2.042372396E-02 
       812  3.027500000E+02  0.000000000E+00  2.053580009E-02 
       813  3.030000000E+02  0.000000000E+00  2.063743746E-02 
       814  3.032500000E+02  0.000000000E+00  2.073024833E-02 
       815  3.035000000E+02  0.000000000E+00  2.081556227E-02 
       816  3.037500000E+02  0.000000000E+00  2.089448331E-02 
       817  3.040000000E+02  0.000000000E+00  2.096793343E-02 
       818  3.042500000E+02  0.000000000E+00  2.103668620E-02 
       819  3.045000000E+02  0.000000000E+00  2.110139315E-02 
       820  3.047500000E+02  0.000000000E+00  2.116260489E-02 
       821  3.050000000E+02  0.000000000E+00  2.122078798E-02 
       822  3.052500000E+02  0.000000000E+00  2.127633869E-02 
       823  3.055000000E+02  0.000000000E+00  2.132959426E-02 
       824  3.057500000E+02  0.000000000E+00  2.138084218E-02 
       825  3.060000000E+02  0.000000000E+00  2.143032788E-02 
       826  3.062500000E+02  0.000000000E+00  2.147826115E-02 
       827  3.065000000E+02  0.000000000E+00  2.152482147E-02 
       828  3.067500000E+02  0.000000000E+00  2.157016255E-02 
       829  3.070000000E+02  0.000000000E+00  2.161441615E-02 
       830  3.072500000E+02  0.000000000E+00  2.165769522E-02 
       831  3.075000000E+02  0.000000000E+00  2.170009673E-02 
       832  3.077500000E+02  0.000000000E+00  2.174170388E-02 
       833  3.080000000E+02  0.000000000E+00  2.178258813E-02 
       834  3.082500000E+02  0.000000000E+00  2.182281088E-02 
       835  3.085000000E+02  0.000000000E+00  2.186242488E-02 
       836  3.087500000E+02  0.000000000E+00  2.190147546E-02 
       837  3.090000000E+02  0.000000000E+00  2.194000159E-02 
       838  3.092500000E+02  0.000000000E+00  2.197803679E-02 
       839  3.095000000E+02  0.000000000E+00  2.201560986E-02 
       840  3.097500000E+02  0.000000000E+00  2.205274558E-02 
       841  3.100000000E+02  0.000000000E+00  2.208946527E-02 
       842  3.102500000E+02  0.000000000E+00  2.212578726E-02 
       843  3.105000000E+02  0.000000000E+00  2.216172732E-02 
       844  3.107500000E+02  0.000000000E+00  2.219729904E-02 
       845  3.110000000E+02  0.000000000E+00  2.223251410E-02 
       846  3.112500000E+02  0.000000000E+00  2.226738258E-02 
       847  3.115000000E+02  0.000000000E+00  2.230191314E-02 
       848  3.117500000E+02  0.000000000E+00  2.233611329E-02 
       849  3.120000000E+02  0.000000000E+00  2.236998946E-02 
       850  3.122500000E+02  0.000000000E+00  2.240354726E-02 
       851  3.125000000E+02  0.000000000E+00  2.243679150E-02 
       852  3.127500000E+02  0.000000000E+00  2.246972640E-02 
       853  3.130000000E+02  0.000000000E+00  2.250235557E-02 
       854  3.132500000E+02  0.000000000E+00  2.253468221E-02 
       855  3.135000000E+02  0.000000000E+00  2.256670909E-02 
       856  3.137500000E+02  0.000000000E+00  2.259843864E-02 
       857  3.140000000E+02  0.000000000E+00  2.262987303E-02 
       858  3.142500000E+02  0.000000000E+00  2.266101415E-02 
       859  3.145000000E+02  0.000000000E+00  2.269186373E-02 
       860  3.147500000E+02  0.000000000E+00  2.272242328E-02 
       861  3.150000000E+02  0.000000000E+00  2.275269420E-02 
       862  3.152500000E+02  0.000000000E+00  2.278267777E-02 
       863  3.155000000E+02  0.000000000E+00  2.281237516E-02 
       864  3.157500000E+02  0.000000000E+00  2.284178746E-02 
       865  3.160000000E+02  0.000000000E+00  2.287091572E-02 
       866  3.162500000E+02  0.000000000E+00  2.289976090E-02 
       867  3.165000000E+02  0.000000000E+00  2.292832394E-02 
       868  3.167500000E+02  0.000000000E+00  2.295660577E-02 
       869  3.170000000E+02  0.000000000E+00  2.298460726E-02 
       870  3.172500000E+02  0.000000000E+00  2.301232929E-02 
       871  3.175000000E+02  0.000000000E+00  2.303977273E-02 
       872  3.177500000E+02  0.000000000E+00  2.306693843E-02 
       873  3.180000000E+02  0.000000000E+00  2.309382726E-02 
       874  3.182500000E+02  0.000000000E+00  2.312044009E-02 
       875  3.185000000E+02  0.000000000E+00  2.314677779E-02 
       876  3.187500000E+02  0.000000000E+00  2.317284124E-02 
       877  3.190000000E+02  0.000000000E+00  2.319863134E-02 
       878  3.192500000E+02  0.000000000E+00  2.322414901E-02 
       879  3.195000000E+02  0.000000000E+00  2.324939517E-02 
       880  3.197500000E+02  0.000000000E+00  2.327437075E-02 
       881  3.200000000E+02  0.000000000E+00  2.329907673E-02 
       882  3.202500000E+02  0.000000000E+00  2.332351408E-02 
       883  3.205000000E+02  0.000000000E+00  2.334768380E-02 
       884  3.207500000E+02  0.000000000E+00  2.337158690E-02 
       885  3.210000000E+02  0.000000000E+00  2.339522442E-02 
       886  3.212500000E+02  0.000000000E+00  2.341859741E-02 
       887  3.215000000E+02  0.000000000E+00  2.344170696E-02 
       888  3.217500000E+02  0.000000000E+00  2.346455415E-02 
       889  3.220000000E+02  0.000000000E+00  2.348714010E-02 
       890  3.222500000E+02  0.000000000E+00  2.350946594E-02 
       891  3.225000000E+02  0.000000000E+00  2.353153282E-02 
       892  3.227500000E+02  0.000000000E+00  2.355334191E-02 
       893  3.230000000E+02  0.000000000E+00  2.357489441E-02 
       894  3.232500000E+02  0.000000000E+00  2.359619151E-02 
       895  3.235000000E+02  0.000000000E+00  2.361723444E-02 
       896  3.237500000E+02  0.000000000E+00  2.363802444E-02 
       897  3.240000000E+02  0.000000000E+00  2.365856277E-02 
       898  3.242500000E+02  0.000000000E+00  2.367885070E-02 
       899  3.245000000E+02  0.000000000E+00  2.369888951E-02 
       900  3.247500000E+02  0.000000000E+00  2.371868051E-02 
       901  3.250000000E+02  0.000000000E+00  2.373822502E-02 
       902  3.252500000E+02  0.000000000E+00  2.375752437E-02 
       903  3.255000000E+02  0.000000000E+00  2.377657990E-02 
       904  3.257500000E+02  0.000000000E+00  2.379539297E-02 
       905  3.260000000E+02  0.000000000E+00  2.381396494E-02 
       906  3.262500000E+02  0.000000000E+00  2.383229721E-02 
       907  3.265000000E+02  0.000000000E+00  2.385039115E-02 
       908  3.267500000E+02  0.000000000E+00  2.386824817E-02 
       909  3.270000000E+02  0.000000000E+00  2.388586969E-02 
       910  3.272500000E+02  0.000000000E+00  2.390325713E-02 
       911  3.275000000E+02  0.000000000E+00  2.392041191E-02 
       912  3.277500000E+02  0.000000000E+00  2.393733547E-02 
       913  3.280000000E+02  0.000000000E+00  2.395402926E-02 
       914  3.282500000E+02  0.000000000E+00  2.397049473E-02 
       915  3.285000000E+02  0.000000000E+00  2.398673334E-02 
       916  3.287500000E+02  0.000000000E+00  2.400274656E-02 
       917  3.290000000E+02  0.000000000E+00  2.401853586E-02 
       918  3.292500000E+02  0.000000000E+00  2.403410270E-02 
       919  3.295000000E+02  0.000000000E+00  2.404944857E-02 
       920  3.297500000E+02  0.000000000E+00  2.406457496E-02 
       921  3.300000000E+02  0.000000000E+00  2.407948334E-02 
       922  3.302500000E+02  0.000000000E+00  2.409417521E-02 
       923  3.305000000E+02  0.000000000E+00  2.410865206E-02 
       924  3.307500000E+02  0.000000000E+00  2.412291537E-02 
       925  3.310000000E+02  0.000000000E+00  2.413696665E-02 
       926  3.312500000E+02  0.000000000E+00  2.415080737E-02 
       927  3.315000000E+02  0.000000000E+00  2.416443905E-02 
       928  3.317500000E+02  0.000000000E+00  2.417786316E-02 
       929  3.320000000E+02  0.000000000E+00  2.419108120E-02 
       930  3.322500000E+02  0.000000000E+00  2.420409467E-02 
       931  3.325000000E+02  0.000000000E+00  2.421690503E-02 
       932  3.327500000E+02  0.000000000E+00  2.422951379E-02 
       933  3.330000000E+02  0.000000000E+00  2.424192241E-02 
       934  3.332500000E+02  0.000000000E+00  2.425413239E-02 
       935  3.335000000E+02  0.000000000E+00  2.426614518E-02 
       936  3.337500000E+02  0.000000000E+00  2.427796227E-02 
       937  3.340000000E+02  0.000000000E+00  2.428958510E-02 
       938  3.342500000E+02  0.000000000E+00  2.430101515E-02 
       939  3.345000000E+02  0.000000000E+00  2.431225385E-02 
       940  3.347500000E+02  0.000000000E+00  2.432330267E-02 
       941  3.350000000E+02  0.000000000E+00  2.433416302E-02 
       942  3.352500000E+02  0.000000000E+00  2.434483635E-02 
       943  3.355000000E+02  0.000000000E+00  2.435532408E-02 
       944  3.357500000E+02  0.000000000E+00  2.436562762E-02 
       945  3.360000000E+02  0.000000000E+00  2.437574838E-02 
       946  3.362500000E+02  0.000000000E+00  2.438568775E-02 
       947  3.365000000E+02  0.000000000E+00  2.439544712E-02 
       948  3.367500000E+02  0.000000000E+00  2.440502787E-02 
       949  3.370000000E+02  0.000000000E+00  2.441443136E-02 
       950  3.372500000E+02  0.000000000E+00  2.442365895E-02 
       951  3.375000000E+02  0.000000000E+00  2.443271198E-02 
       952  3.377500000E+02  0.000000000E+00  2.444159180E-02 
       953  3.380000000E+02  0.000000000E+00  2.445029971E-02 
       954  3.382500000E+02  0.000000000E+00  2.445883702E-02 
       955  3.385000000E+02  0.000000000E+00  2.446720504E-02 
       956  3.387500000E+02  0.000000000E+00  2.447540505E-02 
       957  3.390000000E+02  0.000000000E+00  2.448343831E-02 
       958  3.392500000E+02  0.000000000E+00  2.449130608E-02 
       959  3.395000000E+02  0.000000000E+00  2.449900961E-02 
       960  3.397500000E+02  0.000000000E+00  2.450655012E-02 
       961  3.400000000E+02  0.000000000E+00  2.451392883E-02 
       962  3.402500000E+02  0.000000000E+00  2.452114693E-02 
       963  3.405000000E+02  0.000000000E+00  2.452820560E-02 
       964  3.407500000E+02  0.000000000E+00  2.453510602E-02 
       965  3.410000000E+02  0.000000000E+00  2.454184933E-02 
       966  3.412500000E+02  0.000000000E+00  2.454843667E-02 
       967  3.415000000E+02  0.000000000E+00  2.455486916E-02 
       968  3.417500000E+02  0.000000000E+00  2.456114790E-02 
       969  3.420000000E+02  0.000000000E+00  2.456727397E-02 
       970  3.422500000E+02  0.000000000E+00  2.457324844E-02 
       971  3.425000000E+02  0.000000000E+00  2.457907237E-02 
       972  3.427500000E+02  0.000000000E+00  2.458474678E-02 
       973  3.430000000E+02  0.000000000E+00  2.459027268E-02 
       974  3.432500000E+02  0.000000000E+00  2.459565108E-02 
       975  3.435000000E+02  0.000000000E+00  2.460088295E-02 
       976  3.437500000E+02  0.000000000E+00  2.460596925E-02 
       977  3.440000000E+02  0.000000000E+00  2.461091092E-02 
       978  3.442500000E+02  0.000000000E+00  2.461570887E-02 
       979  3.445000000E+02  0.000000000E+00  2.462036401E-02 
       980  3.447500000E+02  0.000000000E+00  2.462487722E-02 
       981  3.450000000E+02  0.000000000E+00  2.462924937E-02 
       982  3.452500000E+02  0.000000000E+00  2.463348128E-02 
       983  3.455000000E+02  0.000000000E+00  2.463757379E-02 
       984  3.457500000E+02  0.000000000E+00  2.464152770E-02 
       985  3.460000000E+02  0.000000000E+00  2.464534377E-02 
       986  3.462500000E+02  0.000000000E+00  2.464902279E-02 
       987  3.465000000E+02  0.000000000E+00  2.465256547E-02 
       988  3.467500000E+02  0.000000000E+00  2.465597254E-02 
       989  3.470000000E+02  0.000000000E+00  2.465924470E-02 
       990  3.472500000E+02  0.000000000E+00  2.466238262E-02 
       991  3.475000000E+02  0.000000000E+00  2.466538695E-02 
       992  3.477500000E+02  0.000000000E+00  2.466825833E-02 
       993  3.480000000E+02  0.000000000E+00  2.467099737E-02 
       994  3.482500000E+02  0.000000000E+00  2.467360465E-02 
       995  3.485000000E+02  0.000000000E+00  2.467608074E-02 
       996  3.487500000E+02  0.000000000E+00  2.467842618E-02 
       997  3.490000000E+02  0.000000000E+00  2.468064151E-02 
       998  3.492500000E+02  0.000000000E+00  2.468272720E-02 
       999  3.495000000E+02  0.000000000E+00  2.468468376E-02 
      1000  3.497500000E+02  0.000000000E+00  2.468651162E-02 
      1001  3.500000000E+02  0.000000000E+00  2.468821122E-02 
      1002  3.502500000E+02  0.000000000E+00  2.468978297E-02 
      1003  3.505000000E+02  0.000000000E+00  2.469122725E-02 
      1004  3.507500000E+02  0.000000000E+00  2.469254444E-02 
      1005  3.510000000E+02  0.000000000E+00  2.469373487E-02 
      1006  3.512500000E+02  0.000000000E+00  2.469479886E-02 
      1007  3.515000000E+02  0.000000000E+00  2.469573670E-02 
      1008  3.517500000E+02  0.000000000E+00  2.469654868E-02 
      1009  3.520000000E+02  0.000000000E+00  2.469723502E-02 
      1010  3.522500000E+02  0.000000000E+00  2.469779597E-02 
      1011  3.525000000E+02  0.000000000E+00  2.469823173E-02 
      1012  3.527500000E+02  0.000000000E+00  2.469854247E-02 
      1013  3.530000000E+02  0.000000000E+00  2.469872835E-02 
      1014  3.532500000E+02  0.000000000E+00  2.469878951E-02 
      1015  3.535000000E+02  0.000000000E+00  2.469872605E-02 
      1016  3.537500000E+02  0.000000000E+00  2.469853806E-02 
      1017  3.540000000E+02  0.000000000E+00  2.469822561E-02 
      1018  3.542500000E+02  0.000000000E+00  2.469778873E-02 
      1019  3.545000000E+02  0.000000000E+00  2.469722744E-02 
      1020  3.547500000E+02  0.000000000E+00  2.469654174E-02 
      1021  3.550000000E+02  0.000000000E+00  2.469573159E-02 
      1022  3.552500000E+02  0.000000000E+00  2.469479694E-02 
      1023  3.555000000E+02  0.000000000E+00  2.469373772E-02 
      1024  3.557500000E+02  0.000000000E+00  2.469255383E-02 
      1025  3.560000000E+02  0.000000000E+00  2.469124515E-02 
      1026  3.562500000E+02  0.000000000E+00  2.468981152E-02 
      1027  3.565000000E+02  0.000000000E+00  2.468825278E-02 
      1028  3.567500000E+02  0.000000000E+00  2.468656875E-02 
      1029  3.570000000E+02  0.000000000E+00  2.468475920E-02 
      1030  3.572500000E+02  0.000000000E+00  2.468282390E-02 
      1031  3.575000000E+02  0.000000000E+00  2.468076258E-02 
      1032  3.577500000E+02  0.000000000E+00  2.467857498E-02 
      1033  3.580000000E+02  0.000000000E+00  2.467626077E-02 
      1034  3.582500000E+02  0.000000000E+00  2.467381964E-02 
      1035  3.585000000E+02  0.000000000E+00  2.467125123E-02 
      1036  3.587500000E+02  0.000000000E+00  2.466855517E-02 
      1037  3.590000000E+02  0.000000000E+00  2.466573106E-02 
      1038  3.592500000E+02  0.000000000E+00  2.466277849E-02 
      1039  3.595000000E+02  0.000000000E+00  2.465969702E-02 
      1040  3.597500000E+02  0.000000000E+00  2.465648618E-02 
      1041  3.600000000E+02  0.000000000E+00  2.465314549E-02 
      1042  3.602500000E+02  0.000000000E+00  2.464967445E-02 
      1043  3.605000000E+02  0.000000000E+00  2.464607253E-02 
      1044  3.607500000E+02  0.000000000E+00  2.464233918E-02 
      1045  3.610000000E+02  0.000000000E+00  2.463847382E-02 
      1046  3.612500000E+02  0.000000000E+00  2.463447588E-02 
      1047  3.615000000E+02  0.000000000E+00  2.463034473E-02 
      1048  3.617500000E+02  0.000000000E+00  2.462607975E-02 
      1049  3.620000000E+02  0.000000000E+00  2.462168027E-02 
      1050  3.622500000E+02  0.000000000E+00  2.461714562E-02 
      1051  3.625000000E+02  0.000000000E+00  2.461247511E-02 
      1052  3.627500000E+02  0.000000000E+00  2.460766802E-02 
      1053  3.630000000E+02  0.000000000E+00  2.460272361E-02 
      1054  3.632500000E+02  0.000000000E+00  2.459764113E-02 
      1055  3.635000000E+02  0.000000000E+00  2.459241979E-02 
      1056  3.637500000E+02  0.000000000E+00  2.458705881E-02 
      1057  3.640000000E+02  0.000000000E+00  2.458155736E-02 
      1058  3.642500000E+02  0.000000000E+00  2.457591462E-02 
      1059  3.645000000E+02  0.000000000E+00  2.457012972E-02 
      1060  3.647500000E+02  0.000000000E+00  2.456420180E-02 
      1061  3.650000000E+02  0.000000000E+00  2.455812995E-02 
      1062  3.652500000E+02  0.000000000E+00  2.455191327E-02 
      1063  3.655000000E+02  0.000000000E+00  2.454555084E-02 
      1064  3.657500000E+02  0.000000000E+00  2.453904170E-02 
      1065  3.660000000E+02  0.000000000E+00  2.453238488E-02 
      1066  3.662500000E+02  0.000000000E+00  2.452557941E-02 
      1067  3.665000000E+02  0.000000000E+00  2.451862428E-02 
      1068  3.667500000E+02  0.000000000E+00  2.451151848E-02 
      1069  3.670000000E+02  0.000000000E+00  2.450426097E-02 
      1070  3.672500000E+02  0.000000000E+00  2.449685070E-02 
      1071  3.675000000E+02  0.000000000E+00  2.448928660E-02 
      1072  3.677500000E+02  0.000000000E+00  2.448156759E-02 
      1073  3.680000000E+02  0.000000000E+00  2.447369256E-02 
      1074  3.682500000E+02  0.000000000E+00  2.446566040E-02 
      1075  3.685000000E+02  0.000000000E+00  2.445746999E-02 
      1076  3.687500000E+02  0.000000000E+00  2.444912017E-02 
      1077  3.690000000E+02  0.000000000E+00  2.444060978E-02 
      1078  3.692500000E+02  0.000000000E+00  2.443193764E-02 
      1079  3.695000000E+02  0.000000000E+00  2.442310257E-02 
      1080  3.697500000E+02  0.000000000E+00  2.441410336E-02 
      1081  3.700000000E+02  0.000000000E+00  2.440493879E-02 
      1082  3.702500000E+02  0.000000000E+00  2.439560763E-02 
      1083  3.705000000E+02  0.000000000E+00  2.438610863E-02 
      1084  3.707500000E+02  0.000000000E+00  2.437644055E-02 
      1085  3.710000000E+02  0.000000000E+00  2.436660210E-02 
      1086  3.712500000E+02  0.000000000E+00  2.435659200E-02 
      1087  3.715000000E+02  0.000000000E+00  2.434640897E-02 
      1088  3.717500000E+02  0.000000000E+00  2.433605169E-02 
      1089  3.720000000E+02  0.000000000E+00  2.432551885E-02 
      1090  3.722500000E+02  0.000000000E+00  2.431480912E-02 
      1091  3.725000000E+02  0.000000000E+00  2.430392116E-02 
      1092  3.727500000E+02  0.000000000E+00  2.429285362E-02 
      1093  3.730000000E+02  0.000000000E+00  2.428160514E-02 
      1094  3.732500000E+02  0.000000000E+00  2.427017436E-02 
      1095  3.735000000E+02  0.000000000E+00  2.425855990E-02 
      1096  3.737500000E+02  0.000000000E+00  2.424676036E-02 
      1097  3.740000000E+02  0.000000000E+00  2.423477437E-02 
      1098  3.742500000E+02  0.000000000E+00  2.422260050E-02 
      1099  3.745000000E+02  0.000000000E+00  2.421023736E-02 
      1100  3.747500000E+02  0.000000000E+00  2.419768352E-02 
      1101  3.750000000E+02  0.000000000E+00  2.418493757E-02 
      1102  3.752500000E+02  0.000000000E+00  2.417199805E-02 
      1103  3.755000000E+02  0.000000000E+00  2.415886355E-02 
      1104  3.757500000E+02  0.000000000E+00  2.414553261E-02 
      1105  3.760000000E+02  0.000000000E+00  2.413200378E-02 
      1106  3.762500000E+02  0.000000000E+00  2.411827561E-02 
      1107  3.765000000E+02  0.000000000E+00  2.410434664E-02 
      1108  3.767500000E+02  0.000000000E+00  2.409021540E-02 
      1109  3.770000000E+02  0.000000000E+00  2.407588042E-02 
      1110  3.772500000E+02  0.000000000E+00  2.406134022E-02 
      1111  3.775000000E+02  0.000000000E+00  2.404659334E-02 
      1112  3.777500000E+02  0.000000000E+00  2.403163829E-02 
      1113  3.780000000E+02  0.000000000E+00  2.401647358E-02 
      1114  3.782500000E+02  0.000000000E+00  2.400109773E-02 
      1115  3.785000000E+02  0.000000000E+00  2.398550925E-02 
      1116  3.787500000E+02  0.000000000E+00  2.396970664E-02 
      1117  3.790000000E+02  0.000000000E+00  2.395368840E-02 
      1118  3.792500000E+02  0.000000000E+00  2.393745305E-02 
      1119  3.795000000E+02  0.000000000E+00  2.392099908E-02 
      1120  3.797500000E+02  0.000000000E+00  2.390432498E-02 
      1121  3.800000000E+02  0.000000000E+00  2.388742925E-02 
      1122  3.802500000E+02  0.000000000E+00  2.387031038E-02 
      1123  3.805000000E+02  0.000000000E+00  2.385296687E-02 
      1124  3.807500000E+02  0.000000000E+00  2.383539719E-02 
      1125  3.810000000E+02  0.000000000E+00  2.381759982E-02 
      1126  3.812500000E+02  0.000000000E+00  2.379957325E-02 
      1127  3.815000000E+02  0.000000000E+00  2.378131594E-02 
      1128  3.817500000E+02  0.000000000E+00  2.376282636E-02 
      1129  3.820000000E+02  0.000000000E+00  2.374410295E-02 
      1130  3.822500000E+02  0.000000000E+00  2.372514418E-02 
      1131  3.825000000E+02  0.000000000E+00  2.370594846E-02 
      1132  3.827500000E+02  0.000000000E+00  2.368651423E-02 
      1133  3.830000000E+02  0.000000000E+00  2.366683988E-02 
      1134  3.832500000E+02  0.000000000E+00  2.364692380E-02 
      1135  3.835000000E+02  0.000000000E+00  2.362676434E-02 
      1136  3.837500000E+02  0.000000000E+00  2.360635984E-02 
      1137  3.840000000E+02  0.000000000E+00  2.358570860E-02 
      1138  3.842500000E+02  0.000000000E+00  2.356480887E-02 
      1139  3.845000000E+02  0.000000000E+00  2.354365886E-02 
      1140  3.847500000E+02  0.000000000E+00  2.352225672E-02 
      1141  3.850000000E+02  0.000000000E+00  2.350060054E-02 
      1142  3.852500000E+02  0.000000000E+00  2.347868834E-02 
      1143  3.855000000E+02  0.000000000E+00  2.345651802E-02 
      1144  3.857500000E+02  0.000000000E+00  2.343408740E-02 
      1145  3.860000000E+02  0.000000000E+00  2.341139417E-02 
      1146  3.862500000E+02  0.000000000E+00  2.338843587E-02 
      1147  3.865000000E+02  0.000000000E+00  2.336520986E-02 
      1148  3.867500000E+02  0.000000000E+00  2.334171330E-02 
      1149  3.870000000E+02  0.000000000E+00  2.331794315E-02 
      1150  3.872500000E+02  0.000000000E+00  2.329389604E-02 
      1151  3.875000000E+02  0.000000000E+00  2.326956833E-02 
      1152  3.877500000E+02  0.000000000E+00  2.324495599E-02 
      1153  3.880000000E+02  0.000000000E+00  2.322005457E-02 
      1154  3.882500000E+02  0.000000000E+00  2.319485909E-02 
      1155  3.885000000E+02  0.000000000E+00  2.316936402E-02 
      1156  3.887500000E+02  0.000000000E+00  2.314356313E-02 
      1157  3.890000000E+02  0.000000000E+00  2.311744942E-02 
      1158  3.892500000E+02  0.000000000E+00  2.309101497E-02 
      1159  3.895000000E+02  0.000000000E+00  2.306425078E-02 
      1160  3.897500000E+02  0.000000000E+00  2.303714662E-02 
      1161  3.900000000E+02  0.000000000E+00  2.300969084E-02 
      1162  3.902500000E+02  0.000000000E+00  2.298187010E-02 
      1163  3.905000000E+02  0.000000000E+00  2.295366914E-02 
      1164  3.907500000E+02  0.000000000E+00  2.292507044E-02 
      1165  3.910000000E+02  0.000000000E+00  2.289605385E-02 
      1166  3.912500000E+02  0.000000000E+00  2.286659620E-02 
      1167  3.915000000E+02  0.000000000E+00  2.283667078E-02 
      1168  3.917500000E+02  0.000000000E+00  2.280624677E-02 
      1169  3.920000000E+02  0.000000000E+00  2.277528858E-02 
      1170  3.922500000E+02  0.000000000E+00  2.274375504E-02 
      1171  3.925000000E+02  0.000000000E+00  2.271159854E-02 
      1172  3.927500000E+02  0.000000000E+00  2.267876390E-02 
      1173  3.930000000E+02  0.000000000E+00  2.264518718E-02 
      1174  3.932500000E+02  0.000000000E+00  2.261079418E-02 
      1175  3.935000000E+02  0.000000000E+00  2.257549873E-02 
      1176  3.937500000E+02  0.000000000E+00  2.253920070E-02 
      1177  3.940000000E+02  0.000000000E+00  2.250178355E-02 
      1178  3.942500000E+02  0.000000000E+00  2.246311161E-02 
      1179  3.945000000E+02  0.000000000E+00  2.242302663E-02 
      1180  3.947500000E+02  0.000000000E+00  2.238134393E-02 
      1181  3.950000000E+02  0.000000000E+00  2.233784756E-02 
      1182  3.952500000E+02  0.000000000E+00  2.229228467E-02 
      1183  3.955000000E+02  0.000000000E+00  2.224435864E-02 
      1184  3.957500000E+02  0.000000000E+00  2.219372077E-02 
      1185  3.960000000E+02  0.000000000E+00  2.213996013E-02 
      1186  3.962500000E+02  0.000000000E+00  2.208259108E-02 
      1187  3.965000000E+02  0.000000000E+00  2.202103772E-02 
      1188  3.967500000E+02  0.000000000E+00  2.195461445E-02 
      1189  3.970000000E+02  0.000000000E+00  2.188250112E-02 
      1190  3.972500000E+02  0.000000000E+00  2.180371100E-02 
      1191  3.975000000E+02  0.000000000E+00  2.171704868E-02 
      1192  3.977500000E+02  0.000000000E+00  2.162105329E-02 
      1193  3.980000000E+02  0.000000000E+00  2.151392021E-02 
      1194  3.982500000E+02  0.000000000E+00  2.139338886E-02 
      1195  3.985000000E+02  0.000000000E+00  2.125657502E-02 
      1196  3.987500000E+02  0.000000000E+00  2.109970471E-02 
      1197  3.990000000E+02  0.000000000E+00  2.091765531E-02 
      1198  3.992500000E+02  0.000000000E+00  2.070306540E-02 
      1199  3.995000000E+02  0.000000000E+00  2.044430178E-02 
      1200  3.997500000E+02  0.000000000E+00  2.011978865E-02 
      1201  4.000000000E+02  0.000000000E+00  2.203042395E-02 
      1202  4.002000034E+02  0.000000000E+00  2.324375972E-02 
      1203  4.004016387E+02  0.000000000E+00  2.234399185E-02 
      1204  4.006049192E+02  0.000000000E+00  2.149508556E-02 
      1205  4.008098583E+02  0.000000000E+00  2.069425707E-02 
      1206  4.010164696E+02  0.000000000E+00  1.993888897E-02 
      1207  4.012247666E+02  0.000000000E+00  1.922651477E-02 
      1208  4.014347631E+02  0.000000000E+00  1.855480595E-02 
      1209  4.016464731E+02  0.000000000E+00  1.792156090E-02 
      1210  4.018599104E+02  0.000000000E+00  1.732469525E-02 
      1211  4.020750892E+02  0.000000000E+00  1.676223332E-02 
      1212  4.022920237E+02  0.000000000E+00  1.623230100E-02 
      1213  4.025107282E+02  0.000000000E+00  1.572469300E-02 
      1214  4.027312172E+02  0.000000000E+00  1.524734198E-02 
      1215  4.029535052E+02  0.000000000E+00  1.480710629E-02 
      1216  4.031776069E+02  0.000000000E+00  1.439258594E-02 
      1217  4.034035370E+02  0.000000000E+00  1.400234411E-02 
      1218  4.036313106E+02  0.000000000E+00  1.363501441E-02 
      1219  4.038609426E+02  0.000000000E+00  1.328929757E-02 
      1220  4.040924483E+02  0.000000000E+00  1.296395832E-02 
      1221  4.043258428E+02  0.000000000E+00  1.265610330E-02 
      1222  4.045611417E+02  0.000000000E+00  1.236697520E-02 
      1223  4.047983604E+02  0.000000000E+00  1.209719677E-02 
      1224  4.050375146E+02  0.000000000E+00  1.184330440E-02 
      1225  4.052786201E+02  0.000000000E+00  1.160435226E-02 
      1226  4.055216929E+02  0.000000000E+00  1.137987133E-02 
      1227  4.057667489E+02  0.000000000E+00  1.116910863E-02 
      1228  4.060138044E+02  0.000000000E+00  1.096863146E-02 
      1229  4.062628756E+02  0.000000000E+00  1.078042681E-02 
      1230  4.065139791E+02  0.000000000E+00  1.060636450E-02 
      1231  4.067671314E+02  0.000000000E+00  1.044135472E-02 
      1232  4.070223492E+02  0.000000000E+00  1.028686936E-02 
      1233  4.072796494E+02  0.000000000E+00  1.014144676E-02 
      1234  4.075390490E+02  0.000000000E+00  1.000625495E-02 
      1235  4.078005650E+02  0.000000000E+00  9.882774881E-03 
      1236  4.080642148E+02  0.000000000E+00  9.765547860E-03 
      1237  4.083300158E+02  0.000000000E+00  9.654388615E-03 
      1238  4.085979855E+02  0.000000000E+00  9.549008812E-03 
      1239  4.088681416E+02  0.000000000E+00  9.291575960E-03 
      1240  4.091405020E+02  0.000000000E+00  9.036759435E-03 
      1241  4.094150846E+02  0.000000000E+00  8.944430656E-03 
      1242  4.096919076E+02  0.000000000E+00  8.857211375E-03 
      1243  4.099709892E+02  0.000000000E+00  8.774720474E-03 
      1244  4.102523480E+02  0.000000000E+00  8.696600528E-03 
      1245  4.105360024E+02  0.000000000E+00  8.622516574E-03 
      1246  4.108219711E+02  0.000000000E+00  8.552154936E-03 
      1247  4.111102732E+02  0.000000000E+00  8.485222092E-03 
      1248  4.114009276E+02  0.000000000E+00  8.421443597E-03 
      1249  4.116939535E+02  0.000000000E+00  8.360563021E-03 
      1250  4.119893702E+02  0.000000000E+00  8.302340959E-03 
      1251  4.122871973E+02  0.000000000E+00  8.246554073E-03 
      1252  4.125874544E+02  0.000000000E+00  8.192994169E-03 
      1253  4.128901614E+02  0.000000000E+00  8.141467325E-03 
      1254  4.131953383E+02  0.000000000E+00  8.091793046E-03 
      1255  4.135030051E+02  0.000000000E+00  8.043803465E-03 
      1256  4.138131823E+02  0.000000000E+00  7.997342584E-03 
      1257  4.141258902E+02  0.000000000E+00  7.952265542E-03 
      1258  4.144411496E+02  0.000000000E+00  7.908437922E-03 
      1259  4.147589813E+02  0.000000000E+00  7.865735099E-03 
      1260  4.150794062E+02  0.000000000E+00  7.824041607E-03 
      1261  4.154024455E+02  0.000000000E+00  7.783250551E-03 
      1262  4.157281206E+02  0.000000000E+00  7.743263042E-03 
      1263  4.160564529E+02  0.000000000E+00  7.703987668E-03 
      1264  4.163874641E+02  0.000000000E+00  7.665339984E-03 
      1265  4.167211762E+02  0.000000000E+00  7.627242043E-03 
      1266  4.170576110E+02  0.000000000E+00  7.589621941E-03 
      1267  4.173967909E+02  0.000000000E+00  7.552413394E-03 
      1268  4.177387382E+02  0.000000000E+00  7.515555342E-03 
      1269  4.180834756E+02  0.000000000E+00  7.478991569E-03 
      1270  4.184310257E+02  0.000000000E+00  7.442670354E-03 
      1271  4.187814116E+02  0.000000000E+00  7.406544136E-03 
      1272  4.191346563E+02  0.000000000E+00  7.370569200E-03 
      1273  4.194907832E+02  0.000000000E+00  7.334705393E-03 
      1274  4.198498158E+02  0.000000000E+00  7.298915845E-03 
      1275  4.202117779E+02  0.000000000E+00  7.263166715E-03 
      1276  4.205766933E+02  0.000000000E+00  7.227426954E-03 
      1277  4.209445860E+02  0.000000000E+00  7.191668080E-03 
      1278  4.213154806E+02  0.000000000E+00  7.155863973E-03 
      1279  4.216894013E+02  0.000000000E+00  7.119990681E-03 
      1280  4.220663728E+02  0.000000000E+00  7.084026240E-03 
      1281  4.224464202E+02  0.000000000E+00  7.047950509E-03 
      1282  4.228295685E+02  0.000000000E+00  7.011745012E-03 
      1283  4.232158429E+02  0.000000000E+00  6.975392797E-03 
      1284  4.236052691E+02  0.000000000E+00  6.938878303E-03 
      1285  4.239978726E+02  0.000000000E+00  6.902187239E-03 
      1286  4.243936795E+02  0.000000000E+00  6.865306466E-03 
      1287  4.247927158E+02  0.000000000E+00  6.828223895E-03 
      1288  4.251950080E+02  0.000000000E+00  6.790928393E-03 
      1289  4.256005825E+02  0.000000000E+00  6.753409688E-03 
      1290  4.260094662E+02  0.000000000E+00  6.715658297E-03 
      1291  4.264216861E+02  0.000000000E+00  6.677665441E-03 
      1292  4.268372694E+02  0.000000000E+00  6.639422981E-03 
      1293  4.272562434E+02  0.000000000E+00  6.600923357E-03 
      1294  4.276786360E+02  0.000000000E+00  6.562159527E-03 
      1295  4.281044750E+02  0.000000000E+00  6.523124916E-03 
      1296  4.285337884E+02  0.000000000E+00  6.483813366E-03 
      1297  4.289666047E+02  0.000000000E+00  6.444219097E-03 
      1298  4.294029525E+02  0.000000000E+00  6.404336661E-03 
      1299  4.298428605E+02  0.000000000E+00  6.364160910E-03 
      1300  4.302863578E+02  0.000000000E+00  6.323686961E-03 
      1301  4.307334737E+02  0.000000000E+00  6.282910168E-03 
      1302  4.311842377E+02  0.000000000E+00  6.241826093E-03 
      1303  4.316386795E+02  0.000000000E+00  6.200430482E-03 
      1304  4.320968293E+02  0.000000000E+00  6.158719241E-03 
      1305  4.325587172E+02  0.000000000E+00  6.116688424E-03 
      1306  4.330243737E+02  0.000000000E+00  6.074334202E-03 
      1307  4.334938296E+02  0.000000000E+00  6.031652858E-03 
      1308  4.339671159E+02  0.000000000E+00  5.988640766E-03 
      1309  4.344442638E+02  0.000000000E+00  5.945294381E-03 
      1310  4.349253049E+02  0.000000000E+00  5.901610226E-03 
      1311  4.354102708E+02  0.000000000E+00  5.857584880E-03 
      1312  4.358991937E+02  0.000000000E+00  5.813214974E-03 
      1313  4.363921059E+02  0.000000000E+00  5.768497174E-03 
      1314  4.368890398E+02  0.000000000E+00  5.723428179E-03 
      1315  4.373900283E+02  0.000000000E+00  5.678004715E-03 
      1316  4.378951044E+02  0.000000000E+00  5.632223526E-03 
      1317  4.384043016E+02  0.000000000E+00  5.586081368E-03 
      1318  4.389176534E+02  0.000000000E+00  5.539575011E-03 
      1319  4.394351937E+02  0.000000000E+00  5.492701224E-03 
      1320  4.399569568E+02  0.000000000E+00  5.445456780E-03 
      1321  4.404829770E+02  0.000000000E+00  5.397838448E-03 
      1322  4.410132892E+02  0.000000000E+00  5.349842994E-03 
      1323  4.415479282E+02  0.000000000E+00  5.301467172E-03 
      1324  4.420869295E+02  0.000000000E+00  5.252707727E-03 
      1325  4.426303286E+02  0.000000000E+00  5.203561394E-03 
      1326  4.431781614E+02  0.000000000E+00  5.154024889E-03 
      1327  4.437304641E+02  0.000000000E+00  5.104094914E-03 
      1328  4.442872731E+02  0.000000000E+00  5.053768153E-03 
      1329  4.448486253E+02  0.000000000E+00  5.003041272E-03 
      1330  4.454145576E+02  0.000000000E+00  4.951910913E-03 
      1331  4.459851075E+02  0.000000000E+00  4.900373701E-03 
      1332  4.465603126E+02  0.000000000E+00  4.848426234E-03 
      1333  4.471402109E+02  0.000000000E+00  4.796065091E-03 
      1334  4.477248408E+02  0.000000000E+00  4.743286824E-03 
      1335  4.483142407E+02  0.000000000E+00  4.690087961E-03 
      1336  4.489084497E+02  0.000000000E+00  4.636465004E-03 
      1337  4.495075070E+02  0.000000000E+00  4.582414429E-03 
      1338  4.501114521E+02  0.000000000E+00  4.527932684E-03 
      1339  4.507203248E+02  0.000000000E+00  4.473016193E-03 
      1340  4.513341655E+02  0.000000000E+00  4.417661348E-03 
      1341  4.519530147E+02  0.000000000E+00  4.361864514E-03 
      1342  4.525769132E+02  0.000000000E+00  4.305622029E-03 
      1343  4.532059021E+02  0.000000000E+00  4.248930198E-03 
      1344  4.538400232E+02  0.000000000E+00  4.191785299E-03 
      1345  4.544793181E+02  0.000000000E+00  4.134183577E-03 
      1346  4.551238292E+02  0.000000000E+00  4.076121249E-03 
      1347  4.557735990E+02  0.000000000E+00  4.017594500E-03 
      1348  4.564286703E+02  0.000000000E+00  3.958599482E-03 
      1349  4.570890866E+02  0.000000000E+00  3.899132317E-03 
      1350  4.577548913E+02  0.000000000E+00  3.839189091E-03 
      1351  4.584261284E+02  0.000000000E+00  3.778765861E-03 
      1352  4.591028423E+02  0.000000000E+00  3.717858648E-03 
      1353  4.597850777E+02  0.000000000E+00  3.656463440E-03 
      1354  4.604728795E+02  0.000000000E+00  3.594576191E-03 
      1355  4.611662932E+02  0.000000000E+00  3.532192820E-03 
      1356  4.618653647E+02  0.000000000E+00  3.469309208E-03 
      1357  4.625701400E+02  0.000000000E+00  3.405921204E-03 
      1358  4.632806657E+02  0.000000000E+00  3.342024618E-03 
      1359  4.639969887E+02  0.000000000E+00  3.277615224E-03 
      1360  4.647191564E+02  0.000000000E+00  3.212688757E-03 
      1361  4.654472164E+02  0.000000000E+00  3.147240912E-03 
      1362  4.661812167E+02  0.000000000E+00  3.081267349E-03 
      1363  4.669212059E+02  0.000000000E+00  3.014763682E-03 
      1364  4.676672328E+02  0.000000000E+00  2.947725486E-03 
      1365  4.684193468E+02  0.000000000E+00  2.880148292E-03 
      1366  4.691775973E+02  0.000000000E+00  2.812027584E-03 
      1367  4.699420346E+02  0.000000000E+00  2.743358803E-03 
      1368  4.707127091E+02  0.000000000E+00  2.674137332E-03 
      1369  4.714896716E+02  0.000000000E+00  2.604358508E-03 
      1370  4.722729736E+02  0.000000000E+00  2.534017603E-03 
      1371  4.730626666E+02  0.000000000E+00  2.463109827E-03 
      1372  4.738588030E+02  0.000000000E+00  2.391630316E-03 
      1373  4.746614352E+02  0.000000000E+00  2.319574123E-03 
      1374  4.754706162E+02  0.000000000E+00  2.246936203E-03 
      1375  4.762863994E+02  0.000000000E+00  2.173711397E-03 
      1376  4.771088389E+02  0.000000000E+00  2.099894400E-03 
      1377  4.779379887E+02  0.000000000E+00  2.025479738E-03 
      1378  4.787739038E+02  0.000000000E+00  1.950461714E-03 
      1379  4.796166392E+02  0.000000000E+00  1.874834352E-03 
      1380  4.804662507E+02  0.000000000E+00  1.798591311E-03 
      1381  4.813227944E+02  0.000000000E+00  1.721725778E-03 
      1382  4.821863268E+02  0.000000000E+00  1.644230308E-03 
      1383  4.830569049E+02  0.000000000E+00  1.566096617E-03 
      1384  4.839345862E+02  0.000000000E+00  1.487315297E-03 
      1385  4.848194287E+02  0.000000000E+00  1.407875418E-03 
      1386  4.857114908E+02  0.000000000E+00  1.327763986E-03 
      1387  4.866108314E+02  0.000000000E+00  1.246965191E-03 
      1388  4.875175099E+02  0.000000000E+00  1.165459366E-03 
      1389  4.884315862E+02  0.000000000E+00  1.083221549E-03 
      1390  4.893531206E+02  0.000000000E+00  1.000219475E-03 
      1391  4.902821741E+02  0.000000000E+00  9.164107725E-04 
      1392  4.912188078E+02  0.000000000E+00  8.317390652E-04 
      1393  4.921630837E+02  0.000000000E+00  7.461284844E-04 
      1394  4.931150642E+02  0.000000000E+00  6.594759782E-04 
      1395  4.940748120E+02  0.000000000E+00  5.716404737E-04 
      1396  4.950423907E+02  0.000000000E+00  4.824275808E-04 
      1397  4.960178639E+02  0.000000000E+00  3.915679427E-04 
      1398  4.970012963E+02  0.000000000E+00  2.986864998E-04 
      1399  4.979927527E+02  0.000000000E+00  2.032611166E-04 
      1400  4.989922986E+02  0.000000000E+00  1.041957368E-04 
      1401  5.000000000E+02  0.000000000E+00  5.334341051E-05 
