nodenumber     x-coordinate     y-coordinate           udm-10 
         1  0.000000000E+00  0.000000000E+00 -5.658810344E-05 
         2  1.007701384E+00  0.000000000E+00 -1.128126302E-04 
         3  2.007247274E+00  0.000000000E+00 -2.240201996E-04 
         4  2.998703673E+00  0.000000000E+00 -3.340369494E-04 
         5  3.982136051E+00  0.000000000E+00 -4.432257359E-04 
         6  4.957609346E+00  0.000000000E+00 -5.515726329E-04 
         7  5.925187975E+00  0.000000000E+00 -6.590714232E-04 
         8  6.884935829E+00  0.000000000E+00 -7.657195077E-04 
         9  7.836916284E+00  0.000000000E+00 -8.715168575E-04 
        10  8.781192203E+00  0.000000000E+00 -9.764652626E-04 
        11  9.717825941E+00  0.000000000E+00 -1.080567803E-03 
        12  1.064687935E+01  0.000000000E+00 -1.183828470E-03 
        13  1.156841377E+01  0.000000000E+00 -1.286251905E-03 
        14  1.248249006E+01  0.000000000E+00 -1.387843202E-03 
        15  1.338916858E+01  0.000000000E+00 -1.488607775E-03 
        16  1.428850920E+01  0.000000000E+00 -1.588551260E-03 
        17  1.518057130E+01  0.000000000E+00 -1.687679449E-03 
        18  1.606541380E+01  0.000000000E+00 -1.785998231E-03 
        19  1.694309512E+01  0.000000000E+00 -1.883513564E-03 
        20  1.781367322E+01  0.000000000E+00 -1.980231447E-03 
        21  1.867720559E+01  0.000000000E+00 -2.076157896E-03 
        22  1.953374925E+01  0.000000000E+00 -2.171298937E-03 
        23  2.038336076E+01  0.000000000E+00 -2.265660591E-03 
        24  2.122609622E+01  0.000000000E+00 -2.359248870E-03 
        25  2.206201128E+01  0.000000000E+00 -2.452069769E-03 
        26  2.289116114E+01  0.000000000E+00 -2.544129263E-03 
        27  2.371360056E+01  0.000000000E+00 -2.635433304E-03 
        28  2.452938383E+01  0.000000000E+00 -2.725987818E-03 
        29  2.533856484E+01  0.000000000E+00 -2.815798708E-03 
        30  2.614119701E+01  0.000000000E+00 -2.904871843E-03 
        31  2.693733335E+01  0.000000000E+00 -2.993213068E-03 
        32  2.772702642E+01  0.000000000E+00 -3.080828196E-03 
        33  2.851032837E+01  0.000000000E+00 -3.167723009E-03 
        34  2.928729093E+01  0.000000000E+00 -3.253903260E-03 
        35  3.005796541E+01  0.000000000E+00 -3.339374671E-03 
        36  3.082240268E+01  0.000000000E+00 -3.424142930E-03 
        37  3.158065324E+01  0.000000000E+00 -3.508213697E-03 
        38  3.233276716E+01  0.000000000E+00 -3.591592598E-03 
        39  3.307879409E+01  0.000000000E+00 -3.674285228E-03 
        40  3.381878330E+01  0.000000000E+00 -3.756297150E-03 
        41  3.455278365E+01  0.000000000E+00 -3.837633895E-03 
        42  3.528084362E+01  0.000000000E+00 -3.918300961E-03 
        43  3.600301127E+01  0.000000000E+00 -3.998303816E-03 
        44  3.671933431E+01  0.000000000E+00 -4.077647893E-03 
        45  3.742986002E+01  0.000000000E+00 -4.156338595E-03 
        46  3.813463533E+01  0.000000000E+00 -4.234381291E-03 
        47  3.883370678E+01  0.000000000E+00 -4.311781321E-03 
        48  3.952712052E+01  0.000000000E+00 -4.388543989E-03 
        49  4.021492235E+01  0.000000000E+00 -4.464674569E-03 
        50  4.089715769E+01  0.000000000E+00 -4.540178302E-03 
        51  4.157387159E+01  0.000000000E+00 -4.615060397E-03 
        52  4.224510872E+01  0.000000000E+00 -4.689326030E-03 
        53  4.291091342E+01  0.000000000E+00 -4.762980347E-03 
        54  4.357132966E+01  0.000000000E+00 -4.836028459E-03 
        55  4.422640104E+01  0.000000000E+00 -4.908475447E-03 
        56  4.487617081E+01  0.000000000E+00 -4.980326360E-03 
        57  4.552068189E+01  0.000000000E+00 -5.051586215E-03 
        58  4.615997684E+01  0.000000000E+00 -5.122259995E-03 
        59  4.679409786E+01  0.000000000E+00 -5.192352653E-03 
        60  4.742308684E+01  0.000000000E+00 -5.261869112E-03 
        61  4.804698530E+01  0.000000000E+00 -5.330814261E-03 
        62  4.866583446E+01  0.000000000E+00 -5.399192956E-03 
        63  4.927967516E+01  0.000000000E+00 -5.467010027E-03 
        64  4.988854795E+01  0.000000000E+00 -5.534270267E-03 
        65  5.049249303E+01  0.000000000E+00 -5.600978441E-03 
        66  5.109155028E+01  0.000000000E+00 -5.667139284E-03 
        67  5.168575926E+01  0.000000000E+00 -5.732757498E-03 
        68  5.227515921E+01  0.000000000E+00 -5.797837755E-03 
        69  5.285978905E+01  0.000000000E+00 -5.862384700E-03 
        70  5.343968738E+01  0.000000000E+00 -5.926402943E-03 
        71  5.401489250E+01  0.000000000E+00 -5.989897070E-03 
        72  5.458544238E+01  0.000000000E+00 -6.052871634E-03 
        73  5.515137472E+01  0.000000000E+00 -6.115331162E-03 
        74  5.571272686E+01  0.000000000E+00 -6.177280152E-03 
        75  5.626953590E+01  0.000000000E+00 -6.238723075E-03 
        76  5.682183858E+01  0.000000000E+00 -6.299664376E-03 
        77  5.736967139E+01  0.000000000E+00 -6.360108473E-03 
        78  5.791307049E+01  0.000000000E+00 -6.420059762E-03 
        79  5.845207178E+01  0.000000000E+00 -6.479522612E-03 
        80  5.898671083E+01  0.000000000E+00 -6.538501373E-03 
        81  5.951702297E+01  0.000000000E+00 -6.597000373E-03 
        82  6.004304320E+01  0.000000000E+00 -6.655023919E-03 
        83  6.056480627E+01  0.000000000E+00 -6.712576304E-03 
        84  6.108234661E+01  0.000000000E+00 -6.769661803E-03 
        85  6.159569842E+01  0.000000000E+00 -6.826284680E-03 
        86  6.210489559E+01  0.000000000E+00 -6.882449190E-03 
        87  6.260997174E+01  0.000000000E+00 -6.938159578E-03 
        88  6.311096022E+01  0.000000000E+00 -6.993420088E-03 
        89  6.360789412E+01  0.000000000E+00 -7.048234964E-03 
        90  6.410080625E+01  0.000000000E+00 -7.102608456E-03 
        91  6.458972916E+01  0.000000000E+00 -7.156544823E-03 
        92  6.507469514E+01  0.000000000E+00 -7.210048340E-03 
        93  6.555573621E+01  0.000000000E+00 -7.263123307E-03 
        94  6.603288413E+01  0.000000000E+00 -7.315774049E-03 
        95  6.650617042E+01  0.000000000E+00 -7.368004931E-03 
        96  6.697562632E+01  0.000000000E+00 -7.419820366E-03 
        97  6.744128283E+01  0.000000000E+00 -7.471224820E-03 
        98  6.790317071E+01  0.000000000E+00 -7.522222830E-03 
        99  6.836132046E+01  0.000000000E+00 -7.572819011E-03 
       100  6.881576232E+01  0.000000000E+00 -7.623018075E-03 
       101  6.926652631E+01  0.000000000E+00 -7.672824839E-03 
       102  6.971364219E+01  0.000000000E+00 -7.722244253E-03 
       103  7.015713949E+01  0.000000000E+00 -7.771281407E-03 
       104  7.059704749E+01  0.000000000E+00 -7.819941563E-03 
       105  7.103339524E+01  0.000000000E+00 -7.868230169E-03 
       106  7.146621156E+01  0.000000000E+00 -7.916152893E-03 
       107  7.189552503E+01  0.000000000E+00 -7.963715645E-03 
       108  7.232136399E+01  0.000000000E+00 -8.010924612E-03 
       109  7.274375656E+01  0.000000000E+00 -8.057786292E-03 
       110  7.316273064E+01  0.000000000E+00 -8.104307530E-03 
       111  7.357831389E+01  0.000000000E+00 -8.150495561E-03 
       112  7.399053376E+01  0.000000000E+00 -8.196358057E-03 
       113  7.439941746E+01  0.000000000E+00 -8.241903174E-03 
       114  7.480499201E+01  0.000000000E+00 -8.287139609E-03 
       115  7.520728416E+01  0.000000000E+00 -8.332076659E-03 
       116  7.560632051E+01  0.000000000E+00 -8.376724285E-03 
       117  7.600212738E+01  0.000000000E+00 -8.421093184E-03 
       118  7.639473092E+01  0.000000000E+00 -8.465194867E-03 
       119  7.678415706E+01  0.000000000E+00 -8.509041741E-03 
       120  7.717043151E+01  0.000000000E+00 -8.552647202E-03 
       121  7.755357977E+01  0.000000000E+00 -8.596025734E-03 
       122  7.793362715E+01  0.000000000E+00 -8.639193012E-03 
       123  7.831059875E+01  0.000000000E+00 -8.682166024E-03 
       124  7.868451945E+01  0.000000000E+00 -8.724963193E-03 
       125  7.905541395E+01  0.000000000E+00 -8.767604511E-03 
       126  7.942330674E+01  0.000000000E+00 -8.810111687E-03 
       127  7.978822211E+01  0.000000000E+00 -8.852508306E-03 
       128  8.015018416E+01  0.000000000E+00 -8.894819991E-03 
       129  8.050921679E+01  0.000000000E+00 -8.937074594E-03 
       130  8.086534371E+01  0.000000000E+00 -8.979302381E-03 
       131  8.121858844E+01  0.000000000E+00 -9.021536249E-03 
       132  8.156897429E+01  0.000000000E+00 -9.063811947E-03 
       133  8.191652442E+01  0.000000000E+00 -9.106168316E-03 
       134  8.226126177E+01  0.000000000E+00 -9.148647542E-03 
       135  8.260320909E+01  0.000000000E+00 -9.191295434E-03 
       136  8.294238899E+01  0.000000000E+00 -9.234161713E-03 
       137  8.327882384E+01  0.000000000E+00 -9.277300322E-03 
       138  8.361253587E+01  0.000000000E+00 -9.320769760E-03 
       139  8.394354712E+01  0.000000000E+00 -9.364633426E-03 
       140  8.427187943E+01  0.000000000E+00 -9.408960002E-03 
       141  8.459755450E+01  0.000000000E+00 -9.453823840E-03 
       142  8.492059382E+01  0.000000000E+00 -9.499305386E-03 
       143  8.524101873E+01  0.000000000E+00 -9.545491622E-03 
       144  8.555885039E+01  0.000000000E+00 -9.592476536E-03 
       145  8.587410979E+01  0.000000000E+00 -9.640361618E-03 
       146  8.618681774E+01  0.000000000E+00 -9.689256384E-03 
       147  8.649699489E+01  0.000000000E+00 -9.739278923E-03 
       148  8.680466173E+01  0.000000000E+00 -9.790556484E-03 
       149  8.710983857E+01  0.000000000E+00 -9.843226085E-03 
       150  8.741254556E+01  0.000000000E+00 -9.897435152E-03 
       151  8.771280270E+01  0.000000000E+00 -9.953342198E-03 
       152  8.801062980E+01  0.000000000E+00 -1.001111753E-02 
       153  8.830604654E+01  0.000000000E+00 -1.007094398E-02 
       154  8.859907242E+01  0.000000000E+00 -1.013301770E-02 
       155  8.888972679E+01  0.000000000E+00 -1.019754896E-02 
       156  8.917802885E+01  0.000000000E+00 -1.026476299E-02 
       157  8.946399764E+01  0.000000000E+00 -1.033490090E-02 
       158  8.974765203E+01  0.000000000E+00 -1.040822055E-02 
       159  9.002901076E+01  0.000000000E+00 -1.048499755E-02 
       160  9.030809241E+01  0.000000000E+00 -1.056552625E-02 
       161  9.058491540E+01  0.000000000E+00 -1.065012078E-02 
       162  9.085949802E+01  0.000000000E+00 -1.073911614E-02 
       163  9.113185839E+01  0.000000000E+00 -1.083286931E-02 
       164  9.140201451E+01  0.000000000E+00 -1.093176040E-02 
       165  9.166998421E+01  0.000000000E+00 -1.103619390E-02 
       166  9.193578518E+01  0.000000000E+00 -1.114659987E-02 
       167  9.219943499E+01  0.000000000E+00 -1.126343528E-02 
       168  9.246095103E+01  0.000000000E+00 -1.138718532E-02 
       169  9.272035058E+01  0.000000000E+00 -1.151836476E-02 
       170  9.297765077E+01  0.000000000E+00 -1.165751944E-02 
       171  9.323286858E+01  0.000000000E+00 -1.180522267E-02 
       172  9.348602087E+01  0.000000000E+00 -1.196209223E-02 
       173  9.373712436E+01  0.000000000E+00 -1.212493447E-02 
       174  9.398619563E+01  0.000000000E+00 -1.229752791E-02 
       175  9.423325112E+01  0.000000000E+00 -1.248438274E-02 
       176  9.447830715E+01  0.000000000E+00 -1.280600475E-02 
       177  9.472137990E+01  0.000000000E+00 -1.313473687E-02 
       178  9.496248543E+01  0.000000000E+00 -1.335110940E-02 
       179  9.520163964E+01  0.000000000E+00 -1.358057588E-02 
       180  9.543885834E+01  0.000000000E+00 -1.382001387E-02 
       181  9.567415720E+01  0.000000000E+00 -1.407647585E-02 
       182  9.590755173E+01  0.000000000E+00 -1.435581100E-02 
       183  9.613905737E+01  0.000000000E+00 -1.465436372E-02 
       184  9.636868940E+01  0.000000000E+00 -1.497143099E-02 
       185  9.659646297E+01  0.000000000E+00 -1.530815042E-02 
       186  9.682239314E+01  0.000000000E+00 -1.566571707E-02 
       187  9.704649481E+01  0.000000000E+00 -1.604611569E-02 
       188  9.726878279E+01  0.000000000E+00 -1.645049372E-02 
       189  9.748927176E+01  0.000000000E+00 -1.688107087E-02 
       190  9.770797628E+01  0.000000000E+00 -1.733864386E-02 
       191  9.792491078E+01  0.000000000E+00 -1.782569288E-02 
       192  9.814008960E+01  0.000000000E+00 -1.834307901E-02 
       193  9.835352693E+01  0.000000000E+00 -1.889025155E-02 
       194  9.856523689E+01  0.000000000E+00 -1.947073638E-02 
       195  9.877523344E+01  0.000000000E+00 -2.008094583E-02 
       196  9.898353045E+01  0.000000000E+00 -2.072747141E-02 
       197  9.919014168E+01  0.000000000E+00 -2.141776917E-02 
       198  9.939508077E+01  0.000000000E+00 -2.214949550E-02 
       199  9.959836126E+01  0.000000000E+00 -2.292500867E-02 
       200  9.979999657E+01  0.000000000E+00 -2.374680630E-02 
       201  1.000000000E+02  0.000000000E+00 -2.258729960E-02 
       202  1.002500000E+02  0.000000000E+00 -2.077362690E-02 
       203  1.005000000E+02  0.000000000E+00 -2.106245964E-02 
       204  1.007500000E+02  0.000000000E+00 -2.129365851E-02 
       205  1.010000000E+02  0.000000000E+00 -2.148608653E-02 
       206  1.012500000E+02  0.000000000E+00 -2.164992055E-02 
       207  1.015000000E+02  0.000000000E+00 -2.179160331E-02 
       208  1.017500000E+02  0.000000000E+00 -2.191561962E-02 
       209  1.020000000E+02  0.000000000E+00 -2.202527443E-02 
       210  1.022500000E+02  0.000000000E+00 -2.212309405E-02 
       211  1.025000000E+02  0.000000000E+00 -2.221105898E-02 
       212  1.027500000E+02  0.000000000E+00 -2.229075057E-02 
       213  1.030000000E+02  0.000000000E+00 -2.236344923E-02 
       214  1.032500000E+02  0.000000000E+00 -2.243020298E-02 
       215  1.035000000E+02  0.000000000E+00 -2.249187711E-02 
       216  1.037500000E+02  0.000000000E+00 -2.254919104E-02 
       217  1.040000000E+02  0.000000000E+00 -2.260274641E-02 
       218  1.042500000E+02  0.000000000E+00 -2.265304875E-02 
       219  1.045000000E+02  0.000000000E+00 -2.270052458E-02 
       220  1.047500000E+02  0.000000000E+00 -2.274553495E-02 
       221  1.050000000E+02  0.000000000E+00 -2.278838645E-02 
       222  1.052500000E+02  0.000000000E+00 -2.282934002E-02 
       223  1.055000000E+02  0.000000000E+00 -2.286861828E-02 
       224  1.057500000E+02  0.000000000E+00 -2.290641148E-02 
       225  1.060000000E+02  0.000000000E+00 -2.294288256E-02 
       226  1.062500000E+02  0.000000000E+00 -2.297817120E-02 
       227  1.065000000E+02  0.000000000E+00 -2.301239738E-02 
       228  1.067500000E+02  0.000000000E+00 -2.304566426E-02 
       229  1.070000000E+02  0.000000000E+00 -2.307806066E-02 
       230  1.072500000E+02  0.000000000E+00 -2.310966312E-02 
       231  1.075000000E+02  0.000000000E+00 -2.314053774E-02 
       232  1.077500000E+02  0.000000000E+00 -2.317074158E-02 
       233  1.080000000E+02  0.000000000E+00 -2.320032405E-02 
       234  1.082500000E+02  0.000000000E+00 -2.322932792E-02 
       235  1.085000000E+02  0.000000000E+00 -2.325779029E-02 
       236  1.087500000E+02  0.000000000E+00 -2.328574341E-02 
       237  1.090000000E+02  0.000000000E+00 -2.331321531E-02 
       238  1.092500000E+02  0.000000000E+00 -2.334023044E-02 
       239  1.095000000E+02  0.000000000E+00 -2.336681013E-02 
       240  1.097500000E+02  0.000000000E+00 -2.339297309E-02 
       241  1.100000000E+02  0.000000000E+00 -2.341873567E-02 
       242  1.102500000E+02  0.000000000E+00 -2.344411231E-02 
       243  1.105000000E+02  0.000000000E+00 -2.346911571E-02 
       244  1.107500000E+02  0.000000000E+00 -2.349375713E-02 
       245  1.110000000E+02  0.000000000E+00 -2.351804655E-02 
       246  1.112500000E+02  0.000000000E+00 -2.354199289E-02 
       247  1.115000000E+02  0.000000000E+00 -2.356560412E-02 
       248  1.117500000E+02  0.000000000E+00 -2.358888741E-02 
       249  1.120000000E+02  0.000000000E+00 -2.361184925E-02 
       250  1.122500000E+02  0.000000000E+00 -2.363449552E-02 
       251  1.125000000E+02  0.000000000E+00 -2.365683160E-02 
       252  1.127500000E+02  0.000000000E+00 -2.367886243E-02 
       253  1.130000000E+02  0.000000000E+00 -2.370059258E-02 
       254  1.132500000E+02  0.000000000E+00 -2.372202626E-02 
       255  1.135000000E+02  0.000000000E+00 -2.374316744E-02 
       256  1.137500000E+02  0.000000000E+00 -2.376401984E-02 
       257  1.140000000E+02  0.000000000E+00 -2.378458696E-02 
       258  1.142500000E+02  0.000000000E+00 -2.380487214E-02 
       259  1.145000000E+02  0.000000000E+00 -2.382487855E-02 
       260  1.147500000E+02  0.000000000E+00 -2.384460925E-02 
       261  1.150000000E+02  0.000000000E+00 -2.386406718E-02 
       262  1.152500000E+02  0.000000000E+00 -2.388325518E-02 
       263  1.155000000E+02  0.000000000E+00 -2.390217601E-02 
       264  1.157500000E+02  0.000000000E+00 -2.392083235E-02 
       265  1.160000000E+02  0.000000000E+00 -2.393922684E-02 
       266  1.162500000E+02  0.000000000E+00 -2.395736206E-02 
       267  1.165000000E+02  0.000000000E+00 -2.397524052E-02 
       268  1.167500000E+02  0.000000000E+00 -2.399286474E-02 
       269  1.170000000E+02  0.000000000E+00 -2.401023715E-02 
       270  1.172500000E+02  0.000000000E+00 -2.402736019E-02 
       271  1.175000000E+02  0.000000000E+00 -2.404423627E-02 
       272  1.177500000E+02  0.000000000E+00 -2.406086777E-02 
       273  1.180000000E+02  0.000000000E+00 -2.407725704E-02 
       274  1.182500000E+02  0.000000000E+00 -2.409340642E-02 
       275  1.185000000E+02  0.000000000E+00 -2.410931826E-02 
       276  1.187500000E+02  0.000000000E+00 -2.412499485E-02 
       277  1.190000000E+02  0.000000000E+00 -2.414043849E-02 
       278  1.192500000E+02  0.000000000E+00 -2.415565148E-02 
       279  1.195000000E+02  0.000000000E+00 -2.417063610E-02 
       280  1.197500000E+02  0.000000000E+00 -2.418539459E-02 
       281  1.200000000E+02  0.000000000E+00 -2.419992923E-02 
       282  1.202500000E+02  0.000000000E+00 -2.421424225E-02 
       283  1.205000000E+02  0.000000000E+00 -2.422833589E-02 
       284  1.207500000E+02  0.000000000E+00 -2.424221236E-02 
       285  1.210000000E+02  0.000000000E+00 -2.425587389E-02 
       286  1.212500000E+02  0.000000000E+00 -2.426932268E-02 
       287  1.215000000E+02  0.000000000E+00 -2.428256093E-02 
       288  1.217500000E+02  0.000000000E+00 -2.429559080E-02 
       289  1.220000000E+02  0.000000000E+00 -2.430841449E-02 
       290  1.222500000E+02  0.000000000E+00 -2.432103415E-02 
       291  1.225000000E+02  0.000000000E+00 -2.433345192E-02 
       292  1.227500000E+02  0.000000000E+00 -2.434566996E-02 
       293  1.230000000E+02  0.000000000E+00 -2.435769039E-02 
       294  1.232500000E+02  0.000000000E+00 -2.436951532E-02 
       295  1.235000000E+02  0.000000000E+00 -2.438114686E-02 
       296  1.237500000E+02  0.000000000E+00 -2.439258710E-02 
       297  1.240000000E+02  0.000000000E+00 -2.440383811E-02 
       298  1.242500000E+02  0.000000000E+00 -2.441490197E-02 
       299  1.245000000E+02  0.000000000E+00 -2.442578072E-02 
       300  1.247500000E+02  0.000000000E+00 -2.443647640E-02 
       301  1.250000000E+02  0.000000000E+00 -2.444699103E-02 
       302  1.252500000E+02  0.000000000E+00 -2.445732662E-02 
       303  1.255000000E+02  0.000000000E+00 -2.446748516E-02 
       304  1.257500000E+02  0.000000000E+00 -2.447746864E-02 
       305  1.260000000E+02  0.000000000E+00 -2.448727900E-02 
       306  1.262500000E+02  0.000000000E+00 -2.449691820E-02 
       307  1.265000000E+02  0.000000000E+00 -2.450638816E-02 
       308  1.267500000E+02  0.000000000E+00 -2.451569080E-02 
       309  1.270000000E+02  0.000000000E+00 -2.452482800E-02 
       310  1.272500000E+02  0.000000000E+00 -2.453380166E-02 
       311  1.275000000E+02  0.000000000E+00 -2.454261363E-02 
       312  1.277500000E+02  0.000000000E+00 -2.455126574E-02 
       313  1.280000000E+02  0.000000000E+00 -2.455975983E-02 
       314  1.282500000E+02  0.000000000E+00 -2.456809769E-02 
       315  1.285000000E+02  0.000000000E+00 -2.457628112E-02 
       316  1.287500000E+02  0.000000000E+00 -2.458431188E-02 
       317  1.290000000E+02  0.000000000E+00 -2.459219171E-02 
       318  1.292500000E+02  0.000000000E+00 -2.459992235E-02 
       319  1.295000000E+02  0.000000000E+00 -2.460750550E-02 
       320  1.297500000E+02  0.000000000E+00 -2.461494285E-02 
       321  1.300000000E+02  0.000000000E+00 -2.462223607E-02 
       322  1.302500000E+02  0.000000000E+00 -2.462938679E-02 
       323  1.305000000E+02  0.000000000E+00 -2.463639666E-02 
       324  1.307500000E+02  0.000000000E+00 -2.464326726E-02 
       325  1.310000000E+02  0.000000000E+00 -2.465000019E-02 
       326  1.312500000E+02  0.000000000E+00 -2.465659700E-02 
       327  1.315000000E+02  0.000000000E+00 -2.466305924E-02 
       328  1.317500000E+02  0.000000000E+00 -2.466938841E-02 
       329  1.320000000E+02  0.000000000E+00 -2.467558603E-02 
       330  1.322500000E+02  0.000000000E+00 -2.468165355E-02 
       331  1.325000000E+02  0.000000000E+00 -2.468759243E-02 
       332  1.327500000E+02  0.000000000E+00 -2.469340409E-02 
       333  1.330000000E+02  0.000000000E+00 -2.469908995E-02 
       334  1.332500000E+02  0.000000000E+00 -2.470465137E-02 
       335  1.335000000E+02  0.000000000E+00 -2.471008972E-02 
       336  1.337500000E+02  0.000000000E+00 -2.471540634E-02 
       337  1.340000000E+02  0.000000000E+00 -2.472060252E-02 
       338  1.342500000E+02  0.000000000E+00 -2.472567957E-02 
       339  1.345000000E+02  0.000000000E+00 -2.473063874E-02 
       340  1.347500000E+02  0.000000000E+00 -2.473548127E-02 
       341  1.350000000E+02  0.000000000E+00 -2.474020838E-02 
       342  1.352500000E+02  0.000000000E+00 -2.474482125E-02 
       343  1.355000000E+02  0.000000000E+00 -2.474932106E-02 
       344  1.357500000E+02  0.000000000E+00 -2.475370894E-02 
       345  1.360000000E+02  0.000000000E+00 -2.475798600E-02 
       346  1.362500000E+02  0.000000000E+00 -2.476215335E-02 
       347  1.365000000E+02  0.000000000E+00 -2.476621204E-02 
       348  1.367500000E+02  0.000000000E+00 -2.477016312E-02 
       349  1.370000000E+02  0.000000000E+00 -2.477400761E-02 
       350  1.372500000E+02  0.000000000E+00 -2.477774648E-02 
       351  1.375000000E+02  0.000000000E+00 -2.478138072E-02 
       352  1.377500000E+02  0.000000000E+00 -2.478491125E-02 
       353  1.380000000E+02  0.000000000E+00 -2.478833900E-02 
       354  1.382500000E+02  0.000000000E+00 -2.479166485E-02 
       355  1.385000000E+02  0.000000000E+00 -2.479488965E-02 
       356  1.387500000E+02  0.000000000E+00 -2.479801426E-02 
       357  1.390000000E+02  0.000000000E+00 -2.480103947E-02 
       358  1.392500000E+02  0.000000000E+00 -2.480396607E-02 
       359  1.395000000E+02  0.000000000E+00 -2.480679482E-02 
       360  1.397500000E+02  0.000000000E+00 -2.480952645E-02 
       361  1.400000000E+02  0.000000000E+00 -2.481216166E-02 
       362  1.402500000E+02  0.000000000E+00 -2.481470113E-02 
       363  1.405000000E+02  0.000000000E+00 -2.481714552E-02 
       364  1.407500000E+02  0.000000000E+00 -2.481949544E-02 
       365  1.410000000E+02  0.000000000E+00 -2.482175151E-02 
       366  1.412500000E+02  0.000000000E+00 -2.482391427E-02 
       367  1.415000000E+02  0.000000000E+00 -2.482598429E-02 
       368  1.417500000E+02  0.000000000E+00 -2.482796208E-02 
       369  1.420000000E+02  0.000000000E+00 -2.482984813E-02 
       370  1.422500000E+02  0.000000000E+00 -2.483164290E-02 
       371  1.425000000E+02  0.000000000E+00 -2.483334682E-02 
       372  1.427500000E+02  0.000000000E+00 -2.483496032E-02 
       373  1.430000000E+02  0.000000000E+00 -2.483648376E-02 
       374  1.432500000E+02  0.000000000E+00 -2.483791750E-02 
       375  1.435000000E+02  0.000000000E+00 -2.483926188E-02 
       376  1.437500000E+02  0.000000000E+00 -2.484051718E-02 
       377  1.440000000E+02  0.000000000E+00 -2.484168368E-02 
       378  1.442500000E+02  0.000000000E+00 -2.484276162E-02 
       379  1.445000000E+02  0.000000000E+00 -2.484375123E-02 
       380  1.447500000E+02  0.000000000E+00 -2.484465268E-02 
       381  1.450000000E+02  0.000000000E+00 -2.484546615E-02 
       382  1.452500000E+02  0.000000000E+00 -2.484619175E-02 
       383  1.455000000E+02  0.000000000E+00 -2.484682961E-02 
       384  1.457500000E+02  0.000000000E+00 -2.484737980E-02 
       385  1.460000000E+02  0.000000000E+00 -2.484784236E-02 
       386  1.462500000E+02  0.000000000E+00 -2.484821732E-02 
       387  1.465000000E+02  0.000000000E+00 -2.484850468E-02 
       388  1.467500000E+02  0.000000000E+00 -2.484870439E-02 
       389  1.470000000E+02  0.000000000E+00 -2.484881641E-02 
       390  1.472500000E+02  0.000000000E+00 -2.484884063E-02 
       391  1.475000000E+02  0.000000000E+00 -2.484877694E-02 
       392  1.477500000E+02  0.000000000E+00 -2.484862519E-02 
       393  1.480000000E+02  0.000000000E+00 -2.484838522E-02 
       394  1.482500000E+02  0.000000000E+00 -2.484805681E-02 
       395  1.485000000E+02  0.000000000E+00 -2.484763974E-02 
       396  1.487500000E+02  0.000000000E+00 -2.484713374E-02 
       397  1.490000000E+02  0.000000000E+00 -2.484653854E-02 
       398  1.492500000E+02  0.000000000E+00 -2.484585381E-02 
       399  1.495000000E+02  0.000000000E+00 -2.484507921E-02 
       400  1.497500000E+02  0.000000000E+00 -2.484421437E-02 
       401  1.500000000E+02  0.000000000E+00 -2.484325890E-02 
       402  1.502500000E+02  0.000000000E+00 -2.484221235E-02 
       403  1.505000000E+02  0.000000000E+00 -2.484107429E-02 
       404  1.507500000E+02  0.000000000E+00 -2.483984421E-02 
       405  1.510000000E+02  0.000000000E+00 -2.483852162E-02 
       406  1.512500000E+02  0.000000000E+00 -2.483710596E-02 
       407  1.515000000E+02  0.000000000E+00 -2.483559667E-02 
       408  1.517500000E+02  0.000000000E+00 -2.483399316E-02 
       409  1.520000000E+02  0.000000000E+00 -2.483229479E-02 
       410  1.522500000E+02  0.000000000E+00 -2.483050091E-02 
       411  1.525000000E+02  0.000000000E+00 -2.482861085E-02 
       412  1.527500000E+02  0.000000000E+00 -2.482662388E-02 
       413  1.530000000E+02  0.000000000E+00 -2.482453928E-02 
       414  1.532500000E+02  0.000000000E+00 -2.482235627E-02 
       415  1.535000000E+02  0.000000000E+00 -2.482007406E-02 
       416  1.537500000E+02  0.000000000E+00 -2.481769184E-02 
       417  1.540000000E+02  0.000000000E+00 -2.481520874E-02 
       418  1.542500000E+02  0.000000000E+00 -2.481262390E-02 
       419  1.545000000E+02  0.000000000E+00 -2.480993640E-02 
       420  1.547500000E+02  0.000000000E+00 -2.480714531E-02 
       421  1.550000000E+02  0.000000000E+00 -2.480424968E-02 
       422  1.552500000E+02  0.000000000E+00 -2.480124851E-02 
       423  1.555000000E+02  0.000000000E+00 -2.479814078E-02 
       424  1.557500000E+02  0.000000000E+00 -2.479492545E-02 
       425  1.560000000E+02  0.000000000E+00 -2.479160145E-02 
       426  1.562500000E+02  0.000000000E+00 -2.478816768E-02 
       427  1.565000000E+02  0.000000000E+00 -2.478462301E-02 
       428  1.567500000E+02  0.000000000E+00 -2.478096630E-02 
       429  1.570000000E+02  0.000000000E+00 -2.477719635E-02 
       430  1.572500000E+02  0.000000000E+00 -2.477331196E-02 
       431  1.575000000E+02  0.000000000E+00 -2.476931190E-02 
       432  1.577500000E+02  0.000000000E+00 -2.476519491E-02 
       433  1.580000000E+02  0.000000000E+00 -2.476095969E-02 
       434  1.582500000E+02  0.000000000E+00 -2.475660494E-02 
       435  1.585000000E+02  0.000000000E+00 -2.475212931E-02 
       436  1.587500000E+02  0.000000000E+00 -2.474753143E-02 
       437  1.590000000E+02  0.000000000E+00 -2.474280992E-02 
       438  1.592500000E+02  0.000000000E+00 -2.473796334E-02 
       439  1.595000000E+02  0.000000000E+00 -2.473299027E-02 
       440  1.597500000E+02  0.000000000E+00 -2.472788922E-02 
       441  1.600000000E+02  0.000000000E+00 -2.472265870E-02 
       442  1.602500000E+02  0.000000000E+00 -2.471729719E-02 
       443  1.605000000E+02  0.000000000E+00 -2.471180314E-02 
       444  1.607500000E+02  0.000000000E+00 -2.470617499E-02 
       445  1.610000000E+02  0.000000000E+00 -2.470041113E-02 
       446  1.612500000E+02  0.000000000E+00 -2.469450994E-02 
       447  1.615000000E+02  0.000000000E+00 -2.468846978E-02 
       448  1.617500000E+02  0.000000000E+00 -2.468228899E-02 
       449  1.620000000E+02  0.000000000E+00 -2.467596586E-02 
       450  1.622500000E+02  0.000000000E+00 -2.466949868E-02 
       451  1.625000000E+02  0.000000000E+00 -2.466288571E-02 
       452  1.627500000E+02  0.000000000E+00 -2.465612519E-02 
       453  1.630000000E+02  0.000000000E+00 -2.464921534E-02 
       454  1.632500000E+02  0.000000000E+00 -2.464215434E-02 
       455  1.635000000E+02  0.000000000E+00 -2.463494037E-02 
       456  1.637500000E+02  0.000000000E+00 -2.462757157E-02 
       457  1.640000000E+02  0.000000000E+00 -2.462004607E-02 
       458  1.642500000E+02  0.000000000E+00 -2.461236197E-02 
       459  1.645000000E+02  0.000000000E+00 -2.460451737E-02 
       460  1.647500000E+02  0.000000000E+00 -2.459651031E-02 
       461  1.650000000E+02  0.000000000E+00 -2.458833885E-02 
       462  1.652500000E+02  0.000000000E+00 -2.458000101E-02 
       463  1.655000000E+02  0.000000000E+00 -2.457149479E-02 
       464  1.657500000E+02  0.000000000E+00 -2.456281818E-02 
       465  1.660000000E+02  0.000000000E+00 -2.455396914E-02 
       466  1.662500000E+02  0.000000000E+00 -2.454494561E-02 
       467  1.665000000E+02  0.000000000E+00 -2.453574554E-02 
       468  1.667500000E+02  0.000000000E+00 -2.452636683E-02 
       469  1.670000000E+02  0.000000000E+00 -2.451680736E-02 
       470  1.672500000E+02  0.000000000E+00 -2.450706504E-02 
       471  1.675000000E+02  0.000000000E+00 -2.449713770E-02 
       472  1.677500000E+02  0.000000000E+00 -2.448702320E-02 
       473  1.680000000E+02  0.000000000E+00 -2.447671938E-02 
       474  1.682500000E+02  0.000000000E+00 -2.446622404E-02 
       475  1.685000000E+02  0.000000000E+00 -2.445553498E-02 
       476  1.687500000E+02  0.000000000E+00 -2.444465000E-02 
       477  1.690000000E+02  0.000000000E+00 -2.443356687E-02 
       478  1.692500000E+02  0.000000000E+00 -2.442228334E-02 
       479  1.695000000E+02  0.000000000E+00 -2.441079717E-02 
       480  1.697500000E+02  0.000000000E+00 -2.439910610E-02 
       481  1.700000000E+02  0.000000000E+00 -2.438720785E-02 
       482  1.702500000E+02  0.000000000E+00 -2.437510014E-02 
       483  1.705000000E+02  0.000000000E+00 -2.436278067E-02 
       484  1.707500000E+02  0.000000000E+00 -2.435024713E-02 
       485  1.710000000E+02  0.000000000E+00 -2.433749723E-02 
       486  1.712500000E+02  0.000000000E+00 -2.432452863E-02 
       487  1.715000000E+02  0.000000000E+00 -2.431133901E-02 
       488  1.717500000E+02  0.000000000E+00 -2.429792603E-02 
       489  1.720000000E+02  0.000000000E+00 -2.428428736E-02 
       490  1.722500000E+02  0.000000000E+00 -2.427042064E-02 
       491  1.725000000E+02  0.000000000E+00 -2.425632352E-02 
       492  1.727500000E+02  0.000000000E+00 -2.424199365E-02 
       493  1.730000000E+02  0.000000000E+00 -2.422742868E-02 
       494  1.732500000E+02  0.000000000E+00 -2.421262622E-02 
       495  1.735000000E+02  0.000000000E+00 -2.419758394E-02 
       496  1.737500000E+02  0.000000000E+00 -2.418229945E-02 
       497  1.740000000E+02  0.000000000E+00 -2.416677039E-02 
       498  1.742500000E+02  0.000000000E+00 -2.415099439E-02 
       499  1.745000000E+02  0.000000000E+00 -2.413496910E-02 
       500  1.747500000E+02  0.000000000E+00 -2.411869214E-02 
       501  1.750000000E+02  0.000000000E+00 -2.410216116E-02 
       502  1.752500000E+02  0.000000000E+00 -2.408537380E-02 
       503  1.755000000E+02  0.000000000E+00 -2.406832770E-02 
       504  1.757500000E+02  0.000000000E+00 -2.405102052E-02 
       505  1.760000000E+02  0.000000000E+00 -2.403344991E-02 
       506  1.762500000E+02  0.000000000E+00 -2.401561353E-02 
       507  1.765000000E+02  0.000000000E+00 -2.399750905E-02 
       508  1.767500000E+02  0.000000000E+00 -2.397913415E-02 
       509  1.770000000E+02  0.000000000E+00 -2.396048651E-02 
       510  1.772500000E+02  0.000000000E+00 -2.394156383E-02 
       511  1.775000000E+02  0.000000000E+00 -2.392236381E-02 
       512  1.777500000E+02  0.000000000E+00 -2.390288417E-02 
       513  1.780000000E+02  0.000000000E+00 -2.388312263E-02 
       514  1.782500000E+02  0.000000000E+00 -2.386307694E-02 
       515  1.785000000E+02  0.000000000E+00 -2.384274483E-02 
       516  1.787500000E+02  0.000000000E+00 -2.382212408E-02 
       517  1.790000000E+02  0.000000000E+00 -2.380121247E-02 
       518  1.792500000E+02  0.000000000E+00 -2.378000778E-02 
       519  1.795000000E+02  0.000000000E+00 -2.375850782E-02 
       520  1.797500000E+02  0.000000000E+00 -2.373671042E-02 
       521  1.800000000E+02  0.000000000E+00 -2.371461341E-02 
       522  1.802500000E+02  0.000000000E+00 -2.369221464E-02 
       523  1.805000000E+02  0.000000000E+00 -2.366951198E-02 
       524  1.807500000E+02  0.000000000E+00 -2.364650332E-02 
       525  1.810000000E+02  0.000000000E+00 -2.362318654E-02 
       526  1.812500000E+02  0.000000000E+00 -2.359955958E-02 
       527  1.815000000E+02  0.000000000E+00 -2.357562034E-02 
       528  1.817500000E+02  0.000000000E+00 -2.355136677E-02 
       529  1.820000000E+02  0.000000000E+00 -2.352679683E-02 
       530  1.822500000E+02  0.000000000E+00 -2.350190848E-02 
       531  1.825000000E+02  0.000000000E+00 -2.347669967E-02 
       532  1.827500000E+02  0.000000000E+00 -2.345116840E-02 
       533  1.830000000E+02  0.000000000E+00 -2.342531264E-02 
       534  1.832500000E+02  0.000000000E+00 -2.339913036E-02 
       535  1.835000000E+02  0.000000000E+00 -2.337261954E-02 
       536  1.837500000E+02  0.000000000E+00 -2.334577815E-02 
       537  1.840000000E+02  0.000000000E+00 -2.331860411E-02 
       538  1.842500000E+02  0.000000000E+00 -2.329109537E-02 
       539  1.845000000E+02  0.000000000E+00 -2.326324979E-02 
       540  1.847500000E+02  0.000000000E+00 -2.323506524E-02 
       541  1.850000000E+02  0.000000000E+00 -2.320653950E-02 
       542  1.852500000E+02  0.000000000E+00 -2.317767028E-02 
       543  1.855000000E+02  0.000000000E+00 -2.314845523E-02 
       544  1.857500000E+02  0.000000000E+00 -2.311889188E-02 
       545  1.860000000E+02  0.000000000E+00 -2.308897763E-02 
       546  1.862500000E+02  0.000000000E+00 -2.305870973E-02 
       547  1.865000000E+02  0.000000000E+00 -2.302808525E-02 
       548  1.867500000E+02  0.000000000E+00 -2.299710104E-02 
       549  1.870000000E+02  0.000000000E+00 -2.296575369E-02 
       550  1.872500000E+02  0.000000000E+00 -2.293403947E-02 
       551  1.875000000E+02  0.000000000E+00 -2.290195432E-02 
       552  1.877500000E+02  0.000000000E+00 -2.286949370E-02 
       553  1.880000000E+02  0.000000000E+00 -2.283665262E-02 
       554  1.882500000E+02  0.000000000E+00 -2.280342547E-02 
       555  1.885000000E+02  0.000000000E+00 -2.276980595E-02 
       556  1.887500000E+02  0.000000000E+00 -2.273578695E-02 
       557  1.890000000E+02  0.000000000E+00 -2.270136044E-02 
       558  1.892500000E+02  0.000000000E+00 -2.266651724E-02 
       559  1.895000000E+02  0.000000000E+00 -2.263124692E-02 
       560  1.897500000E+02  0.000000000E+00 -2.259553753E-02 
       561  1.900000000E+02  0.000000000E+00 -2.255937537E-02 
       562  1.902500000E+02  0.000000000E+00 -2.252274470E-02 
       563  1.905000000E+02  0.000000000E+00 -2.248562741E-02 
       564  1.907500000E+02  0.000000000E+00 -2.244800261E-02 
       565  1.910000000E+02  0.000000000E+00 -2.240984619E-02 
       566  1.912500000E+02  0.000000000E+00 -2.237113031E-02 
       567  1.915000000E+02  0.000000000E+00 -2.233182274E-02 
       568  1.917500000E+02  0.000000000E+00 -2.229188618E-02 
       569  1.920000000E+02  0.000000000E+00 -2.225127739E-02 
       570  1.922500000E+02  0.000000000E+00 -2.220994628E-02 
       571  1.925000000E+02  0.000000000E+00 -2.216783466E-02 
       572  1.927500000E+02  0.000000000E+00 -2.212487502E-02 
       573  1.930000000E+02  0.000000000E+00 -2.208098890E-02 
       574  1.932500000E+02  0.000000000E+00 -2.203608508E-02 
       575  1.935000000E+02  0.000000000E+00 -2.199005743E-02 
       576  1.937500000E+02  0.000000000E+00 -2.194278235E-02 
       577  1.940000000E+02  0.000000000E+00 -2.189411586E-02 
       578  1.942500000E+02  0.000000000E+00 -2.184388997E-02 
       579  1.945000000E+02  0.000000000E+00 -2.179190858E-02 
       580  1.947500000E+02  0.000000000E+00 -2.173794245E-02 
       581  1.950000000E+02  0.000000000E+00 -2.168172326E-02 
       582  1.952500000E+02  0.000000000E+00 -2.162293649E-02 
       583  1.955000000E+02  0.000000000E+00 -2.156121278E-02 
       584  1.957500000E+02  0.000000000E+00 -2.149611752E-02 
       585  1.960000000E+02  0.000000000E+00 -2.142713808E-02 
       586  1.962500000E+02  0.000000000E+00 -2.135366812E-02 
       587  1.965000000E+02  0.000000000E+00 -2.127498805E-02 
       588  1.967500000E+02  0.000000000E+00 -2.119024057E-02 
       589  1.970000000E+02  0.000000000E+00 -2.109839944E-02 
       590  1.972500000E+02  0.000000000E+00 -2.099822921E-02 
       591  1.975000000E+02  0.000000000E+00 -2.088823220E-02 
       592  1.977500000E+02  0.000000000E+00 -2.076657716E-02 
       593  1.980000000E+02  0.000000000E+00 -2.063100072E-02 
       594  1.982500000E+02  0.000000000E+00 -2.047866626E-02 
       595  1.985000000E+02  0.000000000E+00 -2.030595302E-02 
       596  1.987500000E+02  0.000000000E+00 -2.010812125E-02 
       597  1.990000000E+02  0.000000000E+00 -1.987873511E-02 
       598  1.992500000E+02  0.000000000E+00 -1.960854299E-02 
       599  1.995000000E+02  0.000000000E+00 -1.928292073E-02 
       600  1.997500000E+02  0.000000000E+00 -1.887474008E-02 
       601  2.000000000E+02  0.000000000E+00 -2.152711687E-02 
       602  2.001999988E+02  0.000000000E+00 -2.322665339E-02 
       603  2.004032879E+02  0.000000000E+00 -2.203606827E-02 
       604  2.006099214E+02  0.000000000E+00 -2.090640659E-02 
       605  2.008199543E+02  0.000000000E+00 -1.983511072E-02 
       606  2.010334426E+02  0.000000000E+00 -1.881974782E-02 
       607  2.012504431E+02  0.000000000E+00 -1.785799367E-02 
       608  2.014710137E+02  0.000000000E+00 -1.694761918E-02 
       609  2.016952129E+02  0.000000000E+00 -1.608647901E-02 
       610  2.019231006E+02  0.000000000E+00 -1.527250242E-02 
       611  2.021547374E+02  0.000000000E+00 -1.450368562E-02 
       612  2.023901849E+02  0.000000000E+00 -1.377808551E-02 
       613  2.026295060E+02  0.000000000E+00 -1.309381474E-02 
       614  2.028727642E+02  0.000000000E+00 -1.244903777E-02 
       615  2.031200245E+02  0.000000000E+00 -1.184253106E-02 
       616  2.033713525E+02  0.000000000E+00 -1.127342217E-02 
       617  2.036268153E+02  0.000000000E+00 -1.063818167E-02 
       618  2.038864808E+02  0.000000000E+00 -1.002614981E-02 
       619  2.041504183E+02  0.000000000E+00 -9.544728550E-03 
       620  2.044186979E+02  0.000000000E+00 -9.093209519E-03 
       621  2.046913911E+02  0.000000000E+00 -8.666194153E-03 
       622  2.049685706E+02  0.000000000E+00 -8.267178486E-03 
       623  2.052503101E+02  0.000000000E+00 -7.894626183E-03 
       624  2.055366847E+02  0.000000000E+00 -7.547047646E-03 
       625  2.058277705E+02  0.000000000E+00 -7.223000022E-03 
       626  2.061236452E+02  0.000000000E+00 -6.921087677E-03 
       627  2.064243875E+02  0.000000000E+00 -6.639962628E-03 
       628  2.067300774E+02  0.000000000E+00 -6.378324841E-03 
       629  2.070407965E+02  0.000000000E+00 -6.134922558E-03 
       630  2.073566273E+02  0.000000000E+00 -5.908552504E-03 
       631  2.076776540E+02  0.000000000E+00 -5.698060002E-03 
       632  2.080039622E+02  0.000000000E+00 -5.502338965E-03 
       633  2.083356386E+02  0.000000000E+00 -5.320331826E-03 
       634  2.086727716E+02  0.000000000E+00 -5.151029268E-03 
       635  2.090154510E+02  0.000000000E+00 -4.993469894E-03 
       636  2.093637679E+02  0.000000000E+00 -4.846739705E-03 
       637  2.097178153E+02  0.000000000E+00 -4.709971518E-03 
       638  2.100776872E+02  0.000000000E+00 -4.582344199E-03 
       639  2.104434797E+02  0.000000000E+00 -4.463081809E-03 
       640  2.108152899E+02  0.000000000E+00 -4.351452639E-03 
       641  2.111932170E+02  0.000000000E+00 -4.246768103E-03 
       642  2.115773617E+02  0.000000000E+00 -4.148381593E-03 
       643  2.119678260E+02  0.000000000E+00 -4.055687180E-03 
       644  2.123647142E+02  0.000000000E+00 -3.968118287E-03 
       645  2.127681317E+02  0.000000000E+00 -3.885146268E-03 
       646  2.131781861E+02  0.000000000E+00 -3.806278931E-03 
       647  2.135949866E+02  0.000000000E+00 -3.731059025E-03 
       648  2.140186441E+02  0.000000000E+00 -3.659062678E-03 
       649  2.144492713E+02  0.000000000E+00 -3.589897809E-03 
       650  2.148869831E+02  0.000000000E+00 -3.523202539E-03 
       651  2.153318959E+02  0.000000000E+00 -3.458643573E-03 
       652  2.157841282E+02  0.000000000E+00 -3.395914597E-03 
       653  2.162438005E+02  0.000000000E+00 -3.334734696E-03 
       654  2.167110350E+02  0.000000000E+00 -3.274846766E-03 
       655  2.171859563E+02  0.000000000E+00 -3.216015986E-03 
       656  2.176686908E+02  0.000000000E+00 -3.158028288E-03 
       657  2.181593671E+02  0.000000000E+00 -3.100688890E-03 
       658  2.186581157E+02  0.000000000E+00 -3.043820884E-03 
       659  2.191650695E+02  0.000000000E+00 -2.987263851E-03 
       660  2.196803635E+02  0.000000000E+00 -2.930872549E-03 
       661  2.202041348E+02  0.000000000E+00 -2.874515647E-03 
       662  2.207365230E+02  0.000000000E+00 -2.818074527E-03 
       663  2.212776699E+02  0.000000000E+00 -2.761442143E-03 
       664  2.218277194E+02  0.000000000E+00 -2.704521950E-03 
       665  2.223868182E+02  0.000000000E+00 -2.647226891E-03 
       666  2.229551149E+02  0.000000000E+00 -2.589478453E-03 
       667  2.235327610E+02  0.000000000E+00 -2.531205782E-03 
       668  2.241199103E+02  0.000000000E+00 -2.472344867E-03 
       669  2.247167191E+02  0.000000000E+00 -2.412837778E-03 
       670  2.253233464E+02  0.000000000E+00 -2.352631973E-03 
       671  2.259399536E+02  0.000000000E+00 -2.291679648E-03 
       672  2.265667050E+02  0.000000000E+00 -2.229937160E-03 
       673  2.272037674E+02  0.000000000E+00 -2.167364490E-03 
       674  2.278513104E+02  0.000000000E+00 -2.103924757E-03 
       675  2.285095066E+02  0.000000000E+00 -2.039583784E-03 
       676  2.291785311E+02  0.000000000E+00 -1.974309701E-03 
       677  2.298585621E+02  0.000000000E+00 -1.908072600E-03 
       678  2.305497807E+02  0.000000000E+00 -1.840844211E-03 
       679  2.312523708E+02  0.000000000E+00 -1.772597633E-03 
       680  2.319665197E+02  0.000000000E+00 -1.703307074E-03 
       681  2.326924175E+02  0.000000000E+00 -1.632947648E-03 
       682  2.334302574E+02  0.000000000E+00 -1.561495167E-03 
       683  2.341802359E+02  0.000000000E+00 -1.488925985E-03 
       684  2.349425527E+02  0.000000000E+00 -1.415216847E-03 
       685  2.357174108E+02  0.000000000E+00 -1.340344762E-03 
       686  2.365050165E+02  0.000000000E+00 -1.264286890E-03 
       687  2.373055796E+02  0.000000000E+00 -1.187020453E-03 
       688  2.381193132E+02  0.000000000E+00 -1.108522643E-03 
       689  2.389464340E+02  0.000000000E+00 -1.028770560E-03 
       690  2.397871622E+02  0.000000000E+00 -9.477411444E-04 
       691  2.406417216E+02  0.000000000E+00 -8.654111272E-04 
       692  2.415103399E+02  0.000000000E+00 -7.817569790E-04 
       693  2.423932484E+02  0.000000000E+00 -6.967548738E-04 
       694  2.432906820E+02  0.000000000E+00 -6.103806495E-04 
       695  2.442028798E+02  0.000000000E+00 -5.226097720E-04 
       696  2.451300847E+02  0.000000000E+00 -4.334173040E-04 
       697  2.460725436E+02  0.000000000E+00 -3.427778728E-04 
       698  2.470305073E+02  0.000000000E+00 -2.506656324E-04 
       699  2.480042311E+02  0.000000000E+00 -1.570542226E-04 
       700  2.489939742E+02  0.000000000E+00 -6.191672375E-05 
       701  2.500000000E+02  0.000000000E+00  3.477441399E-05 
       702  2.510060258E+02  0.000000000E+00  1.314568935E-04 
       703  2.519957689E+02  0.000000000E+00  2.265689064E-04 
       704  2.529694927E+02  0.000000000E+00  3.201386351E-04 
       705  2.539274564E+02  0.000000000E+00  4.121935197E-04 
       706  2.548699153E+02  0.000000000E+00  5.027603386E-04 
       707  2.557971202E+02  0.000000000E+00  5.918652657E-04 
       708  2.567093180E+02  0.000000000E+00  6.795339274E-04 
       709  2.576067516E+02  0.000000000E+00  7.657914542E-04 
       710  2.584896601E+02  0.000000000E+00  8.506625245E-04 
       711  2.593582784E+02  0.000000000E+00  9.341714061E-04 
       712  2.602128379E+02  0.000000000E+00  1.016342001E-03 
       713  2.610535660E+02  0.000000000E+00  1.097197895E-03 
       714  2.618806868E+02  0.000000000E+00  1.176762397E-03 
       715  2.626944204E+02  0.000000000E+00  1.255058599E-03 
       716  2.634949835E+02  0.000000000E+00  1.332109433E-03 
       717  2.642825892E+02  0.000000000E+00  1.407937736E-03 
       718  2.650574473E+02  0.000000000E+00  1.482566324E-03 
       719  2.658197641E+02  0.000000000E+00  1.556018079E-03 
       720  2.665697426E+02  0.000000000E+00  1.628316045E-03 
       721  2.673075825E+02  0.000000000E+00  1.699483542E-03 
       722  2.680334803E+02  0.000000000E+00  1.769544290E-03 
       723  2.687476292E+02  0.000000000E+00  1.838522562E-03 
       724  2.694502193E+02  0.000000000E+00  1.906443343E-03 
       725  2.701414379E+02  0.000000000E+00  1.973332532E-03 
       726  2.708214689E+02  0.000000000E+00  2.039217145E-03 
       727  2.714904934E+02  0.000000000E+00  2.104125572E-03 
       728  2.721486896E+02  0.000000000E+00  2.168087847E-03 
       729  2.727962326E+02  0.000000000E+00  2.231135965E-03 
       730  2.734332950E+02  0.000000000E+00  2.293304226E-03 
       731  2.740600464E+02  0.000000000E+00  2.354629624E-03 
       732  2.746766536E+02  0.000000000E+00  2.415152288E-03 
       733  2.752832808E+02  0.000000000E+00  2.474915950E-03 
       734  2.758800897E+02  0.000000000E+00  2.533968483E-03 
       735  2.764672390E+02  0.000000000E+00  2.592362479E-03 
       736  2.770448851E+02  0.000000000E+00  2.650155885E-03 
       737  2.776131818E+02  0.000000000E+00  2.707412700E-03 
       738  2.781722806E+02  0.000000000E+00  2.764203720E-03 
       739  2.787223301E+02  0.000000000E+00  2.820607364E-03 
       740  2.792634769E+02  0.000000000E+00  2.876710544E-03 
       741  2.797958652E+02  0.000000000E+00  2.932609606E-03 
       742  2.803196365E+02  0.000000000E+00  2.988411343E-03 
       743  2.808349305E+02  0.000000000E+00  3.044234059E-03 
       744  2.813418843E+02  0.000000000E+00  3.100208708E-03 
       745  2.818406329E+02  0.000000000E+00  3.156480088E-03 
       746  2.823313092E+02  0.000000000E+00  3.213208106E-03 
       747  2.828140437E+02  0.000000000E+00  3.270569093E-03 
       748  2.832889650E+02  0.000000000E+00  3.328757173E-03 
       749  2.837561995E+02  0.000000000E+00  3.387985692E-03 
       750  2.842158718E+02  0.000000000E+00  3.448488689E-03 
       751  2.846681041E+02  0.000000000E+00  3.510522416E-03 
       752  2.851130169E+02  0.000000000E+00  3.574366879E-03 
       753  2.855507287E+02  0.000000000E+00  3.640327425E-03 
       754  2.859813560E+02  0.000000000E+00  3.708736337E-03 
       755  2.864050134E+02  0.000000000E+00  3.779954441E-03 
       756  2.868218139E+02  0.000000000E+00  3.854372736E-03 
       757  2.872318683E+02  0.000000000E+00  3.932413991E-03 
       758  2.876352858E+02  0.000000000E+00  4.014534353E-03 
       759  2.880321740E+02  0.000000000E+00  4.101224916E-03 
       760  2.884226383E+02  0.000000000E+00  4.193013252E-03 
       761  2.888067830E+02  0.000000000E+00  4.290464908E-03 
       762  2.891847101E+02  0.000000000E+00  4.394184841E-03 
       763  2.895565204E+02  0.000000000E+00  4.504818774E-03 
       764  2.899223128E+02  0.000000000E+00  4.623054504E-03 
       765  2.902821847E+02  0.000000000E+00  4.749623080E-03 
       766  2.906362321E+02  0.000000000E+00  4.885299927E-03 
       767  2.909845490E+02  0.000000000E+00  5.030905841E-03 
       768  2.913272284E+02  0.000000000E+00  5.187307862E-03 
       769  2.916643614E+02  0.000000000E+00  5.355420072E-03 
       770  2.919960378E+02  0.000000000E+00  5.536204198E-03 
       771  2.923223460E+02  0.000000000E+00  5.730670166E-03 
       772  2.926433727E+02  0.000000000E+00  5.939876451E-03 
       773  2.929592035E+02  0.000000000E+00  6.164930375E-03 
       774  2.932699226E+02  0.000000000E+00  6.406988203E-03 
       775  2.935756125E+02  0.000000000E+00  6.667255174E-03 
       776  2.938763548E+02  0.000000000E+00  6.946985408E-03 
       777  2.941722295E+02  0.000000000E+00  7.247481726E-03 
       778  2.944633153E+02  0.000000000E+00  7.570095339E-03 
       779  2.947496899E+02  0.000000000E+00  7.916225574E-03 
       780  2.950314294E+02  0.000000000E+00  8.287319455E-03 
       781  2.953086088E+02  0.000000000E+00  8.684871384E-03 
       782  2.955813021E+02  0.000000000E+00  9.110422821E-03 
       783  2.958495817E+02  0.000000000E+00  9.565561994E-03 
       784  2.961135192E+02  0.000000000E+00  1.005192377E-02 
       785  2.963731847E+02  0.000000000E+00  1.057118977E-02 
       786  2.966286475E+02  0.000000000E+00  1.112508865E-02 
       787  2.968799755E+02  0.000000000E+00  1.171539672E-02 
       788  2.971272358E+02  0.000000000E+00  1.234393901E-02 
       789  2.973704940E+02  0.000000000E+00  1.301259079E-02 
       790  2.976098151E+02  0.000000000E+00  1.372327971E-02 
       791  2.978452626E+02  0.000000000E+00  1.447798866E-02 
       792  2.980768994E+02  0.000000000E+00  1.527875949E-02 
       793  2.983047871E+02  0.000000000E+00  1.612769779E-02 
       794  2.985289863E+02  0.000000000E+00  1.702697870E-02 
       795  2.987495568E+02  0.000000000E+00  1.738536105E-02 
       796  2.989665574E+02  0.000000000E+00  1.772047765E-02 
       797  2.991800457E+02  0.000000000E+00  1.860371072E-02 
       798  2.993900786E+02  0.000000000E+00  1.953309633E-02 
       799  2.995967121E+02  0.000000000E+00  2.051056600E-02 
       800  2.998000012E+02  0.000000000E+00  2.153813813E-02 
       801  3.000000000E+02  0.000000000E+00  2.054119943E-02 
       802  3.002500000E+02  0.000000000E+00  1.887122047E-02 
       803  3.005000000E+02  0.000000000E+00  1.927878274E-02 
       804  3.007500000E+02  0.000000000E+00  1.960382704E-02 
       805  3.010000000E+02  0.000000000E+00  1.987348173E-02 
       806  3.012500000E+02  0.000000000E+00  2.010236907E-02 
       807  3.015000000E+02  0.000000000E+00  2.029973820E-02 
       808  3.017500000E+02  0.000000000E+00  2.047202240E-02 
       809  3.020000000E+02  0.000000000E+00  2.062395893E-02 
       810  3.022500000E+02  0.000000000E+00  2.075916619E-02 
       811  3.025000000E+02  0.000000000E+00  2.088047857E-02 
       812  3.027500000E+02  0.000000000E+00  2.099015740E-02 
       813  3.030000000E+02  0.000000000E+00  2.109003200E-02 
       814  3.032500000E+02  0.000000000E+00  2.118159830E-02 
       815  3.035000000E+02  0.000000000E+00  2.126609013E-02 
       816  3.037500000E+02  0.000000000E+00  2.134453225E-02 
       817  3.040000000E+02  0.000000000E+00  2.141778061E-02 
       818  3.042500000E+02  0.000000000E+00  2.148655354E-02 
       819  3.045000000E+02  0.000000000E+00  2.155145627E-02 
       820  3.047500000E+02  0.000000000E+00  2.161300040E-02 
       821  3.050000000E+02  0.000000000E+00  2.167161960E-02 
       822  3.052500000E+02  0.000000000E+00  2.172768238E-02 
       823  3.055000000E+02  0.000000000E+00  2.178150250E-02 
       824  3.057500000E+02  0.000000000E+00  2.183334757E-02 
       825  3.060000000E+02  0.000000000E+00  2.188344620E-02 
       826  3.062500000E+02  0.000000000E+00  2.193199394E-02 
       827  3.065000000E+02  0.000000000E+00  2.197915822E-02 
       828  3.067500000E+02  0.000000000E+00  2.202508261E-02 
       829  3.070000000E+02  0.000000000E+00  2.206989024E-02 
       830  3.072500000E+02  0.000000000E+00  2.211368687E-02 
       831  3.075000000E+02  0.000000000E+00  2.215656338E-02 
       832  3.077500000E+02  0.000000000E+00  2.219859791E-02 
       833  3.080000000E+02  0.000000000E+00  2.223985771E-02 
       834  3.082500000E+02  0.000000000E+00  2.228040068E-02 
       835  3.085000000E+02  0.000000000E+00  2.232027671E-02 
       836  3.087500000E+02  0.000000000E+00  2.235952881E-02 
       837  3.090000000E+02  0.000000000E+00  2.239819409E-02 
       838  3.092500000E+02  0.000000000E+00  2.243630460E-02 
       839  3.095000000E+02  0.000000000E+00  2.247388804E-02 
       840  3.097500000E+02  0.000000000E+00  2.251096835E-02 
       841  3.100000000E+02  0.000000000E+00  2.254756630E-02 
       842  3.102500000E+02  0.000000000E+00  2.258369986E-02 
       843  3.105000000E+02  0.000000000E+00  2.261938467E-02 
       844  3.107500000E+02  0.000000000E+00  2.265463432E-02 
       845  3.110000000E+02  0.000000000E+00  2.268946065E-02 
       846  3.112500000E+02  0.000000000E+00  2.272387401E-02 
       847  3.115000000E+02  0.000000000E+00  2.275788348E-02 
       848  3.117500000E+02  0.000000000E+00  2.279149701E-02 
       849  3.120000000E+02  0.000000000E+00  2.282472164E-02 
       850  3.122500000E+02  0.000000000E+00  2.285756359E-02 
       851  3.125000000E+02  0.000000000E+00  2.289002837E-02 
       852  3.127500000E+02  0.000000000E+00  2.292212095E-02 
       853  3.130000000E+02  0.000000000E+00  2.295384576E-02 
       854  3.132500000E+02  0.000000000E+00  2.298520681E-02 
       855  3.135000000E+02  0.000000000E+00  2.301620777E-02 
       856  3.137500000E+02  0.000000000E+00  2.304685197E-02 
       857  3.140000000E+02  0.000000000E+00  2.307714252E-02 
       858  3.142500000E+02  0.000000000E+00  2.310708228E-02 
       859  3.145000000E+02  0.000000000E+00  2.313667394E-02 
       860  3.147500000E+02  0.000000000E+00  2.316592003E-02 
       861  3.150000000E+02  0.000000000E+00  2.319482298E-02 
       862  3.152500000E+02  0.000000000E+00  2.322338507E-02 
       863  3.155000000E+02  0.000000000E+00  2.325160854E-02 
       864  3.157500000E+02  0.000000000E+00  2.327949554E-02 
       865  3.160000000E+02  0.000000000E+00  2.330704816E-02 
       866  3.162500000E+02  0.000000000E+00  2.333426846E-02 
       867  3.165000000E+02  0.000000000E+00  2.336115845E-02 
       868  3.167500000E+02  0.000000000E+00  2.338772015E-02 
       869  3.170000000E+02  0.000000000E+00  2.341395553E-02 
       870  3.172500000E+02  0.000000000E+00  2.343986655E-02 
       871  3.175000000E+02  0.000000000E+00  2.346545520E-02 
       872  3.177500000E+02  0.000000000E+00  2.349072342E-02 
       873  3.180000000E+02  0.000000000E+00  2.351567319E-02 
       874  3.182500000E+02  0.000000000E+00  2.354030649E-02 
       875  3.185000000E+02  0.000000000E+00  2.356462528E-02 
       876  3.187500000E+02  0.000000000E+00  2.358863157E-02 
       877  3.190000000E+02  0.000000000E+00  2.361232736E-02 
       878  3.192500000E+02  0.000000000E+00  2.363571466E-02 
       879  3.195000000E+02  0.000000000E+00  2.365879551E-02 
       880  3.197500000E+02  0.000000000E+00  2.368157196E-02 
       881  3.200000000E+02  0.000000000E+00  2.370404605E-02 
       882  3.202500000E+02  0.000000000E+00  2.372621987E-02 
       883  3.205000000E+02  0.000000000E+00  2.374809552E-02 
       884  3.207500000E+02  0.000000000E+00  2.376967509E-02 
       885  3.210000000E+02  0.000000000E+00  2.379096072E-02 
       886  3.212500000E+02  0.000000000E+00  2.381195454E-02 
       887  3.215000000E+02  0.000000000E+00  2.383265870E-02 
       888  3.217500000E+02  0.000000000E+00  2.385307538E-02 
       889  3.220000000E+02  0.000000000E+00  2.387320675E-02 
       890  3.222500000E+02  0.000000000E+00  2.389305501E-02 
       891  3.225000000E+02  0.000000000E+00  2.391262238E-02 
       892  3.227500000E+02  0.000000000E+00  2.393191107E-02 
       893  3.230000000E+02  0.000000000E+00  2.395092331E-02 
       894  3.232500000E+02  0.000000000E+00  2.396966135E-02 
       895  3.235000000E+02  0.000000000E+00  2.398812745E-02 
       896  3.237500000E+02  0.000000000E+00  2.400632387E-02 
       897  3.240000000E+02  0.000000000E+00  2.402425288E-02 
       898  3.242500000E+02  0.000000000E+00  2.404191676E-02 
       899  3.245000000E+02  0.000000000E+00  2.405931781E-02 
       900  3.247500000E+02  0.000000000E+00  2.407645832E-02 
       901  3.250000000E+02  0.000000000E+00  2.409334059E-02 
       902  3.252500000E+02  0.000000000E+00  2.410996693E-02 
       903  3.255000000E+02  0.000000000E+00  2.412633965E-02 
       904  3.257500000E+02  0.000000000E+00  2.414246107E-02 
       905  3.260000000E+02  0.000000000E+00  2.415833350E-02 
       906  3.262500000E+02  0.000000000E+00  2.417395927E-02 
       907  3.265000000E+02  0.000000000E+00  2.418934071E-02 
       908  3.267500000E+02  0.000000000E+00  2.420448012E-02 
       909  3.270000000E+02  0.000000000E+00  2.421937985E-02 
       910  3.272500000E+02  0.000000000E+00  2.423404220E-02 
       911  3.275000000E+02  0.000000000E+00  2.424846951E-02 
       912  3.277500000E+02  0.000000000E+00  2.426266409E-02 
       913  3.280000000E+02  0.000000000E+00  2.427662826E-02 
       914  3.282500000E+02  0.000000000E+00  2.429036433E-02 
       915  3.285000000E+02  0.000000000E+00  2.430387462E-02 
       916  3.287500000E+02  0.000000000E+00  2.431716143E-02 
       917  3.290000000E+02  0.000000000E+00  2.433022705E-02 
       918  3.292500000E+02  0.000000000E+00  2.434307379E-02 
       919  3.295000000E+02  0.000000000E+00  2.435570392E-02 
       920  3.297500000E+02  0.000000000E+00  2.436811974E-02 
       921  3.300000000E+02  0.000000000E+00  2.438032350E-02 
       922  3.302500000E+02  0.000000000E+00  2.439231747E-02 
       923  3.305000000E+02  0.000000000E+00  2.440410392E-02 
       924  3.307500000E+02  0.000000000E+00  2.441568507E-02 
       925  3.310000000E+02  0.000000000E+00  2.442706317E-02 
       926  3.312500000E+02  0.000000000E+00  2.443824044E-02 
       927  3.315000000E+02  0.000000000E+00  2.444921909E-02 
       928  3.317500000E+02  0.000000000E+00  2.446000132E-02 
       929  3.320000000E+02  0.000000000E+00  2.447058932E-02 
       930  3.322500000E+02  0.000000000E+00  2.448098526E-02 
       931  3.325000000E+02  0.000000000E+00  2.449119131E-02 
       932  3.327500000E+02  0.000000000E+00  2.450120960E-02 
       933  3.330000000E+02  0.000000000E+00  2.451104227E-02 
       934  3.332500000E+02  0.000000000E+00  2.452069145E-02 
       935  3.335000000E+02  0.000000000E+00  2.453015922E-02 
       936  3.337500000E+02  0.000000000E+00  2.453944768E-02 
       937  3.340000000E+02  0.000000000E+00  2.454855890E-02 
       938  3.342500000E+02  0.000000000E+00  2.455749493E-02 
       939  3.345000000E+02  0.000000000E+00  2.456625780E-02 
       940  3.347500000E+02  0.000000000E+00  2.457484953E-02 
       941  3.350000000E+02  0.000000000E+00  2.458327213E-02 
       942  3.352500000E+02  0.000000000E+00  2.459152756E-02 
       943  3.355000000E+02  0.000000000E+00  2.459961781E-02 
       944  3.357500000E+02  0.000000000E+00  2.460754480E-02 
       945  3.360000000E+02  0.000000000E+00  2.461531046E-02 
       946  3.362500000E+02  0.000000000E+00  2.462291670E-02 
       947  3.365000000E+02  0.000000000E+00  2.463036539E-02 
       948  3.367500000E+02  0.000000000E+00  2.463765841E-02 
       949  3.370000000E+02  0.000000000E+00  2.464479759E-02 
       950  3.372500000E+02  0.000000000E+00  2.465178476E-02 
       951  3.375000000E+02  0.000000000E+00  2.465862171E-02 
       952  3.377500000E+02  0.000000000E+00  2.466531021E-02 
       953  3.380000000E+02  0.000000000E+00  2.467185203E-02 
       954  3.382500000E+02  0.000000000E+00  2.467824890E-02 
       955  3.385000000E+02  0.000000000E+00  2.468450253E-02 
       956  3.387500000E+02  0.000000000E+00  2.469061459E-02 
       957  3.390000000E+02  0.000000000E+00  2.469658676E-02 
       958  3.392500000E+02  0.000000000E+00  2.470242068E-02 
       959  3.395000000E+02  0.000000000E+00  2.470811796E-02 
       960  3.397500000E+02  0.000000000E+00  2.471368020E-02 
       961  3.400000000E+02  0.000000000E+00  2.471910895E-02 
       962  3.402500000E+02  0.000000000E+00  2.472440577E-02 
       963  3.405000000E+02  0.000000000E+00  2.472957218E-02 
       964  3.407500000E+02  0.000000000E+00  2.473460966E-02 
       965  3.410000000E+02  0.000000000E+00  2.473951969E-02 
       966  3.412500000E+02  0.000000000E+00  2.474430372E-02 
       967  3.415000000E+02  0.000000000E+00  2.474896315E-02 
       968  3.417500000E+02  0.000000000E+00  2.475349939E-02 
       969  3.420000000E+02  0.000000000E+00  2.475791379E-02 
       970  3.422500000E+02  0.000000000E+00  2.476220771E-02 
       971  3.425000000E+02  0.000000000E+00  2.476638245E-02 
       972  3.427500000E+02  0.000000000E+00  2.477043931E-02 
       973  3.430000000E+02  0.000000000E+00  2.477437955E-02 
       974  3.432500000E+02  0.000000000E+00  2.477820441E-02 
       975  3.435000000E+02  0.000000000E+00  2.478191509E-02 
       976  3.437500000E+02  0.000000000E+00  2.478551277E-02 
       977  3.440000000E+02  0.000000000E+00  2.478899863E-02 
       978  3.442500000E+02  0.000000000E+00  2.479237377E-02 
       979  3.445000000E+02  0.000000000E+00  2.479563932E-02 
       980  3.447500000E+02  0.000000000E+00  2.479879634E-02 
       981  3.450000000E+02  0.000000000E+00  2.480184587E-02 
       982  3.452500000E+02  0.000000000E+00  2.480478895E-02 
       983  3.455000000E+02  0.000000000E+00  2.480762657E-02 
       984  3.457500000E+02  0.000000000E+00  2.481035968E-02 
       985  3.460000000E+02  0.000000000E+00  2.481298924E-02 
       986  3.462500000E+02  0.000000000E+00  2.481551615E-02 
       987  3.465000000E+02  0.000000000E+00  2.481794129E-02 
       988  3.467500000E+02  0.000000000E+00  2.482026552E-02 
       989  3.470000000E+02  0.000000000E+00  2.482248967E-02 
       990  3.472500000E+02  0.000000000E+00  2.482461453E-02 
       991  3.475000000E+02  0.000000000E+00  2.482664089E-02 
       992  3.477500000E+02  0.000000000E+00  2.482856948E-02 
       993  3.480000000E+02  0.000000000E+00  2.483040102E-02 
       994  3.482500000E+02  0.000000000E+00  2.483213620E-02 
       995  3.485000000E+02  0.000000000E+00  2.483377568E-02 
       996  3.487500000E+02  0.000000000E+00  2.483532010E-02 
       997  3.490000000E+02  0.000000000E+00  2.483677005E-02 
       998  3.492500000E+02  0.000000000E+00  2.483812611E-02 
       999  3.495000000E+02  0.000000000E+00  2.483938883E-02 
      1000  3.497500000E+02  0.000000000E+00  2.484055873E-02 
      1001  3.500000000E+02  0.000000000E+00  2.484163631E-02 
      1002  3.502500000E+02  0.000000000E+00  2.484262202E-02 
      1003  3.505000000E+02  0.000000000E+00  2.484351630E-02 
      1004  3.507500000E+02  0.000000000E+00  2.484431956E-02 
      1005  3.510000000E+02  0.000000000E+00  2.484503218E-02 
      1006  3.512500000E+02  0.000000000E+00  2.484565451E-02 
      1007  3.515000000E+02  0.000000000E+00  2.484618687E-02 
      1008  3.517500000E+02  0.000000000E+00  2.484662955E-02 
      1009  3.520000000E+02  0.000000000E+00  2.484698283E-02 
      1010  3.522500000E+02  0.000000000E+00  2.484724694E-02 
      1011  3.525000000E+02  0.000000000E+00  2.484742210E-02 
      1012  3.527500000E+02  0.000000000E+00  2.484750848E-02 
      1013  3.530000000E+02  0.000000000E+00  2.484750624E-02 
      1014  3.532500000E+02  0.000000000E+00  2.484741550E-02 
      1015  3.535000000E+02  0.000000000E+00  2.484723637E-02 
      1016  3.537500000E+02  0.000000000E+00  2.484696890E-02 
      1017  3.540000000E+02  0.000000000E+00  2.484661316E-02 
      1018  3.542500000E+02  0.000000000E+00  2.484616914E-02 
      1019  3.545000000E+02  0.000000000E+00  2.484563684E-02 
      1020  3.547500000E+02  0.000000000E+00  2.484501622E-02 
      1021  3.550000000E+02  0.000000000E+00  2.484430720E-02 
      1022  3.552500000E+02  0.000000000E+00  2.484350969E-02 
      1023  3.555000000E+02  0.000000000E+00  2.484262356E-02 
      1024  3.557500000E+02  0.000000000E+00  2.484164866E-02 
      1025  3.560000000E+02  0.000000000E+00  2.484058481E-02 
      1026  3.562500000E+02  0.000000000E+00  2.483943180E-02 
      1027  3.565000000E+02  0.000000000E+00  2.483818940E-02 
      1028  3.567500000E+02  0.000000000E+00  2.483685734E-02 
      1029  3.570000000E+02  0.000000000E+00  2.483543533E-02 
      1030  3.572500000E+02  0.000000000E+00  2.483392306E-02 
      1031  3.575000000E+02  0.000000000E+00  2.483232017E-02 
      1032  3.577500000E+02  0.000000000E+00  2.483062631E-02 
      1033  3.580000000E+02  0.000000000E+00  2.482884106E-02 
      1034  3.582500000E+02  0.000000000E+00  2.482696400E-02 
      1035  3.585000000E+02  0.000000000E+00  2.482499467E-02 
      1036  3.587500000E+02  0.000000000E+00  2.482293260E-02 
      1037  3.590000000E+02  0.000000000E+00  2.482077727E-02 
      1038  3.592500000E+02  0.000000000E+00  2.481852816E-02 
      1039  3.595000000E+02  0.000000000E+00  2.481618469E-02 
      1040  3.597500000E+02  0.000000000E+00  2.481374628E-02 
      1041  3.600000000E+02  0.000000000E+00  2.481121231E-02 
      1042  3.602500000E+02  0.000000000E+00  2.480858215E-02 
      1043  3.605000000E+02  0.000000000E+00  2.480585512E-02 
      1044  3.607500000E+02  0.000000000E+00  2.480303053E-02 
      1045  3.610000000E+02  0.000000000E+00  2.480010766E-02 
      1046  3.612500000E+02  0.000000000E+00  2.479708575E-02 
      1047  3.615000000E+02  0.000000000E+00  2.479396404E-02 
      1048  3.617500000E+02  0.000000000E+00  2.479074172E-02 
      1049  3.620000000E+02  0.000000000E+00  2.478741797E-02 
      1050  3.622500000E+02  0.000000000E+00  2.478399194E-02 
      1051  3.625000000E+02  0.000000000E+00  2.478046274E-02 
      1052  3.627500000E+02  0.000000000E+00  2.477682949E-02 
      1053  3.630000000E+02  0.000000000E+00  2.477309123E-02 
      1054  3.632500000E+02  0.000000000E+00  2.476924703E-02 
      1055  3.635000000E+02  0.000000000E+00  2.476529590E-02 
      1056  3.637500000E+02  0.000000000E+00  2.476123684E-02 
      1057  3.640000000E+02  0.000000000E+00  2.475706882E-02 
      1058  3.642500000E+02  0.000000000E+00  2.475279077E-02 
      1059  3.645000000E+02  0.000000000E+00  2.474840163E-02 
      1060  3.647500000E+02  0.000000000E+00  2.474390028E-02 
      1061  3.650000000E+02  0.000000000E+00  2.473928560E-02 
      1062  3.652500000E+02  0.000000000E+00  2.473455643E-02 
      1063  3.655000000E+02  0.000000000E+00  2.472971159E-02 
      1064  3.657500000E+02  0.000000000E+00  2.472474989E-02 
      1065  3.660000000E+02  0.000000000E+00  2.471967008E-02 
      1066  3.662500000E+02  0.000000000E+00  2.471447094E-02 
      1067  3.665000000E+02  0.000000000E+00  2.470915117E-02 
      1068  3.667500000E+02  0.000000000E+00  2.470370948E-02 
      1069  3.670000000E+02  0.000000000E+00  2.469814456E-02 
      1070  3.672500000E+02  0.000000000E+00  2.469245504E-02 
      1071  3.675000000E+02  0.000000000E+00  2.468663958E-02 
      1072  3.677500000E+02  0.000000000E+00  2.468069677E-02 
      1073  3.680000000E+02  0.000000000E+00  2.467462521E-02 
      1074  3.682500000E+02  0.000000000E+00  2.466842345E-02 
      1075  3.685000000E+02  0.000000000E+00  2.466209004E-02 
      1076  3.687500000E+02  0.000000000E+00  2.465562350E-02 
      1077  3.690000000E+02  0.000000000E+00  2.464902232E-02 
      1078  3.692500000E+02  0.000000000E+00  2.464228499E-02 
      1079  3.695000000E+02  0.000000000E+00  2.463540995E-02 
      1080  3.697500000E+02  0.000000000E+00  2.462839563E-02 
      1081  3.700000000E+02  0.000000000E+00  2.462124046E-02 
      1082  3.702500000E+02  0.000000000E+00  2.461394282E-02 
      1083  3.705000000E+02  0.000000000E+00  2.460650107E-02 
      1084  3.707500000E+02  0.000000000E+00  2.459891358E-02 
      1085  3.710000000E+02  0.000000000E+00  2.459117866E-02 
      1086  3.712500000E+02  0.000000000E+00  2.458329464E-02 
      1087  3.715000000E+02  0.000000000E+00  2.457525979E-02 
      1088  3.717500000E+02  0.000000000E+00  2.456707239E-02 
      1089  3.720000000E+02  0.000000000E+00  2.455873069E-02 
      1090  3.722500000E+02  0.000000000E+00  2.455023292E-02 
      1091  3.725000000E+02  0.000000000E+00  2.454157729E-02 
      1092  3.727500000E+02  0.000000000E+00  2.453276201E-02 
      1093  3.730000000E+02  0.000000000E+00  2.452378525E-02 
      1094  3.732500000E+02  0.000000000E+00  2.451464516E-02 
      1095  3.735000000E+02  0.000000000E+00  2.450533989E-02 
      1096  3.737500000E+02  0.000000000E+00  2.449586756E-02 
      1097  3.740000000E+02  0.000000000E+00  2.448622629E-02 
      1098  3.742500000E+02  0.000000000E+00  2.447641416E-02 
      1099  3.745000000E+02  0.000000000E+00  2.446642925E-02 
      1100  3.747500000E+02  0.000000000E+00  2.445626962E-02 
      1101  3.750000000E+02  0.000000000E+00  2.444593331E-02 
      1102  3.752500000E+02  0.000000000E+00  2.443541835E-02 
      1103  3.755000000E+02  0.000000000E+00  2.442472276E-02 
      1104  3.757500000E+02  0.000000000E+00  2.441384454E-02 
      1105  3.760000000E+02  0.000000000E+00  2.440278166E-02 
      1106  3.762500000E+02  0.000000000E+00  2.439153211E-02 
      1107  3.765000000E+02  0.000000000E+00  2.438009384E-02 
      1108  3.767500000E+02  0.000000000E+00  2.436846479E-02 
      1109  3.770000000E+02  0.000000000E+00  2.435664290E-02 
      1110  3.772500000E+02  0.000000000E+00  2.434462609E-02 
      1111  3.775000000E+02  0.000000000E+00  2.433241227E-02 
      1112  3.777500000E+02  0.000000000E+00  2.431999933E-02 
      1113  3.780000000E+02  0.000000000E+00  2.430738515E-02 
      1114  3.782500000E+02  0.000000000E+00  2.429456762E-02 
      1115  3.785000000E+02  0.000000000E+00  2.428154459E-02 
      1116  3.787500000E+02  0.000000000E+00  2.426831391E-02 
      1117  3.790000000E+02  0.000000000E+00  2.425487343E-02 
      1118  3.792500000E+02  0.000000000E+00  2.424122098E-02 
      1119  3.795000000E+02  0.000000000E+00  2.422735439E-02 
      1120  3.797500000E+02  0.000000000E+00  2.421327145E-02 
      1121  3.800000000E+02  0.000000000E+00  2.419896998E-02 
      1122  3.802500000E+02  0.000000000E+00  2.418444777E-02 
      1123  3.805000000E+02  0.000000000E+00  2.416970260E-02 
      1124  3.807500000E+02  0.000000000E+00  2.415473225E-02 
      1125  3.810000000E+02  0.000000000E+00  2.413953446E-02 
      1126  3.812500000E+02  0.000000000E+00  2.412410701E-02 
      1127  3.815000000E+02  0.000000000E+00  2.410844762E-02 
      1128  3.817500000E+02  0.000000000E+00  2.409255402E-02 
      1129  3.820000000E+02  0.000000000E+00  2.407642393E-02 
      1130  3.822500000E+02  0.000000000E+00  2.406005505E-02 
      1131  3.825000000E+02  0.000000000E+00  2.404344507E-02 
      1132  3.827500000E+02  0.000000000E+00  2.402659165E-02 
      1133  3.830000000E+02  0.000000000E+00  2.400949244E-02 
      1134  3.832500000E+02  0.000000000E+00  2.399214506E-02 
      1135  3.835000000E+02  0.000000000E+00  2.397454711E-02 
      1136  3.837500000E+02  0.000000000E+00  2.395669618E-02 
      1137  3.840000000E+02  0.000000000E+00  2.393858978E-02 
      1138  3.842500000E+02  0.000000000E+00  2.392022543E-02 
      1139  3.845000000E+02  0.000000000E+00  2.390160057E-02 
      1140  3.847500000E+02  0.000000000E+00  2.388271261E-02 
      1141  3.850000000E+02  0.000000000E+00  2.386355889E-02 
      1142  3.852500000E+02  0.000000000E+00  2.384413667E-02 
      1143  3.855000000E+02  0.000000000E+00  2.382444316E-02 
      1144  3.857500000E+02  0.000000000E+00  2.380447544E-02 
      1145  3.860000000E+02  0.000000000E+00  2.378423049E-02 
      1146  3.862500000E+02  0.000000000E+00  2.376370516E-02 
      1147  3.865000000E+02  0.000000000E+00  2.374289617E-02 
      1148  3.867500000E+02  0.000000000E+00  2.372180003E-02 
      1149  3.870000000E+02  0.000000000E+00  2.370041307E-02 
      1150  3.872500000E+02  0.000000000E+00  2.367873137E-02 
      1151  3.875000000E+02  0.000000000E+00  2.365675073E-02 
      1152  3.877500000E+02  0.000000000E+00  2.363446664E-02 
      1153  3.880000000E+02  0.000000000E+00  2.361187421E-02 
      1154  3.882500000E+02  0.000000000E+00  2.358896810E-02 
      1155  3.885000000E+02  0.000000000E+00  2.356574248E-02 
      1156  3.887500000E+02  0.000000000E+00  2.354219093E-02 
      1157  3.890000000E+02  0.000000000E+00  2.351830632E-02 
      1158  3.892500000E+02  0.000000000E+00  2.349408075E-02 
      1159  3.895000000E+02  0.000000000E+00  2.346950537E-02 
      1160  3.897500000E+02  0.000000000E+00  2.344457027E-02 
      1161  3.900000000E+02  0.000000000E+00  2.341926429E-02 
      1162  3.902500000E+02  0.000000000E+00  2.339357480E-02 
      1163  3.905000000E+02  0.000000000E+00  2.336748749E-02 
      1164  3.907500000E+02  0.000000000E+00  2.334098609E-02 
      1165  3.910000000E+02  0.000000000E+00  2.331405204E-02 
      1166  3.912500000E+02  0.000000000E+00  2.328666414E-02 
      1167  3.915000000E+02  0.000000000E+00  2.325879811E-02 
      1168  3.917500000E+02  0.000000000E+00  2.323042608E-02 
      1169  3.920000000E+02  0.000000000E+00  2.320151602E-02 
      1170  3.922500000E+02  0.000000000E+00  2.317203103E-02 
      1171  3.925000000E+02  0.000000000E+00  2.314192861E-02 
      1172  3.927500000E+02  0.000000000E+00  2.311115964E-02 
      1173  3.930000000E+02  0.000000000E+00  2.307966736E-02 
      1174  3.932500000E+02  0.000000000E+00  2.304738607E-02 
      1175  3.935000000E+02  0.000000000E+00  2.301423963E-02 
      1176  3.937500000E+02  0.000000000E+00  2.298013970E-02 
      1177  3.940000000E+02  0.000000000E+00  2.294498365E-02 
      1178  3.942500000E+02  0.000000000E+00  2.290865214E-02 
      1179  3.945000000E+02  0.000000000E+00  2.287100615E-02 
      1180  3.947500000E+02  0.000000000E+00  2.283188359E-02 
      1181  3.950000000E+02  0.000000000E+00  2.279109508E-02 
      1182  3.952500000E+02  0.000000000E+00  2.274841907E-02 
      1183  3.955000000E+02  0.000000000E+00  2.270359581E-02 
      1184  3.957500000E+02  0.000000000E+00  2.265632010E-02 
      1185  3.960000000E+02  0.000000000E+00  2.260623246E-02 
      1186  3.962500000E+02  0.000000000E+00  2.255290822E-02 
      1187  3.965000000E+02  0.000000000E+00  2.249584395E-02 
      1188  3.967500000E+02  0.000000000E+00  2.243444049E-02 
      1189  3.970000000E+02  0.000000000E+00  2.236798127E-02 
      1190  3.972500000E+02  0.000000000E+00  2.229560440E-02 
      1191  3.975000000E+02  0.000000000E+00  2.221626583E-02 
      1192  3.977500000E+02  0.000000000E+00  2.212868990E-02 
      1193  3.980000000E+02  0.000000000E+00  2.203130096E-02 
      1194  3.982500000E+02  0.000000000E+00  2.192212547E-02 
      1195  3.985000000E+02  0.000000000E+00  2.179864579E-02 
      1196  3.987500000E+02  0.000000000E+00  2.165756798E-02 
      1197  3.990000000E+02  0.000000000E+00  2.149442177E-02 
      1198  3.992500000E+02  0.000000000E+00  2.130278469E-02 
      1199  3.995000000E+02  0.000000000E+00  2.107251101E-02 
      1200  3.997500000E+02  0.000000000E+00  2.078479350E-02 
      1201  4.000000000E+02  0.000000000E+00  2.242927117E-02 
      1202  4.002000034E+02  0.000000000E+00  2.346974158E-02 
      1203  4.004016387E+02  0.000000000E+00  2.268053168E-02 
      1204  4.006049192E+02  0.000000000E+00  2.193531638E-02 
      1205  4.008098583E+02  0.000000000E+00  2.123173927E-02 
      1206  4.010164696E+02  0.000000000E+00  2.056757434E-02 
      1207  4.012247666E+02  0.000000000E+00  1.994071518E-02 
      1208  4.014347631E+02  0.000000000E+00  1.934916597E-02 
      1209  4.016464731E+02  0.000000000E+00  1.879103368E-02 
      1210  4.018599104E+02  0.000000000E+00  1.826452111E-02 
      1211  4.020750892E+02  0.000000000E+00  1.776792071E-02 
      1212  4.022920237E+02  0.000000000E+00  1.729960935E-02 
      1213  4.025107282E+02  0.000000000E+00  1.685142230E-02 
      1214  4.027312172E+02  0.000000000E+00  1.642957016E-02 
      1215  4.029535052E+02  0.000000000E+00  1.603929508E-02 
      1216  4.031776069E+02  0.000000000E+00  1.567137867E-02 
      1217  4.034035370E+02  0.000000000E+00  1.532456901E-02 
      1218  4.036313106E+02  0.000000000E+00  1.499767464E-02 
      1219  4.038609426E+02  0.000000000E+00  1.468956191E-02 
      1220  4.040924483E+02  0.000000000E+00  1.439915252E-02 
      1221  4.043258428E+02  0.000000000E+00  1.412467519E-02 
      1222  4.045611417E+02  0.000000000E+00  1.386645333E-02 
      1223  4.047983604E+02  0.000000000E+00  1.362426119E-02 
      1224  4.050375146E+02  0.000000000E+00  1.339584648E-02 
      1225  4.052786201E+02  0.000000000E+00  1.318038310E-02 
      1226  4.055216929E+02  0.000000000E+00  1.297816866E-02 
      1227  4.057667489E+02  0.000000000E+00  1.278926571E-02 
      1228  4.060138044E+02  0.000000000E+00  1.261070045E-02 
      1229  4.062628756E+02  0.000000000E+00  1.244193079E-02 
      1230  4.065139791E+02  0.000000000E+00  1.228378444E-02 
      1231  4.067671314E+02  0.000000000E+00  1.213399046E-02 
      1232  4.070223492E+02  0.000000000E+00  1.199312472E-02 
      1233  4.072796494E+02  0.000000000E+00  1.186010678E-02 
      1234  4.075390490E+02  0.000000000E+00  1.173543170E-02 
      1235  4.078005650E+02  0.000000000E+00  1.161955360E-02 
      1236  4.080642148E+02  0.000000000E+00  1.150915050E-02 
      1237  4.083300158E+02  0.000000000E+00  1.140391046E-02 
      1238  4.085979855E+02  0.000000000E+00  1.130354290E-02 
      1239  4.088681416E+02  0.000000000E+00  1.104931346E-02 
      1240  4.091405020E+02  0.000000000E+00  1.079749290E-02 
      1241  4.094150846E+02  0.000000000E+00  1.070911632E-02 
      1242  4.096919076E+02  0.000000000E+00  1.062511229E-02 
      1243  4.099709892E+02  0.000000000E+00  1.054514704E-02 
      1244  4.102523480E+02  0.000000000E+00  1.046890768E-02 
      1245  4.105360024E+02  0.000000000E+00  1.039610103E-02 
      1246  4.108219711E+02  0.000000000E+00  1.032645263E-02 
      1247  4.111102732E+02  0.000000000E+00  1.025970572E-02 
      1248  4.114009276E+02  0.000000000E+00  1.019562028E-02 
      1249  4.116939535E+02  0.000000000E+00  1.013397210E-02 
      1250  4.119893702E+02  0.000000000E+00  1.007455188E-02 
      1251  4.122871973E+02  0.000000000E+00  1.001716443E-02 
      1252  4.125874544E+02  0.000000000E+00  9.961627813E-03 
      1253  4.128901614E+02  0.000000000E+00  9.907772581E-03 
      1254  4.131953383E+02  0.000000000E+00  9.855441042E-03 
      1255  4.135030051E+02  0.000000000E+00  9.804486546E-03 
      1256  4.138131823E+02  0.000000000E+00  9.754772817E-03 
      1257  4.141258902E+02  0.000000000E+00  9.706173305E-03 
      1258  4.144411496E+02  0.000000000E+00  9.658570580E-03 
      1259  4.147589813E+02  0.000000000E+00  9.611855752E-03 
      1260  4.150794062E+02  0.000000000E+00  9.565927919E-03 
      1261  4.154024455E+02  0.000000000E+00  9.520693646E-03 
      1262  4.157281206E+02  0.000000000E+00  9.476066470E-03 
      1263  4.160564529E+02  0.000000000E+00  9.431966434E-03 
      1264  4.163874641E+02  0.000000000E+00  9.388319638E-03 
      1265  4.167211762E+02  0.000000000E+00  9.345057832E-03 
      1266  4.170576110E+02  0.000000000E+00  9.302118012E-03 
      1267  4.173967909E+02  0.000000000E+00  9.259442051E-03 
      1268  4.177387382E+02  0.000000000E+00  9.216976350E-03 
      1269  4.180834756E+02  0.000000000E+00  9.174671510E-03 
      1270  4.184310257E+02  0.000000000E+00  9.132482020E-03 
      1271  4.187814116E+02  0.000000000E+00  9.090365972E-03 
      1272  4.191346563E+02  0.000000000E+00  9.048284779E-03 
      1273  4.194907832E+02  0.000000000E+00  9.006202932E-03 
      1274  4.198498158E+02  0.000000000E+00  8.964087752E-03 
      1275  4.202117779E+02  0.000000000E+00  8.921909173E-03 
      1276  4.205766933E+02  0.000000000E+00  8.879639533E-03 
      1277  4.209445860E+02  0.000000000E+00  8.837253379E-03 
      1278  4.213154806E+02  0.000000000E+00  8.794727286E-03 
      1279  4.216894013E+02  0.000000000E+00  8.752039693E-03 
      1280  4.220663728E+02  0.000000000E+00  8.709170741E-03 
      1281  4.224464202E+02  0.000000000E+00  8.666102134E-03 
      1282  4.228295685E+02  0.000000000E+00  8.622816999E-03 
      1283  4.232158429E+02  0.000000000E+00  8.579299765E-03 
      1284  4.236052691E+02  0.000000000E+00  8.535536048E-03 
      1285  4.239978726E+02  0.000000000E+00  8.491512545E-03 
      1286  4.243936795E+02  0.000000000E+00  8.447216933E-03 
      1287  4.247927158E+02  0.000000000E+00  8.402637780E-03 
      1288  4.251950080E+02  0.000000000E+00  8.357764465E-03 
      1289  4.256005825E+02  0.000000000E+00  8.312587092E-03 
      1290  4.260094662E+02  0.000000000E+00  8.267096433E-03 
      1291  4.264216861E+02  0.000000000E+00  8.221283852E-03 
      1292  4.268372694E+02  0.000000000E+00  8.175141252E-03 
      1293  4.272562434E+02  0.000000000E+00  8.128661018E-03 
      1294  4.276786360E+02  0.000000000E+00  8.081835967E-03 
      1295  4.281044750E+02  0.000000000E+00  8.034659305E-03 
      1296  4.285337884E+02  0.000000000E+00  7.987124585E-03 
      1297  4.289666047E+02  0.000000000E+00  7.939225673E-03 
      1298  4.294029525E+02  0.000000000E+00  7.890956700E-03 
      1299  4.298428605E+02  0.000000000E+00  7.842312051E-03 
      1300  4.302863578E+02  0.000000000E+00  7.793286322E-03 
      1301  4.307334737E+02  0.000000000E+00  7.743874298E-03 
      1302  4.311842377E+02  0.000000000E+00  7.694070933E-03 
      1303  4.316386795E+02  0.000000000E+00  7.643871326E-03 
      1304  4.320968293E+02  0.000000000E+00  7.593270702E-03 
      1305  4.325587172E+02  0.000000000E+00  7.542264399E-03 
      1306  4.330243737E+02  0.000000000E+00  7.490847847E-03 
      1307  4.334938296E+02  0.000000000E+00  7.439016555E-03 
      1308  4.339671159E+02  0.000000000E+00  7.386766103E-03 
      1309  4.344442638E+02  0.000000000E+00  7.334092129E-03 
      1310  4.349253049E+02  0.000000000E+00  7.280990313E-03 
      1311  4.354102708E+02  0.000000000E+00  7.227456379E-03 
      1312  4.358991937E+02  0.000000000E+00  7.173486077E-03 
      1313  4.363921059E+02  0.000000000E+00  7.119075181E-03 
      1314  4.368890398E+02  0.000000000E+00  7.064219482E-03 
      1315  4.373900283E+02  0.000000000E+00  7.008914779E-03 
      1316  4.378951044E+02  0.000000000E+00  6.953156881E-03 
      1317  4.384043016E+02  0.000000000E+00  6.896941594E-03 
      1318  4.389176534E+02  0.000000000E+00  6.840264723E-03 
      1319  4.394351937E+02  0.000000000E+00  6.783122069E-03 
      1320  4.399569568E+02  0.000000000E+00  6.725509415E-03 
      1321  4.404829770E+02  0.000000000E+00  6.667422543E-03 
      1322  4.410132892E+02  0.000000000E+00  6.608857210E-03 
      1323  4.415479282E+02  0.000000000E+00  6.549809162E-03 
      1324  4.420869295E+02  0.000000000E+00  6.490274122E-03 
      1325  4.426303286E+02  0.000000000E+00  6.430247795E-03 
      1326  4.431781614E+02  0.000000000E+00  6.369725862E-03 
      1327  4.437304641E+02  0.000000000E+00  6.308703982E-03 
      1328  4.442872731E+02  0.000000000E+00  6.247177784E-03 
      1329  4.448486253E+02  0.000000000E+00  6.185142880E-03 
      1330  4.454145576E+02  0.000000000E+00  6.122594845E-03 
      1331  4.459851075E+02  0.000000000E+00  6.059529235E-03 
      1332  4.465603126E+02  0.000000000E+00  5.995941571E-03 
      1333  4.471402109E+02  0.000000000E+00  5.931827348E-03 
      1334  4.477248408E+02  0.000000000E+00  5.867182030E-03 
      1335  4.483142407E+02  0.000000000E+00  5.802001052E-03 
      1336  4.489084497E+02  0.000000000E+00  5.736279819E-03 
      1337  4.495075070E+02  0.000000000E+00  5.670013703E-03 
      1338  4.501114521E+02  0.000000000E+00  5.603198044E-03 
      1339  4.507203248E+02  0.000000000E+00  5.535828152E-03 
      1340  4.513341655E+02  0.000000000E+00  5.467899306E-03 
      1341  4.519530147E+02  0.000000000E+00  5.399406749E-03 
      1342  4.525769132E+02  0.000000000E+00  5.330345696E-03 
      1343  4.532059021E+02  0.000000000E+00  5.260711325E-03 
      1344  4.538400232E+02  0.000000000E+00  5.190498784E-03 
      1345  4.544793181E+02  0.000000000E+00  5.119703186E-03 
      1346  4.551238292E+02  0.000000000E+00  5.048319612E-03 
      1347  4.557735990E+02  0.000000000E+00  4.976343109E-03 
      1348  4.564286703E+02  0.000000000E+00  4.903768690E-03 
      1349  4.570890866E+02  0.000000000E+00  4.830591337E-03 
      1350  4.577548913E+02  0.000000000E+00  4.756805994E-03 
      1351  4.584261284E+02  0.000000000E+00  4.682407576E-03 
      1352  4.591028423E+02  0.000000000E+00  4.607390958E-03 
      1353  4.597850777E+02  0.000000000E+00  4.531750987E-03 
      1354  4.604728795E+02  0.000000000E+00  4.455482474E-03 
      1355  4.611662932E+02  0.000000000E+00  4.378580193E-03 
      1356  4.618653647E+02  0.000000000E+00  4.301038885E-03 
      1357  4.625701400E+02  0.000000000E+00  4.222853260E-03 
      1358  4.632806657E+02  0.000000000E+00  4.144017989E-03 
      1359  4.639969887E+02  0.000000000E+00  4.064527708E-03 
      1360  4.647191564E+02  0.000000000E+00  3.984377022E-03 
      1361  4.654472164E+02  0.000000000E+00  3.903560496E-03 
      1362  4.661812167E+02  0.000000000E+00  3.822072661E-03 
      1363  4.669212059E+02  0.000000000E+00  3.739908011E-03 
      1364  4.676672328E+02  0.000000000E+00  3.657061003E-03 
      1365  4.684193468E+02  0.000000000E+00  3.573526053E-03 
      1366  4.691775973E+02  0.000000000E+00  3.489297540E-03 
      1367  4.699420346E+02  0.000000000E+00  3.404369800E-03 
      1368  4.707127091E+02  0.000000000E+00  3.318737120E-03 
      1369  4.714896716E+02  0.000000000E+00  3.232393745E-03 
      1370  4.722729736E+02  0.000000000E+00  3.145333861E-03 
      1371  4.730626666E+02  0.000000000E+00  3.057551595E-03 
      1372  4.738588030E+02  0.000000000E+00  2.969041006E-03 
      1373  4.746614352E+02  0.000000000E+00  2.879796072E-03 
      1374  4.754706162E+02  0.000000000E+00  2.789810673E-03 
      1375  4.762863994E+02  0.000000000E+00  2.699078569E-03 
      1376  4.771088389E+02  0.000000000E+00  2.607593371E-03 
      1377  4.779379887E+02  0.000000000E+00  2.515348504E-03 
      1378  4.787739038E+02  0.000000000E+00  2.422337147E-03 
      1379  4.796166392E+02  0.000000000E+00  2.328552163E-03 
      1380  4.804662507E+02  0.000000000E+00  2.233985999E-03 
      1381  4.813227944E+02  0.000000000E+00  2.138630544E-03 
      1382  4.821863268E+02  0.000000000E+00  2.042476946E-03 
      1383  4.830569049E+02  0.000000000E+00  1.945515352E-03 
      1384  4.839345862E+02  0.000000000E+00  1.847734553E-03 
      1385  4.848194287E+02  0.000000000E+00  1.749121499E-03 
      1386  4.857114908E+02  0.000000000E+00  1.649660625E-03 
      1387  4.866108314E+02  0.000000000E+00  1.549332918E-03 
      1388  4.875175099E+02  0.000000000E+00  1.448114633E-03 
      1389  4.884315862E+02  0.000000000E+00  1.345975501E-03 
      1390  4.893531206E+02  0.000000000E+00  1.242876234E-03 
      1391  4.902821741E+02  0.000000000E+00  1.138765048E-03 
      1392  4.912188078E+02  0.000000000E+00  1.033572802E-03 
      1393  4.921630837E+02  0.000000000E+00  9.272061745E-04 
      1394  4.931150642E+02  0.000000000E+00  8.195380918E-04 
      1395  4.940748120E+02  0.000000000E+00  7.103942313E-04 
      1396  4.950423907E+02  0.000000000E+00  5.995339824E-04 
      1397  4.960178639E+02  0.000000000E+00  4.866234998E-04 
      1398  4.970012963E+02  0.000000000E+00  3.711974611E-04 
      1399  4.979927527E+02  0.000000000E+00  2.526075769E-04 
      1400  4.989922986E+02  0.000000000E+00  1.294922483E-04 
      1401  5.000000000E+02  0.000000000E+00  6.629421173E-05 
