nodenumber     x-coordinate     y-coordinate           udm-10 
         1  0.000000000E+00  0.000000000E+00 -6.714525086E-05 
         2  1.007701384E+00  0.000000000E+00 -1.338595528E-04 
         3  2.007247274E+00  0.000000000E+00 -2.658174356E-04 
         4  2.998703673E+00  0.000000000E+00 -3.963692994E-04 
         5  3.982136051E+00  0.000000000E+00 -5.259500465E-04 
         6  4.957609346E+00  0.000000000E+00 -6.545472651E-04 
         7  5.925187975E+00  0.000000000E+00 -7.821573753E-04 
         8  6.884935829E+00  0.000000000E+00 -9.087808162E-04 
         9  7.836916284E+00  0.000000000E+00 -1.034420841E-03 
        10  8.781192203E+00  0.000000000E+00 -1.159082654E-03 
        11  9.717825941E+00  0.000000000E+00 -1.282772797E-03 
        12  1.064687935E+01  0.000000000E+00 -1.405498722E-03 
        13  1.156841377E+01  0.000000000E+00 -1.527268485E-03 
        14  1.248249006E+01  0.000000000E+00 -1.648090531E-03 
        15  1.338916858E+01  0.000000000E+00 -1.767973536E-03 
        16  1.428850920E+01  0.000000000E+00 -1.886926303E-03 
        17  1.518057130E+01  0.000000000E+00 -2.004957679E-03 
        18  1.606541380E+01  0.000000000E+00 -2.122076504E-03 
        19  1.694309512E+01  0.000000000E+00 -2.238291571E-03 
        20  1.781367322E+01  0.000000000E+00 -2.353611597E-03 
        21  1.867720559E+01  0.000000000E+00 -2.468045204E-03 
        22  1.953374925E+01  0.000000000E+00 -2.581600910E-03 
        23  2.038336076E+01  0.000000000E+00 -2.694287114E-03 
        24  2.122609622E+01  0.000000000E+00 -2.806112098E-03 
        25  2.206201128E+01  0.000000000E+00 -2.917084017E-03 
        26  2.289116114E+01  0.000000000E+00 -3.027210900E-03 
        27  2.371360056E+01  0.000000000E+00 -3.136500652E-03 
        28  2.452938383E+01  0.000000000E+00 -3.244961052E-03 
        29  2.533856484E+01  0.000000000E+00 -3.352599753E-03 
        30  2.614119701E+01  0.000000000E+00 -3.459424288E-03 
        31  2.693733335E+01  0.000000000E+00 -3.565442066E-03 
        32  2.772702642E+01  0.000000000E+00 -3.670660380E-03 
        33  2.851032837E+01  0.000000000E+00 -3.775086406E-03 
        34  2.928729093E+01  0.000000000E+00 -3.878727205E-03 
        35  3.005796541E+01  0.000000000E+00 -3.981589729E-03 
        36  3.082240268E+01  0.000000000E+00 -4.083680817E-03 
        37  3.158065324E+01  0.000000000E+00 -4.185007207E-03 
        38  3.233276716E+01  0.000000000E+00 -4.285575528E-03 
        39  3.307879409E+01  0.000000000E+00 -4.385392312E-03 
        40  3.381878330E+01  0.000000000E+00 -4.484463988E-03 
        41  3.455278365E+01  0.000000000E+00 -4.582796892E-03 
        42  3.528084362E+01  0.000000000E+00 -4.680397264E-03 
        43  3.600301127E+01  0.000000000E+00 -4.777271254E-03 
        44  3.671933431E+01  0.000000000E+00 -4.873424922E-03 
        45  3.742986002E+01  0.000000000E+00 -4.968864240E-03 
        46  3.813463533E+01  0.000000000E+00 -5.063595096E-03 
        47  3.883370678E+01  0.000000000E+00 -5.157623297E-03 
        48  3.952712052E+01  0.000000000E+00 -5.250954568E-03 
        49  4.021492235E+01  0.000000000E+00 -5.343594555E-03 
        50  4.089715769E+01  0.000000000E+00 -5.435548831E-03 
        51  4.157387159E+01  0.000000000E+00 -5.526822891E-03 
        52  4.224510872E+01  0.000000000E+00 -5.617422160E-03 
        53  4.291091342E+01  0.000000000E+00 -5.707351994E-03 
        54  4.357132966E+01  0.000000000E+00 -5.796617677E-03 
        55  4.422640104E+01  0.000000000E+00 -5.885224431E-03 
        56  4.487617081E+01  0.000000000E+00 -5.973177408E-03 
        57  4.552068189E+01  0.000000000E+00 -6.060481702E-03 
        58  4.615997684E+01  0.000000000E+00 -6.147142343E-03 
        59  4.679409786E+01  0.000000000E+00 -6.233164302E-03 
        60  4.742308684E+01  0.000000000E+00 -6.318552492E-03 
        61  4.804698530E+01  0.000000000E+00 -6.403311769E-03 
        62  4.866583446E+01  0.000000000E+00 -6.487446937E-03 
        63  4.927967516E+01  0.000000000E+00 -6.570962742E-03 
        64  4.988854795E+01  0.000000000E+00 -6.653863883E-03 
        65  5.049249303E+01  0.000000000E+00 -6.736155006E-03 
        66  5.109155028E+01  0.000000000E+00 -6.817840709E-03 
        67  5.168575926E+01  0.000000000E+00 -6.898925541E-03 
        68  5.227515921E+01  0.000000000E+00 -6.979414008E-03 
        69  5.285978905E+01  0.000000000E+00 -7.059310568E-03 
        70  5.343968738E+01  0.000000000E+00 -7.138619640E-03 
        71  5.401489250E+01  0.000000000E+00 -7.217345597E-03 
        72  5.458544238E+01  0.000000000E+00 -7.295492773E-03 
        73  5.515137472E+01  0.000000000E+00 -7.373065464E-03 
        74  5.571272686E+01  0.000000000E+00 -7.450067928E-03 
        75  5.626953590E+01  0.000000000E+00 -7.526504386E-03 
        76  5.682183858E+01  0.000000000E+00 -7.602379024E-03 
        77  5.736967139E+01  0.000000000E+00 -7.677695996E-03 
        78  5.791307049E+01  0.000000000E+00 -7.752459425E-03 
        79  5.845207178E+01  0.000000000E+00 -7.826673401E-03 
        80  5.898671083E+01  0.000000000E+00 -7.900341989E-03 
        81  5.951702297E+01  0.000000000E+00 -7.973469226E-03 
        82  6.004304320E+01  0.000000000E+00 -8.046059125E-03 
        83  6.056480627E+01  0.000000000E+00 -8.118115677E-03 
        84  6.108234661E+01  0.000000000E+00 -8.189642851E-03 
        85  6.159569842E+01  0.000000000E+00 -8.260644601E-03 
        86  6.210489559E+01  0.000000000E+00 -8.331124864E-03 
        87  6.260997174E+01  0.000000000E+00 -8.401087568E-03 
        88  6.311096022E+01  0.000000000E+00 -8.470536627E-03 
        89  6.360789412E+01  0.000000000E+00 -8.539475956E-03 
        90  6.410080625E+01  0.000000000E+00 -8.607909463E-03 
        91  6.458972916E+01  0.000000000E+00 -8.675841063E-03 
        92  6.507469514E+01  0.000000000E+00 -8.743274677E-03 
        93  6.555573621E+01  0.000000000E+00 -8.810214239E-03 
        94  6.603288413E+01  0.000000000E+00 -8.876663702E-03 
        95  6.650617042E+01  0.000000000E+00 -8.942627044E-03 
        96  6.697562632E+01  0.000000000E+00 -9.008108279E-03 
        97  6.744128283E+01  0.000000000E+00 -9.073111457E-03 
        98  6.790317071E+01  0.000000000E+00 -9.137640681E-03 
        99  6.836132046E+01  0.000000000E+00 -9.201700113E-03 
       100  6.881576232E+01  0.000000000E+00 -9.265293986E-03 
       101  6.926652631E+01  0.000000000E+00 -9.328426615E-03 
       102  6.971364219E+01  0.000000000E+00 -9.391102413E-03 
       103  7.015713949E+01  0.000000000E+00 -9.453325904E-03 
       104  7.059704749E+01  0.000000000E+00 -9.515101741E-03 
       105  7.103339524E+01  0.000000000E+00 -9.576434723E-03 
       106  7.146621156E+01  0.000000000E+00 -9.637329817E-03 
       107  7.189552503E+01  0.000000000E+00 -9.697792179E-03 
       108  7.232136399E+01  0.000000000E+00 -9.757827179E-03 
       109  7.274375656E+01  0.000000000E+00 -9.817440429E-03 
       110  7.316273064E+01  0.000000000E+00 -9.876637813E-03 
       111  7.357831389E+01  0.000000000E+00 -9.935425518E-03 
       112  7.399053376E+01  0.000000000E+00 -9.993810071E-03 
       113  7.439941746E+01  0.000000000E+00 -1.005179838E-02 
       114  7.480499201E+01  0.000000000E+00 -1.010939778E-02 
       115  7.520728416E+01  0.000000000E+00 -1.016661606E-02 
       116  7.560632051E+01  0.000000000E+00 -1.022346156E-02 
       117  7.600212738E+01  0.000000000E+00 -1.027994317E-02 
       118  7.639473092E+01  0.000000000E+00 -1.033607043E-02 
       119  7.678415706E+01  0.000000000E+00 -1.039185360E-02 
       120  7.717043151E+01  0.000000000E+00 -1.044730369E-02 
       121  7.755357977E+01  0.000000000E+00 -1.050243260E-02 
       122  7.793362715E+01  0.000000000E+00 -1.055725315E-02 
       123  7.831059875E+01  0.000000000E+00 -1.061177921E-02 
       124  7.868451945E+01  0.000000000E+00 -1.066602577E-02 
       125  7.905541395E+01  0.000000000E+00 -1.072000909E-02 
       126  7.942330674E+01  0.000000000E+00 -1.077374676E-02 
       127  7.978822211E+01  0.000000000E+00 -1.082725789E-02 
       128  8.015018416E+01  0.000000000E+00 -1.088056319E-02 
       129  8.050921679E+01  0.000000000E+00 -1.093368514E-02 
       130  8.086534371E+01  0.000000000E+00 -1.098664817E-02 
       131  8.121858844E+01  0.000000000E+00 -1.103947878E-02 
       132  8.156897429E+01  0.000000000E+00 -1.109220575E-02 
       133  8.191652442E+01  0.000000000E+00 -1.114486034E-02 
       134  8.226126177E+01  0.000000000E+00 -1.119747649E-02 
       135  8.260320909E+01  0.000000000E+00 -1.125009102E-02 
       136  8.294238899E+01  0.000000000E+00 -1.130274390E-02 
       137  8.327882384E+01  0.000000000E+00 -1.135547848E-02 
       138  8.361253587E+01  0.000000000E+00 -1.140834177E-02 
       139  8.394354712E+01  0.000000000E+00 -1.146138473E-02 
       140  8.427187943E+01  0.000000000E+00 -1.151466255E-02 
       141  8.459755450E+01  0.000000000E+00 -1.156823500E-02 
       142  8.492059382E+01  0.000000000E+00 -1.162216676E-02 
       143  8.524101873E+01  0.000000000E+00 -1.167652779E-02 
       144  8.555885039E+01  0.000000000E+00 -1.173139371E-02 
       145  8.587410979E+01  0.000000000E+00 -1.178684621E-02 
       146  8.618681774E+01  0.000000000E+00 -1.184297345E-02 
       147  8.649699489E+01  0.000000000E+00 -1.189987059E-02 
       148  8.680466173E+01  0.000000000E+00 -1.195764017E-02 
       149  8.710983857E+01  0.000000000E+00 -1.201639271E-02 
       150  8.741254556E+01  0.000000000E+00 -1.207624715E-02 
       151  8.771280270E+01  0.000000000E+00 -1.213733147E-02 
       152  8.801062980E+01  0.000000000E+00 -1.219978327E-02 
       153  8.830604654E+01  0.000000000E+00 -1.226375034E-02 
       154  8.859907242E+01  0.000000000E+00 -1.232939137E-02 
       155  8.888972679E+01  0.000000000E+00 -1.239687656E-02 
       156  8.917802885E+01  0.000000000E+00 -1.246638836E-02 
       157  8.946399764E+01  0.000000000E+00 -1.253812220E-02 
       158  8.974765203E+01  0.000000000E+00 -1.261228726E-02 
       159  9.002901076E+01  0.000000000E+00 -1.268910729E-02 
       160  9.030809241E+01  0.000000000E+00 -1.276882138E-02 
       161  9.058491540E+01  0.000000000E+00 -1.285168492E-02 
       162  9.085949802E+01  0.000000000E+00 -1.293797043E-02 
       163  9.113185839E+01  0.000000000E+00 -1.302796853E-02 
       164  9.140201451E+01  0.000000000E+00 -1.312198891E-02 
       165  9.166998421E+01  0.000000000E+00 -1.322036133E-02 
       166  9.193578518E+01  0.000000000E+00 -1.332343664E-02 
       167  9.219943499E+01  0.000000000E+00 -1.343158790E-02 
       168  9.246095103E+01  0.000000000E+00 -1.354521146E-02 
       169  9.272035058E+01  0.000000000E+00 -1.366472812E-02 
       170  9.297765077E+01  0.000000000E+00 -1.379058432E-02 
       171  9.323286858E+01  0.000000000E+00 -1.392324634E-02 
       172  9.348602087E+01  0.000000000E+00 -1.406322319E-02 
       173  9.373712436E+01  0.000000000E+00 -1.420750104E-02 
       174  9.398619563E+01  0.000000000E+00 -1.435948184E-02 
       175  9.423325112E+01  0.000000000E+00 -1.452324039E-02 
       176  9.447830715E+01  0.000000000E+00 -1.481219024E-02 
       177  9.472137990E+01  0.000000000E+00 -1.510623030E-02 
       178  9.496248543E+01  0.000000000E+00 -1.529337084E-02 
       179  9.520163964E+01  0.000000000E+00 -1.549035516E-02 
       180  9.543885834E+01  0.000000000E+00 -1.569300556E-02 
       181  9.567415720E+01  0.000000000E+00 -1.591013100E-02 
       182  9.590755173E+01  0.000000000E+00 -1.614798812E-02 
       183  9.613905737E+01  0.000000000E+00 -1.640186251E-02 
       184  9.636868940E+01  0.000000000E+00 -1.667068757E-02 
       185  9.659646297E+01  0.000000000E+00 -1.695539691E-02 
       186  9.682239314E+01  0.000000000E+00 -1.725697045E-02 
       187  9.704649481E+01  0.000000000E+00 -1.757657379E-02 
       188  9.726878279E+01  0.000000000E+00 -1.791561966E-02 
       189  9.748927176E+01  0.000000000E+00 -1.827596455E-02 
       190  9.770797628E+01  0.000000000E+00 -1.865822863E-02 
       191  9.792491078E+01  0.000000000E+00 -1.906448599E-02 
       192  9.814008960E+01  0.000000000E+00 -1.949540005E-02 
       193  9.835352693E+01  0.000000000E+00 -1.995087556E-02 
       194  9.856523689E+01  0.000000000E+00 -2.043341302E-02 
       195  9.877523344E+01  0.000000000E+00 -2.094034732E-02 
       196  9.898353045E+01  0.000000000E+00 -2.147674158E-02 
       197  9.919014168E+01  0.000000000E+00 -2.204839041E-02 
       198  9.939508077E+01  0.000000000E+00 -2.265364743E-02 
       199  9.959836126E+01  0.000000000E+00 -2.329439835E-02 
       200  9.979999657E+01  0.000000000E+00 -2.397262994E-02 
       201  1.000000000E+02  0.000000000E+00 -2.304575960E-02 
       202  1.002500000E+02  0.000000000E+00 -2.158833984E-02 
       203  1.005000000E+02  0.000000000E+00 -2.183003881E-02 
       204  1.007500000E+02  0.000000000E+00 -2.202439906E-02 
       205  1.010000000E+02  0.000000000E+00 -2.218685342E-02 
       206  1.012500000E+02  0.000000000E+00 -2.232573550E-02 
       207  1.015000000E+02  0.000000000E+00 -2.244632454E-02 
       208  1.017500000E+02  0.000000000E+00 -2.255229709E-02 
       209  1.020000000E+02  0.000000000E+00 -2.264636346E-02 
       210  1.022500000E+02  0.000000000E+00 -2.273059604E-02 
       211  1.025000000E+02  0.000000000E+00 -2.280661997E-02 
       212  1.027500000E+02  0.000000000E+00 -2.287573331E-02 
       213  1.030000000E+02  0.000000000E+00 -2.293898742E-02 
       214  1.032500000E+02  0.000000000E+00 -2.299724325E-02 
       215  1.035000000E+02  0.000000000E+00 -2.305121195E-02 
       216  1.037500000E+02  0.000000000E+00 -2.310148514E-02 
       217  1.040000000E+02  0.000000000E+00 -2.314855790E-02 
       218  1.042500000E+02  0.000000000E+00 -2.319284656E-02 
       219  1.045000000E+02  0.000000000E+00 -2.323470268E-02 
       220  1.047500000E+02  0.000000000E+00 -2.327442422E-02 
       221  1.050000000E+02  0.000000000E+00 -2.331226444E-02 
       222  1.052500000E+02  0.000000000E+00 -2.334843924E-02 
       223  1.055000000E+02  0.000000000E+00 -2.338313309E-02 
       224  1.057500000E+02  0.000000000E+00 -2.341650394E-02 
       225  1.060000000E+02  0.000000000E+00 -2.344868733E-02 
       226  1.062500000E+02  0.000000000E+00 -2.347979976E-02 
       227  1.065000000E+02  0.000000000E+00 -2.350994155E-02 
       228  1.067500000E+02  0.000000000E+00 -2.353919923E-02 
       229  1.070000000E+02  0.000000000E+00 -2.356764756E-02 
       230  1.072500000E+02  0.000000000E+00 -2.359535124E-02 
       231  1.075000000E+02  0.000000000E+00 -2.362236634E-02 
       232  1.077500000E+02  0.000000000E+00 -2.364874157E-02 
       233  1.080000000E+02  0.000000000E+00 -2.367451930E-02 
       234  1.082500000E+02  0.000000000E+00 -2.369973645E-02 
       235  1.085000000E+02  0.000000000E+00 -2.372442530E-02 
       236  1.087500000E+02  0.000000000E+00 -2.374861408E-02 
       237  1.090000000E+02  0.000000000E+00 -2.377232757E-02 
       238  1.092500000E+02  0.000000000E+00 -2.379558759E-02 
       239  1.095000000E+02  0.000000000E+00 -2.381841338E-02 
       240  1.097500000E+02  0.000000000E+00 -2.384082198E-02 
       241  1.100000000E+02  0.000000000E+00 -2.386282854E-02 
       242  1.102500000E+02  0.000000000E+00 -2.388444653E-02 
       243  1.105000000E+02  0.000000000E+00 -2.390568803E-02 
       244  1.107500000E+02  0.000000000E+00 -2.392656391E-02 
       245  1.110000000E+02  0.000000000E+00 -2.394708396E-02 
       246  1.112500000E+02  0.000000000E+00 -2.396725707E-02 
       247  1.115000000E+02  0.000000000E+00 -2.398709134E-02 
       248  1.117500000E+02  0.000000000E+00 -2.400659418E-02 
       249  1.120000000E+02  0.000000000E+00 -2.402577245E-02 
       250  1.122500000E+02  0.000000000E+00 -2.404463245E-02 
       251  1.125000000E+02  0.000000000E+00 -2.406318007E-02 
       252  1.127500000E+02  0.000000000E+00 -2.408142081E-02 
       253  1.130000000E+02  0.000000000E+00 -2.409935986E-02 
       254  1.132500000E+02  0.000000000E+00 -2.411700208E-02 
       255  1.135000000E+02  0.000000000E+00 -2.413435214E-02 
       256  1.137500000E+02  0.000000000E+00 -2.415141443E-02 
       257  1.140000000E+02  0.000000000E+00 -2.416819321E-02 
       258  1.142500000E+02  0.000000000E+00 -2.418469254E-02 
       259  1.145000000E+02  0.000000000E+00 -2.420091635E-02 
       260  1.147500000E+02  0.000000000E+00 -2.421686845E-02 
       261  1.150000000E+02  0.000000000E+00 -2.423255253E-02 
       262  1.152500000E+02  0.000000000E+00 -2.424797219E-02 
       263  1.155000000E+02  0.000000000E+00 -2.426313096E-02 
       264  1.157500000E+02  0.000000000E+00 -2.427803226E-02 
       265  1.160000000E+02  0.000000000E+00 -2.429267948E-02 
       266  1.162500000E+02  0.000000000E+00 -2.430707594E-02 
       267  1.165000000E+02  0.000000000E+00 -2.432122489E-02 
       268  1.167500000E+02  0.000000000E+00 -2.433512957E-02 
       269  1.170000000E+02  0.000000000E+00 -2.434879313E-02 
       270  1.172500000E+02  0.000000000E+00 -2.436221872E-02 
       271  1.175000000E+02  0.000000000E+00 -2.437540945E-02 
       272  1.177500000E+02  0.000000000E+00 -2.438836837E-02 
       273  1.180000000E+02  0.000000000E+00 -2.440109853E-02 
       274  1.182500000E+02  0.000000000E+00 -2.441360293E-02 
       275  1.185000000E+02  0.000000000E+00 -2.442588456E-02 
       276  1.187500000E+02  0.000000000E+00 -2.443794638E-02 
       277  1.190000000E+02  0.000000000E+00 -2.444979131E-02 
       278  1.192500000E+02  0.000000000E+00 -2.446142227E-02 
       279  1.195000000E+02  0.000000000E+00 -2.447284214E-02 
       280  1.197500000E+02  0.000000000E+00 -2.448405379E-02 
       281  1.200000000E+02  0.000000000E+00 -2.449506006E-02 
       282  1.202500000E+02  0.000000000E+00 -2.450586377E-02 
       283  1.205000000E+02  0.000000000E+00 -2.451646773E-02 
       284  1.207500000E+02  0.000000000E+00 -2.452687470E-02 
       285  1.210000000E+02  0.000000000E+00 -2.453708745E-02 
       286  1.212500000E+02  0.000000000E+00 -2.454710871E-02 
       287  1.215000000E+02  0.000000000E+00 -2.455694121E-02 
       288  1.217500000E+02  0.000000000E+00 -2.456658762E-02 
       289  1.220000000E+02  0.000000000E+00 -2.457605064E-02 
       290  1.222500000E+02  0.000000000E+00 -2.458533290E-02 
       291  1.225000000E+02  0.000000000E+00 -2.459443704E-02 
       292  1.227500000E+02  0.000000000E+00 -2.460336567E-02 
       293  1.230000000E+02  0.000000000E+00 -2.461212137E-02 
       294  1.232500000E+02  0.000000000E+00 -2.462070671E-02 
       295  1.235000000E+02  0.000000000E+00 -2.462912422E-02 
       296  1.237500000E+02  0.000000000E+00 -2.463737643E-02 
       297  1.240000000E+02  0.000000000E+00 -2.464546583E-02 
       298  1.242500000E+02  0.000000000E+00 -2.465339490E-02 
       299  1.245000000E+02  0.000000000E+00 -2.466116607E-02 
       300  1.247500000E+02  0.000000000E+00 -2.466878178E-02 
       301  1.250000000E+02  0.000000000E+00 -2.467624442E-02 
       302  1.252500000E+02  0.000000000E+00 -2.468355637E-02 
       303  1.255000000E+02  0.000000000E+00 -2.469071998E-02 
       304  1.257500000E+02  0.000000000E+00 -2.469773757E-02 
       305  1.260000000E+02  0.000000000E+00 -2.470461145E-02 
       306  1.262500000E+02  0.000000000E+00 -2.471134390E-02 
       307  1.265000000E+02  0.000000000E+00 -2.471793715E-02 
       308  1.267500000E+02  0.000000000E+00 -2.472439344E-02 
       309  1.270000000E+02  0.000000000E+00 -2.473071496E-02 
       310  1.272500000E+02  0.000000000E+00 -2.473690389E-02 
       311  1.275000000E+02  0.000000000E+00 -2.474296236E-02 
       312  1.277500000E+02  0.000000000E+00 -2.474889250E-02 
       313  1.280000000E+02  0.000000000E+00 -2.475469640E-02 
       314  1.282500000E+02  0.000000000E+00 -2.476037612E-02 
       315  1.285000000E+02  0.000000000E+00 -2.476593369E-02 
       316  1.287500000E+02  0.000000000E+00 -2.477137114E-02 
       317  1.290000000E+02  0.000000000E+00 -2.477669043E-02 
       318  1.292500000E+02  0.000000000E+00 -2.478189353E-02 
       319  1.295000000E+02  0.000000000E+00 -2.478698236E-02 
       320  1.297500000E+02  0.000000000E+00 -2.479195882E-02 
       321  1.300000000E+02  0.000000000E+00 -2.479682478E-02 
       322  1.302500000E+02  0.000000000E+00 -2.480158208E-02 
       323  1.305000000E+02  0.000000000E+00 -2.480623255E-02 
       324  1.307500000E+02  0.000000000E+00 -2.481077795E-02 
       325  1.310000000E+02  0.000000000E+00 -2.481522007E-02 
       326  1.312500000E+02  0.000000000E+00 -2.481956061E-02 
       327  1.315000000E+02  0.000000000E+00 -2.482380129E-02 
       328  1.317500000E+02  0.000000000E+00 -2.482794378E-02 
       329  1.320000000E+02  0.000000000E+00 -2.483198972E-02 
       330  1.322500000E+02  0.000000000E+00 -2.483594073E-02 
       331  1.325000000E+02  0.000000000E+00 -2.483979839E-02 
       332  1.327500000E+02  0.000000000E+00 -2.484356427E-02 
       333  1.330000000E+02  0.000000000E+00 -2.484723989E-02 
       334  1.332500000E+02  0.000000000E+00 -2.485082676E-02 
       335  1.335000000E+02  0.000000000E+00 -2.485432635E-02 
       336  1.337500000E+02  0.000000000E+00 -2.485774011E-02 
       337  1.340000000E+02  0.000000000E+00 -2.486106945E-02 
       338  1.342500000E+02  0.000000000E+00 -2.486431576E-02 
       339  1.345000000E+02  0.000000000E+00 -2.486748040E-02 
       340  1.347500000E+02  0.000000000E+00 -2.487056469E-02 
       341  1.350000000E+02  0.000000000E+00 -2.487356995E-02 
       342  1.352500000E+02  0.000000000E+00 -2.487649744E-02 
       343  1.355000000E+02  0.000000000E+00 -2.487934842E-02 
       344  1.357500000E+02  0.000000000E+00 -2.488212410E-02 
       345  1.360000000E+02  0.000000000E+00 -2.488482566E-02 
       346  1.362500000E+02  0.000000000E+00 -2.488745428E-02 
       347  1.365000000E+02  0.000000000E+00 -2.489001107E-02 
       348  1.367500000E+02  0.000000000E+00 -2.489249716E-02 
       349  1.370000000E+02  0.000000000E+00 -2.489491361E-02 
       350  1.372500000E+02  0.000000000E+00 -2.489726147E-02 
       351  1.375000000E+02  0.000000000E+00 -2.489954176E-02 
       352  1.377500000E+02  0.000000000E+00 -2.490175549E-02 
       353  1.380000000E+02  0.000000000E+00 -2.490390360E-02 
       354  1.382500000E+02  0.000000000E+00 -2.490598705E-02 
       355  1.385000000E+02  0.000000000E+00 -2.490800674E-02 
       356  1.387500000E+02  0.000000000E+00 -2.490996355E-02 
       357  1.390000000E+02  0.000000000E+00 -2.491185834E-02 
       358  1.392500000E+02  0.000000000E+00 -2.491369193E-02 
       359  1.395000000E+02  0.000000000E+00 -2.491546513E-02 
       360  1.397500000E+02  0.000000000E+00 -2.491717870E-02 
       361  1.400000000E+02  0.000000000E+00 -2.491883340E-02 
       362  1.402500000E+02  0.000000000E+00 -2.492042995E-02 
       363  1.405000000E+02  0.000000000E+00 -2.492196902E-02 
       364  1.407500000E+02  0.000000000E+00 -2.492345129E-02 
       365  1.410000000E+02  0.000000000E+00 -2.492487740E-02 
       366  1.412500000E+02  0.000000000E+00 -2.492624795E-02 
       367  1.415000000E+02  0.000000000E+00 -2.492756353E-02 
       368  1.417500000E+02  0.000000000E+00 -2.492882469E-02 
       369  1.420000000E+02  0.000000000E+00 -2.493003196E-02 
       370  1.422500000E+02  0.000000000E+00 -2.493118585E-02 
       371  1.425000000E+02  0.000000000E+00 -2.493228682E-02 
       372  1.427500000E+02  0.000000000E+00 -2.493333534E-02 
       373  1.430000000E+02  0.000000000E+00 -2.493433181E-02 
       374  1.432500000E+02  0.000000000E+00 -2.493527665E-02 
       375  1.435000000E+02  0.000000000E+00 -2.493617020E-02 
       376  1.437500000E+02  0.000000000E+00 -2.493701283E-02 
       377  1.440000000E+02  0.000000000E+00 -2.493780484E-02 
       378  1.442500000E+02  0.000000000E+00 -2.493854652E-02 
       379  1.445000000E+02  0.000000000E+00 -2.493923813E-02 
       380  1.447500000E+02  0.000000000E+00 -2.493987991E-02 
       381  1.450000000E+02  0.000000000E+00 -2.494047207E-02 
       382  1.452500000E+02  0.000000000E+00 -2.494101478E-02 
       383  1.455000000E+02  0.000000000E+00 -2.494150822E-02 
       384  1.457500000E+02  0.000000000E+00 -2.494195249E-02 
       385  1.460000000E+02  0.000000000E+00 -2.494234771E-02 
       386  1.462500000E+02  0.000000000E+00 -2.494269396E-02 
       387  1.465000000E+02  0.000000000E+00 -2.494299127E-02 
       388  1.467500000E+02  0.000000000E+00 -2.494323968E-02 
       389  1.470000000E+02  0.000000000E+00 -2.494343917E-02 
       390  1.472500000E+02  0.000000000E+00 -2.494358971E-02 
       391  1.475000000E+02  0.000000000E+00 -2.494369126E-02 
       392  1.477500000E+02  0.000000000E+00 -2.494374371E-02 
       393  1.480000000E+02  0.000000000E+00 -2.494374696E-02 
       394  1.482500000E+02  0.000000000E+00 -2.494370087E-02 
       395  1.485000000E+02  0.000000000E+00 -2.494360527E-02 
       396  1.487500000E+02  0.000000000E+00 -2.494345996E-02 
       397  1.490000000E+02  0.000000000E+00 -2.494326473E-02 
       398  1.492500000E+02  0.000000000E+00 -2.494301933E-02 
       399  1.495000000E+02  0.000000000E+00 -2.494272348E-02 
       400  1.497500000E+02  0.000000000E+00 -2.494237687E-02 
       401  1.500000000E+02  0.000000000E+00 -2.494197917E-02 
       402  1.502500000E+02  0.000000000E+00 -2.494153003E-02 
       403  1.505000000E+02  0.000000000E+00 -2.494102906E-02 
       404  1.507500000E+02  0.000000000E+00 -2.494047583E-02 
       405  1.510000000E+02  0.000000000E+00 -2.493986992E-02 
       406  1.512500000E+02  0.000000000E+00 -2.493921084E-02 
       407  1.515000000E+02  0.000000000E+00 -2.493849810E-02 
       408  1.517500000E+02  0.000000000E+00 -2.493773117E-02 
       409  1.520000000E+02  0.000000000E+00 -2.493690950E-02 
       410  1.522500000E+02  0.000000000E+00 -2.493603249E-02 
       411  1.525000000E+02  0.000000000E+00 -2.493509953E-02 
       412  1.527500000E+02  0.000000000E+00 -2.493410998E-02 
       413  1.530000000E+02  0.000000000E+00 -2.493306317E-02 
       414  1.532500000E+02  0.000000000E+00 -2.493195840E-02 
       415  1.535000000E+02  0.000000000E+00 -2.493079493E-02 
       416  1.537500000E+02  0.000000000E+00 -2.492957201E-02 
       417  1.540000000E+02  0.000000000E+00 -2.492828884E-02 
       418  1.542500000E+02  0.000000000E+00 -2.492694461E-02 
       419  1.545000000E+02  0.000000000E+00 -2.492553847E-02 
       420  1.547500000E+02  0.000000000E+00 -2.492406953E-02 
       421  1.550000000E+02  0.000000000E+00 -2.492253689E-02 
       422  1.552500000E+02  0.000000000E+00 -2.492093960E-02 
       423  1.555000000E+02  0.000000000E+00 -2.491927671E-02 
       424  1.557500000E+02  0.000000000E+00 -2.491754719E-02 
       425  1.560000000E+02  0.000000000E+00 -2.491575003E-02 
       426  1.562500000E+02  0.000000000E+00 -2.491388416E-02 
       427  1.565000000E+02  0.000000000E+00 -2.491194848E-02 
       428  1.567500000E+02  0.000000000E+00 -2.490994187E-02 
       429  1.570000000E+02  0.000000000E+00 -2.490786317E-02 
       430  1.572500000E+02  0.000000000E+00 -2.490571119E-02 
       431  1.575000000E+02  0.000000000E+00 -2.490348472E-02 
       432  1.577500000E+02  0.000000000E+00 -2.490118249E-02 
       433  1.580000000E+02  0.000000000E+00 -2.489880323E-02 
       434  1.582500000E+02  0.000000000E+00 -2.489634561E-02 
       435  1.585000000E+02  0.000000000E+00 -2.489380830E-02 
       436  1.587500000E+02  0.000000000E+00 -2.489118989E-02 
       437  1.590000000E+02  0.000000000E+00 -2.488848899E-02 
       438  1.592500000E+02  0.000000000E+00 -2.488570415E-02 
       439  1.595000000E+02  0.000000000E+00 -2.488283387E-02 
       440  1.597500000E+02  0.000000000E+00 -2.487987666E-02 
       441  1.600000000E+02  0.000000000E+00 -2.487683096E-02 
       442  1.602500000E+02  0.000000000E+00 -2.487369519E-02 
       443  1.605000000E+02  0.000000000E+00 -2.487046774E-02 
       444  1.607500000E+02  0.000000000E+00 -2.486714696E-02 
       445  1.610000000E+02  0.000000000E+00 -2.486373118E-02 
       446  1.612500000E+02  0.000000000E+00 -2.486021867E-02 
       447  1.615000000E+02  0.000000000E+00 -2.485660769E-02 
       448  1.617500000E+02  0.000000000E+00 -2.485289646E-02 
       449  1.620000000E+02  0.000000000E+00 -2.484908316E-02 
       450  1.622500000E+02  0.000000000E+00 -2.484516594E-02 
       451  1.625000000E+02  0.000000000E+00 -2.484114291E-02 
       452  1.627500000E+02  0.000000000E+00 -2.483701216E-02 
       453  1.630000000E+02  0.000000000E+00 -2.483277173E-02 
       454  1.632500000E+02  0.000000000E+00 -2.482841964E-02 
       455  1.635000000E+02  0.000000000E+00 -2.482395386E-02 
       456  1.637500000E+02  0.000000000E+00 -2.481937233E-02 
       457  1.640000000E+02  0.000000000E+00 -2.481467297E-02 
       458  1.642500000E+02  0.000000000E+00 -2.480985364E-02 
       459  1.645000000E+02  0.000000000E+00 -2.480491220E-02 
       460  1.647500000E+02  0.000000000E+00 -2.479984643E-02 
       461  1.650000000E+02  0.000000000E+00 -2.479465413E-02 
       462  1.652500000E+02  0.000000000E+00 -2.478933301E-02 
       463  1.655000000E+02  0.000000000E+00 -2.478388078E-02 
       464  1.657500000E+02  0.000000000E+00 -2.477829512E-02 
       465  1.660000000E+02  0.000000000E+00 -2.477257365E-02 
       466  1.662500000E+02  0.000000000E+00 -2.476671398E-02 
       467  1.665000000E+02  0.000000000E+00 -2.476071366E-02 
       468  1.667500000E+02  0.000000000E+00 -2.475457023E-02 
       469  1.670000000E+02  0.000000000E+00 -2.474828119E-02 
       470  1.672500000E+02  0.000000000E+00 -2.474184400E-02 
       471  1.675000000E+02  0.000000000E+00 -2.473525609E-02 
       472  1.677500000E+02  0.000000000E+00 -2.472851486E-02 
       473  1.680000000E+02  0.000000000E+00 -2.472161767E-02 
       474  1.682500000E+02  0.000000000E+00 -2.471456185E-02 
       475  1.685000000E+02  0.000000000E+00 -2.470734470E-02 
       476  1.687500000E+02  0.000000000E+00 -2.469996349E-02 
       477  1.690000000E+02  0.000000000E+00 -2.469241544E-02 
       478  1.692500000E+02  0.000000000E+00 -2.468469776E-02 
       479  1.695000000E+02  0.000000000E+00 -2.467680761E-02 
       480  1.697500000E+02  0.000000000E+00 -2.466874214E-02 
       481  1.700000000E+02  0.000000000E+00 -2.466049845E-02 
       482  1.702500000E+02  0.000000000E+00 -2.465207362E-02 
       483  1.705000000E+02  0.000000000E+00 -2.464346468E-02 
       484  1.707500000E+02  0.000000000E+00 -2.463466866E-02 
       485  1.710000000E+02  0.000000000E+00 -2.462568255E-02 
       486  1.712500000E+02  0.000000000E+00 -2.461650328E-02 
       487  1.715000000E+02  0.000000000E+00 -2.460712781E-02 
       488  1.717500000E+02  0.000000000E+00 -2.459755301E-02 
       489  1.720000000E+02  0.000000000E+00 -2.458777577E-02 
       490  1.722500000E+02  0.000000000E+00 -2.457779292E-02 
       491  1.725000000E+02  0.000000000E+00 -2.456760129E-02 
       492  1.727500000E+02  0.000000000E+00 -2.455719767E-02 
       493  1.730000000E+02  0.000000000E+00 -2.454657881E-02 
       494  1.732500000E+02  0.000000000E+00 -2.453574146E-02 
       495  1.735000000E+02  0.000000000E+00 -2.452468233E-02 
       496  1.737500000E+02  0.000000000E+00 -2.451339812E-02 
       497  1.740000000E+02  0.000000000E+00 -2.450188548E-02 
       498  1.742500000E+02  0.000000000E+00 -2.449014107E-02 
       499  1.745000000E+02  0.000000000E+00 -2.447816152E-02 
       500  1.747500000E+02  0.000000000E+00 -2.446594341E-02 
       501  1.750000000E+02  0.000000000E+00 -2.445348333E-02 
       502  1.752500000E+02  0.000000000E+00 -2.444077784E-02 
       503  1.755000000E+02  0.000000000E+00 -2.442782349E-02 
       504  1.757500000E+02  0.000000000E+00 -2.441461680E-02 
       505  1.760000000E+02  0.000000000E+00 -2.440115428E-02 
       506  1.762500000E+02  0.000000000E+00 -2.438743241E-02 
       507  1.765000000E+02  0.000000000E+00 -2.437344767E-02 
       508  1.767500000E+02  0.000000000E+00 -2.435919651E-02 
       509  1.770000000E+02  0.000000000E+00 -2.434467540E-02 
       510  1.772500000E+02  0.000000000E+00 -2.432988074E-02 
       511  1.775000000E+02  0.000000000E+00 -2.431480897E-02 
       512  1.777500000E+02  0.000000000E+00 -2.429945650E-02 
       513  1.780000000E+02  0.000000000E+00 -2.428381971E-02 
       514  1.782500000E+02  0.000000000E+00 -2.426789501E-02 
       515  1.785000000E+02  0.000000000E+00 -2.425167876E-02 
       516  1.787500000E+02  0.000000000E+00 -2.423516733E-02 
       517  1.790000000E+02  0.000000000E+00 -2.421835709E-02 
       518  1.792500000E+02  0.000000000E+00 -2.420124440E-02 
       519  1.795000000E+02  0.000000000E+00 -2.418382560E-02 
       520  1.797500000E+02  0.000000000E+00 -2.416609705E-02 
       521  1.800000000E+02  0.000000000E+00 -2.414805507E-02 
       522  1.802500000E+02  0.000000000E+00 -2.412969602E-02 
       523  1.805000000E+02  0.000000000E+00 -2.411101621E-02 
       524  1.807500000E+02  0.000000000E+00 -2.409201199E-02 
       525  1.810000000E+02  0.000000000E+00 -2.407267968E-02 
       526  1.812500000E+02  0.000000000E+00 -2.405301560E-02 
       527  1.815000000E+02  0.000000000E+00 -2.403301608E-02 
       528  1.817500000E+02  0.000000000E+00 -2.401267743E-02 
       529  1.820000000E+02  0.000000000E+00 -2.399199597E-02 
       530  1.822500000E+02  0.000000000E+00 -2.397096801E-02 
       531  1.825000000E+02  0.000000000E+00 -2.394958985E-02 
       532  1.827500000E+02  0.000000000E+00 -2.392785779E-02 
       533  1.830000000E+02  0.000000000E+00 -2.390576811E-02 
       534  1.832500000E+02  0.000000000E+00 -2.388331709E-02 
       535  1.835000000E+02  0.000000000E+00 -2.386050100E-02 
       536  1.837500000E+02  0.000000000E+00 -2.383731606E-02 
       537  1.840000000E+02  0.000000000E+00 -2.381375849E-02 
       538  1.842500000E+02  0.000000000E+00 -2.378982448E-02 
       539  1.845000000E+02  0.000000000E+00 -2.376551018E-02 
       540  1.847500000E+02  0.000000000E+00 -2.374081168E-02 
       541  1.850000000E+02  0.000000000E+00 -2.371572504E-02 
       542  1.852500000E+02  0.000000000E+00 -2.369024624E-02 
       543  1.855000000E+02  0.000000000E+00 -2.366437117E-02 
       544  1.857500000E+02  0.000000000E+00 -2.363809563E-02 
       545  1.860000000E+02  0.000000000E+00 -2.361141531E-02 
       546  1.862500000E+02  0.000000000E+00 -2.358432576E-02 
       547  1.865000000E+02  0.000000000E+00 -2.355682235E-02 
       548  1.867500000E+02  0.000000000E+00 -2.352890027E-02 
       549  1.870000000E+02  0.000000000E+00 -2.350055447E-02 
       550  1.872500000E+02  0.000000000E+00 -2.347177964E-02 
       551  1.875000000E+02  0.000000000E+00 -2.344257013E-02 
       552  1.877500000E+02  0.000000000E+00 -2.341291992E-02 
       553  1.880000000E+02  0.000000000E+00 -2.338282255E-02 
       554  1.882500000E+02  0.000000000E+00 -2.335227103E-02 
       555  1.885000000E+02  0.000000000E+00 -2.332125778E-02 
       556  1.887500000E+02  0.000000000E+00 -2.328977448E-02 
       557  1.890000000E+02  0.000000000E+00 -2.325781200E-02 
       558  1.892500000E+02  0.000000000E+00 -2.322536022E-02 
       559  1.895000000E+02  0.000000000E+00 -2.319240790E-02 
       560  1.897500000E+02  0.000000000E+00 -2.315894246E-02 
       561  1.900000000E+02  0.000000000E+00 -2.312494978E-02 
       562  1.902500000E+02  0.000000000E+00 -2.309041396E-02 
       563  1.905000000E+02  0.000000000E+00 -2.305531698E-02 
       564  1.907500000E+02  0.000000000E+00 -2.301963839E-02 
       565  1.910000000E+02  0.000000000E+00 -2.298335489E-02 
       566  1.912500000E+02  0.000000000E+00 -2.294643989E-02 
       567  1.915000000E+02  0.000000000E+00 -2.290886292E-02 
       568  1.917500000E+02  0.000000000E+00 -2.287058905E-02 
       569  1.920000000E+02  0.000000000E+00 -2.283157811E-02 
       570  1.922500000E+02  0.000000000E+00 -2.279178383E-02 
       571  1.925000000E+02  0.000000000E+00 -2.275115286E-02 
       572  1.927500000E+02  0.000000000E+00 -2.270962356E-02 
       573  1.930000000E+02  0.000000000E+00 -2.266712466E-02 
       574  1.932500000E+02  0.000000000E+00 -2.262357358E-02 
       575  1.935000000E+02  0.000000000E+00 -2.257887459E-02 
       576  1.937500000E+02  0.000000000E+00 -2.253291655E-02 
       577  1.940000000E+02  0.000000000E+00 -2.248557026E-02 
       578  1.942500000E+02  0.000000000E+00 -2.243668535E-02 
       579  1.945000000E+02  0.000000000E+00 -2.238608660E-02 
       580  1.947500000E+02  0.000000000E+00 -2.233356950E-02 
       581  1.950000000E+02  0.000000000E+00 -2.227889503E-02 
       582  1.952500000E+02  0.000000000E+00 -2.222178332E-02 
       583  1.955000000E+02  0.000000000E+00 -2.216190609E-02 
       584  1.957500000E+02  0.000000000E+00 -2.209887735E-02 
       585  1.960000000E+02  0.000000000E+00 -2.203224220E-02 
       586  1.962500000E+02  0.000000000E+00 -2.196146293E-02 
       587  1.965000000E+02  0.000000000E+00 -2.188590177E-02 
       588  1.967500000E+02  0.000000000E+00 -2.180479922E-02 
       589  1.970000000E+02  0.000000000E+00 -2.171724652E-02 
       590  1.972500000E+02  0.000000000E+00 -2.162215003E-02 
       591  1.975000000E+02  0.000000000E+00 -2.151818436E-02 
       592  1.977500000E+02  0.000000000E+00 -2.140372937E-02 
       593  1.980000000E+02  0.000000000E+00 -2.127678305E-02 
       594  1.982500000E+02  0.000000000E+00 -2.113483693E-02 
       595  1.985000000E+02  0.000000000E+00 -2.097468974E-02 
       596  1.987500000E+02  0.000000000E+00 -2.079215190E-02 
       597  1.990000000E+02  0.000000000E+00 -2.058153623E-02 
       598  1.992500000E+02  0.000000000E+00 -2.033467057E-02 
       599  1.995000000E+02  0.000000000E+00 -2.003864453E-02 
       600  1.997500000E+02  0.000000000E+00 -1.966952852E-02 
       601  2.000000000E+02  0.000000000E+00 -2.196693272E-02 
       602  2.001999988E+02  0.000000000E+00 -2.343089875E-02 
       603  2.004032879E+02  0.000000000E+00 -2.237009625E-02 
       604  2.006099214E+02  0.000000000E+00 -2.136235212E-02 
       605  2.008199543E+02  0.000000000E+00 -2.040553815E-02 
       606  2.010334426E+02  0.000000000E+00 -1.949761062E-02 
       607  2.012504431E+02  0.000000000E+00 -1.863660009E-02 
       608  2.014710137E+02  0.000000000E+00 -1.782060299E-02 
       609  2.016952129E+02  0.000000000E+00 -1.704777453E-02 
       610  2.019231006E+02  0.000000000E+00 -1.631632313E-02 
       611  2.021547374E+02  0.000000000E+00 -1.562450582E-02 
       612  2.023901849E+02  0.000000000E+00 -1.497062451E-02 
       613  2.026295060E+02  0.000000000E+00 -1.435302322E-02 
       614  2.028727642E+02  0.000000000E+00 -1.377008585E-02 
       615  2.031200245E+02  0.000000000E+00 -1.322154796E-02 
       616  2.033713525E+02  0.000000000E+00 -1.270671344E-02 
       617  2.036268153E+02  0.000000000E+00 -1.211209473E-02 
       618  2.038864808E+02  0.000000000E+00 -1.153657814E-02 
       619  2.041504183E+02  0.000000000E+00 -1.109796370E-02 
       620  2.044186979E+02  0.000000000E+00 -1.068529294E-02 
       621  2.046913911E+02  0.000000000E+00 -1.029274782E-02 
       622  2.049685706E+02  0.000000000E+00 -9.924754232E-03 
       623  2.052503101E+02  0.000000000E+00 -9.579937112E-03 
       624  2.055366847E+02  0.000000000E+00 -9.256962955E-03 
       625  2.058277705E+02  0.000000000E+00 -8.954539824E-03 
       626  2.061236452E+02  0.000000000E+00 -8.671418014E-03 
       627  2.064243875E+02  0.000000000E+00 -8.406390560E-03 
       628  2.067300774E+02  0.000000000E+00 -8.158293595E-03 
       629  2.070407965E+02  0.000000000E+00 -7.926006701E-03 
       630  2.073566273E+02  0.000000000E+00 -7.708453139E-03 
       631  2.076776540E+02  0.000000000E+00 -7.504599961E-03 
       632  2.080039622E+02  0.000000000E+00 -7.313458016E-03 
       633  2.083356386E+02  0.000000000E+00 -7.134081874E-03 
       634  2.086727716E+02  0.000000000E+00 -6.965569562E-03 
       635  2.090154510E+02  0.000000000E+00 -6.807062248E-03 
       636  2.093637679E+02  0.000000000E+00 -6.657743731E-03 
       637  2.097178153E+02  0.000000000E+00 -6.516839891E-03 
       638  2.100776872E+02  0.000000000E+00 -6.383617948E-03 
       639  2.104434797E+02  0.000000000E+00 -6.257385668E-03 
       640  2.108152899E+02  0.000000000E+00 -6.137490444E-03 
       641  2.111932170E+02  0.000000000E+00 -6.023318261E-03 
       642  2.115773617E+02  0.000000000E+00 -5.914292629E-03 
       643  2.119678260E+02  0.000000000E+00 -5.809873374E-03 
       644  2.123647142E+02  0.000000000E+00 -5.709555408E-03 
       645  2.127681317E+02  0.000000000E+00 -5.612867418E-03 
       646  2.131781861E+02  0.000000000E+00 -5.519370505E-03 
       647  2.135949866E+02  0.000000000E+00 -5.428656789E-03 
       648  2.140186441E+02  0.000000000E+00 -5.340347989E-03 
       649  2.144492713E+02  0.000000000E+00 -5.254093960E-03 
       650  2.148869831E+02  0.000000000E+00 -5.169571250E-03 
       651  2.153318959E+02  0.000000000E+00 -5.086481628E-03 
       652  2.157841282E+02  0.000000000E+00 -5.004550624E-03 
       653  2.162438005E+02  0.000000000E+00 -4.923526098E-03 
       654  2.167110350E+02  0.000000000E+00 -4.843176810E-03 
       655  2.171859563E+02  0.000000000E+00 -4.763291023E-03 
       656  2.176686908E+02  0.000000000E+00 -4.683675139E-03 
       657  2.181593671E+02  0.000000000E+00 -4.604152378E-03 
       658  2.186581157E+02  0.000000000E+00 -4.524561511E-03 
       659  2.191650695E+02  0.000000000E+00 -4.444755613E-03 
       660  2.196803635E+02  0.000000000E+00 -4.364600895E-03 
       661  2.202041348E+02  0.000000000E+00 -4.283975571E-03 
       662  2.207365230E+02  0.000000000E+00 -4.202768791E-03 
       663  2.212776699E+02  0.000000000E+00 -4.120879627E-03 
       664  2.218277194E+02  0.000000000E+00 -4.038216122E-03 
       665  2.223868182E+02  0.000000000E+00 -3.954694393E-03 
       666  2.229551149E+02  0.000000000E+00 -3.870237791E-03 
       667  2.235327610E+02  0.000000000E+00 -3.784776129E-03 
       668  2.241199103E+02  0.000000000E+00 -3.698244951E-03 
       669  2.247167191E+02  0.000000000E+00 -3.610584874E-03 
       670  2.253233464E+02  0.000000000E+00 -3.521740971E-03 
       671  2.259399536E+02  0.000000000E+00 -3.431662205E-03 
       672  2.265667050E+02  0.000000000E+00 -3.340300927E-03 
       673  2.272037674E+02  0.000000000E+00 -3.247612400E-03 
       674  2.278513104E+02  0.000000000E+00 -3.153554385E-03 
       675  2.285095066E+02  0.000000000E+00 -3.058086757E-03 
       676  2.291785311E+02  0.000000000E+00 -2.961171164E-03 
       677  2.298585621E+02  0.000000000E+00 -2.862770729E-03 
       678  2.305497807E+02  0.000000000E+00 -2.762849767E-03 
       679  2.312523708E+02  0.000000000E+00 -2.661373556E-03 
       680  2.319665197E+02  0.000000000E+00 -2.558308112E-03 
       681  2.326924175E+02  0.000000000E+00 -2.453620014E-03 
       682  2.334302574E+02  0.000000000E+00 -2.347276229E-03 
       683  2.341802359E+02  0.000000000E+00 -2.239243972E-03 
       684  2.349425527E+02  0.000000000E+00 -2.129490585E-03 
       685  2.357174108E+02  0.000000000E+00 -2.017983418E-03 
       686  2.365050165E+02  0.000000000E+00 -1.904689741E-03 
       687  2.373055796E+02  0.000000000E+00 -1.789576661E-03 
       688  2.381193132E+02  0.000000000E+00 -1.672611048E-03 
       689  2.389464340E+02  0.000000000E+00 -1.553759472E-03 
       690  2.397871622E+02  0.000000000E+00 -1.432988154E-03 
       691  2.406417216E+02  0.000000000E+00 -1.310262913E-03 
       692  2.415103399E+02  0.000000000E+00 -1.185549121E-03 
       693  2.423932484E+02  0.000000000E+00 -1.058811671E-03 
       694  2.432906820E+02  0.000000000E+00 -9.300149331E-04 
       695  2.442028798E+02  0.000000000E+00 -7.991227211E-04 
       696  2.451300847E+02  0.000000000E+00 -6.660982540E-04 
       697  2.460725436E+02  0.000000000E+00 -5.309041209E-04 
       698  2.470305073E+02  0.000000000E+00 -3.935022318E-04 
       699  2.480042311E+02  0.000000000E+00 -2.538537639E-04 
       700  2.489939742E+02  0.000000000E+00 -1.119190998E-04 
       701  2.500000000E+02  0.000000000E+00  3.234227592E-05 
       702  2.510060258E+02  0.000000000E+00  1.765986116E-04 
       703  2.519957689E+02  0.000000000E+00  3.185184133E-04 
       704  2.529694927E+02  0.000000000E+00  4.581424799E-04 
       705  2.539274564E+02  0.000000000E+00  5.955105953E-04 
       706  2.548699153E+02  0.000000000E+00  7.306616486E-04 
       707  2.557971202E+02  0.000000000E+00  8.636337055E-04 
       708  2.567093180E+02  0.000000000E+00  9.944640774E-04 
       709  2.576067516E+02  0.000000000E+00  1.123189383E-03 
       710  2.584896601E+02  0.000000000E+00  1.249845597E-03 
       711  2.593582784E+02  0.000000000E+00  1.374468096E-03 
       712  2.602128379E+02  0.000000000E+00  1.497091702E-03 
       713  2.610535660E+02  0.000000000E+00  1.617750734E-03 
       714  2.618806868E+02  0.000000000E+00  1.736479048E-03 
       715  2.626944204E+02  0.000000000E+00  1.853310087E-03 
       716  2.634949835E+02  0.000000000E+00  1.968276938E-03 
       717  2.642825892E+02  0.000000000E+00  2.081412391E-03 
       718  2.650574473E+02  0.000000000E+00  2.192749002E-03 
       719  2.658197641E+02  0.000000000E+00  2.302319173E-03 
       720  2.665697426E+02  0.000000000E+00  2.410155233E-03 
       721  2.673075825E+02  0.000000000E+00  2.516289539E-03 
       722  2.680334803E+02  0.000000000E+00  2.620754587E-03 
       723  2.687476292E+02  0.000000000E+00  2.723583138E-03 
       724  2.694502193E+02  0.000000000E+00  2.824808363E-03 
       725  2.701414379E+02  0.000000000E+00  2.924464011E-03 
       726  2.708214689E+02  0.000000000E+00  3.022584590E-03 
       727  2.714904934E+02  0.000000000E+00  3.119205592E-03 
       728  2.721486896E+02  0.000000000E+00  3.214363717E-03 
       729  2.727962326E+02  0.000000000E+00  3.308097156E-03 
       730  2.734332950E+02  0.000000000E+00  3.400445890E-03 
       731  2.740600464E+02  0.000000000E+00  3.491452025E-03 
       732  2.746766536E+02  0.000000000E+00  3.581160177E-03 
       733  2.752832808E+02  0.000000000E+00  3.669617881E-03 
       734  2.758800897E+02  0.000000000E+00  3.756876062E-03 
       735  2.764672390E+02  0.000000000E+00  3.842989537E-03 
       736  2.770448851E+02  0.000000000E+00  3.928017579E-03 
       737  2.776131818E+02  0.000000000E+00  4.012024520E-03 
       738  2.781722806E+02  0.000000000E+00  4.095080417E-03 
       739  2.787223301E+02  0.000000000E+00  4.177261773E-03 
       740  2.792634769E+02  0.000000000E+00  4.258652302E-03 
       741  2.797958652E+02  0.000000000E+00  4.339343771E-03 
       742  2.803196365E+02  0.000000000E+00  4.419436888E-03 
       743  2.808349305E+02  0.000000000E+00  4.499042251E-03 
       744  2.813418843E+02  0.000000000E+00  4.578281360E-03 
       745  2.818406329E+02  0.000000000E+00  4.657287679E-03 
       746  2.823313092E+02  0.000000000E+00  4.736207764E-03 
       747  2.828140437E+02  0.000000000E+00  4.815202439E-03 
       748  2.832889650E+02  0.000000000E+00  4.894448026E-03 
       749  2.837561995E+02  0.000000000E+00  4.974137618E-03 
       750  2.842158718E+02  0.000000000E+00  5.054482405E-03 
       751  2.846681041E+02  0.000000000E+00  5.135713044E-03 
       752  2.851130169E+02  0.000000000E+00  5.218081047E-03 
       753  2.855507287E+02  0.000000000E+00  5.301860217E-03 
       754  2.859813560E+02  0.000000000E+00  5.387348089E-03 
       755  2.864050134E+02  0.000000000E+00  5.474867388E-03 
       756  2.868218139E+02  0.000000000E+00  5.564767519E-03 
       757  2.872318683E+02  0.000000000E+00  5.657426010E-03 
       758  2.876352858E+02  0.000000000E+00  5.753249986E-03 
       759  2.880321740E+02  0.000000000E+00  5.852677612E-03 
       760  2.884226383E+02  0.000000000E+00  5.956179487E-03 
       761  2.888067830E+02  0.000000000E+00  6.064260028E-03 
       762  2.891847101E+02  0.000000000E+00  6.177458797E-03 
       763  2.895565204E+02  0.000000000E+00  6.296351746E-03 
       764  2.899223128E+02  0.000000000E+00  6.421552448E-03 
       765  2.902821847E+02  0.000000000E+00  6.553713180E-03 
       766  2.906362321E+02  0.000000000E+00  6.693525989E-03 
       767  2.909845490E+02  0.000000000E+00  6.841723617E-03 
       768  2.913272284E+02  0.000000000E+00  6.999080334E-03 
       769  2.916643614E+02  0.000000000E+00  7.166412696E-03 
       770  2.919960378E+02  0.000000000E+00  7.344580118E-03 
       771  2.923223460E+02  0.000000000E+00  7.534485410E-03 
       772  2.926433727E+02  0.000000000E+00  7.737075119E-03 
       773  2.929592035E+02  0.000000000E+00  7.953339820E-03 
       774  2.932699226E+02  0.000000000E+00  8.184314206E-03 
       775  2.935756125E+02  0.000000000E+00  8.431077119E-03 
       776  2.938763548E+02  0.000000000E+00  8.694751457E-03 
       777  2.941722295E+02  0.000000000E+00  8.976503962E-03 
       778  2.944633153E+02  0.000000000E+00  9.277544898E-03 
       779  2.947496899E+02  0.000000000E+00  9.599127714E-03 
       780  2.950314294E+02  0.000000000E+00  9.942548551E-03 
       781  2.953086088E+02  0.000000000E+00  1.030914580E-02 
       782  2.955813021E+02  0.000000000E+00  1.070029963E-02 
       783  2.958495817E+02  0.000000000E+00  1.111743146E-02 
       784  2.961135192E+02  0.000000000E+00  1.156200352E-02 
       785  2.963731847E+02  0.000000000E+00  1.203551862E-02 
       786  2.966286475E+02  0.000000000E+00  1.253951986E-02 
       787  2.968799755E+02  0.000000000E+00  1.307559070E-02 
       788  2.971272358E+02  0.000000000E+00  1.364535521E-02 
       789  2.973704940E+02  0.000000000E+00  1.425047859E-02 
       790  2.976098151E+02  0.000000000E+00  1.489266823E-02 
       791  2.978452626E+02  0.000000000E+00  1.557367509E-02 
       792  2.980768994E+02  0.000000000E+00  1.629529573E-02 
       793  2.983047871E+02  0.000000000E+00  1.705937508E-02 
       794  2.985289863E+02  0.000000000E+00  1.786780978E-02 
       795  2.987495568E+02  0.000000000E+00  1.822643031E-02 
       796  2.989665574E+02  0.000000000E+00  1.856151471E-02 
       797  2.991800457E+02  0.000000000E+00  1.935030340E-02 
       798  2.993900786E+02  0.000000000E+00  2.017904982E-02 
       799  2.995967121E+02  0.000000000E+00  2.104936083E-02 
       800  2.998000012E+02  0.000000000E+00  2.196289865E-02 
       801  3.000000000E+02  0.000000000E+00  2.110821354E-02 
       802  3.002500000E+02  0.000000000E+00  1.966651567E-02 
       803  3.005000000E+02  0.000000000E+00  2.003508075E-02 
       804  3.007500000E+02  0.000000000E+00  2.033059531E-02 
       805  3.010000000E+02  0.000000000E+00  2.057698844E-02 
       806  3.012500000E+02  0.000000000E+00  2.078716848E-02 
       807  3.015000000E+02  0.000000000E+00  2.096930512E-02 
       808  3.017500000E+02  0.000000000E+00  2.112908304E-02 
       809  3.020000000E+02  0.000000000E+00  2.127068944E-02 
       810  3.022500000E+02  0.000000000E+00  2.139732333E-02 
       811  3.025000000E+02  0.000000000E+00  2.151149107E-02 
       812  3.027500000E+02  0.000000000E+00  2.161519274E-02 
       813  3.030000000E+02  0.000000000E+00  2.171004667E-02 
       814  3.032500000E+02  0.000000000E+00  2.179737659E-02 
       815  3.035000000E+02  0.000000000E+00  2.187827465E-02 
       816  3.037500000E+02  0.000000000E+00  2.195364820E-02 
       817  3.040000000E+02  0.000000000E+00  2.202425547E-02 
       818  3.042500000E+02  0.000000000E+00  2.209073307E-02 
       819  3.045000000E+02  0.000000000E+00  2.215361765E-02 
       820  3.047500000E+02  0.000000000E+00  2.221336316E-02 
       821  3.050000000E+02  0.000000000E+00  2.227035469E-02 
       822  3.052500000E+02  0.000000000E+00  2.232491973E-02 
       823  3.055000000E+02  0.000000000E+00  2.237733741E-02 
       824  3.057500000E+02  0.000000000E+00  2.242784610E-02 
       825  3.060000000E+02  0.000000000E+00  2.247664970E-02 
       826  3.062500000E+02  0.000000000E+00  2.252392289E-02 
       827  3.065000000E+02  0.000000000E+00  2.256981553E-02 
       828  3.067500000E+02  0.000000000E+00  2.261445637E-02 
       829  3.070000000E+02  0.000000000E+00  2.265795614E-02 
       830  3.072500000E+02  0.000000000E+00  2.270041020E-02 
       831  3.075000000E+02  0.000000000E+00  2.274190077E-02 
       832  3.077500000E+02  0.000000000E+00  2.278249882E-02 
       833  3.080000000E+02  0.000000000E+00  2.282226569E-02 
       834  3.082500000E+02  0.000000000E+00  2.286125449E-02 
       835  3.085000000E+02  0.000000000E+00  2.289951122E-02 
       836  3.087500000E+02  0.000000000E+00  2.293707583E-02 
       837  3.090000000E+02  0.000000000E+00  2.297398306E-02 
       838  3.092500000E+02  0.000000000E+00  2.301026318E-02 
       839  3.095000000E+02  0.000000000E+00  2.304594261E-02 
       840  3.097500000E+02  0.000000000E+00  2.308104448E-02 
       841  3.100000000E+02  0.000000000E+00  2.311558908E-02 
       842  3.102500000E+02  0.000000000E+00  2.314959429E-02 
       843  3.105000000E+02  0.000000000E+00  2.318307587E-02 
       844  3.107500000E+02  0.000000000E+00  2.321604783E-02 
       845  3.110000000E+02  0.000000000E+00  2.324852260E-02 
       846  3.112500000E+02  0.000000000E+00  2.328051132E-02 
       847  3.115000000E+02  0.000000000E+00  2.331202399E-02 
       848  3.117500000E+02  0.000000000E+00  2.334306964E-02 
       849  3.120000000E+02  0.000000000E+00  2.337365648E-02 
       850  3.122500000E+02  0.000000000E+00  2.340379201E-02 
       851  3.125000000E+02  0.000000000E+00  2.343348310E-02 
       852  3.127500000E+02  0.000000000E+00  2.346273613E-02 
       853  3.130000000E+02  0.000000000E+00  2.349155703E-02 
       854  3.132500000E+02  0.000000000E+00  2.351995135E-02 
       855  3.135000000E+02  0.000000000E+00  2.354792432E-02 
       856  3.137500000E+02  0.000000000E+00  2.357548092E-02 
       857  3.140000000E+02  0.000000000E+00  2.360262586E-02 
       858  3.142500000E+02  0.000000000E+00  2.362936369E-02 
       859  3.145000000E+02  0.000000000E+00  2.365569878E-02 
       860  3.147500000E+02  0.000000000E+00  2.368163538E-02 
       861  3.150000000E+02  0.000000000E+00  2.370717759E-02 
       862  3.152500000E+02  0.000000000E+00  2.373232945E-02 
       863  3.155000000E+02  0.000000000E+00  2.375709491E-02 
       864  3.157500000E+02  0.000000000E+00  2.378147783E-02 
       865  3.160000000E+02  0.000000000E+00  2.380548205E-02 
       866  3.162500000E+02  0.000000000E+00  2.382911134E-02 
       867  3.165000000E+02  0.000000000E+00  2.385236946E-02 
       868  3.167500000E+02  0.000000000E+00  2.387526010E-02 
       869  3.170000000E+02  0.000000000E+00  2.389778698E-02 
       870  3.172500000E+02  0.000000000E+00  2.391995374E-02 
       871  3.175000000E+02  0.000000000E+00  2.394176407E-02 
       872  3.177500000E+02  0.000000000E+00  2.396322159E-02 
       873  3.180000000E+02  0.000000000E+00  2.398432995E-02 
       874  3.182500000E+02  0.000000000E+00  2.400509278E-02 
       875  3.185000000E+02  0.000000000E+00  2.402551371E-02 
       876  3.187500000E+02  0.000000000E+00  2.404559636E-02 
       877  3.190000000E+02  0.000000000E+00  2.406534434E-02 
       878  3.192500000E+02  0.000000000E+00  2.408476128E-02 
       879  3.195000000E+02  0.000000000E+00  2.410385080E-02 
       880  3.197500000E+02  0.000000000E+00  2.412261649E-02 
       881  3.200000000E+02  0.000000000E+00  2.414106199E-02 
       882  3.202500000E+02  0.000000000E+00  2.415919089E-02 
       883  3.205000000E+02  0.000000000E+00  2.417700680E-02 
       884  3.207500000E+02  0.000000000E+00  2.419451334E-02 
       885  3.210000000E+02  0.000000000E+00  2.421171409E-02 
       886  3.212500000E+02  0.000000000E+00  2.422861265E-02 
       887  3.215000000E+02  0.000000000E+00  2.424521263E-02 
       888  3.217500000E+02  0.000000000E+00  2.426151760E-02 
       889  3.220000000E+02  0.000000000E+00  2.427753115E-02 
       890  3.222500000E+02  0.000000000E+00  2.429325684E-02 
       891  3.225000000E+02  0.000000000E+00  2.430869825E-02 
       892  3.227500000E+02  0.000000000E+00  2.432385893E-02 
       893  3.230000000E+02  0.000000000E+00  2.433874243E-02 
       894  3.232500000E+02  0.000000000E+00  2.435335229E-02 
       895  3.235000000E+02  0.000000000E+00  2.436769204E-02 
       896  3.237500000E+02  0.000000000E+00  2.438176518E-02 
       897  3.240000000E+02  0.000000000E+00  2.439557521E-02 
       898  3.242500000E+02  0.000000000E+00  2.440912564E-02 
       899  3.245000000E+02  0.000000000E+00  2.442241992E-02 
       900  3.247500000E+02  0.000000000E+00  2.443546152E-02 
       901  3.250000000E+02  0.000000000E+00  2.444825387E-02 
       902  3.252500000E+02  0.000000000E+00  2.446080041E-02 
       903  3.255000000E+02  0.000000000E+00  2.447310453E-02 
       904  3.257500000E+02  0.000000000E+00  2.448516962E-02 
       905  3.260000000E+02  0.000000000E+00  2.449699906E-02 
       906  3.262500000E+02  0.000000000E+00  2.450859619E-02 
       907  3.265000000E+02  0.000000000E+00  2.451996434E-02 
       908  3.267500000E+02  0.000000000E+00  2.453110681E-02 
       909  3.270000000E+02  0.000000000E+00  2.454202688E-02 
       910  3.272500000E+02  0.000000000E+00  2.455272783E-02 
       911  3.275000000E+02  0.000000000E+00  2.456321287E-02 
       912  3.277500000E+02  0.000000000E+00  2.457348524E-02 
       913  3.280000000E+02  0.000000000E+00  2.458354811E-02 
       914  3.282500000E+02  0.000000000E+00  2.459340465E-02 
       915  3.285000000E+02  0.000000000E+00  2.460305800E-02 
       916  3.287500000E+02  0.000000000E+00  2.461251127E-02 
       917  3.290000000E+02  0.000000000E+00  2.462176753E-02 
       918  3.292500000E+02  0.000000000E+00  2.463082986E-02 
       919  3.295000000E+02  0.000000000E+00  2.463970127E-02 
       920  3.297500000E+02  0.000000000E+00  2.464838478E-02 
       921  3.300000000E+02  0.000000000E+00  2.465688334E-02 
       922  3.302500000E+02  0.000000000E+00  2.466519990E-02 
       923  3.305000000E+02  0.000000000E+00  2.467333738E-02 
       924  3.307500000E+02  0.000000000E+00  2.468129866E-02 
       925  3.310000000E+02  0.000000000E+00  2.468908659E-02 
       926  3.312500000E+02  0.000000000E+00  2.469670400E-02 
       927  3.315000000E+02  0.000000000E+00  2.470415367E-02 
       928  3.317500000E+02  0.000000000E+00  2.471143837E-02 
       929  3.320000000E+02  0.000000000E+00  2.471856083E-02 
       930  3.322500000E+02  0.000000000E+00  2.472552373E-02 
       931  3.325000000E+02  0.000000000E+00  2.473232976E-02 
       932  3.327500000E+02  0.000000000E+00  2.473898153E-02 
       933  3.330000000E+02  0.000000000E+00  2.474548165E-02 
       934  3.332500000E+02  0.000000000E+00  2.475183269E-02 
       935  3.335000000E+02  0.000000000E+00  2.475803718E-02 
       936  3.337500000E+02  0.000000000E+00  2.476409763E-02 
       937  3.340000000E+02  0.000000000E+00  2.477001649E-02 
       938  3.342500000E+02  0.000000000E+00  2.477579621E-02 
       939  3.345000000E+02  0.000000000E+00  2.478143919E-02 
       940  3.347500000E+02  0.000000000E+00  2.478694779E-02 
       941  3.350000000E+02  0.000000000E+00  2.479232436E-02 
       942  3.352500000E+02  0.000000000E+00  2.479757118E-02 
       943  3.355000000E+02  0.000000000E+00  2.480269052E-02 
       944  3.357500000E+02  0.000000000E+00  2.480768463E-02 
       945  3.360000000E+02  0.000000000E+00  2.481255569E-02 
       946  3.362500000E+02  0.000000000E+00  2.481730587E-02 
       947  3.365000000E+02  0.000000000E+00  2.482193730E-02 
       948  3.367500000E+02  0.000000000E+00  2.482645208E-02 
       949  3.370000000E+02  0.000000000E+00  2.483085227E-02 
       950  3.372500000E+02  0.000000000E+00  2.483513989E-02 
       951  3.375000000E+02  0.000000000E+00  2.483931695E-02 
       952  3.377500000E+02  0.000000000E+00  2.484338540E-02 
       953  3.380000000E+02  0.000000000E+00  2.484734717E-02 
       954  3.382500000E+02  0.000000000E+00  2.485120415E-02 
       955  3.385000000E+02  0.000000000E+00  2.485495819E-02 
       956  3.387500000E+02  0.000000000E+00  2.485861113E-02 
       957  3.390000000E+02  0.000000000E+00  2.486216474E-02 
       958  3.392500000E+02  0.000000000E+00  2.486562080E-02 
       959  3.395000000E+02  0.000000000E+00  2.486898102E-02 
       960  3.397500000E+02  0.000000000E+00  2.487224709E-02 
       961  3.400000000E+02  0.000000000E+00  2.487542067E-02 
       962  3.402500000E+02  0.000000000E+00  2.487850337E-02 
       963  3.405000000E+02  0.000000000E+00  2.488149680E-02 
       964  3.407500000E+02  0.000000000E+00  2.488440250E-02 
       965  3.410000000E+02  0.000000000E+00  2.488722200E-02 
       966  3.412500000E+02  0.000000000E+00  2.488995679E-02 
       967  3.415000000E+02  0.000000000E+00  2.489260832E-02 
       968  3.417500000E+02  0.000000000E+00  2.489517802E-02 
       969  3.420000000E+02  0.000000000E+00  2.489766729E-02 
       970  3.422500000E+02  0.000000000E+00  2.490007747E-02 
       971  3.425000000E+02  0.000000000E+00  2.490240991E-02 
       972  3.427500000E+02  0.000000000E+00  2.490466588E-02 
       973  3.430000000E+02  0.000000000E+00  2.490684667E-02 
       974  3.432500000E+02  0.000000000E+00  2.490895349E-02 
       975  3.435000000E+02  0.000000000E+00  2.491098755E-02 
       976  3.437500000E+02  0.000000000E+00  2.491295001E-02 
       977  3.440000000E+02  0.000000000E+00  2.491484201E-02 
       978  3.442500000E+02  0.000000000E+00  2.491666466E-02 
       979  3.445000000E+02  0.000000000E+00  2.491841903E-02 
       980  3.447500000E+02  0.000000000E+00  2.492010616E-02 
       981  3.450000000E+02  0.000000000E+00  2.492172706E-02 
       982  3.452500000E+02  0.000000000E+00  2.492328272E-02 
       983  3.455000000E+02  0.000000000E+00  2.492477409E-02 
       984  3.457500000E+02  0.000000000E+00  2.492620208E-02 
       985  3.460000000E+02  0.000000000E+00  2.492756758E-02 
       986  3.462500000E+02  0.000000000E+00  2.492887146E-02 
       987  3.465000000E+02  0.000000000E+00  2.493011454E-02 
       988  3.467500000E+02  0.000000000E+00  2.493129763E-02 
       989  3.470000000E+02  0.000000000E+00  2.493242150E-02 
       990  3.472500000E+02  0.000000000E+00  2.493348688E-02 
       991  3.475000000E+02  0.000000000E+00  2.493449448E-02 
       992  3.477500000E+02  0.000000000E+00  2.493544500E-02 
       993  3.480000000E+02  0.000000000E+00  2.493633907E-02 
       994  3.482500000E+02  0.000000000E+00  2.493717733E-02 
       995  3.485000000E+02  0.000000000E+00  2.493796037E-02 
       996  3.487500000E+02  0.000000000E+00  2.493868876E-02 
       997  3.490000000E+02  0.000000000E+00  2.493936303E-02 
       998  3.492500000E+02  0.000000000E+00  2.493998369E-02 
       999  3.495000000E+02  0.000000000E+00  2.494055122E-02 
      1000  3.497500000E+02  0.000000000E+00  2.494106608E-02 
      1001  3.500000000E+02  0.000000000E+00  2.494152868E-02 
      1002  3.502500000E+02  0.000000000E+00  2.494193943E-02 
      1003  3.505000000E+02  0.000000000E+00  2.494229869E-02 
      1004  3.507500000E+02  0.000000000E+00  2.494260681E-02 
      1005  3.510000000E+02  0.000000000E+00  2.494286409E-02 
      1006  3.512500000E+02  0.000000000E+00  2.494307082E-02 
      1007  3.515000000E+02  0.000000000E+00  2.494322725E-02 
      1008  3.517500000E+02  0.000000000E+00  2.494333363E-02 
      1009  3.520000000E+02  0.000000000E+00  2.494339014E-02 
      1010  3.522500000E+02  0.000000000E+00  2.494339696E-02 
      1011  3.525000000E+02  0.000000000E+00  2.494335424E-02 
      1012  3.527500000E+02  0.000000000E+00  2.494326211E-02 
      1013  3.530000000E+02  0.000000000E+00  2.494312065E-02 
      1014  3.532500000E+02  0.000000000E+00  2.494292992E-02 
      1015  3.535000000E+02  0.000000000E+00  2.494268998E-02 
      1016  3.537500000E+02  0.000000000E+00  2.494240083E-02 
      1017  3.540000000E+02  0.000000000E+00  2.494206245E-02 
      1018  3.542500000E+02  0.000000000E+00  2.494167481E-02 
      1019  3.545000000E+02  0.000000000E+00  2.494123784E-02 
      1020  3.547500000E+02  0.000000000E+00  2.494075143E-02 
      1021  3.550000000E+02  0.000000000E+00  2.494021547E-02 
      1022  3.552500000E+02  0.000000000E+00  2.493962981E-02 
      1023  3.555000000E+02  0.000000000E+00  2.493899427E-02 
      1024  3.557500000E+02  0.000000000E+00  2.493830866E-02 
      1025  3.560000000E+02  0.000000000E+00  2.493757273E-02 
      1026  3.562500000E+02  0.000000000E+00  2.493678624E-02 
      1027  3.565000000E+02  0.000000000E+00  2.493594889E-02 
      1028  3.567500000E+02  0.000000000E+00  2.493506039E-02 
      1029  3.570000000E+02  0.000000000E+00  2.493412040E-02 
      1030  3.572500000E+02  0.000000000E+00  2.493312854E-02 
      1031  3.575000000E+02  0.000000000E+00  2.493208444E-02 
      1032  3.577500000E+02  0.000000000E+00  2.493098768E-02 
      1033  3.580000000E+02  0.000000000E+00  2.492983781E-02 
      1034  3.582500000E+02  0.000000000E+00  2.492863435E-02 
      1035  3.585000000E+02  0.000000000E+00  2.492737683E-02 
      1036  3.587500000E+02  0.000000000E+00  2.492606470E-02 
      1037  3.590000000E+02  0.000000000E+00  2.492469742E-02 
      1038  3.592500000E+02  0.000000000E+00  2.492327442E-02 
      1039  3.595000000E+02  0.000000000E+00  2.492179508E-02 
      1040  3.597500000E+02  0.000000000E+00  2.492025877E-02 
      1041  3.600000000E+02  0.000000000E+00  2.491866484E-02 
      1042  3.602500000E+02  0.000000000E+00  2.491701260E-02 
      1043  3.605000000E+02  0.000000000E+00  2.491530133E-02 
      1044  3.607500000E+02  0.000000000E+00  2.491353030E-02 
      1045  3.610000000E+02  0.000000000E+00  2.491169873E-02 
      1046  3.612500000E+02  0.000000000E+00  2.490980583E-02 
      1047  3.615000000E+02  0.000000000E+00  2.490785078E-02 
      1048  3.617500000E+02  0.000000000E+00  2.490583273E-02 
      1049  3.620000000E+02  0.000000000E+00  2.490375080E-02 
      1050  3.622500000E+02  0.000000000E+00  2.490160408E-02 
      1051  3.625000000E+02  0.000000000E+00  2.489939165E-02 
      1052  3.627500000E+02  0.000000000E+00  2.489711254E-02 
      1053  3.630000000E+02  0.000000000E+00  2.489476575E-02 
      1054  3.632500000E+02  0.000000000E+00  2.489235029E-02 
      1055  3.635000000E+02  0.000000000E+00  2.488986509E-02 
      1056  3.637500000E+02  0.000000000E+00  2.488730910E-02 
      1057  3.640000000E+02  0.000000000E+00  2.488468120E-02 
      1058  3.642500000E+02  0.000000000E+00  2.488198028E-02 
      1059  3.645000000E+02  0.000000000E+00  2.487920517E-02 
      1060  3.647500000E+02  0.000000000E+00  2.487635469E-02 
      1061  3.650000000E+02  0.000000000E+00  2.487342764E-02 
      1062  3.652500000E+02  0.000000000E+00  2.487042276E-02 
      1063  3.655000000E+02  0.000000000E+00  2.486733879E-02 
      1064  3.657500000E+02  0.000000000E+00  2.486417443E-02 
      1065  3.660000000E+02  0.000000000E+00  2.486092836E-02 
      1066  3.662500000E+02  0.000000000E+00  2.485759922E-02 
      1067  3.665000000E+02  0.000000000E+00  2.485418564E-02 
      1068  3.667500000E+02  0.000000000E+00  2.485068619E-02 
      1069  3.670000000E+02  0.000000000E+00  2.484709945E-02 
      1070  3.672500000E+02  0.000000000E+00  2.484342394E-02 
      1071  3.675000000E+02  0.000000000E+00  2.483965817E-02 
      1072  3.677500000E+02  0.000000000E+00  2.483580062E-02 
      1073  3.680000000E+02  0.000000000E+00  2.483184973E-02 
      1074  3.682500000E+02  0.000000000E+00  2.482780392E-02 
      1075  3.685000000E+02  0.000000000E+00  2.482366158E-02 
      1076  3.687500000E+02  0.000000000E+00  2.481942108E-02 
      1077  3.690000000E+02  0.000000000E+00  2.481508075E-02 
      1078  3.692500000E+02  0.000000000E+00  2.481063890E-02 
      1079  3.695000000E+02  0.000000000E+00  2.480609380E-02 
      1080  3.697500000E+02  0.000000000E+00  2.480144370E-02 
      1081  3.700000000E+02  0.000000000E+00  2.479668683E-02 
      1082  3.702500000E+02  0.000000000E+00  2.479182138E-02 
      1083  3.705000000E+02  0.000000000E+00  2.478684552E-02 
      1084  3.707500000E+02  0.000000000E+00  2.478175738E-02 
      1085  3.710000000E+02  0.000000000E+00  2.477655507E-02 
      1086  3.712500000E+02  0.000000000E+00  2.477123668E-02 
      1087  3.715000000E+02  0.000000000E+00  2.476580026E-02 
      1088  3.717500000E+02  0.000000000E+00  2.476024384E-02 
      1089  3.720000000E+02  0.000000000E+00  2.475456542E-02 
      1090  3.722500000E+02  0.000000000E+00  2.474876298E-02 
      1091  3.725000000E+02  0.000000000E+00  2.474283446E-02 
      1092  3.727500000E+02  0.000000000E+00  2.473677778E-02 
      1093  3.730000000E+02  0.000000000E+00  2.473059084E-02 
      1094  3.732500000E+02  0.000000000E+00  2.472427151E-02 
      1095  3.735000000E+02  0.000000000E+00  2.471781762E-02 
      1096  3.737500000E+02  0.000000000E+00  2.471122699E-02 
      1097  3.740000000E+02  0.000000000E+00  2.470449741E-02 
      1098  3.742500000E+02  0.000000000E+00  2.469762664E-02 
      1099  3.745000000E+02  0.000000000E+00  2.469061243E-02 
      1100  3.747500000E+02  0.000000000E+00  2.468345248E-02 
      1101  3.750000000E+02  0.000000000E+00  2.467614449E-02 
      1102  3.752500000E+02  0.000000000E+00  2.466868613E-02 
      1103  3.755000000E+02  0.000000000E+00  2.466107502E-02 
      1104  3.757500000E+02  0.000000000E+00  2.465330879E-02 
      1105  3.760000000E+02  0.000000000E+00  2.464538503E-02 
      1106  3.762500000E+02  0.000000000E+00  2.463730131E-02 
      1107  3.765000000E+02  0.000000000E+00  2.462905518E-02 
      1108  3.767500000E+02  0.000000000E+00  2.462064415E-02 
      1109  3.770000000E+02  0.000000000E+00  2.461206573E-02 
      1110  3.772500000E+02  0.000000000E+00  2.460331739E-02 
      1111  3.775000000E+02  0.000000000E+00  2.459439660E-02 
      1112  3.777500000E+02  0.000000000E+00  2.458530078E-02 
      1113  3.780000000E+02  0.000000000E+00  2.457602735E-02 
      1114  3.782500000E+02  0.000000000E+00  2.456657370E-02 
      1115  3.785000000E+02  0.000000000E+00  2.455693720E-02 
      1116  3.787500000E+02  0.000000000E+00  2.454711519E-02 
      1117  3.790000000E+02  0.000000000E+00  2.453710501E-02 
      1118  3.792500000E+02  0.000000000E+00  2.452690396E-02 
      1119  3.795000000E+02  0.000000000E+00  2.451650933E-02 
      1120  3.797500000E+02  0.000000000E+00  2.450591838E-02 
      1121  3.800000000E+02  0.000000000E+00  2.449512836E-02 
      1122  3.802500000E+02  0.000000000E+00  2.448413650E-02 
      1123  3.805000000E+02  0.000000000E+00  2.447293999E-02 
      1124  3.807500000E+02  0.000000000E+00  2.446153603E-02 
      1125  3.810000000E+02  0.000000000E+00  2.444992178E-02 
      1126  3.812500000E+02  0.000000000E+00  2.443809437E-02 
      1127  3.815000000E+02  0.000000000E+00  2.442605092E-02 
      1128  3.817500000E+02  0.000000000E+00  2.441378853E-02 
      1129  3.820000000E+02  0.000000000E+00  2.440130428E-02 
      1130  3.822500000E+02  0.000000000E+00  2.438859520E-02 
      1131  3.825000000E+02  0.000000000E+00  2.437565833E-02 
      1132  3.827500000E+02  0.000000000E+00  2.436249064E-02 
      1133  3.830000000E+02  0.000000000E+00  2.434908911E-02 
      1134  3.832500000E+02  0.000000000E+00  2.433545067E-02 
      1135  3.835000000E+02  0.000000000E+00  2.432157221E-02 
      1136  3.837500000E+02  0.000000000E+00  2.430745060E-02 
      1137  3.840000000E+02  0.000000000E+00  2.429308264E-02 
      1138  3.842500000E+02  0.000000000E+00  2.427846511E-02 
      1139  3.845000000E+02  0.000000000E+00  2.426359473E-02 
      1140  3.847500000E+02  0.000000000E+00  2.424846815E-02 
      1141  3.850000000E+02  0.000000000E+00  2.423308198E-02 
      1142  3.852500000E+02  0.000000000E+00  2.421743274E-02 
      1143  3.855000000E+02  0.000000000E+00  2.420151686E-02 
      1144  3.857500000E+02  0.000000000E+00  2.418533069E-02 
      1145  3.860000000E+02  0.000000000E+00  2.416887048E-02 
      1146  3.862500000E+02  0.000000000E+00  2.415213233E-02 
      1147  3.865000000E+02  0.000000000E+00  2.413511221E-02 
      1148  3.867500000E+02  0.000000000E+00  2.411780595E-02 
      1149  3.870000000E+02  0.000000000E+00  2.410020916E-02 
      1150  3.872500000E+02  0.000000000E+00  2.408231726E-02 
      1151  3.875000000E+02  0.000000000E+00  2.406412541E-02 
      1152  3.877500000E+02  0.000000000E+00  2.404562850E-02 
      1153  3.880000000E+02  0.000000000E+00  2.402682109E-02 
      1154  3.882500000E+02  0.000000000E+00  2.400769735E-02 
      1155  3.885000000E+02  0.000000000E+00  2.398825102E-02 
      1156  3.887500000E+02  0.000000000E+00  2.396847534E-02 
      1157  3.890000000E+02  0.000000000E+00  2.394836296E-02 
      1158  3.892500000E+02  0.000000000E+00  2.392790586E-02 
      1159  3.895000000E+02  0.000000000E+00  2.390709524E-02 
      1160  3.897500000E+02  0.000000000E+00  2.388592139E-02 
      1161  3.900000000E+02  0.000000000E+00  2.386437355E-02 
      1162  3.902500000E+02  0.000000000E+00  2.384243975E-02 
      1163  3.905000000E+02  0.000000000E+00  2.382010662E-02 
      1164  3.907500000E+02  0.000000000E+00  2.379735916E-02 
      1165  3.910000000E+02  0.000000000E+00  2.377418045E-02 
      1166  3.912500000E+02  0.000000000E+00  2.375055142E-02 
      1167  3.915000000E+02  0.000000000E+00  2.372645042E-02 
      1168  3.917500000E+02  0.000000000E+00  2.370185286E-02 
      1169  3.920000000E+02  0.000000000E+00  2.367673071E-02 
      1170  3.922500000E+02  0.000000000E+00  2.365105194E-02 
      1171  3.925000000E+02  0.000000000E+00  2.362477988E-02 
      1172  3.927500000E+02  0.000000000E+00  2.359787247E-02 
      1173  3.930000000E+02  0.000000000E+00  2.357028133E-02 
      1174  3.932500000E+02  0.000000000E+00  2.354195075E-02 
      1175  3.935000000E+02  0.000000000E+00  2.351281646E-02 
      1176  3.937500000E+02  0.000000000E+00  2.348280419E-02 
      1177  3.940000000E+02  0.000000000E+00  2.345182794E-02 
      1178  3.942500000E+02  0.000000000E+00  2.341978801E-02 
      1179  3.945000000E+02  0.000000000E+00  2.338656861E-02 
      1180  3.947500000E+02  0.000000000E+00  2.335203499E-02 
      1181  3.950000000E+02  0.000000000E+00  2.331603011E-02 
      1182  3.952500000E+02  0.000000000E+00  2.327837056E-02 
      1183  3.955000000E+02  0.000000000E+00  2.323884163E-02 
      1184  3.957500000E+02  0.000000000E+00  2.319719145E-02 
      1185  3.960000000E+02  0.000000000E+00  2.315312366E-02 
      1186  3.962500000E+02  0.000000000E+00  2.310628854E-02 
      1187  3.965000000E+02  0.000000000E+00  2.305627192E-02 
      1188  3.967500000E+02  0.000000000E+00  2.300258122E-02 
      1189  3.970000000E+02  0.000000000E+00  2.294462775E-02 
      1190  3.972500000E+02  0.000000000E+00  2.288170383E-02 
      1191  3.975000000E+02  0.000000000E+00  2.281295264E-02 
      1192  3.977500000E+02  0.000000000E+00  2.273732773E-02 
      1193  3.980000000E+02  0.000000000E+00  2.265353701E-02 
      1194  3.982500000E+02  0.000000000E+00  2.255996269E-02 
      1195  3.985000000E+02  0.000000000E+00  2.245454153E-02 
      1196  3.987500000E+02  0.000000000E+00  2.233457499E-02 
      1197  3.990000000E+02  0.000000000E+00  2.219640215E-02 
      1198  3.992500000E+02  0.000000000E+00  2.203476576E-02 
      1199  3.995000000E+02  0.000000000E+00  2.184136619E-02 
      1200  3.997500000E+02  0.000000000E+00  2.160083202E-02 
      1201  4.000000000E+02  0.000000000E+00  2.292029906E-02 
      1202  4.002000034E+02  0.000000000E+00  2.375076874E-02 
      1203  4.004016387E+02  0.000000000E+00  2.310060094E-02 
      1204  4.006049192E+02  0.000000000E+00  2.248594394E-02 
      1205  4.008098583E+02  0.000000000E+00  2.190492825E-02 
      1206  4.010164696E+02  0.000000000E+00  2.135577894E-02 
      1207  4.012247666E+02  0.000000000E+00  2.083680906E-02 
      1208  4.014347631E+02  0.000000000E+00  2.034641421E-02 
      1209  4.016464731E+02  0.000000000E+00  1.988306762E-02 
      1210  4.018599104E+02  0.000000000E+00  1.944531585E-02 
      1211  4.020750892E+02  0.000000000E+00  1.903177473E-02 
      1212  4.022920237E+02  0.000000000E+00  1.864112594E-02 
      1213  4.025107282E+02  0.000000000E+00  1.826740058E-02 
      1214  4.027312172E+02  0.000000000E+00  1.791499086E-02 
      1215  4.029535052E+02  0.000000000E+00  1.758747113E-02 
      1216  4.031776069E+02  0.000000000E+00  1.727800521E-02 
      1217  4.034035370E+02  0.000000000E+00  1.698557144E-02 
      1218  4.036313106E+02  0.000000000E+00  1.670919692E-02 
      1219  4.038609426E+02  0.000000000E+00  1.644795571E-02 
      1220  4.040924483E+02  0.000000000E+00  1.620096690E-02 
      1221  4.043258428E+02  0.000000000E+00  1.596748996E-02 
      1222  4.045611417E+02  0.000000000E+00  1.574707538E-02 
      1223  4.047983604E+02  0.000000000E+00  1.553881939E-02 
      1224  4.050375146E+02  0.000000000E+00  1.534160673E-02 
      1225  4.052786201E+02  0.000000000E+00  1.515476343E-02 
      1226  4.055216929E+02  0.000000000E+00  1.497919349E-02 
      1227  4.057667489E+02  0.000000000E+00  1.481563255E-02 
      1228  4.060138044E+02  0.000000000E+00  1.466172361E-02 
      1229  4.062628756E+02  0.000000000E+00  1.451485823E-02 
      1230  4.065139791E+02  0.000000000E+00  1.437492061E-02 
      1231  4.067671314E+02  0.000000000E+00  1.424218367E-02 
      1232  4.070223492E+02  0.000000000E+00  1.411640538E-02 
      1233  4.072796494E+02  0.000000000E+00  1.399691393E-02 
      1234  4.075390490E+02  0.000000000E+00  1.388353612E-02 
      1235  4.078005650E+02  0.000000000E+00  1.377576568E-02 
      1236  4.080642148E+02  0.000000000E+00  1.367239068E-02 
      1237  4.083300158E+02  0.000000000E+00  1.357300364E-02 
      1238  4.085979855E+02  0.000000000E+00  1.347732863E-02 
      1239  4.088681416E+02  0.000000000E+00  1.323729979E-02 
      1240  4.091405020E+02  0.000000000E+00  1.299926274E-02 
      1241  4.094150846E+02  0.000000000E+00  1.291364957E-02 
      1242  4.096919076E+02  0.000000000E+00  1.283143273E-02 
      1243  4.099709892E+02  0.000000000E+00  1.275234091E-02 
      1244  4.102523480E+02  0.000000000E+00  1.267611992E-02 
      1245  4.105360024E+02  0.000000000E+00  1.260253179E-02 
      1246  4.108219711E+02  0.000000000E+00  1.253135387E-02 
      1247  4.111102732E+02  0.000000000E+00  1.246237800E-02 
      1248  4.114009276E+02  0.000000000E+00  1.239540977E-02 
      1249  4.116939535E+02  0.000000000E+00  1.233026767E-02 
      1250  4.119893702E+02  0.000000000E+00  1.226678238E-02 
      1251  4.122871973E+02  0.000000000E+00  1.220479609E-02 
      1252  4.125874544E+02  0.000000000E+00  1.214416181E-02 
      1253  4.128901614E+02  0.000000000E+00  1.208474272E-02 
      1254  4.131953383E+02  0.000000000E+00  1.202641157E-02 
      1255  4.135030051E+02  0.000000000E+00  1.196905007E-02 
      1256  4.138131823E+02  0.000000000E+00  1.191254838E-02 
      1257  4.141258902E+02  0.000000000E+00  1.185680455E-02 
      1258  4.144411496E+02  0.000000000E+00  1.180172402E-02 
      1259  4.147589813E+02  0.000000000E+00  1.174721912E-02 
      1260  4.150794062E+02  0.000000000E+00  1.169320869E-02 
      1261  4.154024455E+02  0.000000000E+00  1.163961756E-02 
      1262  4.157281206E+02  0.000000000E+00  1.158637622E-02 
      1263  4.160564529E+02  0.000000000E+00  1.153342040E-02 
      1264  4.163874641E+02  0.000000000E+00  1.148069070E-02 
      1265  4.167211762E+02  0.000000000E+00  1.142813228E-02 
      1266  4.170576110E+02  0.000000000E+00  1.137569452E-02 
      1267  4.173967909E+02  0.000000000E+00  1.132333069E-02 
      1268  4.177387382E+02  0.000000000E+00  1.127099775E-02 
      1269  4.180834756E+02  0.000000000E+00  1.121865596E-02 
      1270  4.184310257E+02  0.000000000E+00  1.116626876E-02 
      1271  4.187814116E+02  0.000000000E+00  1.111380241E-02 
      1272  4.191346563E+02  0.000000000E+00  1.106122588E-02 
      1273  4.194907832E+02  0.000000000E+00  1.100851056E-02 
      1274  4.198498158E+02  0.000000000E+00  1.095563012E-02 
      1275  4.202117779E+02  0.000000000E+00  1.090256030E-02 
      1276  4.205766933E+02  0.000000000E+00  1.084927876E-02 
      1277  4.209445860E+02  0.000000000E+00  1.079576491E-02 
      1278  4.213154806E+02  0.000000000E+00  1.074199979E-02 
      1279  4.216894013E+02  0.000000000E+00  1.068796590E-02 
      1280  4.220663728E+02  0.000000000E+00  1.063364709E-02 
      1281  4.224464202E+02  0.000000000E+00  1.057902846E-02 
      1282  4.228295685E+02  0.000000000E+00  1.052409624E-02 
      1283  4.232158429E+02  0.000000000E+00  1.046883768E-02 
      1284  4.236052691E+02  0.000000000E+00  1.041324097E-02 
      1285  4.239978726E+02  0.000000000E+00  1.035729514E-02 
      1286  4.243936795E+02  0.000000000E+00  1.030099003E-02 
      1287  4.247927158E+02  0.000000000E+00  1.024431613E-02 
      1288  4.251950080E+02  0.000000000E+00  1.018726462E-02 
      1289  4.256005825E+02  0.000000000E+00  1.012982721E-02 
      1290  4.260094662E+02  0.000000000E+00  1.007199616E-02 
      1291  4.264216861E+02  0.000000000E+00  1.001376419E-02 
      1292  4.268372694E+02  0.000000000E+00  9.955124420E-03 
      1293  4.272562434E+02  0.000000000E+00  9.896070378E-03 
      1294  4.276786360E+02  0.000000000E+00  9.836595915E-03 
      1295  4.281044750E+02  0.000000000E+00  9.776695185E-03 
      1296  4.285337884E+02  0.000000000E+00  9.716362616E-03 
      1297  4.289666047E+02  0.000000000E+00  9.655592876E-03 
      1298  4.294029525E+02  0.000000000E+00  9.594380843E-03 
      1299  4.298428605E+02  0.000000000E+00  9.532721588E-03 
      1300  4.302863578E+02  0.000000000E+00  9.470610346E-03 
      1301  4.307334737E+02  0.000000000E+00  9.408042500E-03 
      1302  4.311842377E+02  0.000000000E+00  9.345013559E-03 
      1303  4.316386795E+02  0.000000000E+00  9.281519146E-03 
      1304  4.320968293E+02  0.000000000E+00  9.217554977E-03 
      1305  4.325587172E+02  0.000000000E+00  9.153116854E-03 
      1306  4.330243737E+02  0.000000000E+00  9.088200648E-03 
      1307  4.334938296E+02  0.000000000E+00  9.022802289E-03 
      1308  4.339671159E+02  0.000000000E+00  8.956917758E-03 
      1309  4.344442638E+02  0.000000000E+00  8.890543075E-03 
      1310  4.349253049E+02  0.000000000E+00  8.823674294E-03 
      1311  4.354102708E+02  0.000000000E+00  8.756307492E-03 
      1312  4.358991937E+02  0.000000000E+00  8.688438768E-03 
      1313  4.363921059E+02  0.000000000E+00  8.620064230E-03 
      1314  4.368890398E+02  0.000000000E+00  8.551179994E-03 
      1315  4.373900283E+02  0.000000000E+00  8.481782181E-03 
      1316  4.378951044E+02  0.000000000E+00  8.411866905E-03 
      1317  4.384043016E+02  0.000000000E+00  8.341430279E-03 
      1318  4.389176534E+02  0.000000000E+00  8.270468405E-03 
      1319  4.394351937E+02  0.000000000E+00  8.198977371E-03 
      1320  4.399569568E+02  0.000000000E+00  8.126953249E-03 
      1321  4.404829770E+02  0.000000000E+00  8.054392094E-03 
      1322  4.410132892E+02  0.000000000E+00  7.981289940E-03 
      1323  4.415479282E+02  0.000000000E+00  7.907642796E-03 
      1324  4.420869295E+02  0.000000000E+00  7.833446645E-03 
      1325  4.426303286E+02  0.000000000E+00  7.758697446E-03 
      1326  4.431781614E+02  0.000000000E+00  7.683391125E-03 
      1327  4.437304641E+02  0.000000000E+00  7.607523580E-03 
      1328  4.442872731E+02  0.000000000E+00  7.531090672E-03 
      1329  4.448486253E+02  0.000000000E+00  7.454088233E-03 
      1330  4.454145576E+02  0.000000000E+00  7.376512052E-03 
      1331  4.459851075E+02  0.000000000E+00  7.298357889E-03 
      1332  4.465603126E+02  0.000000000E+00  7.219621458E-03 
      1333  4.471402109E+02  0.000000000E+00  7.140298435E-03 
      1334  4.477248408E+02  0.000000000E+00  7.060384456E-03 
      1335  4.483142407E+02  0.000000000E+00  6.979875112E-03 
      1336  4.489084497E+02  0.000000000E+00  6.898765951E-03 
      1337  4.495075070E+02  0.000000000E+00  6.817052472E-03 
      1338  4.501114521E+02  0.000000000E+00  6.734730131E-03 
      1339  4.507203248E+02  0.000000000E+00  6.651794332E-03 
      1340  4.513341655E+02  0.000000000E+00  6.568240432E-03 
      1341  4.519530147E+02  0.000000000E+00  6.484063733E-03 
      1342  4.525769132E+02  0.000000000E+00  6.399259488E-03 
      1343  4.532059021E+02  0.000000000E+00  6.313822892E-03 
      1344  4.538400232E+02  0.000000000E+00  6.227749088E-03 
      1345  4.544793181E+02  0.000000000E+00  6.141033158E-03 
      1346  4.551238292E+02  0.000000000E+00  6.053670127E-03 
      1347  4.557735990E+02  0.000000000E+00  5.965654960E-03 
      1348  4.564286703E+02  0.000000000E+00  5.876982559E-03 
      1349  4.570890866E+02  0.000000000E+00  5.787647762E-03 
      1350  4.577548913E+02  0.000000000E+00  5.697645342E-03 
      1351  4.584261284E+02  0.000000000E+00  5.606970006E-03 
      1352  4.591028423E+02  0.000000000E+00  5.515616389E-03 
      1353  4.597850777E+02  0.000000000E+00  5.423579058E-03 
      1354  4.604728795E+02  0.000000000E+00  5.330852506E-03 
      1355  4.611662932E+02  0.000000000E+00  5.237431152E-03 
      1356  4.618653647E+02  0.000000000E+00  5.143309334E-03 
      1357  4.625701400E+02  0.000000000E+00  5.048481317E-03 
      1358  4.632806657E+02  0.000000000E+00  4.952941282E-03 
      1359  4.639969887E+02  0.000000000E+00  4.856683324E-03 
      1360  4.647191564E+02  0.000000000E+00  4.759701457E-03 
      1361  4.654472164E+02  0.000000000E+00  4.661989600E-03 
      1362  4.661812167E+02  0.000000000E+00  4.563541585E-03 
      1363  4.669212059E+02  0.000000000E+00  4.464351147E-03 
      1364  4.676672328E+02  0.000000000E+00  4.364411921E-03 
      1365  4.684193468E+02  0.000000000E+00  4.263717441E-03 
      1366  4.691775973E+02  0.000000000E+00  4.162261137E-03 
      1367  4.699420346E+02  0.000000000E+00  4.060036321E-03 
      1368  4.707127091E+02  0.000000000E+00  3.957036187E-03 
      1369  4.714896716E+02  0.000000000E+00  3.853253806E-03 
      1370  4.722729736E+02  0.000000000E+00  3.748682112E-03 
      1371  4.730626666E+02  0.000000000E+00  3.643313890E-03 
      1372  4.738588030E+02  0.000000000E+00  3.537141763E-03 
      1373  4.746614352E+02  0.000000000E+00  3.430158176E-03 
      1374  4.754706162E+02  0.000000000E+00  3.322355366E-03 
      1375  4.762863994E+02  0.000000000E+00  3.213725336E-03 
      1376  4.771088389E+02  0.000000000E+00  3.104259805E-03 
      1377  4.779379887E+02  0.000000000E+00  2.993950165E-03 
      1378  4.787739038E+02  0.000000000E+00  2.882787396E-03 
      1379  4.796166392E+02  0.000000000E+00  2.770761974E-03 
      1380  4.804662507E+02  0.000000000E+00  2.657863735E-03 
      1381  4.813227944E+02  0.000000000E+00  2.544081702E-03 
      1382  4.821863268E+02  0.000000000E+00  2.429403838E-03 
      1383  4.830569049E+02  0.000000000E+00  2.313816717E-03 
      1384  4.839345862E+02  0.000000000E+00  2.197305082E-03 
      1385  4.848194287E+02  0.000000000E+00  2.079851229E-03 
      1386  4.857114908E+02  0.000000000E+00  1.961434175E-03 
      1387  4.866108314E+02  0.000000000E+00  1.842028501E-03 
      1388  4.875175099E+02  0.000000000E+00  1.721602781E-03 
      1389  4.884315862E+02  0.000000000E+00  1.600117387E-03 
      1390  4.893531206E+02  0.000000000E+00  1.477521474E-03 
      1391  4.902821741E+02  0.000000000E+00  1.353748780E-03 
      1392  4.912188078E+02  0.000000000E+00  1.228711798E-03 
      1393  4.921630837E+02  0.000000000E+00  1.102293633E-03 
      1394  4.931150642E+02  0.000000000E+00  9.743366252E-04 
      1395  4.940748120E+02  0.000000000E+00  8.446263785E-04 
      1396  4.950423907E+02  0.000000000E+00  7.128693168E-04 
      1397  4.960178639E+02  0.000000000E+00  5.786610149E-04 
      1398  4.970012963E+02  0.000000000E+00  4.414413802E-04 
      1399  4.979927527E+02  0.000000000E+00  3.004344627E-04 
      1400  4.989922986E+02  0.000000000E+00  1.540194443E-04 
      1401  5.000000000E+02  0.000000000E+00  7.885460712E-05 
