nodenumber     x-coordinate     y-coordinate           udm-10 
         1  0.000000000E+00  0.000000000E+00 -4.119366690E-07 
         2  1.007701384E+00  0.000000000E+00 -8.255783241E-07 
         3  2.007247274E+00  0.000000000E+00 -1.653775576E-06 
         4  2.998703673E+00  0.000000000E+00 -2.497972320E-06 
         5  3.982136051E+00  0.000000000E+00 -3.370899008E-06 
         6  4.957609346E+00  0.000000000E+00 -4.283264856E-06 
         7  5.925187975E+00  0.000000000E+00 -5.246069780E-06 
         8  6.884935829E+00  0.000000000E+00 -6.270513483E-06 
         9  7.836916284E+00  0.000000000E+00 -7.368018941E-06 
        10  8.781192203E+00  0.000000000E+00 -8.550291889E-06 
        11  9.717825941E+00  0.000000000E+00 -9.829391107E-06 
        12  1.064687935E+01  0.000000000E+00 -1.121779988E-05 
        13  1.156841377E+01  0.000000000E+00 -1.272849532E-05 
        14  1.248249006E+01  0.000000000E+00 -1.437501448E-05 
        15  1.338916858E+01  0.000000000E+00 -1.617151721E-05 
        16  1.428850920E+01  0.000000000E+00 -1.813284582E-05 
        17  1.518057130E+01  0.000000000E+00 -2.027458170E-05 
        18  1.606541380E+01  0.000000000E+00 -2.261309919E-05 
        19  1.694309512E+01  0.000000000E+00 -2.516561670E-05 
        20  1.781367322E+01  0.000000000E+00 -2.795024540E-05 
        21  1.867720559E+01  0.000000000E+00 -3.098603530E-05 
        22  1.953374925E+01  0.000000000E+00 -3.429301908E-05 
        23  2.038336076E+01  0.000000000E+00 -3.789225341E-05 
        24  2.122609622E+01  0.000000000E+00 -4.180585793E-05 
        25  2.206201128E+01  0.000000000E+00 -4.605705182E-05 
        26  2.289116114E+01  0.000000000E+00 -5.067018788E-05 
        27  2.371360056E+01  0.000000000E+00 -5.567078419E-05 
        28  2.452938383E+01  0.000000000E+00 -6.108555306E-05 
        29  2.533856484E+01  0.000000000E+00 -6.694242736E-05 
        30  2.614119701E+01  0.000000000E+00 -7.327058413E-05 
        31  2.693733335E+01  0.000000000E+00 -8.010046525E-05 
        32  2.772702642E+01  0.000000000E+00 -8.746379518E-05 
        33  2.851032837E+01  0.000000000E+00 -9.539359558E-05 
        34  2.928729093E+01  0.000000000E+00 -1.039241968E-04 
        35  3.005796541E+01  0.000000000E+00 -1.130912459E-04 
        36  3.082240268E+01  0.000000000E+00 -1.229317116E-04 
        37  3.158065324E+01  0.000000000E+00 -1.334838852E-04 
        38  3.233276716E+01  0.000000000E+00 -1.447873783E-04 
        39  3.307879409E+01  0.000000000E+00 -1.568831163E-04 
        40  3.381878330E+01  0.000000000E+00 -1.698133289E-04 
        41  3.455278365E+01  0.000000000E+00 -1.836215359E-04 
        42  3.528084362E+01  0.000000000E+00 -1.983525288E-04 
        43  3.600301127E+01  0.000000000E+00 -2.140523497E-04 
        44  3.671933431E+01  0.000000000E+00 -2.307682642E-04 
        45  3.742986002E+01  0.000000000E+00 -2.485487317E-04 
        46  3.813463533E+01  0.000000000E+00 -2.674433704E-04 
        47  3.883370678E+01  0.000000000E+00 -2.875029189E-04 
        48  3.952712052E+01  0.000000000E+00 -3.087791925E-04 
        49  4.021492235E+01  0.000000000E+00 -3.313250363E-04 
        50  4.089715769E+01  0.000000000E+00 -3.551942730E-04 
        51  4.157387159E+01  0.000000000E+00 -3.804416473E-04 
        52  4.224510872E+01  0.000000000E+00 -4.071227656E-04 
        53  4.291091342E+01  0.000000000E+00 -4.352940314E-04 
        54  4.357132966E+01  0.000000000E+00 -4.650125770E-04 
        55  4.422640104E+01  0.000000000E+00 -4.963361904E-04 
        56  4.487617081E+01  0.000000000E+00 -5.293232394E-04 
        57  4.552068189E+01  0.000000000E+00 -5.640325904E-04 
        58  4.615997684E+01  0.000000000E+00 -6.005235243E-04 
        59  4.679409786E+01  0.000000000E+00 -6.388556486E-04 
        60  4.742308684E+01  0.000000000E+00 -6.790888061E-04 
        61  4.804698530E+01  0.000000000E+00 -7.212829794E-04 
        62  4.866583446E+01  0.000000000E+00 -7.654981929E-04 
        63  4.927967516E+01  0.000000000E+00 -8.117944121E-04 
        64  4.988854795E+01  0.000000000E+00 -8.602314389E-04 
        65  5.049249303E+01  0.000000000E+00 -9.108688047E-04 
        66  5.109155028E+01  0.000000000E+00 -9.637656616E-04 
        67  5.168575926E+01  0.000000000E+00 -1.018980670E-03 
        68  5.227515921E+01  0.000000000E+00 -1.076571885E-03 
        69  5.285978905E+01  0.000000000E+00 -1.136596642E-03 
        70  5.343968738E+01  0.000000000E+00 -1.199111438E-03 
        71  5.401489250E+01  0.000000000E+00 -1.264171812E-03 
        72  5.458544238E+01  0.000000000E+00 -1.331832228E-03 
        73  5.515137472E+01  0.000000000E+00 -1.402145953E-03 
        74  5.571272686E+01  0.000000000E+00 -1.475164933E-03 
        75  5.626953590E+01  0.000000000E+00 -1.550939675E-03 
        76  5.682183858E+01  0.000000000E+00 -1.629519125E-03 
        77  5.736967139E+01  0.000000000E+00 -1.710950542E-03 
        78  5.791307049E+01  0.000000000E+00 -1.795279381E-03 
        79  5.845207178E+01  0.000000000E+00 -1.882549170E-03 
        80  5.898671083E+01  0.000000000E+00 -1.972801391E-03 
        81  5.951702297E+01  0.000000000E+00 -2.066075360E-03 
        82  6.004304320E+01  0.000000000E+00 -2.162408112E-03 
        83  6.056480627E+01  0.000000000E+00 -2.261834284E-03 
        84  6.108234661E+01  0.000000000E+00 -2.364386002E-03 
        85  6.159569842E+01  0.000000000E+00 -2.470092769E-03 
        86  6.210489559E+01  0.000000000E+00 -2.578981360E-03 
        87  6.260997174E+01  0.000000000E+00 -2.691075709E-03 
        88  6.311096022E+01  0.000000000E+00 -2.806396814E-03 
        89  6.360789412E+01  0.000000000E+00 -2.924962632E-03 
        90  6.410080625E+01  0.000000000E+00 -3.046787986E-03 
        91  6.458972916E+01  0.000000000E+00 -3.171884470E-03 
        92  6.507469514E+01  0.000000000E+00 -3.300260363E-03 
        93  6.555573621E+01  0.000000000E+00 -3.431920544E-03 
        94  6.603288413E+01  0.000000000E+00 -3.566866413E-03 
        95  6.650617042E+01  0.000000000E+00 -3.705095814E-03 
        96  6.697562632E+01  0.000000000E+00 -3.846602966E-03 
        97  6.744128283E+01  0.000000000E+00 -3.991378399E-03 
        98  6.790317071E+01  0.000000000E+00 -4.139408892E-03 
        99  6.836132046E+01  0.000000000E+00 -4.290677420E-03 
       100  6.881576232E+01  0.000000000E+00 -4.445163100E-03 
       101  6.926652631E+01  0.000000000E+00 -4.602841157E-03 
       102  6.971364219E+01  0.000000000E+00 -4.763682875E-03 
       103  7.015713949E+01  0.000000000E+00 -4.927655574E-03 
       104  7.059704749E+01  0.000000000E+00 -5.094722581E-03 
       105  7.103339524E+01  0.000000000E+00 -5.264843210E-03 
       106  7.146621156E+01  0.000000000E+00 -5.437972748E-03 
       107  7.189552503E+01  0.000000000E+00 -5.614062451E-03 
       108  7.232136399E+01  0.000000000E+00 -5.793059539E-03 
       109  7.274375656E+01  0.000000000E+00 -5.974907209E-03 
       110  7.316273064E+01  0.000000000E+00 -6.159544639E-03 
       111  7.357831389E+01  0.000000000E+00 -6.346907012E-03 
       112  7.399053376E+01  0.000000000E+00 -6.536925541E-03 
       113  7.439941746E+01  0.000000000E+00 -6.729527502E-03 
       114  7.480499201E+01  0.000000000E+00 -6.924636269E-03 
       115  7.520728416E+01  0.000000000E+00 -7.122171364E-03 
       116  7.560632051E+01  0.000000000E+00 -7.322048507E-03 
       117  7.600212738E+01  0.000000000E+00 -7.524179671E-03 
       118  7.639473092E+01  0.000000000E+00 -7.728473157E-03 
       119  7.678415706E+01  0.000000000E+00 -7.934833653E-03 
       120  7.717043151E+01  0.000000000E+00 -8.143162323E-03 
       121  7.755357977E+01  0.000000000E+00 -8.353356884E-03 
       122  7.793362715E+01  0.000000000E+00 -8.565311702E-03 
       123  7.831059875E+01  0.000000000E+00 -8.778917889E-03 
       124  7.868451945E+01  0.000000000E+00 -8.994063405E-03 
       125  7.905541395E+01  0.000000000E+00 -9.210633171E-03 
       126  7.942330674E+01  0.000000000E+00 -9.428509184E-03 
       127  7.978822211E+01  0.000000000E+00 -9.647570648E-03 
       128  8.015018416E+01  0.000000000E+00 -9.867694100E-03 
       129  8.050921679E+01  0.000000000E+00 -1.008875355E-02 
       130  8.086534371E+01  0.000000000E+00 -1.031062064E-02 
       131  8.121858844E+01  0.000000000E+00 -1.053316478E-02 
       132  8.156897429E+01  0.000000000E+00 -1.075625334E-02 
       133  8.191652442E+01  0.000000000E+00 -1.097975180E-02 
       134  8.226126177E+01  0.000000000E+00 -1.120352396E-02 
       135  8.260320909E+01  0.000000000E+00 -1.142743214E-02 
       136  8.294238899E+01  0.000000000E+00 -1.165133738E-02 
       137  8.327882384E+01  0.000000000E+00 -1.187509970E-02 
       138  8.361253587E+01  0.000000000E+00 -1.209857832E-02 
       139  8.394354712E+01  0.000000000E+00 -1.232163197E-02 
       140  8.427187943E+01  0.000000000E+00 -1.254411916E-02 
       141  8.459755450E+01  0.000000000E+00 -1.276589851E-02 
       142  8.492059382E+01  0.000000000E+00 -1.298682911E-02 
       143  8.524101873E+01  0.000000000E+00 -1.320677091E-02 
       144  8.555885039E+01  0.000000000E+00 -1.342558512E-02 
       145  8.587410979E+01  0.000000000E+00 -1.364313469E-02 
       146  8.618681774E+01  0.000000000E+00 -1.385928482E-02 
       147  8.649699489E+01  0.000000000E+00 -1.407390352E-02 
       148  8.680466173E+01  0.000000000E+00 -1.428686216E-02 
       149  8.710983857E+01  0.000000000E+00 -1.449803620E-02 
       150  8.741254556E+01  0.000000000E+00 -1.470730584E-02 
       151  8.771280270E+01  0.000000000E+00 -1.491455680E-02 
       152  8.801062980E+01  0.000000000E+00 -1.511968117E-02 
       153  8.830604654E+01  0.000000000E+00 -1.532257827E-02 
       154  8.859907242E+01  0.000000000E+00 -1.552315558E-02 
       155  8.888972679E+01  0.000000000E+00 -1.572132976E-02 
       156  8.917802885E+01  0.000000000E+00 -1.591702770E-02 
       157  8.946399764E+01  0.000000000E+00 -1.611018763E-02 
       158  8.974765203E+01  0.000000000E+00 -1.630076025E-02 
       159  9.002901076E+01  0.000000000E+00 -1.648870997E-02 
       160  9.030809241E+01  0.000000000E+00 -1.667401611E-02 
       161  9.058491540E+01  0.000000000E+00 -1.685667420E-02 
       162  9.085949802E+01  0.000000000E+00 -1.703669731E-02 
       163  9.113185839E+01  0.000000000E+00 -1.721411733E-02 
       164  9.140201451E+01  0.000000000E+00 -1.738898636E-02 
       165  9.166998421E+01  0.000000000E+00 -1.756137807E-02 
       166  9.193578518E+01  0.000000000E+00 -1.773138910E-02 
       167  9.219943499E+01  0.000000000E+00 -1.789914036E-02 
       168  9.246095103E+01  0.000000000E+00 -1.806477849E-02 
       169  9.272035058E+01  0.000000000E+00 -1.822847704E-02 
       170  9.297765077E+01  0.000000000E+00 -1.839043781E-02 
       171  9.323286858E+01  0.000000000E+00 -1.855097445E-02 
       172  9.348602087E+01  0.000000000E+00 -1.871025767E-02 
       173  9.373712436E+01  0.000000000E+00 -1.887031352E-02 
       174  9.398619563E+01  0.000000000E+00 -1.903010493E-02 
       175  9.423325112E+01  0.000000000E+00 -1.918819568E-02 
       176  9.447830715E+01  0.000000000E+00 -1.928851778E-02 
       177  9.472137990E+01  0.000000000E+00 -1.939140514E-02 
       178  9.496248543E+01  0.000000000E+00 -1.955483427E-02 
       179  9.520163964E+01  0.000000000E+00 -1.971845258E-02 
       180  9.543885834E+01  0.000000000E+00 -1.988251317E-02 
       181  9.567415720E+01  0.000000000E+00 -2.005008784E-02 
       182  9.590755173E+01  0.000000000E+00 -2.022090986E-02 
       183  9.613905737E+01  0.000000000E+00 -2.039463236E-02 
       184  9.636868940E+01  0.000000000E+00 -2.057209130E-02 
       185  9.659646297E+01  0.000000000E+00 -2.075389390E-02 
       186  9.682239314E+01  0.000000000E+00 -2.094068885E-02 
       187  9.704649481E+01  0.000000000E+00 -2.113378992E-02 
       188  9.726878279E+01  0.000000000E+00 -2.133337160E-02 
       189  9.748927176E+01  0.000000000E+00 -2.154048306E-02 
       190  9.770797628E+01  0.000000000E+00 -2.175562140E-02 
       191  9.792491078E+01  0.000000000E+00 -2.197989358E-02 
       192  9.814008960E+01  0.000000000E+00 -2.221382785E-02 
       193  9.835352693E+01  0.000000000E+00 -2.245705630E-02 
       194  9.856523689E+01  0.000000000E+00 -2.271148855E-02 
       195  9.877523344E+01  0.000000000E+00 -2.297594084E-02 
       196  9.898353045E+01  0.000000000E+00 -2.325307538E-02 
       197  9.919014168E+01  0.000000000E+00 -2.354576693E-02 
       198  9.939508077E+01  0.000000000E+00 -2.385314144E-02 
       199  9.959836126E+01  0.000000000E+00 -2.417612464E-02 
       200  9.979999657E+01  0.000000000E+00 -2.451566108E-02 
       201  1.000000000E+02  0.000000000E+00 -2.418860128E-02 
       202  1.002500000E+02  0.000000000E+00 -2.363630763E-02 
       203  1.005000000E+02  0.000000000E+00 -2.376863250E-02 
       204  1.007500000E+02  0.000000000E+00 -2.387779550E-02 
       205  1.010000000E+02  0.000000000E+00 -2.397102089E-02 
       206  1.012500000E+02  0.000000000E+00 -2.405226061E-02 
       207  1.015000000E+02  0.000000000E+00 -2.412404242E-02 
       208  1.017500000E+02  0.000000000E+00 -2.418813835E-02 
       209  1.020000000E+02  0.000000000E+00 -2.424586029E-02 
       210  1.022500000E+02  0.000000000E+00 -2.429821398E-02 
       211  1.025000000E+02  0.000000000E+00 -2.434598916E-02 
       212  1.027500000E+02  0.000000000E+00 -2.438981691E-02 
       213  1.030000000E+02  0.000000000E+00 -2.443020831E-02 
       214  1.032500000E+02  0.000000000E+00 -2.446758166E-02 
       215  1.035000000E+02  0.000000000E+00 -2.450228242E-02 
       216  1.037500000E+02  0.000000000E+00 -2.453459802E-02 
       217  1.040000000E+02  0.000000000E+00 -2.456476931E-02 
       218  1.042500000E+02  0.000000000E+00 -2.459299935E-02 
       219  1.045000000E+02  0.000000000E+00 -2.461946046E-02 
       220  1.047500000E+02  0.000000000E+00 -2.464429981E-02 
       221  1.050000000E+02  0.000000000E+00 -2.466764387E-02 
       222  1.052500000E+02  0.000000000E+00 -2.468960215E-02 
       223  1.055000000E+02  0.000000000E+00 -2.471027011E-02 
       224  1.057500000E+02  0.000000000E+00 -2.472973165E-02 
       225  1.060000000E+02  0.000000000E+00 -2.474806111E-02 
       226  1.062500000E+02  0.000000000E+00 -2.476532494E-02 
       227  1.065000000E+02  0.000000000E+00 -2.478158305E-02 
       228  1.067500000E+02  0.000000000E+00 -2.479688990E-02 
       229  1.070000000E+02  0.000000000E+00 -2.481129550E-02 
       230  1.072500000E+02  0.000000000E+00 -2.482484608E-02 
       231  1.075000000E+02  0.000000000E+00 -2.483758476E-02 
       232  1.077500000E+02  0.000000000E+00 -2.484955202E-02 
       233  1.080000000E+02  0.000000000E+00 -2.486078609E-02 
       234  1.082500000E+02  0.000000000E+00 -2.487132331E-02 
       235  1.085000000E+02  0.000000000E+00 -2.488119836E-02 
       236  1.087500000E+02  0.000000000E+00 -2.489044442E-02 
       237  1.090000000E+02  0.000000000E+00 -2.489909340E-02 
       238  1.092500000E+02  0.000000000E+00 -2.490717598E-02 
       239  1.095000000E+02  0.000000000E+00 -2.491472174E-02 
       240  1.097500000E+02  0.000000000E+00 -2.492175923E-02 
       241  1.100000000E+02  0.000000000E+00 -2.492831595E-02 
       242  1.102500000E+02  0.000000000E+00 -2.493441847E-02 
       243  1.105000000E+02  0.000000000E+00 -2.494009238E-02 
       244  1.107500000E+02  0.000000000E+00 -2.494536233E-02 
       245  1.110000000E+02  0.000000000E+00 -2.495025205E-02 
       246  1.112500000E+02  0.000000000E+00 -2.495478431E-02 
       247  1.115000000E+02  0.000000000E+00 -2.495898097E-02 
       248  1.117500000E+02  0.000000000E+00 -2.496286299E-02 
       249  1.120000000E+02  0.000000000E+00 -2.496645038E-02 
       250  1.122500000E+02  0.000000000E+00 -2.496976225E-02 
       251  1.125000000E+02  0.000000000E+00 -2.497281680E-02 
       252  1.127500000E+02  0.000000000E+00 -2.497563136E-02 
       253  1.130000000E+02  0.000000000E+00 -2.497822236E-02 
       254  1.132500000E+02  0.000000000E+00 -2.498060538E-02 
       255  1.135000000E+02  0.000000000E+00 -2.498279514E-02 
       256  1.137500000E+02  0.000000000E+00 -2.498480554E-02 
       257  1.140000000E+02  0.000000000E+00 -2.498664970E-02 
       258  1.142500000E+02  0.000000000E+00 -2.498833993E-02 
       259  1.145000000E+02  0.000000000E+00 -2.498988781E-02 
       260  1.147500000E+02  0.000000000E+00 -2.499130420E-02 
       261  1.150000000E+02  0.000000000E+00 -2.499259925E-02 
       262  1.152500000E+02  0.000000000E+00 -2.499378244E-02 
       263  1.155000000E+02  0.000000000E+00 -2.499486265E-02 
       264  1.157500000E+02  0.000000000E+00 -2.499584811E-02 
       265  1.160000000E+02  0.000000000E+00 -2.499674650E-02 
       266  1.162500000E+02  0.000000000E+00 -2.499756495E-02 
       267  1.165000000E+02  0.000000000E+00 -2.499831008E-02 
       268  1.167500000E+02  0.000000000E+00 -2.499898800E-02 
       269  1.170000000E+02  0.000000000E+00 -2.499960439E-02 
       270  1.172500000E+02  0.000000000E+00 -2.500016449E-02 
       271  1.175000000E+02  0.000000000E+00 -2.500067312E-02 
       272  1.177500000E+02  0.000000000E+00 -2.500113475E-02 
       273  1.180000000E+02  0.000000000E+00 -2.500155349E-02 
       274  1.182500000E+02  0.000000000E+00 -2.500193309E-02 
       275  1.185000000E+02  0.000000000E+00 -2.500227704E-02 
       276  1.187500000E+02  0.000000000E+00 -2.500258852E-02 
       277  1.190000000E+02  0.000000000E+00 -2.500287045E-02 
       278  1.192500000E+02  0.000000000E+00 -2.500312550E-02 
       279  1.195000000E+02  0.000000000E+00 -2.500335613E-02 
       280  1.197500000E+02  0.000000000E+00 -2.500356457E-02 
       281  1.200000000E+02  0.000000000E+00 -2.500375286E-02 
       282  1.202500000E+02  0.000000000E+00 -2.500392289E-02 
       283  1.205000000E+02  0.000000000E+00 -2.500407635E-02 
       284  1.207500000E+02  0.000000000E+00 -2.500421479E-02 
       285  1.210000000E+02  0.000000000E+00 -2.500433964E-02 
       286  1.212500000E+02  0.000000000E+00 -2.500445218E-02 
       287  1.215000000E+02  0.000000000E+00 -2.500455358E-02 
       288  1.217500000E+02  0.000000000E+00 -2.500464491E-02 
       289  1.220000000E+02  0.000000000E+00 -2.500472714E-02 
       290  1.222500000E+02  0.000000000E+00 -2.500480115E-02 
       291  1.225000000E+02  0.000000000E+00 -2.500486773E-02 
       292  1.227500000E+02  0.000000000E+00 -2.500492761E-02 
       293  1.230000000E+02  0.000000000E+00 -2.500498144E-02 
       294  1.232500000E+02  0.000000000E+00 -2.500502982E-02 
       295  1.235000000E+02  0.000000000E+00 -2.500507328E-02 
       296  1.237500000E+02  0.000000000E+00 -2.500511232E-02 
       297  1.240000000E+02  0.000000000E+00 -2.500514736E-02 
       298  1.242500000E+02  0.000000000E+00 -2.500517882E-02 
       299  1.245000000E+02  0.000000000E+00 -2.500520703E-02 
       300  1.247500000E+02  0.000000000E+00 -2.500523235E-02 
       301  1.250000000E+02  0.000000000E+00 -2.500525504E-02 
       302  1.252500000E+02  0.000000000E+00 -2.500527538E-02 
       303  1.255000000E+02  0.000000000E+00 -2.500529361E-02 
       304  1.257500000E+02  0.000000000E+00 -2.500530995E-02 
       305  1.260000000E+02  0.000000000E+00 -2.500532457E-02 
       306  1.262500000E+02  0.000000000E+00 -2.500533767E-02 
       307  1.265000000E+02  0.000000000E+00 -2.500534939E-02 
       308  1.267500000E+02  0.000000000E+00 -2.500535988E-02 
       309  1.270000000E+02  0.000000000E+00 -2.500536926E-02 
       310  1.272500000E+02  0.000000000E+00 -2.500537766E-02 
       311  1.275000000E+02  0.000000000E+00 -2.500538516E-02 
       312  1.277500000E+02  0.000000000E+00 -2.500539187E-02 
       313  1.280000000E+02  0.000000000E+00 -2.500539786E-02 
       314  1.282500000E+02  0.000000000E+00 -2.500540322E-02 
       315  1.285000000E+02  0.000000000E+00 -2.500540800E-02 
       316  1.287500000E+02  0.000000000E+00 -2.500541228E-02 
       317  1.290000000E+02  0.000000000E+00 -2.500541609E-02 
       318  1.292500000E+02  0.000000000E+00 -2.500541949E-02 
       319  1.295000000E+02  0.000000000E+00 -2.500542253E-02 
       320  1.297500000E+02  0.000000000E+00 -2.500542524E-02 
       321  1.300000000E+02  0.000000000E+00 -2.500542766E-02 
       322  1.302500000E+02  0.000000000E+00 -2.500542981E-02 
       323  1.305000000E+02  0.000000000E+00 -2.500543174E-02 
       324  1.307500000E+02  0.000000000E+00 -2.500543345E-02 
       325  1.310000000E+02  0.000000000E+00 -2.500543498E-02 
       326  1.312500000E+02  0.000000000E+00 -2.500543634E-02 
       327  1.315000000E+02  0.000000000E+00 -2.500543755E-02 
       328  1.317500000E+02  0.000000000E+00 -2.500543863E-02 
       329  1.320000000E+02  0.000000000E+00 -2.500543959E-02 
       330  1.322500000E+02  0.000000000E+00 -2.500544044E-02 
       331  1.325000000E+02  0.000000000E+00 -2.500544120E-02 
       332  1.327500000E+02  0.000000000E+00 -2.500544188E-02 
       333  1.330000000E+02  0.000000000E+00 -2.500544248E-02 
       334  1.332500000E+02  0.000000000E+00 -2.500544302E-02 
       335  1.335000000E+02  0.000000000E+00 -2.500544349E-02 
       336  1.337500000E+02  0.000000000E+00 -2.500544392E-02 
       337  1.340000000E+02  0.000000000E+00 -2.500544429E-02 
       338  1.342500000E+02  0.000000000E+00 -2.500544463E-02 
       339  1.345000000E+02  0.000000000E+00 -2.500544493E-02 
       340  1.347500000E+02  0.000000000E+00 -2.500544519E-02 
       341  1.350000000E+02  0.000000000E+00 -2.500544542E-02 
       342  1.352500000E+02  0.000000000E+00 -2.500544563E-02 
       343  1.355000000E+02  0.000000000E+00 -2.500544582E-02 
       344  1.357500000E+02  0.000000000E+00 -2.500544598E-02 
       345  1.360000000E+02  0.000000000E+00 -2.500544613E-02 
       346  1.362500000E+02  0.000000000E+00 -2.500544626E-02 
       347  1.365000000E+02  0.000000000E+00 -2.500544637E-02 
       348  1.367500000E+02  0.000000000E+00 -2.500544647E-02 
       349  1.370000000E+02  0.000000000E+00 -2.500544656E-02 
       350  1.372500000E+02  0.000000000E+00 -2.500544664E-02 
       351  1.375000000E+02  0.000000000E+00 -2.500544671E-02 
       352  1.377500000E+02  0.000000000E+00 -2.500544678E-02 
       353  1.380000000E+02  0.000000000E+00 -2.500544683E-02 
       354  1.382500000E+02  0.000000000E+00 -2.500544688E-02 
       355  1.385000000E+02  0.000000000E+00 -2.500544693E-02 
       356  1.387500000E+02  0.000000000E+00 -2.500544697E-02 
       357  1.390000000E+02  0.000000000E+00 -2.500544700E-02 
       358  1.392500000E+02  0.000000000E+00 -2.500544703E-02 
       359  1.395000000E+02  0.000000000E+00 -2.500544706E-02 
       360  1.397500000E+02  0.000000000E+00 -2.500544708E-02 
       361  1.400000000E+02  0.000000000E+00 -2.500544710E-02 
       362  1.402500000E+02  0.000000000E+00 -2.500544712E-02 
       363  1.405000000E+02  0.000000000E+00 -2.500544714E-02 
       364  1.407500000E+02  0.000000000E+00 -2.500544715E-02 
       365  1.410000000E+02  0.000000000E+00 -2.500544716E-02 
       366  1.412500000E+02  0.000000000E+00 -2.500544718E-02 
       367  1.415000000E+02  0.000000000E+00 -2.500544719E-02 
       368  1.417500000E+02  0.000000000E+00 -2.500544720E-02 
       369  1.420000000E+02  0.000000000E+00 -2.500544720E-02 
       370  1.422500000E+02  0.000000000E+00 -2.500544721E-02 
       371  1.425000000E+02  0.000000000E+00 -2.500544722E-02 
       372  1.427500000E+02  0.000000000E+00 -2.500544722E-02 
       373  1.430000000E+02  0.000000000E+00 -2.500544723E-02 
       374  1.432500000E+02  0.000000000E+00 -2.500544723E-02 
       375  1.435000000E+02  0.000000000E+00 -2.500544723E-02 
       376  1.437500000E+02  0.000000000E+00 -2.500544724E-02 
       377  1.440000000E+02  0.000000000E+00 -2.500544724E-02 
       378  1.442500000E+02  0.000000000E+00 -2.500544724E-02 
       379  1.445000000E+02  0.000000000E+00 -2.500544725E-02 
       380  1.447500000E+02  0.000000000E+00 -2.500544725E-02 
       381  1.450000000E+02  0.000000000E+00 -2.500544725E-02 
       382  1.452500000E+02  0.000000000E+00 -2.500544725E-02 
       383  1.455000000E+02  0.000000000E+00 -2.500544725E-02 
       384  1.457500000E+02  0.000000000E+00 -2.500544725E-02 
       385  1.460000000E+02  0.000000000E+00 -2.500544725E-02 
       386  1.462500000E+02  0.000000000E+00 -2.500544726E-02 
       387  1.465000000E+02  0.000000000E+00 -2.500544726E-02 
       388  1.467500000E+02  0.000000000E+00 -2.500544726E-02 
       389  1.470000000E+02  0.000000000E+00 -2.500544726E-02 
       390  1.472500000E+02  0.000000000E+00 -2.500544726E-02 
       391  1.475000000E+02  0.000000000E+00 -2.500544726E-02 
       392  1.477500000E+02  0.000000000E+00 -2.500544726E-02 
       393  1.480000000E+02  0.000000000E+00 -2.500544726E-02 
       394  1.482500000E+02  0.000000000E+00 -2.500544726E-02 
       395  1.485000000E+02  0.000000000E+00 -2.500544726E-02 
       396  1.487500000E+02  0.000000000E+00 -2.500544726E-02 
       397  1.490000000E+02  0.000000000E+00 -2.500544726E-02 
       398  1.492500000E+02  0.000000000E+00 -2.500544726E-02 
       399  1.495000000E+02  0.000000000E+00 -2.500544726E-02 
       400  1.497500000E+02  0.000000000E+00 -2.500544726E-02 
       401  1.500000000E+02  0.000000000E+00 -2.500544726E-02 
       402  1.502500000E+02  0.000000000E+00 -2.500544726E-02 
       403  1.505000000E+02  0.000000000E+00 -2.500544726E-02 
       404  1.507500000E+02  0.000000000E+00 -2.500544726E-02 
       405  1.510000000E+02  0.000000000E+00 -2.500544726E-02 
       406  1.512500000E+02  0.000000000E+00 -2.500544726E-02 
       407  1.515000000E+02  0.000000000E+00 -2.500544726E-02 
       408  1.517500000E+02  0.000000000E+00 -2.500544726E-02 
       409  1.520000000E+02  0.000000000E+00 -2.500544726E-02 
       410  1.522500000E+02  0.000000000E+00 -2.500544726E-02 
       411  1.525000000E+02  0.000000000E+00 -2.500544726E-02 
       412  1.527500000E+02  0.000000000E+00 -2.500544726E-02 
       413  1.530000000E+02  0.000000000E+00 -2.500544726E-02 
       414  1.532500000E+02  0.000000000E+00 -2.500544726E-02 
       415  1.535000000E+02  0.000000000E+00 -2.500544726E-02 
       416  1.537500000E+02  0.000000000E+00 -2.500544726E-02 
       417  1.540000000E+02  0.000000000E+00 -2.500544726E-02 
       418  1.542500000E+02  0.000000000E+00 -2.500544725E-02 
       419  1.545000000E+02  0.000000000E+00 -2.500544725E-02 
       420  1.547500000E+02  0.000000000E+00 -2.500544725E-02 
       421  1.550000000E+02  0.000000000E+00 -2.500544725E-02 
       422  1.552500000E+02  0.000000000E+00 -2.500544725E-02 
       423  1.555000000E+02  0.000000000E+00 -2.500544725E-02 
       424  1.557500000E+02  0.000000000E+00 -2.500544724E-02 
       425  1.560000000E+02  0.000000000E+00 -2.500544724E-02 
       426  1.562500000E+02  0.000000000E+00 -2.500544724E-02 
       427  1.565000000E+02  0.000000000E+00 -2.500544724E-02 
       428  1.567500000E+02  0.000000000E+00 -2.500544723E-02 
       429  1.570000000E+02  0.000000000E+00 -2.500544723E-02 
       430  1.572500000E+02  0.000000000E+00 -2.500544722E-02 
       431  1.575000000E+02  0.000000000E+00 -2.500544722E-02 
       432  1.577500000E+02  0.000000000E+00 -2.500544721E-02 
       433  1.580000000E+02  0.000000000E+00 -2.500544721E-02 
       434  1.582500000E+02  0.000000000E+00 -2.500544720E-02 
       435  1.585000000E+02  0.000000000E+00 -2.500544719E-02 
       436  1.587500000E+02  0.000000000E+00 -2.500544718E-02 
       437  1.590000000E+02  0.000000000E+00 -2.500544717E-02 
       438  1.592500000E+02  0.000000000E+00 -2.500544716E-02 
       439  1.595000000E+02  0.000000000E+00 -2.500544715E-02 
       440  1.597500000E+02  0.000000000E+00 -2.500544713E-02 
       441  1.600000000E+02  0.000000000E+00 -2.500544711E-02 
       442  1.602500000E+02  0.000000000E+00 -2.500544709E-02 
       443  1.605000000E+02  0.000000000E+00 -2.500544707E-02 
       444  1.607500000E+02  0.000000000E+00 -2.500544705E-02 
       445  1.610000000E+02  0.000000000E+00 -2.500544702E-02 
       446  1.612500000E+02  0.000000000E+00 -2.500544698E-02 
       447  1.615000000E+02  0.000000000E+00 -2.500544695E-02 
       448  1.617500000E+02  0.000000000E+00 -2.500544691E-02 
       449  1.620000000E+02  0.000000000E+00 -2.500544686E-02 
       450  1.622500000E+02  0.000000000E+00 -2.500544681E-02 
       451  1.625000000E+02  0.000000000E+00 -2.500544675E-02 
       452  1.627500000E+02  0.000000000E+00 -2.500544668E-02 
       453  1.630000000E+02  0.000000000E+00 -2.500544661E-02 
       454  1.632500000E+02  0.000000000E+00 -2.500544653E-02 
       455  1.635000000E+02  0.000000000E+00 -2.500544643E-02 
       456  1.637500000E+02  0.000000000E+00 -2.500544632E-02 
       457  1.640000000E+02  0.000000000E+00 -2.500544620E-02 
       458  1.642500000E+02  0.000000000E+00 -2.500544607E-02 
       459  1.645000000E+02  0.000000000E+00 -2.500544592E-02 
       460  1.647500000E+02  0.000000000E+00 -2.500544574E-02 
       461  1.650000000E+02  0.000000000E+00 -2.500544555E-02 
       462  1.652500000E+02  0.000000000E+00 -2.500544533E-02 
       463  1.655000000E+02  0.000000000E+00 -2.500544509E-02 
       464  1.657500000E+02  0.000000000E+00 -2.500544481E-02 
       465  1.660000000E+02  0.000000000E+00 -2.500544450E-02 
       466  1.662500000E+02  0.000000000E+00 -2.500544415E-02 
       467  1.665000000E+02  0.000000000E+00 -2.500544375E-02 
       468  1.667500000E+02  0.000000000E+00 -2.500544331E-02 
       469  1.670000000E+02  0.000000000E+00 -2.500544281E-02 
       470  1.672500000E+02  0.000000000E+00 -2.500544225E-02 
       471  1.675000000E+02  0.000000000E+00 -2.500544163E-02 
       472  1.677500000E+02  0.000000000E+00 -2.500544092E-02 
       473  1.680000000E+02  0.000000000E+00 -2.500544013E-02 
       474  1.682500000E+02  0.000000000E+00 -2.500543924E-02 
       475  1.685000000E+02  0.000000000E+00 -2.500543824E-02 
       476  1.687500000E+02  0.000000000E+00 -2.500543711E-02 
       477  1.690000000E+02  0.000000000E+00 -2.500543585E-02 
       478  1.692500000E+02  0.000000000E+00 -2.500543444E-02 
       479  1.695000000E+02  0.000000000E+00 -2.500543285E-02 
       480  1.697500000E+02  0.000000000E+00 -2.500543107E-02 
       481  1.700000000E+02  0.000000000E+00 -2.500542908E-02 
       482  1.702500000E+02  0.000000000E+00 -2.500542684E-02 
       483  1.705000000E+02  0.000000000E+00 -2.500542433E-02 
       484  1.707500000E+02  0.000000000E+00 -2.500542152E-02 
       485  1.710000000E+02  0.000000000E+00 -2.500541838E-02 
       486  1.712500000E+02  0.000000000E+00 -2.500541485E-02 
       487  1.715000000E+02  0.000000000E+00 -2.500541090E-02 
       488  1.717500000E+02  0.000000000E+00 -2.500540649E-02 
       489  1.720000000E+02  0.000000000E+00 -2.500540154E-02 
       490  1.722500000E+02  0.000000000E+00 -2.500539601E-02 
       491  1.725000000E+02  0.000000000E+00 -2.500538982E-02 
       492  1.727500000E+02  0.000000000E+00 -2.500538289E-02 
       493  1.730000000E+02  0.000000000E+00 -2.500537515E-02 
       494  1.732500000E+02  0.000000000E+00 -2.500536650E-02 
       495  1.735000000E+02  0.000000000E+00 -2.500535684E-02 
       496  1.737500000E+02  0.000000000E+00 -2.500534604E-02 
       497  1.740000000E+02  0.000000000E+00 -2.500533398E-02 
       498  1.742500000E+02  0.000000000E+00 -2.500532051E-02 
       499  1.745000000E+02  0.000000000E+00 -2.500530548E-02 
       500  1.747500000E+02  0.000000000E+00 -2.500528871E-02 
       501  1.750000000E+02  0.000000000E+00 -2.500527000E-02 
       502  1.752500000E+02  0.000000000E+00 -2.500524914E-02 
       503  1.755000000E+02  0.000000000E+00 -2.500522588E-02 
       504  1.757500000E+02  0.000000000E+00 -2.500519996E-02 
       505  1.760000000E+02  0.000000000E+00 -2.500517109E-02 
       506  1.762500000E+02  0.000000000E+00 -2.500513892E-02 
       507  1.765000000E+02  0.000000000E+00 -2.500510311E-02 
       508  1.767500000E+02  0.000000000E+00 -2.500506326E-02 
       509  1.770000000E+02  0.000000000E+00 -2.500501891E-02 
       510  1.772500000E+02  0.000000000E+00 -2.500496959E-02 
       511  1.775000000E+02  0.000000000E+00 -2.500491475E-02 
       512  1.777500000E+02  0.000000000E+00 -2.500485381E-02 
       513  1.780000000E+02  0.000000000E+00 -2.500478609E-02 
       514  1.782500000E+02  0.000000000E+00 -2.500471089E-02 
       515  1.785000000E+02  0.000000000E+00 -2.500462741E-02 
       516  1.787500000E+02  0.000000000E+00 -2.500453476E-02 
       517  1.790000000E+02  0.000000000E+00 -2.500443200E-02 
       518  1.792500000E+02  0.000000000E+00 -2.500431805E-02 
       519  1.795000000E+02  0.000000000E+00 -2.500419176E-02 
       520  1.797500000E+02  0.000000000E+00 -2.500405185E-02 
       521  1.800000000E+02  0.000000000E+00 -2.500389692E-02 
       522  1.802500000E+02  0.000000000E+00 -2.500372544E-02 
       523  1.805000000E+02  0.000000000E+00 -2.500353573E-02 
       524  1.807500000E+02  0.000000000E+00 -2.500332596E-02 
       525  1.810000000E+02  0.000000000E+00 -2.500309410E-02 
       526  1.812500000E+02  0.000000000E+00 -2.500283798E-02 
       527  1.815000000E+02  0.000000000E+00 -2.500255519E-02 
       528  1.817500000E+02  0.000000000E+00 -2.500224313E-02 
       529  1.820000000E+02  0.000000000E+00 -2.500189896E-02 
       530  1.822500000E+02  0.000000000E+00 -2.500151958E-02 
       531  1.825000000E+02  0.000000000E+00 -2.500110163E-02 
       532  1.827500000E+02  0.000000000E+00 -2.500064148E-02 
       533  1.830000000E+02  0.000000000E+00 -2.500013516E-02 
       534  1.832500000E+02  0.000000000E+00 -2.499957840E-02 
       535  1.835000000E+02  0.000000000E+00 -2.499896655E-02 
       536  1.837500000E+02  0.000000000E+00 -2.499829463E-02 
       537  1.840000000E+02  0.000000000E+00 -2.499755723E-02 
       538  1.842500000E+02  0.000000000E+00 -2.499674853E-02 
       539  1.845000000E+02  0.000000000E+00 -2.499586229E-02 
       540  1.847500000E+02  0.000000000E+00 -2.499489178E-02 
       541  1.850000000E+02  0.000000000E+00 -2.499382979E-02 
       542  1.852500000E+02  0.000000000E+00 -2.499266862E-02 
       543  1.855000000E+02  0.000000000E+00 -2.499140002E-02 
       544  1.857500000E+02  0.000000000E+00 -2.499001517E-02 
       545  1.860000000E+02  0.000000000E+00 -2.498850471E-02 
       546  1.862500000E+02  0.000000000E+00 -2.498685867E-02 
       547  1.865000000E+02  0.000000000E+00 -2.498506645E-02 
       548  1.867500000E+02  0.000000000E+00 -2.498311685E-02 
       549  1.870000000E+02  0.000000000E+00 -2.498099802E-02 
       550  1.872500000E+02  0.000000000E+00 -2.497869745E-02 
       551  1.875000000E+02  0.000000000E+00 -2.497620197E-02 
       552  1.877500000E+02  0.000000000E+00 -2.497349775E-02 
       553  1.880000000E+02  0.000000000E+00 -2.497057028E-02 
       554  1.882500000E+02  0.000000000E+00 -2.496740438E-02 
       555  1.885000000E+02  0.000000000E+00 -2.496398422E-02 
       556  1.887500000E+02  0.000000000E+00 -2.496029330E-02 
       557  1.890000000E+02  0.000000000E+00 -2.495631446E-02 
       558  1.892500000E+02  0.000000000E+00 -2.495202992E-02 
       559  1.895000000E+02  0.000000000E+00 -2.494742126E-02 
       560  1.897500000E+02  0.000000000E+00 -2.494246947E-02 
       561  1.900000000E+02  0.000000000E+00 -2.493715493E-02 
       562  1.902500000E+02  0.000000000E+00 -2.493145746E-02 
       563  1.905000000E+02  0.000000000E+00 -2.492535630E-02 
       564  1.907500000E+02  0.000000000E+00 -2.491883012E-02 
       565  1.910000000E+02  0.000000000E+00 -2.491185705E-02 
       566  1.912500000E+02  0.000000000E+00 -2.490441462E-02 
       567  1.915000000E+02  0.000000000E+00 -2.489647976E-02 
       568  1.917500000E+02  0.000000000E+00 -2.488802877E-02 
       569  1.920000000E+02  0.000000000E+00 -2.487903721E-02 
       570  1.922500000E+02  0.000000000E+00 -2.486947983E-02 
       571  1.925000000E+02  0.000000000E+00 -2.485933042E-02 
       572  1.927500000E+02  0.000000000E+00 -2.484856164E-02 
       573  1.930000000E+02  0.000000000E+00 -2.483714475E-02 
       574  1.932500000E+02  0.000000000E+00 -2.482504937E-02 
       575  1.935000000E+02  0.000000000E+00 -2.481224303E-02 
       576  1.937500000E+02  0.000000000E+00 -2.479869073E-02 
       577  1.940000000E+02  0.000000000E+00 -2.478435435E-02 
       578  1.942500000E+02  0.000000000E+00 -2.476919191E-02 
       579  1.945000000E+02  0.000000000E+00 -2.475315671E-02 
       580  1.947500000E+02  0.000000000E+00 -2.473619621E-02 
       581  1.950000000E+02  0.000000000E+00 -2.471825074E-02 
       582  1.952500000E+02  0.000000000E+00 -2.469925192E-02 
       583  1.955000000E+02  0.000000000E+00 -2.467912068E-02 
       584  1.957500000E+02  0.000000000E+00 -2.465776490E-02 
       585  1.960000000E+02  0.000000000E+00 -2.463507652E-02 
       586  1.962500000E+02  0.000000000E+00 -2.461092799E-02 
       587  1.965000000E+02  0.000000000E+00 -2.458516779E-02 
       588  1.967500000E+02  0.000000000E+00 -2.455761495E-02 
       589  1.970000000E+02  0.000000000E+00 -2.452805204E-02 
       590  1.972500000E+02  0.000000000E+00 -2.449621616E-02 
       591  1.975000000E+02  0.000000000E+00 -2.446178724E-02 
       592  1.977500000E+02  0.000000000E+00 -2.442437236E-02 
       593  1.980000000E+02  0.000000000E+00 -2.438348426E-02 
       594  1.982500000E+02  0.000000000E+00 -2.433851083E-02 
       595  1.985000000E+02  0.000000000E+00 -2.428866988E-02 
       596  1.987500000E+02  0.000000000E+00 -2.423293788E-02 
       597  1.990000000E+02  0.000000000E+00 -2.416992825E-02 
       598  1.992500000E+02  0.000000000E+00 -2.409765711E-02 
       599  1.995000000E+02  0.000000000E+00 -2.401301313E-02 
       600  1.997500000E+02  0.000000000E+00 -2.391028993E-02 
       601  2.000000000E+02  0.000000000E+00 -2.435486614E-02 
       602  2.001999988E+02  0.000000000E+00 -2.461595905E-02 
       603  2.004032879E+02  0.000000000E+00 -2.433980120E-02 
       604  2.006099214E+02  0.000000000E+00 -2.407592524E-02 
       605  2.008199543E+02  0.000000000E+00 -2.382388401E-02 
       606  2.010334426E+02  0.000000000E+00 -2.358320375E-02 
       607  2.012504431E+02  0.000000000E+00 -2.335338519E-02 
       608  2.014710137E+02  0.000000000E+00 -2.313390414E-02 
       609  2.016952129E+02  0.000000000E+00 -2.292421227E-02 
       610  2.019231006E+02  0.000000000E+00 -2.272373830E-02 
       611  2.021547374E+02  0.000000000E+00 -2.253188946E-02 
       612  2.023901849E+02  0.000000000E+00 -2.234805328E-02 
       613  2.026295060E+02  0.000000000E+00 -2.217159974E-02 
       614  2.028727642E+02  0.000000000E+00 -2.200188382E-02 
       615  2.031200245E+02  0.000000000E+00 -2.183823827E-02 
       616  2.033713525E+02  0.000000000E+00 -2.168025733E-02 
       617  2.036268153E+02  0.000000000E+00 -2.156295846E-02 
       618  2.038864808E+02  0.000000000E+00 -2.145051136E-02 
       619  2.041504183E+02  0.000000000E+00 -2.130542735E-02 
       620  2.044186979E+02  0.000000000E+00 -2.116412176E-02 
       621  2.046913911E+02  0.000000000E+00 -2.102605841E-02 
       622  2.049685706E+02  0.000000000E+00 -2.088968447E-02 
       623  2.052503101E+02  0.000000000E+00 -2.075434912E-02 
       624  2.055366847E+02  0.000000000E+00 -2.061941578E-02 
       625  2.058277705E+02  0.000000000E+00 -2.048427064E-02 
       626  2.061236452E+02  0.000000000E+00 -2.034832376E-02 
       627  2.064243875E+02  0.000000000E+00 -2.021101195E-02 
       628  2.067300774E+02  0.000000000E+00 -2.007180149E-02 
       629  2.070407965E+02  0.000000000E+00 -1.993019050E-02 
       630  2.073566273E+02  0.000000000E+00 -1.978571093E-02 
       631  2.076776540E+02  0.000000000E+00 -1.963793025E-02 
       632  2.080039622E+02  0.000000000E+00 -1.948645260E-02 
       633  2.083356386E+02  0.000000000E+00 -1.933091964E-02 
       634  2.086727716E+02  0.000000000E+00 -1.917101095E-02 
       635  2.090154510E+02  0.000000000E+00 -1.900644397E-02 
       636  2.093637679E+02  0.000000000E+00 -1.883697355E-02 
       637  2.097178153E+02  0.000000000E+00 -1.866239120E-02 
       638  2.100776872E+02  0.000000000E+00 -1.848252388E-02 
       639  2.104434797E+02  0.000000000E+00 -1.829723265E-02 
       640  2.108152899E+02  0.000000000E+00 -1.810641096E-02 
       641  2.111932170E+02  0.000000000E+00 -1.790998280E-02 
       642  2.115773617E+02  0.000000000E+00 -1.770790072E-02 
       643  2.119678260E+02  0.000000000E+00 -1.750014377E-02 
       644  2.123647142E+02  0.000000000E+00 -1.728671538E-02 
       645  2.127681317E+02  0.000000000E+00 -1.706764135E-02 
       646  2.131781861E+02  0.000000000E+00 -1.684296774E-02 
       647  2.135949866E+02  0.000000000E+00 -1.661275899E-02 
       648  2.140186441E+02  0.000000000E+00 -1.637709610E-02 
       649  2.144492713E+02  0.000000000E+00 -1.613607492E-02 
       650  2.148869831E+02  0.000000000E+00 -1.588980466E-02 
       651  2.153318959E+02  0.000000000E+00 -1.563840649E-02 
       652  2.157841282E+02  0.000000000E+00 -1.538201226E-02 
       653  2.162438005E+02  0.000000000E+00 -1.512076347E-02 
       654  2.167110350E+02  0.000000000E+00 -1.485481024E-02 
       655  2.171859563E+02  0.000000000E+00 -1.458431052E-02 
       656  2.176686908E+02  0.000000000E+00 -1.430942925E-02 
       657  2.181593671E+02  0.000000000E+00 -1.403033773E-02 
       658  2.186581157E+02  0.000000000E+00 -1.374721299E-02 
       659  2.191650695E+02  0.000000000E+00 -1.346023717E-02 
       660  2.196803635E+02  0.000000000E+00 -1.316959701E-02 
       661  2.202041348E+02  0.000000000E+00 -1.287548327E-02 
       662  2.207365230E+02  0.000000000E+00 -1.257809018E-02 
       663  2.212776699E+02  0.000000000E+00 -1.227761487E-02 
       664  2.218277194E+02  0.000000000E+00 -1.197425678E-02 
       665  2.223868182E+02  0.000000000E+00 -1.166821702E-02 
       666  2.229551149E+02  0.000000000E+00 -1.135969770E-02 
       667  2.235327610E+02  0.000000000E+00 -1.104890120E-02 
       668  2.241199103E+02  0.000000000E+00 -1.073602937E-02 
       669  2.247167191E+02  0.000000000E+00 -1.042128272E-02 
       670  2.253233464E+02  0.000000000E+00 -1.010485951E-02 
       671  2.259399536E+02  0.000000000E+00 -9.786954749E-03 
       672  2.265667050E+02  0.000000000E+00 -9.467759176E-03 
       673  2.272037674E+02  0.000000000E+00 -9.147458126E-03 
       674  2.278513104E+02  0.000000000E+00 -8.826230355E-03 
       675  2.285095066E+02  0.000000000E+00 -8.504246744E-03 
       676  2.291785311E+02  0.000000000E+00 -8.181668958E-03 
       677  2.298585621E+02  0.000000000E+00 -7.858648028E-03 
       678  2.305497807E+02  0.000000000E+00 -7.535322792E-03 
       679  2.312523708E+02  0.000000000E+00 -7.211818347E-03 
       680  2.319665197E+02  0.000000000E+00 -6.888244316E-03 
       681  2.326924175E+02  0.000000000E+00 -6.564693125E-03 
       682  2.334302574E+02  0.000000000E+00 -6.241238116E-03 
       683  2.341802359E+02  0.000000000E+00 -5.917931640E-03 
       684  2.349425527E+02  0.000000000E+00 -5.594803052E-03 
       685  2.357174108E+02  0.000000000E+00 -5.271856620E-03 
       686  2.365050165E+02  0.000000000E+00 -4.949069371E-03 
       687  2.373055796E+02  0.000000000E+00 -4.626388904E-03 
       688  2.381193132E+02  0.000000000E+00 -4.303731092E-03 
       689  2.389464340E+02  0.000000000E+00 -3.980977787E-03 
       690  2.397871622E+02  0.000000000E+00 -3.657974478E-03 
       691  2.406417216E+02  0.000000000E+00 -3.334527910E-03 
       692  2.415103399E+02  0.000000000E+00 -3.010403716E-03 
       693  2.423932484E+02  0.000000000E+00 -2.685324073E-03 
       694  2.432906820E+02  0.000000000E+00 -2.358965379E-03 
       695  2.442028798E+02  0.000000000E+00 -2.030956012E-03 
       696  2.451300847E+02  0.000000000E+00 -1.700874204E-03 
       697  2.460725436E+02  0.000000000E+00 -1.368246102E-03 
       698  2.470305073E+02  0.000000000E+00 -1.032544072E-03 
       699  2.480042311E+02  0.000000000E+00 -6.931854218E-04 
       700  2.489939742E+02  0.000000000E+00 -3.495317889E-04 
       701  2.500000000E+02  0.000000000E+00 -8.897767601E-07 
       702  2.510060258E+02  0.000000000E+00  3.477489895E-04 
       703  2.519957689E+02  0.000000000E+00  6.913929976E-04 
       704  2.529694927E+02  0.000000000E+00  1.030735844E-03 
       705  2.539274564E+02  0.000000000E+00  1.366416165E-03 
       706  2.548699153E+02  0.000000000E+00  1.699016918E-03 
       707  2.557971202E+02  0.000000000E+00  2.029066008E-03 
       708  2.567093180E+02  0.000000000E+00  2.357037554E-03 
       709  2.576067516E+02  0.000000000E+00  2.683353589E-03 
       710  2.584896601E+02  0.000000000E+00  3.008385999E-03 
       711  2.593582784E+02  0.000000000E+00  3.332458651E-03 
       712  2.602128379E+02  0.000000000E+00  3.655849630E-03 
       713  2.610535660E+02  0.000000000E+00  3.978793569E-03 
       714  2.618806868E+02  0.000000000E+00  4.301483989E-03 
       715  2.626944204E+02  0.000000000E+00  4.624075671E-03 
       716  2.634949835E+02  0.000000000E+00  4.946687036E-03 
       717  2.642825892E+02  0.000000000E+00  5.269402488E-03 
       718  2.650574473E+02  0.000000000E+00  5.592274712E-03 
       719  2.658197641E+02  0.000000000E+00  5.915326966E-03 
       720  2.665697426E+02  0.000000000E+00  6.238555277E-03 
       721  2.673075825E+02  0.000000000E+00  6.561930589E-03 
       722  2.680334803E+02  0.000000000E+00  6.885400858E-03 
       723  2.687476292E+02  0.000000000E+00  7.208893053E-03 
       724  2.694502193E+02  0.000000000E+00  7.532315070E-03 
       725  2.701414379E+02  0.000000000E+00  7.855557613E-03 
       726  2.708214689E+02  0.000000000E+00  8.178495921E-03 
       727  2.714904934E+02  0.000000000E+00  8.500991497E-03 
       728  2.721486896E+02  0.000000000E+00  8.822893663E-03 
       729  2.727962326E+02  0.000000000E+00  9.144041113E-03 
       730  2.734332950E+02  0.000000000E+00  9.464263333E-03 
       731  2.740600464E+02  0.000000000E+00  9.783381943E-03 
       732  2.746766536E+02  0.000000000E+00  1.010121200E-02 
       733  2.752832808E+02  0.000000000E+00  1.041756314E-02 
       734  2.758800897E+02  0.000000000E+00  1.073224077E-02 
       735  2.764672390E+02  0.000000000E+00  1.104504704E-02 
       736  2.770448851E+02  0.000000000E+00  1.135578188E-02 
       737  2.776131818E+02  0.000000000E+00  1.166424384E-02 
       738  2.781722806E+02  0.000000000E+00  1.197023100E-02 
       739  2.787223301E+02  0.000000000E+00  1.227354169E-02 
       740  2.792634769E+02  0.000000000E+00  1.257397525E-02 
       741  2.797958652E+02  0.000000000E+00  1.287133271E-02 
       742  2.803196365E+02  0.000000000E+00  1.316541739E-02 
       743  2.808349305E+02  0.000000000E+00  1.345603551E-02 
       744  2.813418843E+02  0.000000000E+00  1.374299676E-02 
       745  2.818406329E+02  0.000000000E+00  1.402611481E-02 
       746  2.823313092E+02  0.000000000E+00  1.430520792E-02 
       747  2.828140437E+02  0.000000000E+00  1.458009938E-02 
       748  2.832889650E+02  0.000000000E+00  1.485061820E-02 
       749  2.837561995E+02  0.000000000E+00  1.511659962E-02 
       750  2.842158718E+02  0.000000000E+00  1.537788580E-02 
       751  2.846681041E+02  0.000000000E+00  1.563432660E-02 
       752  2.851130169E+02  0.000000000E+00  1.588578037E-02 
       753  2.855507287E+02  0.000000000E+00  1.613211493E-02 
       754  2.859813560E+02  0.000000000E+00  1.637320866E-02 
       755  2.864050134E+02  0.000000000E+00  1.660895166E-02 
       756  2.868218139E+02  0.000000000E+00  1.683924722E-02 
       757  2.872318683E+02  0.000000000E+00  1.706401330E-02 
       758  2.876352858E+02  0.000000000E+00  1.728318423E-02 
       759  2.880321740E+02  0.000000000E+00  1.749671255E-02 
       760  2.884226383E+02  0.000000000E+00  1.770457094E-02 
       761  2.888067830E+02  0.000000000E+00  1.790675432E-02 
       762  2.891847101E+02  0.000000000E+00  1.810328194E-02 
       763  2.895565204E+02  0.000000000E+00  1.829419952E-02 
       764  2.899223128E+02  0.000000000E+00  1.847958141E-02 
       765  2.902821847E+02  0.000000000E+00  1.865953253E-02 
       766  2.906362321E+02  0.000000000E+00  1.883419038E-02 
       767  2.909845490E+02  0.000000000E+00  1.900372669E-02 
       768  2.913272284E+02  0.000000000E+00  1.916834892E-02 
       769  2.916643614E+02  0.000000000E+00  1.932830145E-02 
       770  2.919960378E+02  0.000000000E+00  1.948386638E-02 
       771  2.923223460E+02  0.000000000E+00  1.963536400E-02 
       772  2.926433727E+02  0.000000000E+00  1.978315286E-02 
       773  2.929592035E+02  0.000000000E+00  1.992762933E-02 
       774  2.932699226E+02  0.000000000E+00  2.006922683E-02 
       775  2.935756125E+02  0.000000000E+00  2.020841457E-02 
       776  2.938763548E+02  0.000000000E+00  2.034569586E-02 
       777  2.941722295E+02  0.000000000E+00  2.048160608E-02 
       778  2.944633153E+02  0.000000000E+00  2.061671020E-02 
       779  2.947496899E+02  0.000000000E+00  2.075160011E-02 
       780  2.950314294E+02  0.000000000E+00  2.088689151E-02 
       781  2.953086088E+02  0.000000000E+00  2.102322076E-02 
       782  2.955813021E+02  0.000000000E+00  2.116124142E-02 
       783  2.958495817E+02  0.000000000E+00  2.130162078E-02 
       784  2.961135192E+02  0.000000000E+00  2.144503622E-02 
       785  2.963731847E+02  0.000000000E+00  2.159217174E-02 
       786  2.966286475E+02  0.000000000E+00  2.174371438E-02 
       787  2.968799755E+02  0.000000000E+00  2.190035082E-02 
       788  2.971272358E+02  0.000000000E+00  2.206276411E-02 
       789  2.973704940E+02  0.000000000E+00  2.223163054E-02 
       790  2.976098151E+02  0.000000000E+00  2.240761679E-02 
       791  2.978452626E+02  0.000000000E+00  2.259137719E-02 
       792  2.980768994E+02  0.000000000E+00  2.278355136E-02 
       793  2.983047871E+02  0.000000000E+00  2.298476204E-02 
       794  2.985289863E+02  0.000000000E+00  2.319561316E-02 
       795  2.987495568E+02  0.000000000E+00  2.331912377E-02 
       796  2.989665574E+02  0.000000000E+00  2.343814337E-02 
       797  2.991800457E+02  0.000000000E+00  2.364614893E-02 
       798  2.993900786E+02  0.000000000E+00  2.386245011E-02 
       799  2.995967121E+02  0.000000000E+00  2.408737205E-02 
       800  2.998000012E+02  0.000000000E+00  2.432122787E-02 
       801  3.000000000E+02  0.000000000E+00  2.417969843E-02 
       802  3.002500000E+02  0.000000000E+00  2.391182816E-02 
       803  3.005000000E+02  0.000000000E+00  2.401450926E-02 
       804  3.007500000E+02  0.000000000E+00  2.409911343E-02 
       805  3.010000000E+02  0.000000000E+00  2.417134414E-02 
       806  3.012500000E+02  0.000000000E+00  2.423431131E-02 
       807  3.015000000E+02  0.000000000E+00  2.428999816E-02 
       808  3.017500000E+02  0.000000000E+00  2.433979107E-02 
       809  3.020000000E+02  0.000000000E+00  2.438471358E-02 
       810  3.022500000E+02  0.000000000E+00  2.442554809E-02 
       811  3.025000000E+02  0.000000000E+00  2.446290703E-02 
       812  3.027500000E+02  0.000000000E+00  2.449727805E-02 
       813  3.030000000E+02  0.000000000E+00  2.452905454E-02 
       814  3.032500000E+02  0.000000000E+00  2.455855706E-02 
       815  3.035000000E+02  0.000000000E+00  2.458604898E-02 
       816  3.037500000E+02  0.000000000E+00  2.461174825E-02 
       817  3.040000000E+02  0.000000000E+00  2.463583630E-02 
       818  3.042500000E+02  0.000000000E+00  2.465846510E-02 
       819  3.045000000E+02  0.000000000E+00  2.467976263E-02 
       820  3.047500000E+02  0.000000000E+00  2.469983732E-02 
       821  3.050000000E+02  0.000000000E+00  2.471878162E-02 
       822  3.052500000E+02  0.000000000E+00  2.473667486E-02 
       823  3.055000000E+02  0.000000000E+00  2.475358569E-02 
       824  3.057500000E+02  0.000000000E+00  2.476957394E-02 
       825  3.060000000E+02  0.000000000E+00  2.478469229E-02 
       826  3.062500000E+02  0.000000000E+00  2.479898754E-02 
       827  3.065000000E+02  0.000000000E+00  2.481250171E-02 
       828  3.067500000E+02  0.000000000E+00  2.482527294E-02 
       829  3.070000000E+02  0.000000000E+00  2.483733620E-02 
       830  3.072500000E+02  0.000000000E+00  2.484872388E-02 
       831  3.075000000E+02  0.000000000E+00  2.485946632E-02 
       832  3.077500000E+02  0.000000000E+00  2.486959212E-02 
       833  3.080000000E+02  0.000000000E+00  2.487912850E-02 
       834  3.082500000E+02  0.000000000E+00  2.488810153E-02 
       835  3.085000000E+02  0.000000000E+00  2.489653632E-02 
       836  3.087500000E+02  0.000000000E+00  2.490445714E-02 
       837  3.090000000E+02  0.000000000E+00  2.491188754E-02 
       838  3.092500000E+02  0.000000000E+00  2.491885041E-02 
       839  3.095000000E+02  0.000000000E+00  2.492536806E-02 
       840  3.097500000E+02  0.000000000E+00  2.493146221E-02 
       841  3.100000000E+02  0.000000000E+00  2.493715403E-02 
       842  3.102500000E+02  0.000000000E+00  2.494246412E-02 
       843  3.105000000E+02  0.000000000E+00  2.494741254E-02 
       844  3.107500000E+02  0.000000000E+00  2.495201875E-02 
       845  3.110000000E+02  0.000000000E+00  2.495630167E-02 
       846  3.112500000E+02  0.000000000E+00  2.496027959E-02 
       847  3.115000000E+02  0.000000000E+00  2.496397018E-02 
       848  3.117500000E+02  0.000000000E+00  2.496739051E-02 
       849  3.120000000E+02  0.000000000E+00  2.497055698E-02 
       850  3.122500000E+02  0.000000000E+00  2.497348537E-02 
       851  3.125000000E+02  0.000000000E+00  2.497619078E-02 
       852  3.127500000E+02  0.000000000E+00  2.497868765E-02 
       853  3.130000000E+02  0.000000000E+00  2.498098978E-02 
       854  3.132500000E+02  0.000000000E+00  2.498311027E-02 
       855  3.135000000E+02  0.000000000E+00  2.498506160E-02 
       856  3.137500000E+02  0.000000000E+00  2.498685559E-02 
       857  3.140000000E+02  0.000000000E+00  2.498850342E-02 
       858  3.142500000E+02  0.000000000E+00  2.499001565E-02 
       859  3.145000000E+02  0.000000000E+00  2.499140223E-02 
       860  3.147500000E+02  0.000000000E+00  2.499267253E-02 
       861  3.150000000E+02  0.000000000E+00  2.499383534E-02 
       862  3.152500000E+02  0.000000000E+00  2.499489890E-02 
       863  3.155000000E+02  0.000000000E+00  2.499587091E-02 
       864  3.157500000E+02  0.000000000E+00  2.499675857E-02 
       865  3.160000000E+02  0.000000000E+00  2.499756862E-02 
       866  3.162500000E+02  0.000000000E+00  2.499830729E-02 
       867  3.165000000E+02  0.000000000E+00  2.499898040E-02 
       868  3.167500000E+02  0.000000000E+00  2.499959335E-02 
       869  3.170000000E+02  0.000000000E+00  2.500015115E-02 
       870  3.172500000E+02  0.000000000E+00  2.500065843E-02 
       871  3.175000000E+02  0.000000000E+00  2.500111947E-02 
       872  3.177500000E+02  0.000000000E+00  2.500153824E-02 
       873  3.180000000E+02  0.000000000E+00  2.500191838E-02 
       874  3.182500000E+02  0.000000000E+00  2.500226325E-02 
       875  3.185000000E+02  0.000000000E+00  2.500257595E-02 
       876  3.187500000E+02  0.000000000E+00  2.500285933E-02 
       877  3.190000000E+02  0.000000000E+00  2.500311599E-02 
       878  3.192500000E+02  0.000000000E+00  2.500334834E-02 
       879  3.195000000E+02  0.000000000E+00  2.500355857E-02 
       880  3.197500000E+02  0.000000000E+00  2.500374869E-02 
       881  3.200000000E+02  0.000000000E+00  2.500392054E-02 
       882  3.202500000E+02  0.000000000E+00  2.500407581E-02 
       883  3.205000000E+02  0.000000000E+00  2.500421603E-02 
       884  3.207500000E+02  0.000000000E+00  2.500434260E-02 
       885  3.210000000E+02  0.000000000E+00  2.500445680E-02 
       886  3.212500000E+02  0.000000000E+00  2.500455980E-02 
       887  3.215000000E+02  0.000000000E+00  2.500465266E-02 
       888  3.217500000E+02  0.000000000E+00  2.500473633E-02 
       889  3.220000000E+02  0.000000000E+00  2.500481171E-02 
       890  3.222500000E+02  0.000000000E+00  2.500487958E-02 
       891  3.225000000E+02  0.000000000E+00  2.500494067E-02 
       892  3.227500000E+02  0.000000000E+00  2.500499563E-02 
       893  3.230000000E+02  0.000000000E+00  2.500504507E-02 
       894  3.232500000E+02  0.000000000E+00  2.500508952E-02 
       895  3.235000000E+02  0.000000000E+00  2.500512947E-02 
       896  3.237500000E+02  0.000000000E+00  2.500516536E-02 
       897  3.240000000E+02  0.000000000E+00  2.500519760E-02 
       898  3.242500000E+02  0.000000000E+00  2.500522655E-02 
       899  3.245000000E+02  0.000000000E+00  2.500525253E-02 
       900  3.247500000E+02  0.000000000E+00  2.500527585E-02 
       901  3.250000000E+02  0.000000000E+00  2.500529676E-02 
       902  3.252500000E+02  0.000000000E+00  2.500531551E-02 
       903  3.255000000E+02  0.000000000E+00  2.500533233E-02 
       904  3.257500000E+02  0.000000000E+00  2.500534739E-02 
       905  3.260000000E+02  0.000000000E+00  2.500536089E-02 
       906  3.262500000E+02  0.000000000E+00  2.500537298E-02 
       907  3.265000000E+02  0.000000000E+00  2.500538381E-02 
       908  3.267500000E+02  0.000000000E+00  2.500539350E-02 
       909  3.270000000E+02  0.000000000E+00  2.500540217E-02 
       910  3.272500000E+02  0.000000000E+00  2.500540993E-02 
       911  3.275000000E+02  0.000000000E+00  2.500541687E-02 
       912  3.277500000E+02  0.000000000E+00  2.500542308E-02 
       913  3.280000000E+02  0.000000000E+00  2.500542863E-02 
       914  3.282500000E+02  0.000000000E+00  2.500543358E-02 
       915  3.285000000E+02  0.000000000E+00  2.500543801E-02 
       916  3.287500000E+02  0.000000000E+00  2.500544197E-02 
       917  3.290000000E+02  0.000000000E+00  2.500544551E-02 
       918  3.292500000E+02  0.000000000E+00  2.500544866E-02 
       919  3.295000000E+02  0.000000000E+00  2.500545148E-02 
       920  3.297500000E+02  0.000000000E+00  2.500545399E-02 
       921  3.300000000E+02  0.000000000E+00  2.500545624E-02 
       922  3.302500000E+02  0.000000000E+00  2.500545824E-02 
       923  3.305000000E+02  0.000000000E+00  2.500546002E-02 
       924  3.307500000E+02  0.000000000E+00  2.500546161E-02 
       925  3.310000000E+02  0.000000000E+00  2.500546303E-02 
       926  3.312500000E+02  0.000000000E+00  2.500546429E-02 
       927  3.315000000E+02  0.000000000E+00  2.500546542E-02 
       928  3.317500000E+02  0.000000000E+00  2.500546642E-02 
       929  3.320000000E+02  0.000000000E+00  2.500546732E-02 
       930  3.322500000E+02  0.000000000E+00  2.500546811E-02 
       931  3.325000000E+02  0.000000000E+00  2.500546882E-02 
       932  3.327500000E+02  0.000000000E+00  2.500546945E-02 
       933  3.330000000E+02  0.000000000E+00  2.500547001E-02 
       934  3.332500000E+02  0.000000000E+00  2.500547051E-02 
       935  3.335000000E+02  0.000000000E+00  2.500547095E-02 
       936  3.337500000E+02  0.000000000E+00  2.500547135E-02 
       937  3.340000000E+02  0.000000000E+00  2.500547170E-02 
       938  3.342500000E+02  0.000000000E+00  2.500547201E-02 
       939  3.345000000E+02  0.000000000E+00  2.500547229E-02 
       940  3.347500000E+02  0.000000000E+00  2.500547254E-02 
       941  3.350000000E+02  0.000000000E+00  2.500547275E-02 
       942  3.352500000E+02  0.000000000E+00  2.500547295E-02 
       943  3.355000000E+02  0.000000000E+00  2.500547312E-02 
       944  3.357500000E+02  0.000000000E+00  2.500547327E-02 
       945  3.360000000E+02  0.000000000E+00  2.500547341E-02 
       946  3.362500000E+02  0.000000000E+00  2.500547353E-02 
       947  3.365000000E+02  0.000000000E+00  2.500547364E-02 
       948  3.367500000E+02  0.000000000E+00  2.500547373E-02 
       949  3.370000000E+02  0.000000000E+00  2.500547382E-02 
       950  3.372500000E+02  0.000000000E+00  2.500547389E-02 
       951  3.375000000E+02  0.000000000E+00  2.500547396E-02 
       952  3.377500000E+02  0.000000000E+00  2.500547402E-02 
       953  3.380000000E+02  0.000000000E+00  2.500547407E-02 
       954  3.382500000E+02  0.000000000E+00  2.500547412E-02 
       955  3.385000000E+02  0.000000000E+00  2.500547416E-02 
       956  3.387500000E+02  0.000000000E+00  2.500547419E-02 
       957  3.390000000E+02  0.000000000E+00  2.500547423E-02 
       958  3.392500000E+02  0.000000000E+00  2.500547425E-02 
       959  3.395000000E+02  0.000000000E+00  2.500547428E-02 
       960  3.397500000E+02  0.000000000E+00  2.500547430E-02 
       961  3.400000000E+02  0.000000000E+00  2.500547432E-02 
       962  3.402500000E+02  0.000000000E+00  2.500547434E-02 
       963  3.405000000E+02  0.000000000E+00  2.500547436E-02 
       964  3.407500000E+02  0.000000000E+00  2.500547437E-02 
       965  3.410000000E+02  0.000000000E+00  2.500547438E-02 
       966  3.412500000E+02  0.000000000E+00  2.500547439E-02 
       967  3.415000000E+02  0.000000000E+00  2.500547440E-02 
       968  3.417500000E+02  0.000000000E+00  2.500547441E-02 
       969  3.420000000E+02  0.000000000E+00  2.500547442E-02 
       970  3.422500000E+02  0.000000000E+00  2.500547442E-02 
       971  3.425000000E+02  0.000000000E+00  2.500547443E-02 
       972  3.427500000E+02  0.000000000E+00  2.500547443E-02 
       973  3.430000000E+02  0.000000000E+00  2.500547444E-02 
       974  3.432500000E+02  0.000000000E+00  2.500547444E-02 
       975  3.435000000E+02  0.000000000E+00  2.500547445E-02 
       976  3.437500000E+02  0.000000000E+00  2.500547445E-02 
       977  3.440000000E+02  0.000000000E+00  2.500547445E-02 
       978  3.442500000E+02  0.000000000E+00  2.500547445E-02 
       979  3.445000000E+02  0.000000000E+00  2.500547446E-02 
       980  3.447500000E+02  0.000000000E+00  2.500547446E-02 
       981  3.450000000E+02  0.000000000E+00  2.500547446E-02 
       982  3.452500000E+02  0.000000000E+00  2.500547446E-02 
       983  3.455000000E+02  0.000000000E+00  2.500547446E-02 
       984  3.457500000E+02  0.000000000E+00  2.500547446E-02 
       985  3.460000000E+02  0.000000000E+00  2.500547447E-02 
       986  3.462500000E+02  0.000000000E+00  2.500547447E-02 
       987  3.465000000E+02  0.000000000E+00  2.500547447E-02 
       988  3.467500000E+02  0.000000000E+00  2.500547447E-02 
       989  3.470000000E+02  0.000000000E+00  2.500547447E-02 
       990  3.472500000E+02  0.000000000E+00  2.500547447E-02 
       991  3.475000000E+02  0.000000000E+00  2.500547447E-02 
       992  3.477500000E+02  0.000000000E+00  2.500547447E-02 
       993  3.480000000E+02  0.000000000E+00  2.500547447E-02 
       994  3.482500000E+02  0.000000000E+00  2.500547447E-02 
       995  3.485000000E+02  0.000000000E+00  2.500547447E-02 
       996  3.487500000E+02  0.000000000E+00  2.500547447E-02 
       997  3.490000000E+02  0.000000000E+00  2.500547447E-02 
       998  3.492500000E+02  0.000000000E+00  2.500547447E-02 
       999  3.495000000E+02  0.000000000E+00  2.500547447E-02 
      1000  3.497500000E+02  0.000000000E+00  2.500547447E-02 
      1001  3.500000000E+02  0.000000000E+00  2.500547447E-02 
      1002  3.502500000E+02  0.000000000E+00  2.500547447E-02 
      1003  3.505000000E+02  0.000000000E+00  2.500547447E-02 
      1004  3.507500000E+02  0.000000000E+00  2.500547447E-02 
      1005  3.510000000E+02  0.000000000E+00  2.500547447E-02 
      1006  3.512500000E+02  0.000000000E+00  2.500547447E-02 
      1007  3.515000000E+02  0.000000000E+00  2.500547447E-02 
      1008  3.517500000E+02  0.000000000E+00  2.500547447E-02 
      1009  3.520000000E+02  0.000000000E+00  2.500547447E-02 
      1010  3.522500000E+02  0.000000000E+00  2.500547447E-02 
      1011  3.525000000E+02  0.000000000E+00  2.500547447E-02 
      1012  3.527500000E+02  0.000000000E+00  2.500547447E-02 
      1013  3.530000000E+02  0.000000000E+00  2.500547447E-02 
      1014  3.532500000E+02  0.000000000E+00  2.500547447E-02 
      1015  3.535000000E+02  0.000000000E+00  2.500547447E-02 
      1016  3.537500000E+02  0.000000000E+00  2.500547447E-02 
      1017  3.540000000E+02  0.000000000E+00  2.500547447E-02 
      1018  3.542500000E+02  0.000000000E+00  2.500547446E-02 
      1019  3.545000000E+02  0.000000000E+00  2.500547446E-02 
      1020  3.547500000E+02  0.000000000E+00  2.500547446E-02 
      1021  3.550000000E+02  0.000000000E+00  2.500547446E-02 
      1022  3.552500000E+02  0.000000000E+00  2.500547446E-02 
      1023  3.555000000E+02  0.000000000E+00  2.500547446E-02 
      1024  3.557500000E+02  0.000000000E+00  2.500547445E-02 
      1025  3.560000000E+02  0.000000000E+00  2.500547445E-02 
      1026  3.562500000E+02  0.000000000E+00  2.500547445E-02 
      1027  3.565000000E+02  0.000000000E+00  2.500547445E-02 
      1028  3.567500000E+02  0.000000000E+00  2.500547444E-02 
      1029  3.570000000E+02  0.000000000E+00  2.500547444E-02 
      1030  3.572500000E+02  0.000000000E+00  2.500547443E-02 
      1031  3.575000000E+02  0.000000000E+00  2.500547443E-02 
      1032  3.577500000E+02  0.000000000E+00  2.500547442E-02 
      1033  3.580000000E+02  0.000000000E+00  2.500547441E-02 
      1034  3.582500000E+02  0.000000000E+00  2.500547441E-02 
      1035  3.585000000E+02  0.000000000E+00  2.500547440E-02 
      1036  3.587500000E+02  0.000000000E+00  2.500547439E-02 
      1037  3.590000000E+02  0.000000000E+00  2.500547438E-02 
      1038  3.592500000E+02  0.000000000E+00  2.500547436E-02 
      1039  3.595000000E+02  0.000000000E+00  2.500547435E-02 
      1040  3.597500000E+02  0.000000000E+00  2.500547433E-02 
      1041  3.600000000E+02  0.000000000E+00  2.500547431E-02 
      1042  3.602500000E+02  0.000000000E+00  2.500547429E-02 
      1043  3.605000000E+02  0.000000000E+00  2.500547427E-02 
      1044  3.607500000E+02  0.000000000E+00  2.500547424E-02 
      1045  3.610000000E+02  0.000000000E+00  2.500547421E-02 
      1046  3.612500000E+02  0.000000000E+00  2.500547418E-02 
      1047  3.615000000E+02  0.000000000E+00  2.500547414E-02 
      1048  3.617500000E+02  0.000000000E+00  2.500547409E-02 
      1049  3.620000000E+02  0.000000000E+00  2.500547404E-02 
      1050  3.622500000E+02  0.000000000E+00  2.500547399E-02 
      1051  3.625000000E+02  0.000000000E+00  2.500547393E-02 
      1052  3.627500000E+02  0.000000000E+00  2.500547386E-02 
      1053  3.630000000E+02  0.000000000E+00  2.500547378E-02 
      1054  3.632500000E+02  0.000000000E+00  2.500547369E-02 
      1055  3.635000000E+02  0.000000000E+00  2.500547358E-02 
      1056  3.637500000E+02  0.000000000E+00  2.500547347E-02 
      1057  3.640000000E+02  0.000000000E+00  2.500547334E-02 
      1058  3.642500000E+02  0.000000000E+00  2.500547320E-02 
      1059  3.645000000E+02  0.000000000E+00  2.500547303E-02 
      1060  3.647500000E+02  0.000000000E+00  2.500547285E-02 
      1061  3.650000000E+02  0.000000000E+00  2.500547264E-02 
      1062  3.652500000E+02  0.000000000E+00  2.500547240E-02 
      1063  3.655000000E+02  0.000000000E+00  2.500547214E-02 
      1064  3.657500000E+02  0.000000000E+00  2.500547184E-02 
      1065  3.660000000E+02  0.000000000E+00  2.500547151E-02 
      1066  3.662500000E+02  0.000000000E+00  2.500547114E-02 
      1067  3.665000000E+02  0.000000000E+00  2.500547071E-02 
      1068  3.667500000E+02  0.000000000E+00  2.500547024E-02 
      1069  3.670000000E+02  0.000000000E+00  2.500546970E-02 
      1070  3.672500000E+02  0.000000000E+00  2.500546910E-02 
      1071  3.675000000E+02  0.000000000E+00  2.500546843E-02 
      1072  3.677500000E+02  0.000000000E+00  2.500546767E-02 
      1073  3.680000000E+02  0.000000000E+00  2.500546681E-02 
      1074  3.682500000E+02  0.000000000E+00  2.500546586E-02 
      1075  3.685000000E+02  0.000000000E+00  2.500546478E-02 
      1076  3.687500000E+02  0.000000000E+00  2.500546357E-02 
      1077  3.690000000E+02  0.000000000E+00  2.500546221E-02 
      1078  3.692500000E+02  0.000000000E+00  2.500546069E-02 
      1079  3.695000000E+02  0.000000000E+00  2.500545898E-02 
      1080  3.697500000E+02  0.000000000E+00  2.500545707E-02 
      1081  3.700000000E+02  0.000000000E+00  2.500545492E-02 
      1082  3.702500000E+02  0.000000000E+00  2.500545250E-02 
      1083  3.705000000E+02  0.000000000E+00  2.500544980E-02 
      1084  3.707500000E+02  0.000000000E+00  2.500544677E-02 
      1085  3.710000000E+02  0.000000000E+00  2.500544337E-02 
      1086  3.712500000E+02  0.000000000E+00  2.500543957E-02 
      1087  3.715000000E+02  0.000000000E+00  2.500543531E-02 
      1088  3.717500000E+02  0.000000000E+00  2.500543054E-02 
      1089  3.720000000E+02  0.000000000E+00  2.500542519E-02 
      1090  3.722500000E+02  0.000000000E+00  2.500541921E-02 
      1091  3.725000000E+02  0.000000000E+00  2.500541252E-02 
      1092  3.727500000E+02  0.000000000E+00  2.500540503E-02 
      1093  3.730000000E+02  0.000000000E+00  2.500539666E-02 
      1094  3.732500000E+02  0.000000000E+00  2.500538730E-02 
      1095  3.735000000E+02  0.000000000E+00  2.500537683E-02 
      1096  3.737500000E+02  0.000000000E+00  2.500536514E-02 
      1097  3.740000000E+02  0.000000000E+00  2.500535208E-02 
      1098  3.742500000E+02  0.000000000E+00  2.500533748E-02 
      1099  3.745000000E+02  0.000000000E+00  2.500532119E-02 
      1100  3.747500000E+02  0.000000000E+00  2.500530300E-02 
      1101  3.750000000E+02  0.000000000E+00  2.500528271E-02 
      1102  3.752500000E+02  0.000000000E+00  2.500526006E-02 
      1103  3.755000000E+02  0.000000000E+00  2.500523481E-02 
      1104  3.757500000E+02  0.000000000E+00  2.500520666E-02 
      1105  3.760000000E+02  0.000000000E+00  2.500517527E-02 
      1106  3.762500000E+02  0.000000000E+00  2.500514031E-02 
      1107  3.765000000E+02  0.000000000E+00  2.500510136E-02 
      1108  3.767500000E+02  0.000000000E+00  2.500505800E-02 
      1109  3.770000000E+02  0.000000000E+00  2.500500973E-02 
      1110  3.772500000E+02  0.000000000E+00  2.500495602E-02 
      1111  3.775000000E+02  0.000000000E+00  2.500489627E-02 
      1112  3.777500000E+02  0.000000000E+00  2.500482983E-02 
      1113  3.780000000E+02  0.000000000E+00  2.500475599E-02 
      1114  3.782500000E+02  0.000000000E+00  2.500467393E-02 
      1115  3.785000000E+02  0.000000000E+00  2.500458280E-02 
      1116  3.787500000E+02  0.000000000E+00  2.500448161E-02 
      1117  3.790000000E+02  0.000000000E+00  2.500436931E-02 
      1118  3.792500000E+02  0.000000000E+00  2.500424472E-02 
      1119  3.795000000E+02  0.000000000E+00  2.500410657E-02 
      1120  3.797500000E+02  0.000000000E+00  2.500395343E-02 
      1121  3.800000000E+02  0.000000000E+00  2.500378375E-02 
      1122  3.802500000E+02  0.000000000E+00  2.500359583E-02 
      1123  3.805000000E+02  0.000000000E+00  2.500338782E-02 
      1124  3.807500000E+02  0.000000000E+00  2.500315765E-02 
      1125  3.810000000E+02  0.000000000E+00  2.500290310E-02 
      1126  3.812500000E+02  0.000000000E+00  2.500262172E-02 
      1127  3.815000000E+02  0.000000000E+00  2.500231085E-02 
      1128  3.817500000E+02  0.000000000E+00  2.500196756E-02 
      1129  3.820000000E+02  0.000000000E+00  2.500158868E-02 
      1130  3.822500000E+02  0.000000000E+00  2.500117074E-02 
      1131  3.825000000E+02  0.000000000E+00  2.500070997E-02 
      1132  3.827500000E+02  0.000000000E+00  2.500020229E-02 
      1133  3.830000000E+02  0.000000000E+00  2.499964323E-02 
      1134  3.832500000E+02  0.000000000E+00  2.499902798E-02 
      1135  3.835000000E+02  0.000000000E+00  2.499835130E-02 
      1136  3.837500000E+02  0.000000000E+00  2.499760754E-02 
      1137  3.840000000E+02  0.000000000E+00  2.499679059E-02 
      1138  3.842500000E+02  0.000000000E+00  2.499589383E-02 
      1139  3.845000000E+02  0.000000000E+00  2.499491017E-02 
      1140  3.847500000E+02  0.000000000E+00  2.499383193E-02 
      1141  3.850000000E+02  0.000000000E+00  2.499265089E-02 
      1142  3.852500000E+02  0.000000000E+00  2.499135822E-02 
      1143  3.855000000E+02  0.000000000E+00  2.498994444E-02 
      1144  3.857500000E+02  0.000000000E+00  2.498839943E-02 
      1145  3.860000000E+02  0.000000000E+00  2.498671236E-02 
      1146  3.862500000E+02  0.000000000E+00  2.498487168E-02 
      1147  3.865000000E+02  0.000000000E+00  2.498286511E-02 
      1148  3.867500000E+02  0.000000000E+00  2.498067958E-02 
      1149  3.870000000E+02  0.000000000E+00  2.497830124E-02 
      1150  3.872500000E+02  0.000000000E+00  2.497571539E-02 
      1151  3.875000000E+02  0.000000000E+00  2.497290653E-02 
      1152  3.877500000E+02  0.000000000E+00  2.496985828E-02 
      1153  3.880000000E+02  0.000000000E+00  2.496655339E-02 
      1154  3.882500000E+02  0.000000000E+00  2.496297372E-02 
      1155  3.885000000E+02  0.000000000E+00  2.495910024E-02 
      1156  3.887500000E+02  0.000000000E+00  2.495491303E-02 
      1157  3.890000000E+02  0.000000000E+00  2.495039123E-02 
      1158  3.892500000E+02  0.000000000E+00  2.494551309E-02 
      1159  3.895000000E+02  0.000000000E+00  2.494025595E-02 
      1160  3.897500000E+02  0.000000000E+00  2.493459619E-02 
      1161  3.900000000E+02  0.000000000E+00  2.492850931E-02 
      1162  3.902500000E+02  0.000000000E+00  2.492196986E-02 
      1163  3.905000000E+02  0.000000000E+00  2.491495143E-02 
      1164  3.907500000E+02  0.000000000E+00  2.490742666E-02 
      1165  3.910000000E+02  0.000000000E+00  2.489936719E-02 
      1166  3.912500000E+02  0.000000000E+00  2.489074363E-02 
      1167  3.915000000E+02  0.000000000E+00  2.488152548E-02 
      1168  3.917500000E+02  0.000000000E+00  2.487168105E-02 
      1169  3.920000000E+02  0.000000000E+00  2.486117736E-02 
      1170  3.922500000E+02  0.000000000E+00  2.484997994E-02 
      1171  3.925000000E+02  0.000000000E+00  2.483805272E-02 
      1172  3.927500000E+02  0.000000000E+00  2.482535768E-02 
      1173  3.930000000E+02  0.000000000E+00  2.481185460E-02 
      1174  3.932500000E+02  0.000000000E+00  2.479750062E-02 
      1175  3.935000000E+02  0.000000000E+00  2.478224978E-02 
      1176  3.937500000E+02  0.000000000E+00  2.476605236E-02 
      1177  3.940000000E+02  0.000000000E+00  2.474885418E-02 
      1178  3.942500000E+02  0.000000000E+00  2.473059565E-02 
      1179  3.945000000E+02  0.000000000E+00  2.471121064E-02 
      1180  3.947500000E+02  0.000000000E+00  2.469062517E-02 
      1181  3.950000000E+02  0.000000000E+00  2.466875570E-02 
      1182  3.952500000E+02  0.000000000E+00  2.464550719E-02 
      1183  3.955000000E+02  0.000000000E+00  2.462077057E-02 
      1184  3.957500000E+02  0.000000000E+00  2.459441988E-02 
      1185  3.960000000E+02  0.000000000E+00  2.456630851E-02 
      1186  3.962500000E+02  0.000000000E+00  2.453626480E-02 
      1187  3.965000000E+02  0.000000000E+00  2.450408643E-02 
      1188  3.967500000E+02  0.000000000E+00  2.446953346E-02 
      1189  3.970000000E+02  0.000000000E+00  2.443231950E-02 
      1190  3.972500000E+02  0.000000000E+00  2.439210037E-02 
      1191  3.975000000E+02  0.000000000E+00  2.434845928E-02 
      1192  3.977500000E+02  0.000000000E+00  2.430088703E-02 
      1193  3.980000000E+02  0.000000000E+00  2.424875487E-02 
      1194  3.982500000E+02  0.000000000E+00  2.419127599E-02 
      1195  3.985000000E+02  0.000000000E+00  2.412744837E-02 
      1196  3.987500000E+02  0.000000000E+00  2.405596497E-02 
      1197  3.990000000E+02  0.000000000E+00  2.397506040E-02 
      1198  3.992500000E+02  0.000000000E+00  2.388221630E-02 
      1199  3.995000000E+02  0.000000000E+00  2.377349552E-02 
      1200  3.997500000E+02  0.000000000E+00  2.364170114E-02 
      1201  4.000000000E+02  0.000000000E+00  2.413763242E-02 
      1202  4.002000034E+02  0.000000000E+00  2.442596641E-02 
      1203  4.004016387E+02  0.000000000E+00  2.409913364E-02 
      1204  4.006049192E+02  0.000000000E+00  2.378778744E-02 
      1205  4.008098583E+02  0.000000000E+00  2.349104408E-02 
      1206  4.010164696E+02  0.000000000E+00  2.320803400E-02 
      1207  4.012247666E+02  0.000000000E+00  2.293790258E-02 
      1208  4.014347631E+02  0.000000000E+00  2.267981036E-02 
      1209  4.016464731E+02  0.000000000E+00  2.243293338E-02 
      1210  4.018599104E+02  0.000000000E+00  2.219646373E-02 
      1211  4.020750892E+02  0.000000000E+00  2.196961016E-02 
      1212  4.022920237E+02  0.000000000E+00  2.175159894E-02 
      1213  4.025107282E+02  0.000000000E+00  2.154125598E-02 
      1214  4.027312172E+02  0.000000000E+00  2.133858577E-02 
      1215  4.029535052E+02  0.000000000E+00  2.114325014E-02 
      1216  4.031776069E+02  0.000000000E+00  2.095375396E-02 
      1217  4.034035370E+02  0.000000000E+00  2.076942847E-02 
      1218  4.036313106E+02  0.000000000E+00  2.058963064E-02 
      1219  4.038609426E+02  0.000000000E+00  2.041374142E-02 
      1220  4.040924483E+02  0.000000000E+00  2.024116702E-02 
      1221  4.043258428E+02  0.000000000E+00  2.007240320E-02 
      1222  4.045611417E+02  0.000000000E+00  1.990585975E-02 
      1223  4.047983604E+02  0.000000000E+00  1.973991511E-02 
      1224  4.050375146E+02  0.000000000E+00  1.957512149E-02 
      1225  4.052786201E+02  0.000000000E+00  1.941102486E-02 
      1226  4.055216929E+02  0.000000000E+00  1.924815497E-02 
      1227  4.057667489E+02  0.000000000E+00  1.908704404E-02 
      1228  4.060138044E+02  0.000000000E+00  1.892652772E-02 
      1229  4.062628756E+02  0.000000000E+00  1.876248907E-02 
      1230  4.065139791E+02  0.000000000E+00  1.859354081E-02 
      1231  4.067671314E+02  0.000000000E+00  1.841989516E-02 
      1232  4.070223492E+02  0.000000000E+00  1.824167099E-02 
      1233  4.072796494E+02  0.000000000E+00  1.805746598E-02 
      1234  4.075390490E+02  0.000000000E+00  1.787090113E-02 
      1235  4.078005650E+02  0.000000000E+00  1.768512760E-02 
      1236  4.080642148E+02  0.000000000E+00  1.749583976E-02 
      1237  4.083300158E+02  0.000000000E+00  1.730342854E-02 
      1238  4.085979855E+02  0.000000000E+00  1.710795025E-02 
      1239  4.088681416E+02  0.000000000E+00  1.707683095E-02 
      1240  4.091405020E+02  0.000000000E+00  1.705637773E-02 
      1241  4.094150846E+02  0.000000000E+00  1.687628268E-02 
      1242  4.096919076E+02  0.000000000E+00  1.669355027E-02 
      1243  4.099709892E+02  0.000000000E+00  1.650816795E-02 
      1244  4.102523480E+02  0.000000000E+00  1.632014070E-02 
      1245  4.105360024E+02  0.000000000E+00  1.612948964E-02 
      1246  4.108219711E+02  0.000000000E+00  1.593625078E-02 
      1247  4.111102732E+02  0.000000000E+00  1.574047375E-02 
      1248  4.114009276E+02  0.000000000E+00  1.554222063E-02 
      1249  4.116939535E+02  0.000000000E+00  1.534156479E-02 
      1250  4.119893702E+02  0.000000000E+00  1.513858975E-02 
      1251  4.122871973E+02  0.000000000E+00  1.493338817E-02 
      1252  4.125874544E+02  0.000000000E+00  1.472606081E-02 
      1253  4.128901614E+02  0.000000000E+00  1.451671561E-02 
      1254  4.131953383E+02  0.000000000E+00  1.430546681E-02 
      1255  4.135030051E+02  0.000000000E+00  1.409243411E-02 
      1256  4.138131823E+02  0.000000000E+00  1.387774192E-02 
      1257  4.141258902E+02  0.000000000E+00  1.366151867E-02 
      1258  4.144411496E+02  0.000000000E+00  1.344389613E-02 
      1259  4.147589813E+02  0.000000000E+00  1.322500883E-02 
      1260  4.150794062E+02  0.000000000E+00  1.300499353E-02 
      1261  4.154024455E+02  0.000000000E+00  1.278398869E-02 
      1262  4.157281206E+02  0.000000000E+00  1.256213402E-02 
      1263  4.160564529E+02  0.000000000E+00  1.233957011E-02 
      1264  4.163874641E+02  0.000000000E+00  1.211643796E-02 
      1265  4.167211762E+02  0.000000000E+00  1.189287871E-02 
      1266  4.170576110E+02  0.000000000E+00  1.166903330E-02 
      1267  4.173967909E+02  0.000000000E+00  1.144504216E-02 
      1268  4.177387382E+02  0.000000000E+00  1.122104493E-02 
      1269  4.180834756E+02  0.000000000E+00  1.099718026E-02 
      1270  4.184310257E+02  0.000000000E+00  1.077358555E-02 
      1271  4.187814116E+02  0.000000000E+00  1.055039671E-02 
      1272  4.191346563E+02  0.000000000E+00  1.032774801E-02 
      1273  4.194907832E+02  0.000000000E+00  1.010577185E-02 
      1274  4.198498158E+02  0.000000000E+00  9.884598609E-03 
      1275  4.202117779E+02  0.000000000E+00  9.664356473E-03 
      1276  4.205766933E+02  0.000000000E+00  9.445171271E-03 
      1277  4.209445860E+02  0.000000000E+00  9.227166332E-03 
      1278  4.213154806E+02  0.000000000E+00  9.010462347E-03 
      1279  4.216894013E+02  0.000000000E+00  8.795177237E-03 
      1280  4.220663728E+02  0.000000000E+00  8.581426015E-03 
      1281  4.224464202E+02  0.000000000E+00  8.369320694E-03 
      1282  4.228295685E+02  0.000000000E+00  8.158970146E-03 
      1283  4.232158429E+02  0.000000000E+00  7.950480009E-03 
      1284  4.236052691E+02  0.000000000E+00  7.743952600E-03 
      1285  4.239978726E+02  0.000000000E+00  7.539486807E-03 
      1286  4.243936795E+02  0.000000000E+00  7.337178009E-03 
      1287  4.247927158E+02  0.000000000E+00  7.137117989E-03 
      1288  4.251950080E+02  0.000000000E+00  6.939394893E-03 
      1289  4.256005825E+02  0.000000000E+00  6.744093107E-03 
      1290  4.260094662E+02  0.000000000E+00  6.551293264E-03 
      1291  4.264216861E+02  0.000000000E+00  6.361072134E-03 
      1292  4.268372694E+02  0.000000000E+00  6.173502615E-03 
      1293  4.272562434E+02  0.000000000E+00  5.988653673E-03 
      1294  4.276786360E+02  0.000000000E+00  5.806590321E-03 
      1295  4.281044750E+02  0.000000000E+00  5.627373582E-03 
      1296  4.285337884E+02  0.000000000E+00  5.451060477E-03 
      1297  4.289666047E+02  0.000000000E+00  5.277704019E-03 
      1298  4.294029525E+02  0.000000000E+00  5.107353174E-03 
      1299  4.298428605E+02  0.000000000E+00  4.940052905E-03 
      1300  4.302863578E+02  0.000000000E+00  4.775844144E-03 
      1301  4.307334737E+02  0.000000000E+00  4.614763820E-03 
      1302  4.311842377E+02  0.000000000E+00  4.456844874E-03 
      1303  4.316386795E+02  0.000000000E+00  4.302116283E-03 
      1304  4.320968293E+02  0.000000000E+00  4.150603089E-03 
      1305  4.325587172E+02  0.000000000E+00  4.002326446E-03 
      1306  4.330243737E+02  0.000000000E+00  3.857303652E-03 
      1307  4.334938296E+02  0.000000000E+00  3.715548197E-03 
      1308  4.339671159E+02  0.000000000E+00  3.577069822E-03 
      1309  4.344442638E+02  0.000000000E+00  3.441874583E-03 
      1310  4.349253049E+02  0.000000000E+00  3.309964902E-03 
      1311  4.354102708E+02  0.000000000E+00  3.181339647E-03 
      1312  4.358991937E+02  0.000000000E+00  3.055994206E-03 
      1313  4.363921059E+02  0.000000000E+00  2.933920557E-03 
      1314  4.368890398E+02  0.000000000E+00  2.815107363E-03 
      1315  4.373900283E+02  0.000000000E+00  2.699540053E-03 
      1316  4.378951044E+02  0.000000000E+00  2.587200913E-03 
      1317  4.384043016E+02  0.000000000E+00  2.478069187E-03 
      1318  4.389176534E+02  0.000000000E+00  2.372121171E-03 
      1319  4.394351937E+02  0.000000000E+00  2.269330321E-03 
      1320  4.399569568E+02  0.000000000E+00  2.169667346E-03 
      1321  4.404829770E+02  0.000000000E+00  2.073100335E-03 
      1322  4.410132892E+02  0.000000000E+00  1.979594850E-03 
      1323  4.415479282E+02  0.000000000E+00  1.889114049E-03 
      1324  4.420869295E+02  0.000000000E+00  1.801618799E-03 
      1325  4.426303286E+02  0.000000000E+00  1.717067795E-03 
      1326  4.431781614E+02  0.000000000E+00  1.635417672E-03 
      1327  4.437304641E+02  0.000000000E+00  1.556623131E-03 
      1328  4.442872731E+02  0.000000000E+00  1.480637057E-03 
      1329  4.448486253E+02  0.000000000E+00  1.407410641E-03 
      1330  4.454145576E+02  0.000000000E+00  1.336893500E-03 
      1331  4.459851075E+02  0.000000000E+00  1.269033802E-03 
      1332  4.465603126E+02  0.000000000E+00  1.203778384E-03 
      1333  4.471402109E+02  0.000000000E+00  1.141072878E-03 
      1334  4.477248408E+02  0.000000000E+00  1.080861826E-03 
      1335  4.483142407E+02  0.000000000E+00  1.023088806E-03 
      1336  4.489084497E+02  0.000000000E+00  9.676965455E-04 
      1337  4.495075070E+02  0.000000000E+00  9.146270429E-04 
      1338  4.501114521E+02  0.000000000E+00  8.638216806E-04 
      1339  4.507203248E+02  0.000000000E+00  8.152213404E-04 
      1340  4.513341655E+02  0.000000000E+00  7.687665154E-04 
      1341  4.519530147E+02  0.000000000E+00  7.243974174E-04 
      1342  4.525769132E+02  0.000000000E+00  6.820540885E-04 
      1343  4.532059021E+02  0.000000000E+00  6.416764996E-04 
      1344  4.538400232E+02  0.000000000E+00  6.032046575E-04 
      1345  4.544793181E+02  0.000000000E+00  5.665786987E-04 
      1346  4.551238292E+02  0.000000000E+00  5.317389889E-04 
      1347  4.557735990E+02  0.000000000E+00  4.986262118E-04 
      1348  4.564286703E+02  0.000000000E+00  4.671814578E-04 
      1349  4.570890866E+02  0.000000000E+00  4.373463106E-04 
      1350  4.577548913E+02  0.000000000E+00  4.090629252E-04 
      1351  4.584261284E+02  0.000000000E+00  3.822741086E-04 
      1352  4.591028423E+02  0.000000000E+00  3.569233882E-04 
      1353  4.597850777E+02  0.000000000E+00  3.329550852E-04 
      1354  4.604728795E+02  0.000000000E+00  3.103143767E-04 
      1355  4.611662932E+02  0.000000000E+00  2.889473571E-04 
      1356  4.618653647E+02  0.000000000E+00  2.688010939E-04 
      1357  4.625701400E+02  0.000000000E+00  2.498236814E-04 
      1358  4.632806657E+02  0.000000000E+00  2.319642867E-04 
      1359  4.639969887E+02  0.000000000E+00  2.151731941E-04 
      1360  4.647191564E+02  0.000000000E+00  1.994018447E-04 
      1361  4.654472164E+02  0.000000000E+00  1.846028700E-04 
      1362  4.661812167E+02  0.000000000E+00  1.707301244E-04 
      1363  4.669212059E+02  0.000000000E+00  1.577387101E-04 
      1364  4.676672328E+02  0.000000000E+00  1.455850007E-04 
      1365  4.684193468E+02  0.000000000E+00  1.342266585E-04 
      1366  4.691775973E+02  0.000000000E+00  1.236226500E-04 
      1367  4.699420346E+02  0.000000000E+00  1.137332550E-04 
      1368  4.707127091E+02  0.000000000E+00  1.045200735E-04 
      1369  4.714896716E+02  0.000000000E+00  9.594602897E-05 
      1370  4.722729736E+02  0.000000000E+00  8.797536685E-05 
      1371  4.730626666E+02  0.000000000E+00  8.057365028E-05 
      1372  4.738588030E+02  0.000000000E+00  7.370775227E-05 
      1373  4.746614352E+02  0.000000000E+00  6.734584461E-05 
      1374  4.754706162E+02  0.000000000E+00  6.145738316E-05 
      1375  4.762863994E+02  0.000000000E+00  5.601309063E-05 
      1376  4.771088389E+02  0.000000000E+00  5.098493576E-05 
      1377  4.779379887E+02  0.000000000E+00  4.634611034E-05 
      1378  4.787739038E+02  0.000000000E+00  4.207100271E-05 
      1379  4.796166392E+02  0.000000000E+00  3.813516906E-05 
      1380  4.804662507E+02  0.000000000E+00  3.451530198E-05 
      1381  4.813227944E+02  0.000000000E+00  3.118919650E-05 
      1382  4.821863268E+02  0.000000000E+00  2.813571365E-05 
      1383  4.830569049E+02  0.000000000E+00  2.533474158E-05 
      1384  4.839345862E+02  0.000000000E+00  2.276715436E-05 
      1385  4.848194287E+02  0.000000000E+00  2.041476832E-05 
      1386  4.857114908E+02  0.000000000E+00  1.826029606E-05 
      1387  4.866108314E+02  0.000000000E+00  1.628729788E-05 
      1388  4.875175099E+02  0.000000000E+00  1.448013085E-05 
      1389  4.884315862E+02  0.000000000E+00  1.282389501E-05 
      1390  4.893531206E+02  0.000000000E+00  1.130437689E-05 
      1391  4.902821741E+02  0.000000000E+00  9.907989847E-06 
      1392  4.912188078E+02  0.000000000E+00  8.621710982E-06 
      1393  4.921630837E+02  0.000000000E+00  7.433013830E-06 
      1394  4.931150642E+02  0.000000000E+00  6.329795779E-06 
      1395  4.940748120E+02  0.000000000E+00  5.300297391E-06 
      1396  4.950423907E+02  0.000000000E+00  4.333007027E-06 
      1397  4.960178639E+02  0.000000000E+00  3.416532790E-06 
      1398  4.970012963E+02  0.000000000E+00  2.539391538E-06 
      1399  4.979927527E+02  0.000000000E+00  1.689589958E-06 
      1400  4.989922986E+02  0.000000000E+00  8.508235897E-07 
      1401  5.000000000E+02  0.000000000E+00  4.299556957E-07 
