nodenumber     x-coordinate     y-coordinate           udm-10 
         1  0.000000000E+00  0.000000000E+00 -6.173404560E-05 
         2  1.007701384E+00  0.000000000E+00 -1.230725806E-04 
         3  2.007247274E+00  0.000000000E+00 -2.443977139E-04 
         4  2.998703673E+00  0.000000000E+00 -3.644294878E-04 
         5  3.982136051E+00  0.000000000E+00 -4.835656399E-04 
         6  4.957609346E+00  0.000000000E+00 -6.017930330E-04 
         7  5.925187975E+00  0.000000000E+00 -7.191069283E-04 
         8  6.884935829E+00  0.000000000E+00 -8.355064901E-04 
         9  7.836916284E+00  0.000000000E+00 -9.509936194E-04 
        10  8.781192203E+00  0.000000000E+00 -1.065572123E-03 
        11  9.717825941E+00  0.000000000E+00 -1.179247127E-03 
        12  1.064687935E+01  0.000000000E+00 -1.292024669E-03 
        13  1.156841377E+01  0.000000000E+00 -1.403911399E-03 
        14  1.248249006E+01  0.000000000E+00 -1.514914382E-03 
        15  1.338916858E+01  0.000000000E+00 -1.625040941E-03 
        16  1.428850920E+01  0.000000000E+00 -1.734298562E-03 
        17  1.518057130E+01  0.000000000E+00 -1.842694817E-03 
        18  1.606541380E+01  0.000000000E+00 -1.950237307E-03 
        19  1.694309512E+01  0.000000000E+00 -2.056933634E-03 
        20  1.781367322E+01  0.000000000E+00 -2.162791366E-03 
        21  1.867720559E+01  0.000000000E+00 -2.267818025E-03 
        22  1.953374925E+01  0.000000000E+00 -2.372021069E-03 
        23  2.038336076E+01  0.000000000E+00 -2.475407888E-03 
        24  2.122609622E+01  0.000000000E+00 -2.577985794E-03 
        25  2.206201128E+01  0.000000000E+00 -2.679762020E-03 
        26  2.289116114E+01  0.000000000E+00 -2.780743716E-03 
        27  2.371360056E+01  0.000000000E+00 -2.880937947E-03 
        28  2.452938383E+01  0.000000000E+00 -2.980351696E-03 
        29  2.533856484E+01  0.000000000E+00 -3.078991861E-03 
        30  2.614119701E+01  0.000000000E+00 -3.176865256E-03 
        31  2.693733335E+01  0.000000000E+00 -3.273978612E-03 
        32  2.772702642E+01  0.000000000E+00 -3.370338579E-03 
        33  2.851032837E+01  0.000000000E+00 -3.465951727E-03 
        34  2.928729093E+01  0.000000000E+00 -3.560824543E-03 
        35  3.005796541E+01  0.000000000E+00 -3.654963441E-03 
        36  3.082240268E+01  0.000000000E+00 -3.748374754E-03 
        37  3.158065324E+01  0.000000000E+00 -3.841064742E-03 
        38  3.233276716E+01  0.000000000E+00 -3.933039589E-03 
        39  3.307879409E+01  0.000000000E+00 -4.024305410E-03 
        40  3.381878330E+01  0.000000000E+00 -4.114868245E-03 
        41  3.455278365E+01  0.000000000E+00 -4.204734066E-03 
        42  3.528084362E+01  0.000000000E+00 -4.293908776E-03 
        43  3.600301127E+01  0.000000000E+00 -4.382398212E-03 
        44  3.671933431E+01  0.000000000E+00 -4.470208145E-03 
        45  3.742986002E+01  0.000000000E+00 -4.557344280E-03 
        46  3.813463533E+01  0.000000000E+00 -4.643812260E-03 
        47  3.883370678E+01  0.000000000E+00 -4.729617667E-03 
        48  3.952712052E+01  0.000000000E+00 -4.814766021E-03 
        49  4.021492235E+01  0.000000000E+00 -4.899262783E-03 
        50  4.089715769E+01  0.000000000E+00 -4.983113356E-03 
        51  4.157387159E+01  0.000000000E+00 -5.066323087E-03 
        52  4.224510872E+01  0.000000000E+00 -5.148897264E-03 
        53  4.291091342E+01  0.000000000E+00 -5.230841124E-03 
        54  4.357132966E+01  0.000000000E+00 -5.312159848E-03 
        55  4.422640104E+01  0.000000000E+00 -5.392858566E-03 
        56  4.487617081E+01  0.000000000E+00 -5.472942354E-03 
        57  4.552068189E+01  0.000000000E+00 -5.552416240E-03 
        58  4.615997684E+01  0.000000000E+00 -5.631285202E-03 
        59  4.679409786E+01  0.000000000E+00 -5.709554168E-03 
        60  4.742308684E+01  0.000000000E+00 -5.787228022E-03 
        61  4.804698530E+01  0.000000000E+00 -5.864311597E-03 
        62  4.866583446E+01  0.000000000E+00 -5.940809685E-03 
        63  4.927967516E+01  0.000000000E+00 -6.016727029E-03 
        64  4.988854795E+01  0.000000000E+00 -6.092068332E-03 
        65  5.049249303E+01  0.000000000E+00 -6.166838252E-03 
        66  5.109155028E+01  0.000000000E+00 -6.241041407E-03 
        67  5.168575926E+01  0.000000000E+00 -6.314682371E-03 
        68  5.227515921E+01  0.000000000E+00 -6.387765682E-03 
        69  5.285978905E+01  0.000000000E+00 -6.460295835E-03 
        70  5.343968738E+01  0.000000000E+00 -6.532277291E-03 
        71  5.401489250E+01  0.000000000E+00 -6.603714470E-03 
        72  5.458544238E+01  0.000000000E+00 -6.674611757E-03 
        73  5.515137472E+01  0.000000000E+00 -6.744973503E-03 
        74  5.571272686E+01  0.000000000E+00 -6.814804023E-03 
        75  5.626953590E+01  0.000000000E+00 -6.884107601E-03 
        76  5.682183858E+01  0.000000000E+00 -6.952888488E-03 
        77  5.736967139E+01  0.000000000E+00 -7.021150904E-03 
        78  5.791307049E+01  0.000000000E+00 -7.088899039E-03 
        79  5.845207178E+01  0.000000000E+00 -7.156137057E-03 
        80  5.898671083E+01  0.000000000E+00 -7.222869093E-03 
        81  5.951702297E+01  0.000000000E+00 -7.289099261E-03 
        82  6.004304320E+01  0.000000000E+00 -7.354831649E-03 
        83  6.056480627E+01  0.000000000E+00 -7.420070324E-03 
        84  6.108234661E+01  0.000000000E+00 -7.484819336E-03 
        85  6.159569842E+01  0.000000000E+00 -7.549082718E-03 
        86  6.210489559E+01  0.000000000E+00 -7.612864489E-03 
        87  6.260997174E+01  0.000000000E+00 -7.676168657E-03 
        88  6.311096022E+01  0.000000000E+00 -7.738999224E-03 
        89  6.360789412E+01  0.000000000E+00 -7.801360188E-03 
        90  6.410080625E+01  0.000000000E+00 -7.863255548E-03 
        91  6.458972916E+01  0.000000000E+00 -7.924689307E-03 
        92  6.507469514E+01  0.000000000E+00 -7.985665481E-03 
        93  6.555573621E+01  0.000000000E+00 -8.046188099E-03 
        94  6.603288413E+01  0.000000000E+00 -8.106261215E-03 
        95  6.650617042E+01  0.000000000E+00 -8.165888913E-03 
        96  6.697562632E+01  0.000000000E+00 -8.225075313E-03 
        97  6.744128283E+01  0.000000000E+00 -8.283824585E-03 
        98  6.790317071E+01  0.000000000E+00 -8.342140954E-03 
        99  6.836132046E+01  0.000000000E+00 -8.400028712E-03 
       100  6.881576232E+01  0.000000000E+00 -8.457492234E-03 
       101  6.926652631E+01  0.000000000E+00 -8.514535987E-03 
       102  6.971364219E+01  0.000000000E+00 -8.571164548E-03 
       103  7.015713949E+01  0.000000000E+00 -8.627382621E-03 
       104  7.059704749E+01  0.000000000E+00 -8.683195052E-03 
       105  7.103339524E+01  0.000000000E+00 -8.738606856E-03 
       106  7.146621156E+01  0.000000000E+00 -8.793623233E-03 
       107  7.189552503E+01  0.000000000E+00 -8.848249598E-03 
       108  7.232136399E+01  0.000000000E+00 -8.902491608E-03 
       109  7.274375656E+01  0.000000000E+00 -8.956355188E-03 
       110  7.316273064E+01  0.000000000E+00 -9.009846571E-03 
       111  7.357831389E+01  0.000000000E+00 -9.062972330E-03 
       112  7.399053376E+01  0.000000000E+00 -9.115739423E-03 
       113  7.439941746E+01  0.000000000E+00 -9.168155232E-03 
       114  7.480499201E+01  0.000000000E+00 -9.220227613E-03 
       115  7.520728416E+01  0.000000000E+00 -9.271964953E-03 
       116  7.560632051E+01  0.000000000E+00 -9.323376221E-03 
       117  7.600212738E+01  0.000000000E+00 -9.374471038E-03 
       118  7.639473092E+01  0.000000000E+00 -9.425259740E-03 
       119  7.678415706E+01  0.000000000E+00 -9.475753454E-03 
       120  7.717043151E+01  0.000000000E+00 -9.525964184E-03 
       121  7.755357977E+01  0.000000000E+00 -9.575904889E-03 
       122  7.793362715E+01  0.000000000E+00 -9.625589590E-03 
       123  7.831059875E+01  0.000000000E+00 -9.675033463E-03 
       124  7.868451945E+01  0.000000000E+00 -9.724252961E-03 
       125  7.905541395E+01  0.000000000E+00 -9.773265923E-03 
       126  7.942330674E+01  0.000000000E+00 -9.822091715E-03 
       127  7.978822211E+01  0.000000000E+00 -9.870751364E-03 
       128  8.015018416E+01  0.000000000E+00 -9.919267712E-03 
       129  8.050921679E+01  0.000000000E+00 -9.967665579E-03 
       130  8.086534371E+01  0.000000000E+00 -1.001597193E-02 
       131  8.121858844E+01  0.000000000E+00 -1.006421609E-02 
       132  8.156897429E+01  0.000000000E+00 -1.011242989E-02 
       133  8.191652442E+01  0.000000000E+00 -1.016064794E-02 
       134  8.226126177E+01  0.000000000E+00 -1.020890784E-02 
       135  8.260320909E+01  0.000000000E+00 -1.025725040E-02 
       136  8.294238899E+01  0.000000000E+00 -1.030571994E-02 
       137  8.327882384E+01  0.000000000E+00 -1.035436456E-02 
       138  8.361253587E+01  0.000000000E+00 -1.040323640E-02 
       139  8.394354712E+01  0.000000000E+00 -1.045239202E-02 
       140  8.427187943E+01  0.000000000E+00 -1.050189270E-02 
       141  8.459755450E+01  0.000000000E+00 -1.055180479E-02 
       142  8.492059382E+01  0.000000000E+00 -1.060220010E-02 
       143  8.524101873E+01  0.000000000E+00 -1.065315633E-02 
       144  8.555885039E+01  0.000000000E+00 -1.070475743E-02 
       145  8.587410979E+01  0.000000000E+00 -1.075709413E-02 
       146  8.618681774E+01  0.000000000E+00 -1.081026433E-02 
       147  8.649699489E+01  0.000000000E+00 -1.086437367E-02 
       148  8.680466173E+01  0.000000000E+00 -1.091953602E-02 
       149  8.710983857E+01  0.000000000E+00 -1.097587404E-02 
       150  8.741254556E+01  0.000000000E+00 -1.103351978E-02 
       151  8.771280270E+01  0.000000000E+00 -1.109261526E-02 
       152  8.801062980E+01  0.000000000E+00 -1.115331317E-02 
       153  8.830604654E+01  0.000000000E+00 -1.121577747E-02 
       154  8.859907242E+01  0.000000000E+00 -1.128018416E-02 
       155  8.888972679E+01  0.000000000E+00 -1.134672200E-02 
       156  8.917802885E+01  0.000000000E+00 -1.141559328E-02 
       157  8.946399764E+01  0.000000000E+00 -1.148701460E-02 
       158  8.974765203E+01  0.000000000E+00 -1.156121777E-02 
       159  9.002901076E+01  0.000000000E+00 -1.163845066E-02 
       160  9.030809241E+01  0.000000000E+00 -1.171897811E-02 
       161  9.058491540E+01  0.000000000E+00 -1.180308286E-02 
       162  9.085949802E+01  0.000000000E+00 -1.189106660E-02 
       163  9.113185839E+01  0.000000000E+00 -1.198325094E-02 
       164  9.140201451E+01  0.000000000E+00 -1.207997849E-02 
       165  9.166998421E+01  0.000000000E+00 -1.218161397E-02 
       166  9.193578518E+01  0.000000000E+00 -1.228854534E-02 
       167  9.219943499E+01  0.000000000E+00 -1.240118497E-02 
       168  9.246095103E+01  0.000000000E+00 -1.251997088E-02 
       169  9.272035058E+01  0.000000000E+00 -1.264536799E-02 
       170  9.297765077E+01  0.000000000E+00 -1.277786942E-02 
       171  9.323286858E+01  0.000000000E+00 -1.291799208E-02 
       172  9.348602087E+01  0.000000000E+00 -1.306629580E-02 
       173  9.373712436E+01  0.000000000E+00 -1.321966343E-02 
       174  9.398619563E+01  0.000000000E+00 -1.338168860E-02 
       175  9.423325112E+01  0.000000000E+00 -1.355666809E-02 
       176  9.447830715E+01  0.000000000E+00 -1.386207983E-02 
       177  9.472137990E+01  0.000000000E+00 -1.417349984E-02 
       178  9.496248543E+01  0.000000000E+00 -1.437474075E-02 
       179  9.520163964E+01  0.000000000E+00 -1.458729158E-02 
       180  9.543885834E+01  0.000000000E+00 -1.480734332E-02 
       181  9.567415720E+01  0.000000000E+00 -1.504312299E-02 
       182  9.590755173E+01  0.000000000E+00 -1.530080834E-02 
       183  9.613905737E+01  0.000000000E+00 -1.557604689E-02 
       184  9.636868940E+01  0.000000000E+00 -1.586790597E-02 
       185  9.659646297E+01  0.000000000E+00 -1.617741495E-02 
       186  9.682239314E+01  0.000000000E+00 -1.650565472E-02 
       187  9.704649481E+01  0.000000000E+00 -1.685413833E-02 
       188  9.726878279E+01  0.000000000E+00 -1.722419133E-02 
       189  9.748927176E+01  0.000000000E+00 -1.761784356E-02 
       190  9.770797628E+01  0.000000000E+00 -1.803579522E-02 
       191  9.792491078E+01  0.000000000E+00 -1.848031402E-02 
       192  9.814008960E+01  0.000000000E+00 -1.895215242E-02 
       193  9.835352693E+01  0.000000000E+00 -1.945102938E-02 
       194  9.856523689E+01  0.000000000E+00 -1.997989537E-02 
       195  9.877523344E+01  0.000000000E+00 -2.053567505E-02 
       196  9.898353045E+01  0.000000000E+00 -2.112411987E-02 
       197  9.919014168E+01  0.000000000E+00 -2.175177667E-02 
       198  9.939508077E+01  0.000000000E+00 -2.241669379E-02 
       199  9.959836126E+01  0.000000000E+00 -2.312097376E-02 
       200  9.979999657E+01  0.000000000E+00 -2.386683692E-02 
       201  1.000000000E+02  0.000000000E+00 -2.283301927E-02 
       202  1.002500000E+02  0.000000000E+00 -2.121122618E-02 
       203  1.005000000E+02  0.000000000E+00 -2.147541128E-02 
       204  1.007500000E+02  0.000000000E+00 -2.168743640E-02 
       205  1.010000000E+02  0.000000000E+00 -2.186433720E-02 
       206  1.012500000E+02  0.000000000E+00 -2.201530892E-02 
       207  1.015000000E+02  0.000000000E+00 -2.214617478E-02 
       208  1.017500000E+02  0.000000000E+00 -2.226098922E-02 
       209  1.020000000E+02  0.000000000E+00 -2.236274057E-02 
       210  1.022500000E+02  0.000000000E+00 -2.245371342E-02 
       211  1.025000000E+02  0.000000000E+00 -2.253569898E-02 
       212  1.027500000E+02  0.000000000E+00 -2.261012770E-02 
       213  1.030000000E+02  0.000000000E+00 -2.267815798E-02 
       214  1.032500000E+02  0.000000000E+00 -2.274073815E-02 
       215  1.035000000E+02  0.000000000E+00 -2.279865135E-02 
       216  1.037500000E+02  0.000000000E+00 -2.285254889E-02 
       217  1.040000000E+02  0.000000000E+00 -2.290297562E-02 
       218  1.042500000E+02  0.000000000E+00 -2.295038953E-02 
       219  1.045000000E+02  0.000000000E+00 -2.299517720E-02 
       220  1.047500000E+02  0.000000000E+00 -2.303766605E-02 
       221  1.050000000E+02  0.000000000E+00 -2.307813426E-02 
       222  1.052500000E+02  0.000000000E+00 -2.311681881E-02 
       223  1.055000000E+02  0.000000000E+00 -2.315392201E-02 
       224  1.057500000E+02  0.000000000E+00 -2.318961696E-02 
       225  1.060000000E+02  0.000000000E+00 -2.322405203E-02 
       226  1.062500000E+02  0.000000000E+00 -2.325735463E-02 
       227  1.065000000E+02  0.000000000E+00 -2.328963433E-02 
       228  1.067500000E+02  0.000000000E+00 -2.332098553E-02 
       229  1.070000000E+02  0.000000000E+00 -2.335148963E-02 
       230  1.072500000E+02  0.000000000E+00 -2.338121699E-02 
       231  1.075000000E+02  0.000000000E+00 -2.341022847E-02 
       232  1.077500000E+02  0.000000000E+00 -2.343857682E-02 
       233  1.080000000E+02  0.000000000E+00 -2.346630782E-02 
       234  1.082500000E+02  0.000000000E+00 -2.349346126E-02 
       235  1.085000000E+02  0.000000000E+00 -2.352007184E-02 
       236  1.087500000E+02  0.000000000E+00 -2.354616979E-02 
       237  1.090000000E+02  0.000000000E+00 -2.357178161E-02 
       238  1.092500000E+02  0.000000000E+00 -2.359693048E-02 
       239  1.095000000E+02  0.000000000E+00 -2.362163682E-02 
       240  1.097500000E+02  0.000000000E+00 -2.364591859E-02 
       241  1.100000000E+02  0.000000000E+00 -2.366979170E-02 
       242  1.102500000E+02  0.000000000E+00 -2.369327026E-02 
       243  1.105000000E+02  0.000000000E+00 -2.371636682E-02 
       244  1.107500000E+02  0.000000000E+00 -2.373909261E-02 
       245  1.110000000E+02  0.000000000E+00 -2.376145771E-02 
       246  1.112500000E+02  0.000000000E+00 -2.378347119E-02 
       247  1.115000000E+02  0.000000000E+00 -2.380514130E-02 
       248  1.117500000E+02  0.000000000E+00 -2.382647553E-02 
       249  1.120000000E+02  0.000000000E+00 -2.384748074E-02 
       250  1.122500000E+02  0.000000000E+00 -2.386816323E-02 
       251  1.125000000E+02  0.000000000E+00 -2.388852884E-02 
       252  1.127500000E+02  0.000000000E+00 -2.390858299E-02 
       253  1.130000000E+02  0.000000000E+00 -2.392833076E-02 
       254  1.132500000E+02  0.000000000E+00 -2.394777690E-02 
       255  1.135000000E+02  0.000000000E+00 -2.396692592E-02 
       256  1.137500000E+02  0.000000000E+00 -2.398578208E-02 
       257  1.140000000E+02  0.000000000E+00 -2.400434945E-02 
       258  1.142500000E+02  0.000000000E+00 -2.402263193E-02 
       259  1.145000000E+02  0.000000000E+00 -2.404063326E-02 
       260  1.147500000E+02  0.000000000E+00 -2.405835707E-02 
       261  1.150000000E+02  0.000000000E+00 -2.407580684E-02 
       262  1.152500000E+02  0.000000000E+00 -2.409298599E-02 
       263  1.155000000E+02  0.000000000E+00 -2.410989782E-02 
       264  1.157500000E+02  0.000000000E+00 -2.412654559E-02 
       265  1.160000000E+02  0.000000000E+00 -2.414293244E-02 
       266  1.162500000E+02  0.000000000E+00 -2.415906151E-02 
       267  1.165000000E+02  0.000000000E+00 -2.417493583E-02 
       268  1.167500000E+02  0.000000000E+00 -2.419055843E-02 
       269  1.170000000E+02  0.000000000E+00 -2.420593228E-02 
       270  1.172500000E+02  0.000000000E+00 -2.422106029E-02 
       271  1.175000000E+02  0.000000000E+00 -2.423594536E-02 
       272  1.177500000E+02  0.000000000E+00 -2.425059036E-02 
       273  1.180000000E+02  0.000000000E+00 -2.426499812E-02 
       274  1.182500000E+02  0.000000000E+00 -2.427917144E-02 
       275  1.185000000E+02  0.000000000E+00 -2.429311310E-02 
       276  1.187500000E+02  0.000000000E+00 -2.430682585E-02 
       277  1.190000000E+02  0.000000000E+00 -2.432031243E-02 
       278  1.192500000E+02  0.000000000E+00 -2.433357555E-02 
       279  1.195000000E+02  0.000000000E+00 -2.434661789E-02 
       280  1.197500000E+02  0.000000000E+00 -2.435944213E-02 
       281  1.200000000E+02  0.000000000E+00 -2.437205092E-02 
       282  1.202500000E+02  0.000000000E+00 -2.438444687E-02 
       283  1.205000000E+02  0.000000000E+00 -2.439663260E-02 
       284  1.207500000E+02  0.000000000E+00 -2.440861071E-02 
       285  1.210000000E+02  0.000000000E+00 -2.442038376E-02 
       286  1.212500000E+02  0.000000000E+00 -2.443195431E-02 
       287  1.215000000E+02  0.000000000E+00 -2.444332489E-02 
       288  1.217500000E+02  0.000000000E+00 -2.445449801E-02 
       289  1.220000000E+02  0.000000000E+00 -2.446547618E-02 
       290  1.222500000E+02  0.000000000E+00 -2.447626187E-02 
       291  1.225000000E+02  0.000000000E+00 -2.448685754E-02 
       292  1.227500000E+02  0.000000000E+00 -2.449726563E-02 
       293  1.230000000E+02  0.000000000E+00 -2.450748857E-02 
       294  1.232500000E+02  0.000000000E+00 -2.451752874E-02 
       295  1.235000000E+02  0.000000000E+00 -2.452738854E-02 
       296  1.237500000E+02  0.000000000E+00 -2.453707032E-02 
       297  1.240000000E+02  0.000000000E+00 -2.454657643E-02 
       298  1.242500000E+02  0.000000000E+00 -2.455590918E-02 
       299  1.245000000E+02  0.000000000E+00 -2.456507089E-02 
       300  1.247500000E+02  0.000000000E+00 -2.457406383E-02 
       301  1.250000000E+02  0.000000000E+00 -2.458289025E-02 
       302  1.252500000E+02  0.000000000E+00 -2.459155241E-02 
       303  1.255000000E+02  0.000000000E+00 -2.460005251E-02 
       304  1.257500000E+02  0.000000000E+00 -2.460839276E-02 
       305  1.260000000E+02  0.000000000E+00 -2.461657532E-02 
       306  1.262500000E+02  0.000000000E+00 -2.462460236E-02 
       307  1.265000000E+02  0.000000000E+00 -2.463247599E-02 
       308  1.267500000E+02  0.000000000E+00 -2.464019834E-02 
       309  1.270000000E+02  0.000000000E+00 -2.464777148E-02 
       310  1.272500000E+02  0.000000000E+00 -2.465519748E-02 
       311  1.275000000E+02  0.000000000E+00 -2.466247838E-02 
       312  1.277500000E+02  0.000000000E+00 -2.466961620E-02 
       313  1.280000000E+02  0.000000000E+00 -2.467661294E-02 
       314  1.282500000E+02  0.000000000E+00 -2.468347055E-02 
       315  1.285000000E+02  0.000000000E+00 -2.469019100E-02 
       316  1.287500000E+02  0.000000000E+00 -2.469677621E-02 
       317  1.290000000E+02  0.000000000E+00 -2.470322807E-02 
       318  1.292500000E+02  0.000000000E+00 -2.470954847E-02 
       319  1.295000000E+02  0.000000000E+00 -2.471573925E-02 
       320  1.297500000E+02  0.000000000E+00 -2.472180224E-02 
       321  1.300000000E+02  0.000000000E+00 -2.472773925E-02 
       322  1.302500000E+02  0.000000000E+00 -2.473355206E-02 
       323  1.305000000E+02  0.000000000E+00 -2.473924241E-02 
       324  1.307500000E+02  0.000000000E+00 -2.474481204E-02 
       325  1.310000000E+02  0.000000000E+00 -2.475026266E-02 
       326  1.312500000E+02  0.000000000E+00 -2.475559594E-02 
       327  1.315000000E+02  0.000000000E+00 -2.476081353E-02 
       328  1.317500000E+02  0.000000000E+00 -2.476591707E-02 
       329  1.320000000E+02  0.000000000E+00 -2.477090815E-02 
       330  1.322500000E+02  0.000000000E+00 -2.477578837E-02 
       331  1.325000000E+02  0.000000000E+00 -2.478055925E-02 
       332  1.327500000E+02  0.000000000E+00 -2.478522235E-02 
       333  1.330000000E+02  0.000000000E+00 -2.478977914E-02 
       334  1.332500000E+02  0.000000000E+00 -2.479423112E-02 
       335  1.335000000E+02  0.000000000E+00 -2.479857972E-02 
       336  1.337500000E+02  0.000000000E+00 -2.480282636E-02 
       337  1.340000000E+02  0.000000000E+00 -2.480697246E-02 
       338  1.342500000E+02  0.000000000E+00 -2.481101936E-02 
       339  1.345000000E+02  0.000000000E+00 -2.481496843E-02 
       340  1.347500000E+02  0.000000000E+00 -2.481882097E-02 
       341  1.350000000E+02  0.000000000E+00 -2.482257827E-02 
       342  1.352500000E+02  0.000000000E+00 -2.482624160E-02 
       343  1.355000000E+02  0.000000000E+00 -2.482981220E-02 
       344  1.357500000E+02  0.000000000E+00 -2.483329127E-02 
       345  1.360000000E+02  0.000000000E+00 -2.483668001E-02 
       346  1.362500000E+02  0.000000000E+00 -2.483997956E-02 
       347  1.365000000E+02  0.000000000E+00 -2.484319106E-02 
       348  1.367500000E+02  0.000000000E+00 -2.484631560E-02 
       349  1.370000000E+02  0.000000000E+00 -2.484935428E-02 
       350  1.372500000E+02  0.000000000E+00 -2.485230813E-02 
       351  1.375000000E+02  0.000000000E+00 -2.485517817E-02 
       352  1.377500000E+02  0.000000000E+00 -2.485796542E-02 
       353  1.380000000E+02  0.000000000E+00 -2.486067082E-02 
       354  1.382500000E+02  0.000000000E+00 -2.486329532E-02 
       355  1.385000000E+02  0.000000000E+00 -2.486583984E-02 
       356  1.387500000E+02  0.000000000E+00 -2.486830526E-02 
       357  1.390000000E+02  0.000000000E+00 -2.487069244E-02 
       358  1.392500000E+02  0.000000000E+00 -2.487300221E-02 
       359  1.395000000E+02  0.000000000E+00 -2.487523538E-02 
       360  1.397500000E+02  0.000000000E+00 -2.487739272E-02 
       361  1.400000000E+02  0.000000000E+00 -2.487947498E-02 
       362  1.402500000E+02  0.000000000E+00 -2.488148289E-02 
       363  1.405000000E+02  0.000000000E+00 -2.488341714E-02 
       364  1.407500000E+02  0.000000000E+00 -2.488527839E-02 
       365  1.410000000E+02  0.000000000E+00 -2.488706730E-02 
       366  1.412500000E+02  0.000000000E+00 -2.488878445E-02 
       367  1.415000000E+02  0.000000000E+00 -2.489043046E-02 
       368  1.417500000E+02  0.000000000E+00 -2.489200586E-02 
       369  1.420000000E+02  0.000000000E+00 -2.489351119E-02 
       370  1.422500000E+02  0.000000000E+00 -2.489494695E-02 
       371  1.425000000E+02  0.000000000E+00 -2.489631361E-02 
       372  1.427500000E+02  0.000000000E+00 -2.489761162E-02 
       373  1.430000000E+02  0.000000000E+00 -2.489884139E-02 
       374  1.432500000E+02  0.000000000E+00 -2.490000333E-02 
       375  1.435000000E+02  0.000000000E+00 -2.490109778E-02 
       376  1.437500000E+02  0.000000000E+00 -2.490212509E-02 
       377  1.440000000E+02  0.000000000E+00 -2.490308556E-02 
       378  1.442500000E+02  0.000000000E+00 -2.490397947E-02 
       379  1.445000000E+02  0.000000000E+00 -2.490480707E-02 
       380  1.447500000E+02  0.000000000E+00 -2.490556858E-02 
       381  1.450000000E+02  0.000000000E+00 -2.490626420E-02 
       382  1.452500000E+02  0.000000000E+00 -2.490689409E-02 
       383  1.455000000E+02  0.000000000E+00 -2.490745839E-02 
       384  1.457500000E+02  0.000000000E+00 -2.490795722E-02 
       385  1.460000000E+02  0.000000000E+00 -2.490839065E-02 
       386  1.462500000E+02  0.000000000E+00 -2.490875874E-02 
       387  1.465000000E+02  0.000000000E+00 -2.490906151E-02 
       388  1.467500000E+02  0.000000000E+00 -2.490929896E-02 
       389  1.470000000E+02  0.000000000E+00 -2.490947105E-02 
       390  1.472500000E+02  0.000000000E+00 -2.490957774E-02 
       391  1.475000000E+02  0.000000000E+00 -2.490961893E-02 
       392  1.477500000E+02  0.000000000E+00 -2.490959450E-02 
       393  1.480000000E+02  0.000000000E+00 -2.490950431E-02 
       394  1.482500000E+02  0.000000000E+00 -2.490934818E-02 
       395  1.485000000E+02  0.000000000E+00 -2.490912592E-02 
       396  1.487500000E+02  0.000000000E+00 -2.490883729E-02 
       397  1.490000000E+02  0.000000000E+00 -2.490848202E-02 
       398  1.492500000E+02  0.000000000E+00 -2.490805984E-02 
       399  1.495000000E+02  0.000000000E+00 -2.490757041E-02 
       400  1.497500000E+02  0.000000000E+00 -2.490701341E-02 
       401  1.500000000E+02  0.000000000E+00 -2.490638844E-02 
       402  1.502500000E+02  0.000000000E+00 -2.490569511E-02 
       403  1.505000000E+02  0.000000000E+00 -2.490493299E-02 
       404  1.507500000E+02  0.000000000E+00 -2.490410159E-02 
       405  1.510000000E+02  0.000000000E+00 -2.490320045E-02 
       406  1.512500000E+02  0.000000000E+00 -2.490222903E-02 
       407  1.515000000E+02  0.000000000E+00 -2.490118678E-02 
       408  1.517500000E+02  0.000000000E+00 -2.490007312E-02 
       409  1.520000000E+02  0.000000000E+00 -2.489888745E-02 
       410  1.522500000E+02  0.000000000E+00 -2.489762912E-02 
       411  1.525000000E+02  0.000000000E+00 -2.489629747E-02 
       412  1.527500000E+02  0.000000000E+00 -2.489489179E-02 
       413  1.530000000E+02  0.000000000E+00 -2.489341136E-02 
       414  1.532500000E+02  0.000000000E+00 -2.489185542E-02 
       415  1.535000000E+02  0.000000000E+00 -2.489022318E-02 
       416  1.537500000E+02  0.000000000E+00 -2.488851383E-02 
       417  1.540000000E+02  0.000000000E+00 -2.488672651E-02 
       418  1.542500000E+02  0.000000000E+00 -2.488486035E-02 
       419  1.545000000E+02  0.000000000E+00 -2.488291445E-02 
       420  1.547500000E+02  0.000000000E+00 -2.488088786E-02 
       421  1.550000000E+02  0.000000000E+00 -2.487877963E-02 
       422  1.552500000E+02  0.000000000E+00 -2.487658874E-02 
       423  1.555000000E+02  0.000000000E+00 -2.487431417E-02 
       424  1.557500000E+02  0.000000000E+00 -2.487195487E-02 
       425  1.560000000E+02  0.000000000E+00 -2.486950975E-02 
       426  1.562500000E+02  0.000000000E+00 -2.486697768E-02 
       427  1.565000000E+02  0.000000000E+00 -2.486435752E-02 
       428  1.567500000E+02  0.000000000E+00 -2.486164810E-02 
       429  1.570000000E+02  0.000000000E+00 -2.485884819E-02 
       430  1.572500000E+02  0.000000000E+00 -2.485595656E-02 
       431  1.575000000E+02  0.000000000E+00 -2.485297195E-02 
       432  1.577500000E+02  0.000000000E+00 -2.484989304E-02 
       433  1.580000000E+02  0.000000000E+00 -2.484671852E-02 
       434  1.582500000E+02  0.000000000E+00 -2.484344700E-02 
       435  1.585000000E+02  0.000000000E+00 -2.484007712E-02 
       436  1.587500000E+02  0.000000000E+00 -2.483660743E-02 
       437  1.590000000E+02  0.000000000E+00 -2.483303649E-02 
       438  1.592500000E+02  0.000000000E+00 -2.482936282E-02 
       439  1.595000000E+02  0.000000000E+00 -2.482558490E-02 
       440  1.597500000E+02  0.000000000E+00 -2.482170118E-02 
       441  1.600000000E+02  0.000000000E+00 -2.481771010E-02 
       442  1.602500000E+02  0.000000000E+00 -2.481361004E-02 
       443  1.605000000E+02  0.000000000E+00 -2.480939938E-02 
       444  1.607500000E+02  0.000000000E+00 -2.480507644E-02 
       445  1.610000000E+02  0.000000000E+00 -2.480063953E-02 
       446  1.612500000E+02  0.000000000E+00 -2.479608692E-02 
       447  1.615000000E+02  0.000000000E+00 -2.479141686E-02 
       448  1.617500000E+02  0.000000000E+00 -2.478662756E-02 
       449  1.620000000E+02  0.000000000E+00 -2.478171721E-02 
       450  1.622500000E+02  0.000000000E+00 -2.477668395E-02 
       451  1.625000000E+02  0.000000000E+00 -2.477152592E-02 
       452  1.627500000E+02  0.000000000E+00 -2.476624121E-02 
       453  1.630000000E+02  0.000000000E+00 -2.476082788E-02 
       454  1.632500000E+02  0.000000000E+00 -2.475528398E-02 
       455  1.635000000E+02  0.000000000E+00 -2.474960749E-02 
       456  1.637500000E+02  0.000000000E+00 -2.474379642E-02 
       457  1.640000000E+02  0.000000000E+00 -2.473784869E-02 
       458  1.642500000E+02  0.000000000E+00 -2.473176224E-02 
       459  1.645000000E+02  0.000000000E+00 -2.472553495E-02 
       460  1.647500000E+02  0.000000000E+00 -2.471916470E-02 
       461  1.650000000E+02  0.000000000E+00 -2.471264930E-02 
       462  1.652500000E+02  0.000000000E+00 -2.470598657E-02 
       463  1.655000000E+02  0.000000000E+00 -2.469917429E-02 
       464  1.657500000E+02  0.000000000E+00 -2.469221021E-02 
       465  1.660000000E+02  0.000000000E+00 -2.468509205E-02 
       466  1.662500000E+02  0.000000000E+00 -2.467781752E-02 
       467  1.665000000E+02  0.000000000E+00 -2.467038428E-02 
       468  1.667500000E+02  0.000000000E+00 -2.466278997E-02 
       469  1.670000000E+02  0.000000000E+00 -2.465503222E-02 
       470  1.672500000E+02  0.000000000E+00 -2.464710861E-02 
       471  1.675000000E+02  0.000000000E+00 -2.463901672E-02 
       472  1.677500000E+02  0.000000000E+00 -2.463075408E-02 
       473  1.680000000E+02  0.000000000E+00 -2.462231822E-02 
       474  1.682500000E+02  0.000000000E+00 -2.461370661E-02 
       475  1.685000000E+02  0.000000000E+00 -2.460491674E-02 
       476  1.687500000E+02  0.000000000E+00 -2.459594604E-02 
       477  1.690000000E+02  0.000000000E+00 -2.458679194E-02 
       478  1.692500000E+02  0.000000000E+00 -2.457745184E-02 
       479  1.695000000E+02  0.000000000E+00 -2.456792311E-02 
       480  1.697500000E+02  0.000000000E+00 -2.455820310E-02 
       481  1.700000000E+02  0.000000000E+00 -2.454828916E-02 
       482  1.702500000E+02  0.000000000E+00 -2.453817858E-02 
       483  1.705000000E+02  0.000000000E+00 -2.452786866E-02 
       484  1.707500000E+02  0.000000000E+00 -2.451735668E-02 
       485  1.710000000E+02  0.000000000E+00 -2.450663988E-02 
       486  1.712500000E+02  0.000000000E+00 -2.449571550E-02 
       487  1.715000000E+02  0.000000000E+00 -2.448458075E-02 
       488  1.717500000E+02  0.000000000E+00 -2.447323283E-02 
       489  1.720000000E+02  0.000000000E+00 -2.446166892E-02 
       490  1.722500000E+02  0.000000000E+00 -2.444988619E-02 
       491  1.725000000E+02  0.000000000E+00 -2.443788177E-02 
       492  1.727500000E+02  0.000000000E+00 -2.442565281E-02 
       493  1.730000000E+02  0.000000000E+00 -2.441319642E-02 
       494  1.732500000E+02  0.000000000E+00 -2.440050971E-02 
       495  1.735000000E+02  0.000000000E+00 -2.438758976E-02 
       496  1.737500000E+02  0.000000000E+00 -2.437443366E-02 
       497  1.740000000E+02  0.000000000E+00 -2.436103848E-02 
       498  1.742500000E+02  0.000000000E+00 -2.434740126E-02 
       499  1.745000000E+02  0.000000000E+00 -2.433351906E-02 
       500  1.747500000E+02  0.000000000E+00 -2.431938891E-02 
       501  1.750000000E+02  0.000000000E+00 -2.430500784E-02 
       502  1.752500000E+02  0.000000000E+00 -2.429037286E-02 
       503  1.755000000E+02  0.000000000E+00 -2.427548101E-02 
       504  1.757500000E+02  0.000000000E+00 -2.426032927E-02 
       505  1.760000000E+02  0.000000000E+00 -2.424491465E-02 
       506  1.762500000E+02  0.000000000E+00 -2.422923415E-02 
       507  1.765000000E+02  0.000000000E+00 -2.421328476E-02 
       508  1.767500000E+02  0.000000000E+00 -2.419706348E-02 
       509  1.770000000E+02  0.000000000E+00 -2.418056728E-02 
       510  1.772500000E+02  0.000000000E+00 -2.416379316E-02 
       511  1.775000000E+02  0.000000000E+00 -2.414673810E-02 
       512  1.777500000E+02  0.000000000E+00 -2.412939910E-02 
       513  1.780000000E+02  0.000000000E+00 -2.411177314E-02 
       514  1.782500000E+02  0.000000000E+00 -2.409385720E-02 
       515  1.785000000E+02  0.000000000E+00 -2.407564829E-02 
       516  1.787500000E+02  0.000000000E+00 -2.405714340E-02 
       517  1.790000000E+02  0.000000000E+00 -2.403833954E-02 
       518  1.792500000E+02  0.000000000E+00 -2.401923370E-02 
       519  1.795000000E+02  0.000000000E+00 -2.399982291E-02 
       520  1.797500000E+02  0.000000000E+00 -2.398010417E-02 
       521  1.800000000E+02  0.000000000E+00 -2.396007453E-02 
       522  1.802500000E+02  0.000000000E+00 -2.393973100E-02 
       523  1.805000000E+02  0.000000000E+00 -2.391907063E-02 
       524  1.807500000E+02  0.000000000E+00 -2.389809046E-02 
       525  1.810000000E+02  0.000000000E+00 -2.387678756E-02 
       526  1.812500000E+02  0.000000000E+00 -2.385515898E-02 
       527  1.815000000E+02  0.000000000E+00 -2.383320179E-02 
       528  1.817500000E+02  0.000000000E+00 -2.381091307E-02 
       529  1.820000000E+02  0.000000000E+00 -2.378828990E-02 
       530  1.822500000E+02  0.000000000E+00 -2.376532937E-02 
       531  1.825000000E+02  0.000000000E+00 -2.374202857E-02 
       532  1.827500000E+02  0.000000000E+00 -2.371838458E-02 
       533  1.830000000E+02  0.000000000E+00 -2.369439449E-02 
       534  1.832500000E+02  0.000000000E+00 -2.367005540E-02 
       535  1.835000000E+02  0.000000000E+00 -2.364536436E-02 
       536  1.837500000E+02  0.000000000E+00 -2.362031846E-02 
       537  1.840000000E+02  0.000000000E+00 -2.359491472E-02 
       538  1.842500000E+02  0.000000000E+00 -2.356915017E-02 
       539  1.845000000E+02  0.000000000E+00 -2.354302179E-02 
       540  1.847500000E+02  0.000000000E+00 -2.351652653E-02 
       541  1.850000000E+02  0.000000000E+00 -2.348966128E-02 
       542  1.852500000E+02  0.000000000E+00 -2.346242285E-02 
       543  1.855000000E+02  0.000000000E+00 -2.343480801E-02 
       544  1.857500000E+02  0.000000000E+00 -2.340681338E-02 
       545  1.860000000E+02  0.000000000E+00 -2.337843549E-02 
       546  1.862500000E+02  0.000000000E+00 -2.334967073E-02 
       547  1.865000000E+02  0.000000000E+00 -2.332051531E-02 
       548  1.867500000E+02  0.000000000E+00 -2.329096523E-02 
       549  1.870000000E+02  0.000000000E+00 -2.326101625E-02 
       550  1.872500000E+02  0.000000000E+00 -2.323066385E-02 
       551  1.875000000E+02  0.000000000E+00 -2.319990317E-02 
       552  1.877500000E+02  0.000000000E+00 -2.316872893E-02 
       553  1.880000000E+02  0.000000000E+00 -2.313713540E-02 
       554  1.882500000E+02  0.000000000E+00 -2.310511630E-02 
       555  1.885000000E+02  0.000000000E+00 -2.307266468E-02 
       556  1.887500000E+02  0.000000000E+00 -2.303977286E-02 
       557  1.890000000E+02  0.000000000E+00 -2.300643226E-02 
       558  1.892500000E+02  0.000000000E+00 -2.297263327E-02 
       559  1.895000000E+02  0.000000000E+00 -2.293836507E-02 
       560  1.897500000E+02  0.000000000E+00 -2.290361542E-02 
       561  1.900000000E+02  0.000000000E+00 -2.286837046E-02 
       562  1.902500000E+02  0.000000000E+00 -2.283261441E-02 
       563  1.905000000E+02  0.000000000E+00 -2.279632925E-02 
       564  1.907500000E+02  0.000000000E+00 -2.275949438E-02 
       565  1.910000000E+02  0.000000000E+00 -2.272208616E-02 
       566  1.912500000E+02  0.000000000E+00 -2.268407744E-02 
       567  1.915000000E+02  0.000000000E+00 -2.264543697E-02 
       568  1.917500000E+02  0.000000000E+00 -2.260612874E-02 
       569  1.920000000E+02  0.000000000E+00 -2.256611116E-02 
       570  1.922500000E+02  0.000000000E+00 -2.252533617E-02 
       571  1.925000000E+02  0.000000000E+00 -2.248374818E-02 
       572  1.927500000E+02  0.000000000E+00 -2.244128278E-02 
       573  1.930000000E+02  0.000000000E+00 -2.239786530E-02 
       574  1.932500000E+02  0.000000000E+00 -2.235340909E-02 
       575  1.935000000E+02  0.000000000E+00 -2.230781349E-02 
       576  1.937500000E+02  0.000000000E+00 -2.226096145E-02 
       577  1.940000000E+02  0.000000000E+00 -2.221271673E-02 
       578  1.942500000E+02  0.000000000E+00 -2.216292059E-02 
       579  1.945000000E+02  0.000000000E+00 -2.211138786E-02 
       580  1.947500000E+02  0.000000000E+00 -2.205790225E-02 
       581  1.950000000E+02  0.000000000E+00 -2.200221075E-02 
       582  1.952500000E+02  0.000000000E+00 -2.194401696E-02 
       583  1.955000000E+02  0.000000000E+00 -2.188297299E-02 
       584  1.957500000E+02  0.000000000E+00 -2.181866963E-02 
       585  1.960000000E+02  0.000000000E+00 -2.175062441E-02 
       586  1.962500000E+02  0.000000000E+00 -2.167826682E-02 
       587  1.965000000E+02  0.000000000E+00 -2.160092001E-02 
       588  1.967500000E+02  0.000000000E+00 -2.151777775E-02 
       589  1.970000000E+02  0.000000000E+00 -2.142787513E-02 
       590  1.972500000E+02  0.000000000E+00 -2.133005075E-02 
       591  1.975000000E+02  0.000000000E+00 -2.122289690E-02 
       592  1.977500000E+02  0.000000000E+00 -2.110469258E-02 
       593  1.980000000E+02  0.000000000E+00 -2.097331090E-02 
       594  1.982500000E+02  0.000000000E+00 -2.082608662E-02 
       595  1.985000000E+02  0.000000000E+00 -2.065961808E-02 
       596  1.987500000E+02  0.000000000E+00 -2.046945292E-02 
       597  1.990000000E+02  0.000000000E+00 -2.024954641E-02 
       598  1.992500000E+02  0.000000000E+00 -1.999121098E-02 
       599  1.995000000E+02  0.000000000E+00 -1.968071812E-02 
       600  1.997500000E+02  0.000000000E+00 -1.929261181E-02 
       601  2.000000000E+02  0.000000000E+00 -2.175799115E-02 
       602  2.001999988E+02  0.000000000E+00 -2.333315564E-02 
       603  2.004032879E+02  0.000000000E+00 -2.220996336E-02 
       604  2.006099214E+02  0.000000000E+00 -2.114356675E-02 
       605  2.008199543E+02  0.000000000E+00 -2.013163972E-02 
       606  2.010334426E+02  0.000000000E+00 -1.917195865E-02 
       607  2.012504431E+02  0.000000000E+00 -1.826238955E-02 
       608  2.014710137E+02  0.000000000E+00 -1.740087737E-02 
       609  2.016952129E+02  0.000000000E+00 -1.658543704E-02 
       610  2.019231006E+02  0.000000000E+00 -1.581414630E-02 
       611  2.021547374E+02  0.000000000E+00 -1.508513970E-02 
       612  2.023901849E+02  0.000000000E+00 -1.439660382E-02 
       613  2.026295060E+02  0.000000000E+00 -1.374677346E-02 
       614  2.028727642E+02  0.000000000E+00 -1.313392871E-02 
       615  2.031200245E+02  0.000000000E+00 -1.255739243E-02 
       616  2.033713525E+02  0.000000000E+00 -1.201638881E-02 
       617  2.036268153E+02  0.000000000E+00 -1.140071384E-02 
       618  2.038864808E+02  0.000000000E+00 -1.080604793E-02 
       619  2.041504183E+02  0.000000000E+00 -1.034676197E-02 
       620  2.044186979E+02  0.000000000E+00 -9.915312304E-03 
       621  2.046913911E+02  0.000000000E+00 -9.506019036E-03 
       622  2.049685706E+02  0.000000000E+00 -9.122947370E-03 
       623  2.052503101E+02  0.000000000E+00 -8.764644547E-03 
       624  2.055366847E+02  0.000000000E+00 -8.429701794E-03 
       625  2.058277705E+02  0.000000000E+00 -8.116754344E-03 
       626  2.061236452E+02  0.000000000E+00 -7.824482017E-03 
       627  2.064243875E+02  0.000000000E+00 -7.551609702E-03 
       628  2.067300774E+02  0.000000000E+00 -7.296907693E-03 
       629  2.070407965E+02  0.000000000E+00 -7.059192032E-03 
       630  2.073566273E+02  0.000000000E+00 -6.837324739E-03 
       631  2.076776540E+02  0.000000000E+00 -6.630213925E-03 
       632  2.080039622E+02  0.000000000E+00 -6.436813798E-03 
       633  2.083356386E+02  0.000000000E+00 -6.256124593E-03 
       634  2.086727716E+02  0.000000000E+00 -6.087192309E-03 
       635  2.090154510E+02  0.000000000E+00 -5.929108388E-03 
       636  2.093637679E+02  0.000000000E+00 -5.781009204E-03 
       637  2.097178153E+02  0.000000000E+00 -5.642075496E-03 
       638  2.100776872E+02  0.000000000E+00 -5.511531622E-03 
       639  2.104434797E+02  0.000000000E+00 -5.388644730E-03 
       640  2.108152899E+02  0.000000000E+00 -5.272723827E-03 
       641  2.111932170E+02  0.000000000E+00 -5.163118706E-03 
       642  2.115773617E+02  0.000000000E+00 -5.059218839E-03 
       643  2.119678260E+02  0.000000000E+00 -4.960452135E-03 
       644  2.123647142E+02  0.000000000E+00 -4.866283654E-03 
       645  2.127681317E+02  0.000000000E+00 -4.776214252E-03 
       646  2.131781861E+02  0.000000000E+00 -4.689779157E-03 
       647  2.135949866E+02  0.000000000E+00 -4.606546521E-03 
       648  2.140186441E+02  0.000000000E+00 -4.526115935E-03 
       649  2.144492713E+02  0.000000000E+00 -4.448116897E-03 
       650  2.148869831E+02  0.000000000E+00 -4.372207309E-03 
       651  2.153318959E+02  0.000000000E+00 -4.298071925E-03 
       652  2.157841282E+02  0.000000000E+00 -4.225420827E-03 
       653  2.162438005E+02  0.000000000E+00 -4.153987921E-03 
       654  2.167110350E+02  0.000000000E+00 -4.083529425E-03 
       655  2.171859563E+02  0.000000000E+00 -4.013822416E-03 
       656  2.176686908E+02  0.000000000E+00 -3.944663379E-03 
       657  2.181593671E+02  0.000000000E+00 -3.875866820E-03 
       658  2.186581157E+02  0.000000000E+00 -3.807263921E-03 
       659  2.191650695E+02  0.000000000E+00 -3.738701234E-03 
       660  2.196803635E+02  0.000000000E+00 -3.670039438E-03 
       661  2.202041348E+02  0.000000000E+00 -3.601152140E-03 
       662  2.207365230E+02  0.000000000E+00 -3.531924749E-03 
       663  2.212776699E+02  0.000000000E+00 -3.462253394E-03 
       664  2.218277194E+02  0.000000000E+00 -3.392043921E-03 
       665  2.223868182E+02  0.000000000E+00 -3.321210933E-03 
       666  2.229551149E+02  0.000000000E+00 -3.249676901E-03 
       667  2.235327610E+02  0.000000000E+00 -3.177371340E-03 
       668  2.241199103E+02  0.000000000E+00 -3.104230033E-03 
       669  2.247167191E+02  0.000000000E+00 -3.030194322E-03 
       670  2.253233464E+02  0.000000000E+00 -2.955210456E-03 
       671  2.259399536E+02  0.000000000E+00 -2.879228983E-03 
       672  2.265667050E+02  0.000000000E+00 -2.802204212E-03 
       673  2.272037674E+02  0.000000000E+00 -2.724093702E-03 
       674  2.278513104E+02  0.000000000E+00 -2.644857822E-03 
       675  2.285095066E+02  0.000000000E+00 -2.564459334E-03 
       676  2.291785311E+02  0.000000000E+00 -2.482863031E-03 
       677  2.298585621E+02  0.000000000E+00 -2.400035413E-03 
       678  2.305497807E+02  0.000000000E+00 -2.315944381E-03 
       679  2.312523708E+02  0.000000000E+00 -2.230558996E-03 
       680  2.319665197E+02  0.000000000E+00 -2.143849232E-03 
       681  2.326924175E+02  0.000000000E+00 -2.055785787E-03 
       682  2.334302574E+02  0.000000000E+00 -1.966339893E-03 
       683  2.341802359E+02  0.000000000E+00 -1.875483172E-03 
       684  2.349425527E+02  0.000000000E+00 -1.783187493E-03 
       685  2.357174108E+02  0.000000000E+00 -1.689424858E-03 
       686  2.365050165E+02  0.000000000E+00 -1.594167293E-03 
       687  2.373055796E+02  0.000000000E+00 -1.497386772E-03 
       688  2.381193132E+02  0.000000000E+00 -1.399055124E-03 
       689  2.389464340E+02  0.000000000E+00 -1.299143981E-03 
       690  2.397871622E+02  0.000000000E+00 -1.197624714E-03 
       691  2.406417216E+02  0.000000000E+00 -1.094468382E-03 
       692  2.415103399E+02  0.000000000E+00 -9.896456882E-04 
       693  2.423932484E+02  0.000000000E+00 -8.831269418E-04 
       694  2.432906820E+02  0.000000000E+00 -7.748820203E-04 
       695  2.442028798E+02  0.000000000E+00 -6.648803322E-04 
       696  2.451300847E+02  0.000000000E+00 -5.530907846E-04 
       697  2.460725436E+02  0.000000000E+00 -4.394817485E-04 
       698  2.470305073E+02  0.000000000E+00 -3.240210152E-04 
       699  2.480042311E+02  0.000000000E+00 -2.066757498E-04 
       700  2.489939742E+02  0.000000000E+00 -8.741243630E-05 
       701  2.500000000E+02  0.000000000E+00  3.380320841E-05 
       702  2.510060258E+02  0.000000000E+00  1.550122444E-04 
       703  2.519957689E+02  0.000000000E+00  2.742560873E-04 
       704  2.529694927E+02  0.000000000E+00  3.915694453E-04 
       705  2.539274564E+02  0.000000000E+00  5.069861399E-04 
       706  2.548699153E+02  0.000000000E+00  6.205392088E-04 
       707  2.557971202E+02  0.000000000E+00  7.322609681E-04 
       708  2.567093180E+02  0.000000000E+00  8.421830780E-04 
       709  2.576067516E+02  0.000000000E+00  9.503365999E-04 
       710  2.584896601E+02  0.000000000E+00  1.056752043E-03 
       711  2.593582784E+02  0.000000000E+00  1.161459408E-03 
       712  2.602128379E+02  0.000000000E+00  1.264488233E-03 
       713  2.610535660E+02  0.000000000E+00  1.365867643E-03 
       714  2.618806868E+02  0.000000000E+00  1.465626389E-03 
       715  2.626944204E+02  0.000000000E+00  1.563792904E-03 
       716  2.634949835E+02  0.000000000E+00  1.660395361E-03 
       717  2.642825892E+02  0.000000000E+00  1.755461733E-03 
       718  2.650574473E+02  0.000000000E+00  1.849019858E-03 
       719  2.658197641E+02  0.000000000E+00  1.941097533E-03 
       720  2.665697426E+02  0.000000000E+00  2.031722591E-03 
       721  2.673075825E+02  0.000000000E+00  2.120923011E-03 
       722  2.680334803E+02  0.000000000E+00  2.208727040E-03 
       723  2.687476292E+02  0.000000000E+00  2.295163329E-03 
       724  2.694502193E+02  0.000000000E+00  2.380261081E-03 
       725  2.701414379E+02  0.000000000E+00  2.464050240E-03 
       726  2.708214689E+02  0.000000000E+00  2.546561682E-03 
       727  2.714904934E+02  0.000000000E+00  2.627827456E-03 
       728  2.721486896E+02  0.000000000E+00  2.707881026E-03 
       729  2.727962326E+02  0.000000000E+00  2.786757575E-03 
       730  2.734332950E+02  0.000000000E+00  2.864494325E-03 
       731  2.740600464E+02  0.000000000E+00  2.941130897E-03 
       732  2.746766536E+02  0.000000000E+00  3.016709724E-03 
       733  2.752832808E+02  0.000000000E+00  3.091276487E-03 
       734  2.758800897E+02  0.000000000E+00  3.164880622E-03 
       735  2.764672390E+02  0.000000000E+00  3.237575857E-03 
       736  2.770448851E+02  0.000000000E+00  3.309420809E-03 
       737  2.776131818E+02  0.000000000E+00  3.380479637E-03 
       738  2.781722806E+02  0.000000000E+00  3.450822744E-03 
       739  2.787223301E+02  0.000000000E+00  3.520527548E-03 
       740  2.792634769E+02  0.000000000E+00  3.589679300E-03 
       741  2.797958652E+02  0.000000000E+00  3.658371977E-03 
       742  2.803196365E+02  0.000000000E+00  3.726709225E-03 
       743  2.808349305E+02  0.000000000E+00  3.794805366E-03 
       744  2.813418843E+02  0.000000000E+00  3.862786476E-03 
       745  2.818406329E+02  0.000000000E+00  3.930791504E-03 
       746  2.823313092E+02  0.000000000E+00  3.998973476E-03 
       747  2.828140437E+02  0.000000000E+00  4.067500730E-03 
       748  2.832889650E+02  0.000000000E+00  4.136558218E-03 
       749  2.837561995E+02  0.000000000E+00  4.206348854E-03 
       750  2.842158718E+02  0.000000000E+00  4.277094910E-03 
       751  2.846681041E+02  0.000000000E+00  4.349039462E-03 
       752  2.851130169E+02  0.000000000E+00  4.422447847E-03 
       753  2.855507287E+02  0.000000000E+00  4.497609177E-03 
       754  2.859813560E+02  0.000000000E+00  4.574837853E-03 
       755  2.864050134E+02  0.000000000E+00  4.654475093E-03 
       756  2.868218139E+02  0.000000000E+00  4.736890495E-03 
       757  2.872318683E+02  0.000000000E+00  4.822483549E-03 
       758  2.876352858E+02  0.000000000E+00  4.911685181E-03 
       759  2.880321740E+02  0.000000000E+00  5.004959249E-03 
       760  2.884226383E+02  0.000000000E+00  5.102804013E-03 
       761  2.888067830E+02  0.000000000E+00  5.205753566E-03 
       762  2.891847101E+02  0.000000000E+00  5.314379213E-03 
       763  2.895565204E+02  0.000000000E+00  5.429290773E-03 
       764  2.899223128E+02  0.000000000E+00  5.551137842E-03 
       765  2.902821847E+02  0.000000000E+00  5.680610926E-03 
       766  2.906362321E+02  0.000000000E+00  5.818442526E-03 
       767  2.909845490E+02  0.000000000E+00  5.965408105E-03 
       768  2.913272284E+02  0.000000000E+00  6.122326932E-03 
       769  2.916643614E+02  0.000000000E+00  6.290062861E-03 
       770  2.919960378E+02  0.000000000E+00  6.469524912E-03 
       771  2.923223460E+02  0.000000000E+00  6.661667821E-03 
       772  2.926433727E+02  0.000000000E+00  6.867492375E-03 
       773  2.929592035E+02  0.000000000E+00  7.088045709E-03 
       774  2.932699226E+02  0.000000000E+00  7.324421394E-03 
       775  2.935756125E+02  0.000000000E+00  7.577759461E-03 
       776  2.938763548E+02  0.000000000E+00  7.849246310E-03 
       777  2.941722295E+02  0.000000000E+00  8.140114501E-03 
       778  2.944633153E+02  0.000000000E+00  8.451642434E-03 
       779  2.947496899E+02  0.000000000E+00  8.785154038E-03 
       780  2.950314294E+02  0.000000000E+00  9.142018301E-03 
       781  2.953086088E+02  0.000000000E+00  9.523648880E-03 
       782  2.955813021E+02  0.000000000E+00  9.931503688E-03 
       783  2.958495817E+02  0.000000000E+00  1.036708447E-02 
       784  2.961135192E+02  0.000000000E+00  1.083193650E-02 
       785  2.963731847E+02  0.000000000E+00  1.132764848E-02 
       786  2.966286475E+02  0.000000000E+00  1.185585256E-02 
       787  2.968799755E+02  0.000000000E+00  1.241822455E-02 
       788  2.971272358E+02  0.000000000E+00  1.301648463E-02 
       789  2.973704940E+02  0.000000000E+00  1.365239825E-02 
       790  2.976098151E+02  0.000000000E+00  1.432777771E-02 
       791  2.978452626E+02  0.000000000E+00  1.504448419E-02 
       792  2.980768994E+02  0.000000000E+00  1.580443052E-02 
       793  2.983047871E+02  0.000000000E+00  1.660958487E-02 
       794  2.985289863E+02  0.000000000E+00  1.746197518E-02 
       795  2.987495568E+02  0.000000000E+00  1.782248857E-02 
       796  2.989665574E+02  0.000000000E+00  1.815943648E-02 
       797  2.991800457E+02  0.000000000E+00  1.899363223E-02 
       798  2.993900786E+02  0.000000000E+00  1.987072473E-02 
       799  2.995967121E+02  0.000000000E+00  2.079246998E-02 
       800  2.998000012E+02  0.000000000E+00  2.176069328E-02 
       801  3.000000000E+02  0.000000000E+00  2.083895158E-02 
       802  3.002500000E+02  0.000000000E+00  1.928936818E-02 
       803  3.005000000E+02  0.000000000E+00  1.967688599E-02 
       804  3.007500000E+02  0.000000000E+00  1.998683098E-02 
       805  3.010000000E+02  0.000000000E+00  2.024465881E-02 
       806  3.012500000E+02  0.000000000E+00  2.046409592E-02 
       807  3.015000000E+02  0.000000000E+00  2.065382737E-02 
       808  3.017500000E+02  0.000000000E+00  2.081989530E-02 
       809  3.020000000E+02  0.000000000E+00  2.096674959E-02 
       810  3.022500000E+02  0.000000000E+00  2.109778957E-02 
       811  3.025000000E+02  0.000000000E+00  2.121567829E-02 
       812  3.027500000E+02  0.000000000E+00  2.132254060E-02 
       813  3.030000000E+02  0.000000000E+00  2.142009565E-02 
       814  3.032500000E+02  0.000000000E+00  2.150974942E-02 
       815  3.035000000E+02  0.000000000E+00  2.159266174E-02 
       816  3.037500000E+02  0.000000000E+00  2.166979605E-02 
       817  3.040000000E+02  0.000000000E+00  2.174195727E-02 
       818  3.042500000E+02  0.000000000E+00  2.180982103E-02 
       819  3.045000000E+02  0.000000000E+00  2.187395675E-02 
       820  3.047500000E+02  0.000000000E+00  2.193484590E-02 
       821  3.050000000E+02  0.000000000E+00  2.199289676E-02 
       822  3.052500000E+02  0.000000000E+00  2.204845640E-02 
       823  3.055000000E+02  0.000000000E+00  2.210182047E-02 
       824  3.057500000E+02  0.000000000E+00  2.215324129E-02 
       825  3.060000000E+02  0.000000000E+00  2.220293452E-02 
       826  3.062500000E+02  0.000000000E+00  2.225108478E-02 
       827  3.065000000E+02  0.000000000E+00  2.229785029E-02 
       828  3.067500000E+02  0.000000000E+00  2.234336684E-02 
       829  3.070000000E+02  0.000000000E+00  2.238775104E-02 
       830  3.072500000E+02  0.000000000E+00  2.243110318E-02 
       831  3.075000000E+02  0.000000000E+00  2.247350957E-02 
       832  3.077500000E+02  0.000000000E+00  2.251504456E-02 
       833  3.080000000E+02  0.000000000E+00  2.255577226E-02 
       834  3.082500000E+02  0.000000000E+00  2.259574801E-02 
       835  3.085000000E+02  0.000000000E+00  2.263501963E-02 
       836  3.087500000E+02  0.000000000E+00  2.267362849E-02 
       837  3.090000000E+02  0.000000000E+00  2.271161039E-02 
       838  3.092500000E+02  0.000000000E+00  2.274899641E-02 
       839  3.095000000E+02  0.000000000E+00  2.278581353E-02 
       840  3.097500000E+02  0.000000000E+00  2.282208522E-02 
       841  3.100000000E+02  0.000000000E+00  2.285783194E-02 
       842  3.102500000E+02  0.000000000E+00  2.289307157E-02 
       843  3.105000000E+02  0.000000000E+00  2.292781977E-02 
       844  3.107500000E+02  0.000000000E+00  2.296209027E-02 
       845  3.110000000E+02  0.000000000E+00  2.299589521E-02 
       846  3.112500000E+02  0.000000000E+00  2.302924529E-02 
       847  3.115000000E+02  0.000000000E+00  2.306215002E-02 
       848  3.117500000E+02  0.000000000E+00  2.309461789E-02 
       849  3.120000000E+02  0.000000000E+00  2.312665649E-02 
       850  3.122500000E+02  0.000000000E+00  2.315827266E-02 
       851  3.125000000E+02  0.000000000E+00  2.318947262E-02 
       852  3.127500000E+02  0.000000000E+00  2.322026201E-02 
       853  3.130000000E+02  0.000000000E+00  2.325064601E-02 
       854  3.132500000E+02  0.000000000E+00  2.328062941E-02 
       855  3.135000000E+02  0.000000000E+00  2.331021667E-02 
       856  3.137500000E+02  0.000000000E+00  2.333941193E-02 
       857  3.140000000E+02  0.000000000E+00  2.336821913E-02 
       858  3.142500000E+02  0.000000000E+00  2.339664197E-02 
       859  3.145000000E+02  0.000000000E+00  2.342468401E-02 
       860  3.147500000E+02  0.000000000E+00  2.345234865E-02 
       861  3.150000000E+02  0.000000000E+00  2.347963917E-02 
       862  3.152500000E+02  0.000000000E+00  2.350655876E-02 
       863  3.155000000E+02  0.000000000E+00  2.353311052E-02 
       864  3.157500000E+02  0.000000000E+00  2.355929750E-02 
       865  3.160000000E+02  0.000000000E+00  2.358512269E-02 
       866  3.162500000E+02  0.000000000E+00  2.361058903E-02 
       867  3.165000000E+02  0.000000000E+00  2.363569944E-02 
       868  3.167500000E+02  0.000000000E+00  2.366045681E-02 
       869  3.170000000E+02  0.000000000E+00  2.368486401E-02 
       870  3.172500000E+02  0.000000000E+00  2.370892389E-02 
       871  3.175000000E+02  0.000000000E+00  2.373263932E-02 
       872  3.177500000E+02  0.000000000E+00  2.375601314E-02 
       873  3.180000000E+02  0.000000000E+00  2.377904819E-02 
       874  3.182500000E+02  0.000000000E+00  2.380174732E-02 
       875  3.185000000E+02  0.000000000E+00  2.382411339E-02 
       876  3.187500000E+02  0.000000000E+00  2.384614924E-02 
       877  3.190000000E+02  0.000000000E+00  2.386785774E-02 
       878  3.192500000E+02  0.000000000E+00  2.388924177E-02 
       879  3.195000000E+02  0.000000000E+00  2.391030418E-02 
       880  3.197500000E+02  0.000000000E+00  2.393104789E-02 
       881  3.200000000E+02  0.000000000E+00  2.395147576E-02 
       882  3.202500000E+02  0.000000000E+00  2.397159071E-02 
       883  3.205000000E+02  0.000000000E+00  2.399139565E-02 
       884  3.207500000E+02  0.000000000E+00  2.401089349E-02 
       885  3.210000000E+02  0.000000000E+00  2.403008716E-02 
       886  3.212500000E+02  0.000000000E+00  2.404897959E-02 
       887  3.215000000E+02  0.000000000E+00  2.406757371E-02 
       888  3.217500000E+02  0.000000000E+00  2.408587248E-02 
       889  3.220000000E+02  0.000000000E+00  2.410387884E-02 
       890  3.222500000E+02  0.000000000E+00  2.412159574E-02 
       891  3.225000000E+02  0.000000000E+00  2.413902614E-02 
       892  3.227500000E+02  0.000000000E+00  2.415617301E-02 
       893  3.230000000E+02  0.000000000E+00  2.417303931E-02 
       894  3.232500000E+02  0.000000000E+00  2.418962799E-02 
       895  3.235000000E+02  0.000000000E+00  2.420594202E-02 
       896  3.237500000E+02  0.000000000E+00  2.422198438E-02 
       897  3.240000000E+02  0.000000000E+00  2.423775802E-02 
       898  3.242500000E+02  0.000000000E+00  2.425326589E-02 
       899  3.245000000E+02  0.000000000E+00  2.426851098E-02 
       900  3.247500000E+02  0.000000000E+00  2.428349621E-02 
       901  3.250000000E+02  0.000000000E+00  2.429822456E-02 
       902  3.252500000E+02  0.000000000E+00  2.431269896E-02 
       903  3.255000000E+02  0.000000000E+00  2.432692235E-02 
       904  3.257500000E+02  0.000000000E+00  2.434089766E-02 
       905  3.260000000E+02  0.000000000E+00  2.435462782E-02 
       906  3.262500000E+02  0.000000000E+00  2.436811575E-02 
       907  3.265000000E+02  0.000000000E+00  2.438136436E-02 
       908  3.267500000E+02  0.000000000E+00  2.439437653E-02 
       909  3.270000000E+02  0.000000000E+00  2.440715516E-02 
       910  3.272500000E+02  0.000000000E+00  2.441970313E-02 
       911  3.275000000E+02  0.000000000E+00  2.443202329E-02 
       912  3.277500000E+02  0.000000000E+00  2.444411850E-02 
       913  3.280000000E+02  0.000000000E+00  2.445599160E-02 
       914  3.282500000E+02  0.000000000E+00  2.446764540E-02 
       915  3.285000000E+02  0.000000000E+00  2.447908271E-02 
       916  3.287500000E+02  0.000000000E+00  2.449030634E-02 
       917  3.290000000E+02  0.000000000E+00  2.450131905E-02 
       918  3.292500000E+02  0.000000000E+00  2.451212360E-02 
       919  3.295000000E+02  0.000000000E+00  2.452272273E-02 
       920  3.297500000E+02  0.000000000E+00  2.453311918E-02 
       921  3.300000000E+02  0.000000000E+00  2.454331565E-02 
       922  3.302500000E+02  0.000000000E+00  2.455331482E-02 
       923  3.305000000E+02  0.000000000E+00  2.456311936E-02 
       924  3.307500000E+02  0.000000000E+00  2.457273193E-02 
       925  3.310000000E+02  0.000000000E+00  2.458215514E-02 
       926  3.312500000E+02  0.000000000E+00  2.459139160E-02 
       927  3.315000000E+02  0.000000000E+00  2.460044390E-02 
       928  3.317500000E+02  0.000000000E+00  2.460931460E-02 
       929  3.320000000E+02  0.000000000E+00  2.461800624E-02 
       930  3.322500000E+02  0.000000000E+00  2.462652134E-02 
       931  3.325000000E+02  0.000000000E+00  2.463486239E-02 
       932  3.327500000E+02  0.000000000E+00  2.464303187E-02 
       933  3.330000000E+02  0.000000000E+00  2.465103222E-02 
       934  3.332500000E+02  0.000000000E+00  2.465886585E-02 
       935  3.335000000E+02  0.000000000E+00  2.466653518E-02 
       936  3.337500000E+02  0.000000000E+00  2.467404257E-02 
       937  3.340000000E+02  0.000000000E+00  2.468139037E-02 
       938  3.342500000E+02  0.000000000E+00  2.468858090E-02 
       939  3.345000000E+02  0.000000000E+00  2.469561646E-02 
       940  3.347500000E+02  0.000000000E+00  2.470249931E-02 
       941  3.350000000E+02  0.000000000E+00  2.470923170E-02 
       942  3.352500000E+02  0.000000000E+00  2.471581584E-02 
       943  3.355000000E+02  0.000000000E+00  2.472225393E-02 
       944  3.357500000E+02  0.000000000E+00  2.472854812E-02 
       945  3.360000000E+02  0.000000000E+00  2.473470054E-02 
       946  3.362500000E+02  0.000000000E+00  2.474071331E-02 
       947  3.365000000E+02  0.000000000E+00  2.474658850E-02 
       948  3.367500000E+02  0.000000000E+00  2.475232815E-02 
       949  3.370000000E+02  0.000000000E+00  2.475793430E-02 
       950  3.372500000E+02  0.000000000E+00  2.476340894E-02 
       951  3.375000000E+02  0.000000000E+00  2.476875402E-02 
       952  3.377500000E+02  0.000000000E+00  2.477397148E-02 
       953  3.380000000E+02  0.000000000E+00  2.477906324E-02 
       954  3.382500000E+02  0.000000000E+00  2.478403116E-02 
       955  3.385000000E+02  0.000000000E+00  2.478887710E-02 
       956  3.387500000E+02  0.000000000E+00  2.479360287E-02 
       957  3.390000000E+02  0.000000000E+00  2.479821026E-02 
       958  3.392500000E+02  0.000000000E+00  2.480270103E-02 
       959  3.395000000E+02  0.000000000E+00  2.480707691E-02 
       960  3.397500000E+02  0.000000000E+00  2.481133960E-02 
       961  3.400000000E+02  0.000000000E+00  2.481549077E-02 
       962  3.402500000E+02  0.000000000E+00  2.481953207E-02 
       963  3.405000000E+02  0.000000000E+00  2.482346509E-02 
       964  3.407500000E+02  0.000000000E+00  2.482729142E-02 
       965  3.410000000E+02  0.000000000E+00  2.483101262E-02 
       966  3.412500000E+02  0.000000000E+00  2.483463019E-02 
       967  3.415000000E+02  0.000000000E+00  2.483814564E-02 
       968  3.417500000E+02  0.000000000E+00  2.484156041E-02 
       969  3.420000000E+02  0.000000000E+00  2.484487595E-02 
       970  3.422500000E+02  0.000000000E+00  2.484809364E-02 
       971  3.425000000E+02  0.000000000E+00  2.485121485E-02 
       972  3.427500000E+02  0.000000000E+00  2.485424094E-02 
       973  3.430000000E+02  0.000000000E+00  2.485717319E-02 
       974  3.432500000E+02  0.000000000E+00  2.486001290E-02 
       975  3.435000000E+02  0.000000000E+00  2.486276131E-02 
       976  3.437500000E+02  0.000000000E+00  2.486541963E-02 
       977  3.440000000E+02  0.000000000E+00  2.486798906E-02 
       978  3.442500000E+02  0.000000000E+00  2.487047075E-02 
       979  3.445000000E+02  0.000000000E+00  2.487286582E-02 
       980  3.447500000E+02  0.000000000E+00  2.487517539E-02 
       981  3.450000000E+02  0.000000000E+00  2.487740050E-02 
       982  3.452500000E+02  0.000000000E+00  2.487954220E-02 
       983  3.455000000E+02  0.000000000E+00  2.488160149E-02 
       984  3.457500000E+02  0.000000000E+00  2.488357935E-02 
       985  3.460000000E+02  0.000000000E+00  2.488547673E-02 
       986  3.462500000E+02  0.000000000E+00  2.488729454E-02 
       987  3.465000000E+02  0.000000000E+00  2.488903367E-02 
       988  3.467500000E+02  0.000000000E+00  2.489069497E-02 
       989  3.470000000E+02  0.000000000E+00  2.489227928E-02 
       990  3.472500000E+02  0.000000000E+00  2.489378738E-02 
       991  3.475000000E+02  0.000000000E+00  2.489522005E-02 
       992  3.477500000E+02  0.000000000E+00  2.489657802E-02 
       993  3.480000000E+02  0.000000000E+00  2.489786200E-02 
       994  3.482500000E+02  0.000000000E+00  2.489907266E-02 
       995  3.485000000E+02  0.000000000E+00  2.490021067E-02 
       996  3.487500000E+02  0.000000000E+00  2.490127663E-02 
       997  3.490000000E+02  0.000000000E+00  2.490227113E-02 
       998  3.492500000E+02  0.000000000E+00  2.490319473E-02 
       999  3.495000000E+02  0.000000000E+00  2.490404797E-02 
      1000  3.497500000E+02  0.000000000E+00  2.490483135E-02 
      1001  3.500000000E+02  0.000000000E+00  2.490554534E-02 
      1002  3.502500000E+02  0.000000000E+00  2.490619037E-02 
      1003  3.505000000E+02  0.000000000E+00  2.490676687E-02 
      1004  3.507500000E+02  0.000000000E+00  2.490727522E-02 
      1005  3.510000000E+02  0.000000000E+00  2.490771577E-02 
      1006  3.512500000E+02  0.000000000E+00  2.490808886E-02 
      1007  3.515000000E+02  0.000000000E+00  2.490839477E-02 
      1008  3.517500000E+02  0.000000000E+00  2.490863378E-02 
      1009  3.520000000E+02  0.000000000E+00  2.490880613E-02 
      1010  3.522500000E+02  0.000000000E+00  2.490891203E-02 
      1011  3.525000000E+02  0.000000000E+00  2.490895165E-02 
      1012  3.527500000E+02  0.000000000E+00  2.490892516E-02 
      1013  3.530000000E+02  0.000000000E+00  2.490883268E-02 
      1014  3.532500000E+02  0.000000000E+00  2.490867431E-02 
      1015  3.535000000E+02  0.000000000E+00  2.490845011E-02 
      1016  3.537500000E+02  0.000000000E+00  2.490816012E-02 
      1017  3.540000000E+02  0.000000000E+00  2.490780435E-02 
      1018  3.542500000E+02  0.000000000E+00  2.490738279E-02 
      1019  3.545000000E+02  0.000000000E+00  2.490689539E-02 
      1020  3.547500000E+02  0.000000000E+00  2.490634207E-02 
      1021  3.550000000E+02  0.000000000E+00  2.490572274E-02 
      1022  3.552500000E+02  0.000000000E+00  2.490503726E-02 
      1023  3.555000000E+02  0.000000000E+00  2.490428547E-02 
      1024  3.557500000E+02  0.000000000E+00  2.490346719E-02 
      1025  3.560000000E+02  0.000000000E+00  2.490258220E-02 
      1026  3.562500000E+02  0.000000000E+00  2.490163026E-02 
      1027  3.565000000E+02  0.000000000E+00  2.490061109E-02 
      1028  3.567500000E+02  0.000000000E+00  2.489952439E-02 
      1029  3.570000000E+02  0.000000000E+00  2.489836985E-02 
      1030  3.572500000E+02  0.000000000E+00  2.489714710E-02 
      1031  3.575000000E+02  0.000000000E+00  2.489585576E-02 
      1032  3.577500000E+02  0.000000000E+00  2.489449542E-02 
      1033  3.580000000E+02  0.000000000E+00  2.489306563E-02 
      1034  3.582500000E+02  0.000000000E+00  2.489156594E-02 
      1035  3.585000000E+02  0.000000000E+00  2.488999585E-02 
      1036  3.587500000E+02  0.000000000E+00  2.488835484E-02 
      1037  3.590000000E+02  0.000000000E+00  2.488664235E-02 
      1038  3.592500000E+02  0.000000000E+00  2.488485781E-02 
      1039  3.595000000E+02  0.000000000E+00  2.488300061E-02 
      1040  3.597500000E+02  0.000000000E+00  2.488107012E-02 
      1041  3.600000000E+02  0.000000000E+00  2.487906568E-02 
      1042  3.602500000E+02  0.000000000E+00  2.487698661E-02 
      1043  3.605000000E+02  0.000000000E+00  2.487483218E-02 
      1044  3.607500000E+02  0.000000000E+00  2.487260165E-02 
      1045  3.610000000E+02  0.000000000E+00  2.487029426E-02 
      1046  3.612500000E+02  0.000000000E+00  2.486790920E-02 
      1047  3.615000000E+02  0.000000000E+00  2.486544565E-02 
      1048  3.617500000E+02  0.000000000E+00  2.486290276E-02 
      1049  3.620000000E+02  0.000000000E+00  2.486027966E-02 
      1050  3.622500000E+02  0.000000000E+00  2.485757542E-02 
      1051  3.625000000E+02  0.000000000E+00  2.485478912E-02 
      1052  3.627500000E+02  0.000000000E+00  2.485191980E-02 
      1053  3.630000000E+02  0.000000000E+00  2.484896646E-02 
      1054  3.632500000E+02  0.000000000E+00  2.484592810E-02 
      1055  3.635000000E+02  0.000000000E+00  2.484280368E-02 
      1056  3.637500000E+02  0.000000000E+00  2.483959211E-02 
      1057  3.640000000E+02  0.000000000E+00  2.483629232E-02 
      1058  3.642500000E+02  0.000000000E+00  2.483290316E-02 
      1059  3.645000000E+02  0.000000000E+00  2.482942350E-02 
      1060  3.647500000E+02  0.000000000E+00  2.482585216E-02 
      1061  3.650000000E+02  0.000000000E+00  2.482218794E-02 
      1062  3.652500000E+02  0.000000000E+00  2.481842960E-02 
      1063  3.655000000E+02  0.000000000E+00  2.481457589E-02 
      1064  3.657500000E+02  0.000000000E+00  2.481062554E-02 
      1065  3.660000000E+02  0.000000000E+00  2.480657722E-02 
      1066  3.662500000E+02  0.000000000E+00  2.480242960E-02 
      1067  3.665000000E+02  0.000000000E+00  2.479818133E-02 
      1068  3.667500000E+02  0.000000000E+00  2.479383102E-02 
      1069  3.670000000E+02  0.000000000E+00  2.478937725E-02 
      1070  3.672500000E+02  0.000000000E+00  2.478481858E-02 
      1071  3.675000000E+02  0.000000000E+00  2.478015355E-02 
      1072  3.677500000E+02  0.000000000E+00  2.477538068E-02 
      1073  3.680000000E+02  0.000000000E+00  2.477049843E-02 
      1074  3.682500000E+02  0.000000000E+00  2.476550527E-02 
      1075  3.685000000E+02  0.000000000E+00  2.476039964E-02 
      1076  3.687500000E+02  0.000000000E+00  2.475517993E-02 
      1077  3.690000000E+02  0.000000000E+00  2.474984454E-02 
      1078  3.692500000E+02  0.000000000E+00  2.474439181E-02 
      1079  3.695000000E+02  0.000000000E+00  2.473882009E-02 
      1080  3.697500000E+02  0.000000000E+00  2.473312767E-02 
      1081  3.700000000E+02  0.000000000E+00  2.472731284E-02 
      1082  3.702500000E+02  0.000000000E+00  2.472137387E-02 
      1083  3.705000000E+02  0.000000000E+00  2.471530897E-02 
      1084  3.707500000E+02  0.000000000E+00  2.470911636E-02 
      1085  3.710000000E+02  0.000000000E+00  2.470279423E-02 
      1086  3.712500000E+02  0.000000000E+00  2.469634074E-02 
      1087  3.715000000E+02  0.000000000E+00  2.468975402E-02 
      1088  3.717500000E+02  0.000000000E+00  2.468303219E-02 
      1089  3.720000000E+02  0.000000000E+00  2.467617333E-02 
      1090  3.722500000E+02  0.000000000E+00  2.466917552E-02 
      1091  3.725000000E+02  0.000000000E+00  2.466203679E-02 
      1092  3.727500000E+02  0.000000000E+00  2.465475517E-02 
      1093  3.730000000E+02  0.000000000E+00  2.464732866E-02 
      1094  3.732500000E+02  0.000000000E+00  2.463975523E-02 
      1095  3.735000000E+02  0.000000000E+00  2.463203283E-02 
      1096  3.737500000E+02  0.000000000E+00  2.462415940E-02 
      1097  3.740000000E+02  0.000000000E+00  2.461613284E-02 
      1098  3.742500000E+02  0.000000000E+00  2.460795103E-02 
      1099  3.745000000E+02  0.000000000E+00  2.459961185E-02 
      1100  3.747500000E+02  0.000000000E+00  2.459111313E-02 
      1101  3.750000000E+02  0.000000000E+00  2.458245271E-02 
      1102  3.752500000E+02  0.000000000E+00  2.457362837E-02 
      1103  3.755000000E+02  0.000000000E+00  2.456463791E-02 
      1104  3.757500000E+02  0.000000000E+00  2.455547907E-02 
      1105  3.760000000E+02  0.000000000E+00  2.454614961E-02 
      1106  3.762500000E+02  0.000000000E+00  2.453664724E-02 
      1107  3.765000000E+02  0.000000000E+00  2.452696965E-02 
      1108  3.767500000E+02  0.000000000E+00  2.451711453E-02 
      1109  3.770000000E+02  0.000000000E+00  2.450707954E-02 
      1110  3.772500000E+02  0.000000000E+00  2.449686232E-02 
      1111  3.775000000E+02  0.000000000E+00  2.448646049E-02 
      1112  3.777500000E+02  0.000000000E+00  2.447587165E-02 
      1113  3.780000000E+02  0.000000000E+00  2.446509338E-02 
      1114  3.782500000E+02  0.000000000E+00  2.445412326E-02 
      1115  3.785000000E+02  0.000000000E+00  2.444295883E-02 
      1116  3.787500000E+02  0.000000000E+00  2.443159761E-02 
      1117  3.790000000E+02  0.000000000E+00  2.442003711E-02 
      1118  3.792500000E+02  0.000000000E+00  2.440827484E-02 
      1119  3.795000000E+02  0.000000000E+00  2.439630825E-02 
      1120  3.797500000E+02  0.000000000E+00  2.438413480E-02 
      1121  3.800000000E+02  0.000000000E+00  2.437175193E-02 
      1122  3.802500000E+02  0.000000000E+00  2.435915706E-02 
      1123  3.805000000E+02  0.000000000E+00  2.434634759E-02 
      1124  3.807500000E+02  0.000000000E+00  2.433332089E-02 
      1125  3.810000000E+02  0.000000000E+00  2.432007433E-02 
      1126  3.812500000E+02  0.000000000E+00  2.430660524E-02 
      1127  3.815000000E+02  0.000000000E+00  2.429291094E-02 
      1128  3.817500000E+02  0.000000000E+00  2.427898874E-02 
      1129  3.820000000E+02  0.000000000E+00  2.426483591E-02 
      1130  3.822500000E+02  0.000000000E+00  2.425044969E-02 
      1131  3.825000000E+02  0.000000000E+00  2.423582732E-02 
      1132  3.827500000E+02  0.000000000E+00  2.422096599E-02 
      1133  3.830000000E+02  0.000000000E+00  2.420586288E-02 
      1134  3.832500000E+02  0.000000000E+00  2.419051511E-02 
      1135  3.835000000E+02  0.000000000E+00  2.417491981E-02 
      1136  3.837500000E+02  0.000000000E+00  2.415907403E-02 
      1137  3.840000000E+02  0.000000000E+00  2.414297479E-02 
      1138  3.842500000E+02  0.000000000E+00  2.412661907E-02 
      1139  3.845000000E+02  0.000000000E+00  2.411000380E-02 
      1140  3.847500000E+02  0.000000000E+00  2.409312585E-02 
      1141  3.850000000E+02  0.000000000E+00  2.407598200E-02 
      1142  3.852500000E+02  0.000000000E+00  2.405856898E-02 
      1143  3.855000000E+02  0.000000000E+00  2.404088342E-02 
      1144  3.857500000E+02  0.000000000E+00  2.402292187E-02 
      1145  3.860000000E+02  0.000000000E+00  2.400468075E-02 
      1146  3.862500000E+02  0.000000000E+00  2.398615634E-02 
      1147  3.865000000E+02  0.000000000E+00  2.396734480E-02 
      1148  3.867500000E+02  0.000000000E+00  2.394824210E-02 
      1149  3.870000000E+02  0.000000000E+00  2.392884401E-02 
      1150  3.872500000E+02  0.000000000E+00  2.390914607E-02 
      1151  3.875000000E+02  0.000000000E+00  2.388914358E-02 
      1152  3.877500000E+02  0.000000000E+00  2.386883152E-02 
      1153  3.880000000E+02  0.000000000E+00  2.384820450E-02 
      1154  3.882500000E+02  0.000000000E+00  2.382725676E-02 
      1155  3.885000000E+02  0.000000000E+00  2.380598203E-02 
      1156  3.887500000E+02  0.000000000E+00  2.378437353E-02 
      1157  3.890000000E+02  0.000000000E+00  2.376242382E-02 
      1158  3.892500000E+02  0.000000000E+00  2.374012474E-02 
      1159  3.895000000E+02  0.000000000E+00  2.371746729E-02 
      1160  3.897500000E+02  0.000000000E+00  2.369444145E-02 
      1161  3.900000000E+02  0.000000000E+00  2.367103611E-02 
      1162  3.902500000E+02  0.000000000E+00  2.364723878E-02 
      1163  3.905000000E+02  0.000000000E+00  2.362303549E-02 
      1164  3.907500000E+02  0.000000000E+00  2.359841044E-02 
      1165  3.910000000E+02  0.000000000E+00  2.357334578E-02 
      1166  3.912500000E+02  0.000000000E+00  2.354782126E-02 
      1167  3.915000000E+02  0.000000000E+00  2.352181383E-02 
      1168  3.917500000E+02  0.000000000E+00  2.349529721E-02 
      1169  3.920000000E+02  0.000000000E+00  2.346824132E-02 
      1170  3.922500000E+02  0.000000000E+00  2.344061172E-02 
      1171  3.925000000E+02  0.000000000E+00  2.341236886E-02 
      1172  3.927500000E+02  0.000000000E+00  2.338346724E-02 
      1173  3.930000000E+02  0.000000000E+00  2.335385444E-02 
      1174  3.932500000E+02  0.000000000E+00  2.332346996E-02 
      1175  3.935000000E+02  0.000000000E+00  2.329224386E-02 
      1176  3.937500000E+02  0.000000000E+00  2.326009520E-02 
      1177  3.940000000E+02  0.000000000E+00  2.322693012E-02 
      1178  3.942500000E+02  0.000000000E+00  2.319263965E-02 
      1179  3.945000000E+02  0.000000000E+00  2.315709709E-02 
      1180  3.947500000E+02  0.000000000E+00  2.312015485E-02 
      1181  3.950000000E+02  0.000000000E+00  2.308164075E-02 
      1182  3.952500000E+02  0.000000000E+00  2.304135351E-02 
      1183  3.955000000E+02  0.000000000E+00  2.299905736E-02 
      1184  3.957500000E+02  0.000000000E+00  2.295447551E-02 
      1185  3.960000000E+02  0.000000000E+00  2.290728211E-02 
      1186  3.962500000E+02  0.000000000E+00  2.285709244E-02 
      1187  3.965000000E+02  0.000000000E+00  2.280345064E-02 
      1188  3.967500000E+02  0.000000000E+00  2.274581438E-02 
      1189  3.970000000E+02  0.000000000E+00  2.268353526E-02 
      1190  3.972500000E+02  0.000000000E+00  2.261583359E-02 
      1191  3.975000000E+02  0.000000000E+00  2.254176512E-02 
      1192  3.977500000E+02  0.000000000E+00  2.246017636E-02 
      1193  3.980000000E+02  0.000000000E+00  2.236964276E-02 
      1194  3.982500000E+02  0.000000000E+00  2.226838034E-02 
      1195  3.985000000E+02  0.000000000E+00  2.215411356E-02 
      1196  3.987500000E+02  0.000000000E+00  2.202386565E-02 
      1197  3.990000000E+02  0.000000000E+00  2.187359750E-02 
      1198  3.992500000E+02  0.000000000E+00  2.169750739E-02 
      1199  3.995000000E+02  0.000000000E+00  2.148643325E-02 
      1200  3.997500000E+02  0.000000000E+00  2.122339922E-02 
      1201  4.000000000E+02  0.000000000E+00  2.269265423E-02 
      1202  4.002000034E+02  0.000000000E+00  2.361955584E-02 
      1203  4.004016387E+02  0.000000000E+00  2.290397659E-02 
      1204  4.006049192E+02  0.000000000E+00  2.222785115E-02 
      1205  4.008098583E+02  0.000000000E+00  2.158908781E-02 
      1206  4.010164696E+02  0.000000000E+00  2.098570505E-02 
      1207  4.012247666E+02  0.000000000E+00  2.041582323E-02 
      1208  4.014347631E+02  0.000000000E+00  1.987765760E-02 
      1209  4.016464731E+02  0.000000000E+00  1.936951222E-02 
      1210  4.018599104E+02  0.000000000E+00  1.888977450E-02 
      1211  4.020750892E+02  0.000000000E+00  1.843691024E-02 
      1212  4.022920237E+02  0.000000000E+00  1.800945947E-02 
      1213  4.025107282E+02  0.000000000E+00  1.760048860E-02 
      1214  4.027312172E+02  0.000000000E+00  1.721517947E-02 
      1215  4.029535052E+02  0.000000000E+00  1.685782379E-02 
      1216  4.031776069E+02  0.000000000E+00  1.652053332E-02 
      1217  4.034035370E+02  0.000000000E+00  1.620217880E-02 
      1218  4.036313106E+02  0.000000000E+00  1.590168510E-02 
      1219  4.038609426E+02  0.000000000E+00  1.561802911E-02 
      1220  4.040924483E+02  0.000000000E+00  1.535023752E-02 
      1221  4.043258428E+02  0.000000000E+00  1.509714523E-02 
      1222  4.045611417E+02  0.000000000E+00  1.485860502E-02 
      1223  4.047983604E+02  0.000000000E+00  1.463397141E-02 
      1224  4.050375146E+02  0.000000000E+00  1.442165720E-02 
      1225  4.052786201E+02  0.000000000E+00  1.422091719E-02 
      1226  4.055216929E+02  0.000000000E+00  1.403242098E-02 
      1227  4.057667489E+02  0.000000000E+00  1.385663704E-02 
      1228  4.060138044E+02  0.000000000E+00  1.369091321E-02 
      1229  4.062628756E+02  0.000000000E+00  1.353344770E-02 
      1230  4.065139791E+02  0.000000000E+00  1.338451347E-02 
      1231  4.067671314E+02  0.000000000E+00  1.324332995E-02 
      1232  4.070223492E+02  0.000000000E+00  1.310999795E-02 
      1233  4.072796494E+02  0.000000000E+00  1.298365850E-02 
      1234  4.075390490E+02  0.000000000E+00  1.286444208E-02 
      1235  4.078005650E+02  0.000000000E+00  1.275226225E-02 
      1236  4.080642148E+02  0.000000000E+00  1.264498251E-02 
      1237  4.083300158E+02  0.000000000E+00  1.254223502E-02 
      1238  4.085979855E+02  0.000000000E+00  1.244373564E-02 
      1239  4.088681416E+02  0.000000000E+00  1.219603117E-02 
      1240  4.091405020E+02  0.000000000E+00  1.195058013E-02 
      1241  4.094150846E+02  0.000000000E+00  1.186318503E-02 
      1242  4.096919076E+02  0.000000000E+00  1.177964056E-02 
      1243  4.099709892E+02  0.000000000E+00  1.169964633E-02 
      1244  4.102523480E+02  0.000000000E+00  1.162292084E-02 
      1245  4.105360024E+02  0.000000000E+00  1.154920046E-02 
      1246  4.108219711E+02  0.000000000E+00  1.147823849E-02 
      1247  4.111102732E+02  0.000000000E+00  1.140980425E-02 
      1248  4.114009276E+02  0.000000000E+00  1.134368220E-02 
      1249  4.116939535E+02  0.000000000E+00  1.127967109E-02 
      1250  4.119893702E+02  0.000000000E+00  1.121758314E-02 
      1251  4.122871973E+02  0.000000000E+00  1.115724331E-02 
      1252  4.125874544E+02  0.000000000E+00  1.109848850E-02 
      1253  4.128901614E+02  0.000000000E+00  1.104116692E-02 
      1254  4.131953383E+02  0.000000000E+00  1.098513733E-02 
      1255  4.135030051E+02  0.000000000E+00  1.093026847E-02 
      1256  4.138131823E+02  0.000000000E+00  1.087643839E-02 
      1257  4.141258902E+02  0.000000000E+00  1.082353392E-02 
      1258  4.144411496E+02  0.000000000E+00  1.077145008E-02 
      1259  4.147589813E+02  0.000000000E+00  1.072008956E-02 
      1260  4.150794062E+02  0.000000000E+00  1.066936223E-02 
      1261  4.154024455E+02  0.000000000E+00  1.061918468E-02 
      1262  4.157281206E+02  0.000000000E+00  1.056947972E-02 
      1263  4.160564529E+02  0.000000000E+00  1.052017603E-02 
      1264  4.163874641E+02  0.000000000E+00  1.047120769E-02 
      1265  4.167211762E+02  0.000000000E+00  1.042251387E-02 
      1266  4.170576110E+02  0.000000000E+00  1.037403839E-02 
      1267  4.173967909E+02  0.000000000E+00  1.032572948E-02 
      1268  4.177387382E+02  0.000000000E+00  1.027753938E-02 
      1269  4.180834756E+02  0.000000000E+00  1.022942411E-02 
      1270  4.184310257E+02  0.000000000E+00  1.018134315E-02 
      1271  4.187814116E+02  0.000000000E+00  1.013325918E-02 
      1272  4.191346563E+02  0.000000000E+00  1.008513787E-02 
      1273  4.194907832E+02  0.000000000E+00  1.003694760E-02 
      1274  4.198498158E+02  0.000000000E+00  9.988659311E-03 
      1275  4.202117779E+02  0.000000000E+00  9.940246227E-03 
      1276  4.205766933E+02  0.000000000E+00  9.891683735E-03 
      1277  4.209445860E+02  0.000000000E+00  9.842949177E-03 
      1278  4.213154806E+02  0.000000000E+00  9.794021701E-03 
      1279  4.216894013E+02  0.000000000E+00  9.744882103E-03 
      1280  4.220663728E+02  0.000000000E+00  9.695512695E-03 
      1281  4.224464202E+02  0.000000000E+00  9.645897170E-03 
      1282  4.228295685E+02  0.000000000E+00  9.596020484E-03 
      1283  4.232158429E+02  0.000000000E+00  9.545868745E-03 
      1284  4.236052691E+02  0.000000000E+00  9.495429111E-03 
      1285  4.239978726E+02  0.000000000E+00  9.444689695E-03 
      1286  4.243936795E+02  0.000000000E+00  9.393639476E-03 
      1287  4.247927158E+02  0.000000000E+00  9.342268220E-03 
      1288  4.251950080E+02  0.000000000E+00  9.290566409E-03 
      1289  4.256005825E+02  0.000000000E+00  9.238525163E-03 
      1290  4.260094662E+02  0.000000000E+00  9.186136192E-03 
      1291  4.264216861E+02  0.000000000E+00  9.133391724E-03 
      1292  4.268372694E+02  0.000000000E+00  9.080284465E-03 
      1293  4.272562434E+02  0.000000000E+00  9.026807539E-03 
      1294  4.276786360E+02  0.000000000E+00  8.972954458E-03 
      1295  4.281044750E+02  0.000000000E+00  8.918719067E-03 
      1296  4.285337884E+02  0.000000000E+00  8.864095518E-03 
      1297  4.289666047E+02  0.000000000E+00  8.809078238E-03 
      1298  4.294029525E+02  0.000000000E+00  8.753661884E-03 
      1299  4.298428605E+02  0.000000000E+00  8.697841337E-03 
      1300  4.302863578E+02  0.000000000E+00  8.641611657E-03 
      1301  4.307334737E+02  0.000000000E+00  8.584968075E-03 
      1302  4.311842377E+02  0.000000000E+00  8.527905964E-03 
      1303  4.316386795E+02  0.000000000E+00  8.470420823E-03 
      1304  4.320968293E+02  0.000000000E+00  8.412508262E-03 
      1305  4.325587172E+02  0.000000000E+00  8.354163985E-03 
      1306  4.330243737E+02  0.000000000E+00  8.295383776E-03 
      1307  4.334938296E+02  0.000000000E+00  8.236163488E-03 
      1308  4.339671159E+02  0.000000000E+00  8.176499030E-03 
      1309  4.344442638E+02  0.000000000E+00  8.116386362E-03 
      1310  4.349253049E+02  0.000000000E+00  8.055821477E-03 
      1311  4.354102708E+02  0.000000000E+00  7.994800404E-03 
      1312  4.358991937E+02  0.000000000E+00  7.933319193E-03 
      1313  4.363921059E+02  0.000000000E+00  7.871373908E-03 
      1314  4.368890398E+02  0.000000000E+00  7.808960629E-03 
      1315  4.373900283E+02  0.000000000E+00  7.746075437E-03 
      1316  4.378951044E+02  0.000000000E+00  7.682714417E-03 
      1317  4.384043016E+02  0.000000000E+00  7.618873649E-03 
      1318  4.389176534E+02  0.000000000E+00  7.554549207E-03 
      1319  4.394351937E+02  0.000000000E+00  7.489737156E-03 
      1320  4.399569568E+02  0.000000000E+00  7.424433543E-03 
      1321  4.404829770E+02  0.000000000E+00  7.358634403E-03 
      1322  4.410132892E+02  0.000000000E+00  7.292335752E-03 
      1323  4.415479282E+02  0.000000000E+00  7.225533580E-03 
      1324  4.420869295E+02  0.000000000E+00  7.158223859E-03 
      1325  4.426303286E+02  0.000000000E+00  7.090402536E-03 
      1326  4.431781614E+02  0.000000000E+00  7.022065527E-03 
      1327  4.437304641E+02  0.000000000E+00  6.953208724E-03 
      1328  4.442872731E+02  0.000000000E+00  6.883827985E-03 
      1329  4.448486253E+02  0.000000000E+00  6.813919141E-03 
      1330  4.454145576E+02  0.000000000E+00  6.743477984E-03 
      1331  4.459851075E+02  0.000000000E+00  6.672500282E-03 
      1332  4.465603126E+02  0.000000000E+00  6.600981757E-03 
      1333  4.471402109E+02  0.000000000E+00  6.528918103E-03 
      1334  4.477248408E+02  0.000000000E+00  6.456304973E-03 
      1335  4.483142407E+02  0.000000000E+00  6.383137982E-03 
      1336  4.489084497E+02  0.000000000E+00  6.309412706E-03 
      1337  4.495075070E+02  0.000000000E+00  6.235124682E-03 
      1338  4.501114521E+02  0.000000000E+00  6.160269403E-03 
      1339  4.507203248E+02  0.000000000E+00  6.084842323E-03 
      1340  4.513341655E+02  0.000000000E+00  6.008838851E-03 
      1341  4.519530147E+02  0.000000000E+00  5.932254350E-03 
      1342  4.525769132E+02  0.000000000E+00  5.855084143E-03 
      1343  4.532059021E+02  0.000000000E+00  5.777323501E-03 
      1344  4.538400232E+02  0.000000000E+00  5.698967653E-03 
      1345  4.544793181E+02  0.000000000E+00  5.620011776E-03 
      1346  4.551238292E+02  0.000000000E+00  5.540451000E-03 
      1347  4.557735990E+02  0.000000000E+00  5.460280406E-03 
      1348  4.564286703E+02  0.000000000E+00  5.379495020E-03 
      1349  4.570890866E+02  0.000000000E+00  5.298089820E-03 
      1350  4.577548913E+02  0.000000000E+00  5.216059728E-03 
      1351  4.584261284E+02  0.000000000E+00  5.133399614E-03 
      1352  4.591028423E+02  0.000000000E+00  5.050104289E-03 
      1353  4.597850777E+02  0.000000000E+00  4.966168512E-03 
      1354  4.604728795E+02  0.000000000E+00  4.881586980E-03 
      1355  4.611662932E+02  0.000000000E+00  4.796354334E-03 
      1356  4.618653647E+02  0.000000000E+00  4.710465152E-03 
      1357  4.625701400E+02  0.000000000E+00  4.623913952E-03 
      1358  4.632806657E+02  0.000000000E+00  4.536695188E-03 
      1359  4.639969887E+02  0.000000000E+00  4.448803248E-03 
      1360  4.647191564E+02  0.000000000E+00  4.360232459E-03 
      1361  4.654472164E+02  0.000000000E+00  4.270977073E-03 
      1362  4.661812167E+02  0.000000000E+00  4.181031277E-03 
      1363  4.669212059E+02  0.000000000E+00  4.090389182E-03 
      1364  4.676672328E+02  0.000000000E+00  3.999044827E-03 
      1365  4.684193468E+02  0.000000000E+00  3.906992172E-03 
      1366  4.691775973E+02  0.000000000E+00  3.814225099E-03 
      1367  4.699420346E+02  0.000000000E+00  3.720737403E-03 
      1368  4.707127091E+02  0.000000000E+00  3.626522789E-03 
      1369  4.714896716E+02  0.000000000E+00  3.531574869E-03 
      1370  4.722729736E+02  0.000000000E+00  3.435887152E-03 
      1371  4.730626666E+02  0.000000000E+00  3.339453033E-03 
      1372  4.738588030E+02  0.000000000E+00  3.242265787E-03 
      1373  4.746614352E+02  0.000000000E+00  3.144318550E-03 
      1374  4.754706162E+02  0.000000000E+00  3.045604298E-03 
      1375  4.762863994E+02  0.000000000E+00  2.946115824E-03 
      1376  4.771088389E+02  0.000000000E+00  2.845845699E-03 
      1377  4.779379887E+02  0.000000000E+00  2.744786234E-03 
      1378  4.787739038E+02  0.000000000E+00  2.642929407E-03 
      1379  4.796166392E+02  0.000000000E+00  2.540266789E-03 
      1380  4.804662507E+02  0.000000000E+00  2.436789427E-03 
      1381  4.813227944E+02  0.000000000E+00  2.332487697E-03 
      1382  4.821863268E+02  0.000000000E+00  2.227351088E-03 
      1383  4.830569049E+02  0.000000000E+00  2.121367929E-03 
      1384  4.839345862E+02  0.000000000E+00  2.014524996E-03 
      1385  4.848194287E+02  0.000000000E+00  1.906806983E-03 
      1386  4.857114908E+02  0.000000000E+00  1.798195775E-03 
      1387  4.866108314E+02  0.000000000E+00  1.688669432E-03 
      1388  4.875175099E+02  0.000000000E+00  1.578200801E-03 
      1389  4.884315862E+02  0.000000000E+00  1.466755573E-03 
      1390  4.893531206E+02  0.000000000E+00  1.354289589E-03 
      1391  4.902821741E+02  0.000000000E+00  1.240745080E-03 
      1392  4.912188078E+02  0.000000000E+00  1.126045398E-03 
      1393  4.921630837E+02  0.000000000E+00  1.010087641E-03 
      1394  4.931150642E+02  0.000000000E+00  8.927322614E-04 
      1395  4.940748120E+02  0.000000000E+00  7.737884247E-04 
      1396  4.950423907E+02  0.000000000E+00  6.529933042E-04 
      1397  4.960178639E+02  0.000000000E+00  5.299827259E-04 
      1398  4.970012963E+02  0.000000000E+00  4.042494194E-04 
      1399  4.979927527E+02  0.000000000E+00  2.750866447E-04 
      1400  4.989922986E+02  0.000000000E+00  1.410101828E-04 
      1401  5.000000000E+02  0.000000000E+00  7.218899763E-05 
