nodenumber     x-coordinate     y-coordinate           udm-10 
         1  0.000000000E+00  0.000000000E+00 -4.070790757E-05 
         2  1.007701384E+00  0.000000000E+00 -8.115438157E-05 
         3  2.007247274E+00  0.000000000E+00 -1.611546382E-04 
         4  2.998703673E+00  0.000000000E+00 -2.402994472E-04 
         5  3.982136051E+00  0.000000000E+00 -3.188504776E-04 
         6  4.957609346E+00  0.000000000E+00 -3.967981964E-04 
         7  5.925187975E+00  0.000000000E+00 -4.741386109E-04 
         8  6.884935829E+00  0.000000000E+00 -5.508703163E-04 
         9  7.836916284E+00  0.000000000E+00 -6.269937392E-04 
        10  8.781192203E+00  0.000000000E+00 -7.025105958E-04 
        11  9.717825941E+00  0.000000000E+00 -7.774235100E-04 
        12  1.064687935E+01  0.000000000E+00 -8.517357428E-04 
        13  1.156841377E+01  0.000000000E+00 -9.254510004E-04 
        14  1.248249006E+01  0.000000000E+00 -9.985732974E-04 
        15  1.338916858E+01  0.000000000E+00 -1.071106860E-03 
        16  1.428850920E+01  0.000000000E+00 -1.143056054E-03 
        17  1.518057130E+01  0.000000000E+00 -1.214425341E-03 
        18  1.606541380E+01  0.000000000E+00 -1.285219236E-03 
        19  1.694309512E+01  0.000000000E+00 -1.355442286E-03 
        20  1.781367322E+01  0.000000000E+00 -1.425099049E-03 
        21  1.867720559E+01  0.000000000E+00 -1.494194085E-03 
        22  1.953374925E+01  0.000000000E+00 -1.562731941E-03 
        23  2.038336076E+01  0.000000000E+00 -1.630717149E-03 
        24  2.122609622E+01  0.000000000E+00 -1.698154219E-03 
        25  2.206201128E+01  0.000000000E+00 -1.765047637E-03 
        26  2.289116114E+01  0.000000000E+00 -1.831401858E-03 
        27  2.371360056E+01  0.000000000E+00 -1.897221311E-03 
        28  2.452938383E+01  0.000000000E+00 -1.962510395E-03 
        29  2.533856484E+01  0.000000000E+00 -2.027273475E-03 
        30  2.614119701E+01  0.000000000E+00 -2.091514888E-03 
        31  2.693733335E+01  0.000000000E+00 -2.155238935E-03 
        32  2.772702642E+01  0.000000000E+00 -2.218449890E-03 
        33  2.851032837E+01  0.000000000E+00 -2.281151992E-03 
        34  2.928729093E+01  0.000000000E+00 -2.343349449E-03 
        35  3.005796541E+01  0.000000000E+00 -2.405046437E-03 
        36  3.082240268E+01  0.000000000E+00 -2.466247101E-03 
        37  3.158065324E+01  0.000000000E+00 -2.526955555E-03 
        38  3.233276716E+01  0.000000000E+00 -2.587175881E-03 
        39  3.307879409E+01  0.000000000E+00 -2.646912131E-03 
        40  3.381878330E+01  0.000000000E+00 -2.706168327E-03 
        41  3.455278365E+01  0.000000000E+00 -2.764948459E-03 
        42  3.528084362E+01  0.000000000E+00 -2.823256489E-03 
        43  3.600301127E+01  0.000000000E+00 -2.881096346E-03 
        44  3.671933431E+01  0.000000000E+00 -2.938471933E-03 
        45  3.742986002E+01  0.000000000E+00 -2.995387122E-03 
        46  3.813463533E+01  0.000000000E+00 -3.051845756E-03 
        47  3.883370678E+01  0.000000000E+00 -3.107851649E-03 
        48  3.952712052E+01  0.000000000E+00 -3.163408586E-03 
        49  4.021492235E+01  0.000000000E+00 -3.218520324E-03 
        50  4.089715769E+01  0.000000000E+00 -3.273190593E-03 
        51  4.157387159E+01  0.000000000E+00 -3.327423093E-03 
        52  4.224510872E+01  0.000000000E+00 -3.381221497E-03 
        53  4.291091342E+01  0.000000000E+00 -3.434589451E-03 
        54  4.357132966E+01  0.000000000E+00 -3.487530572E-03 
        55  4.422640104E+01  0.000000000E+00 -3.540048453E-03 
        56  4.487617081E+01  0.000000000E+00 -3.592146656E-03 
        57  4.552068189E+01  0.000000000E+00 -3.643828719E-03 
        58  4.615997684E+01  0.000000000E+00 -3.695098153E-03 
        59  4.679409786E+01  0.000000000E+00 -3.745958441E-03 
        60  4.742308684E+01  0.000000000E+00 -3.796413043E-03 
        61  4.804698530E+01  0.000000000E+00 -3.846465390E-03 
        62  4.866583446E+01  0.000000000E+00 -3.896118890E-03 
        63  4.927967516E+01  0.000000000E+00 -3.945376923E-03 
        64  4.988854795E+01  0.000000000E+00 -3.994242845E-03 
        65  5.049249303E+01  0.000000000E+00 -4.042719989E-03 
        66  5.109155028E+01  0.000000000E+00 -4.090811661E-03 
        67  5.168575926E+01  0.000000000E+00 -4.138521143E-03 
        68  5.227515921E+01  0.000000000E+00 -4.185851695E-03 
        69  5.285978905E+01  0.000000000E+00 -4.232806553E-03 
        70  5.343968738E+01  0.000000000E+00 -4.279388928E-03 
        71  5.401489250E+01  0.000000000E+00 -4.325602013E-03 
        72  5.458544238E+01  0.000000000E+00 -4.371448976E-03 
        73  5.515137472E+01  0.000000000E+00 -4.416932965E-03 
        74  5.571272686E+01  0.000000000E+00 -4.462057108E-03 
        75  5.626953590E+01  0.000000000E+00 -4.506824513E-03 
        76  5.682183858E+01  0.000000000E+00 -4.551238272E-03 
        77  5.736967139E+01  0.000000000E+00 -4.595301457E-03 
        78  5.791307049E+01  0.000000000E+00 -4.639017126E-03 
        79  5.845207178E+01  0.000000000E+00 -4.682388322E-03 
        80  5.898671083E+01  0.000000000E+00 -4.725418075E-03 
        81  5.951702297E+01  0.000000000E+00 -4.768109407E-03 
        82  6.004304320E+01  0.000000000E+00 -4.810465328E-03 
        83  6.056480627E+01  0.000000000E+00 -4.852488845E-03 
        84  6.108234661E+01  0.000000000E+00 -4.894182958E-03 
        85  6.159569842E+01  0.000000000E+00 -4.935550670E-03 
        86  6.210489559E+01  0.000000000E+00 -4.976594988E-03 
        87  6.260997174E+01  0.000000000E+00 -5.017318924E-03 
        88  6.311096022E+01  0.000000000E+00 -5.057725503E-03 
        89  6.360789412E+01  0.000000000E+00 -5.097817769E-03 
        90  6.410080625E+01  0.000000000E+00 -5.137598786E-03 
        91  6.458972916E+01  0.000000000E+00 -5.177071651E-03 
        92  6.507469514E+01  0.000000000E+00 -5.216239494E-03 
        93  6.555573621E+01  0.000000000E+00 -5.255105492E-03 
        94  6.603288413E+01  0.000000000E+00 -5.293672876E-03 
        95  6.650617042E+01  0.000000000E+00 -5.331944942E-03 
        96  6.697562632E+01  0.000000000E+00 -5.369925061E-03 
        97  6.744128283E+01  0.000000000E+00 -5.407616692E-03 
        98  6.790317071E+01  0.000000000E+00 -5.445023396E-03 
        99  6.836132046E+01  0.000000000E+00 -5.482148856E-03 
       100  6.881576232E+01  0.000000000E+00 -5.518996888E-03 
       101  6.926652631E+01  0.000000000E+00 -5.555571465E-03 
       102  6.971364219E+01  0.000000000E+00 -5.591876735E-03 
       103  7.015713949E+01  0.000000000E+00 -5.627917052E-03 
       104  7.059704749E+01  0.000000000E+00 -5.663696992E-03 
       105  7.103339524E+01  0.000000000E+00 -5.699221393E-03 
       106  7.146621156E+01  0.000000000E+00 -5.734495378E-03 
       107  7.189552503E+01  0.000000000E+00 -5.769524399E-03 
       108  7.232136399E+01  0.000000000E+00 -5.804314268E-03 
       109  7.274375656E+01  0.000000000E+00 -5.838871207E-03 
       110  7.316273064E+01  0.000000000E+00 -5.873201890E-03 
       111  7.357831389E+01  0.000000000E+00 -5.907313499E-03 
       112  7.399053376E+01  0.000000000E+00 -5.941213776E-03 
       113  7.439941746E+01  0.000000000E+00 -5.974911089E-03 
       114  7.480499201E+01  0.000000000E+00 -6.008414499E-03 
       115  7.520728416E+01  0.000000000E+00 -6.041733831E-03 
       116  7.560632051E+01  0.000000000E+00 -6.074879759E-03 
       117  7.600212738E+01  0.000000000E+00 -6.107863889E-03 
       118  7.639473092E+01  0.000000000E+00 -6.140698857E-03 
       119  7.678415706E+01  0.000000000E+00 -6.173398434E-03 
       120  7.717043151E+01  0.000000000E+00 -6.205977633E-03 
       121  7.755357977E+01  0.000000000E+00 -6.238452834E-03 
       122  7.793362715E+01  0.000000000E+00 -6.270841918E-03 
       123  7.831059875E+01  0.000000000E+00 -6.303164402E-03 
       124  7.868451945E+01  0.000000000E+00 -6.335441600E-03 
       125  7.905541395E+01  0.000000000E+00 -6.367696785E-03 
       126  7.942330674E+01  0.000000000E+00 -6.399955365E-03 
       127  7.978822211E+01  0.000000000E+00 -6.432245079E-03 
       128  8.015018416E+01  0.000000000E+00 -6.464596203E-03 
       129  8.050921679E+01  0.000000000E+00 -6.497041768E-03 
       130  8.086534371E+01  0.000000000E+00 -6.529617799E-03 
       131  8.121858844E+01  0.000000000E+00 -6.562363571E-03 
       132  8.156897429E+01  0.000000000E+00 -6.595321879E-03 
       133  8.191652442E+01  0.000000000E+00 -6.628539331E-03 
       134  8.226126177E+01  0.000000000E+00 -6.662066654E-03 
       135  8.260320909E+01  0.000000000E+00 -6.695959033E-03 
       136  8.294238899E+01  0.000000000E+00 -6.730276454E-03 
       137  8.327882384E+01  0.000000000E+00 -6.765084088E-03 
       138  8.361253587E+01  0.000000000E+00 -6.800452689E-03 
       139  8.394354712E+01  0.000000000E+00 -6.836459011E-03 
       140  8.427187943E+01  0.000000000E+00 -6.873186270E-03 
       141  8.459755450E+01  0.000000000E+00 -6.910724609E-03 
       142  8.492059382E+01  0.000000000E+00 -6.949171611E-03 
       143  8.524101873E+01  0.000000000E+00 -6.988632829E-03 
       144  8.555885039E+01  0.000000000E+00 -7.029222352E-03 
       145  8.587410979E+01  0.000000000E+00 -7.071063398E-03 
       146  8.618681774E+01  0.000000000E+00 -7.114288946E-03 
       147  8.649699489E+01  0.000000000E+00 -7.159042393E-03 
       148  8.680466173E+01  0.000000000E+00 -7.205478253E-03 
       149  8.710983857E+01  0.000000000E+00 -7.253762886E-03 
       150  8.741254556E+01  0.000000000E+00 -7.304075268E-03 
       151  8.771280270E+01  0.000000000E+00 -7.356607797E-03 
       152  8.801062980E+01  0.000000000E+00 -7.411567136E-03 
       153  8.830604654E+01  0.000000000E+00 -7.469175101E-03 
       154  8.859907242E+01  0.000000000E+00 -7.529669583E-03 
       155  8.888972679E+01  0.000000000E+00 -7.593305515E-03 
       156  8.917802885E+01  0.000000000E+00 -7.660355887E-03 
       157  8.946399764E+01  0.000000000E+00 -7.731112794E-03 
       158  8.974765203E+01  0.000000000E+00 -7.805888539E-03 
       159  9.002901076E+01  0.000000000E+00 -7.885016771E-03 
       160  9.030809241E+01  0.000000000E+00 -7.968853683E-03 
       161  9.058491540E+01  0.000000000E+00 -8.057779242E-03 
       162  9.085949802E+01  0.000000000E+00 -8.152198478E-03 
       163  9.113185839E+01  0.000000000E+00 -8.252542817E-03 
       164  9.140201451E+01  0.000000000E+00 -8.359271461E-03 
       165  9.166998421E+01  0.000000000E+00 -8.472872830E-03 
       166  9.193578518E+01  0.000000000E+00 -8.593866038E-03 
       167  9.219943499E+01  0.000000000E+00 -8.722802436E-03 
       168  9.246095103E+01  0.000000000E+00 -8.860267204E-03 
       169  9.272035058E+01  0.000000000E+00 -9.006881004E-03 
       170  9.297765077E+01  0.000000000E+00 -9.163301683E-03 
       171  9.323286858E+01  0.000000000E+00 -9.330222512E-03 
       172  9.348602087E+01  0.000000000E+00 -9.508384918E-03 
       173  9.373712436E+01  0.000000000E+00 -9.694769007E-03 
       174  9.398619563E+01  0.000000000E+00 -9.893283722E-03 
       175  9.423325112E+01  0.000000000E+00 -1.010857468E-02 
       176  9.447830715E+01  0.000000000E+00 -1.045552847E-02 
       177  9.472137990E+01  0.000000000E+00 -1.081233466E-02 
       178  9.496248543E+01  0.000000000E+00 -1.106427360E-02 
       179  9.520163964E+01  0.000000000E+00 -1.133353236E-02 
       180  9.543885834E+01  0.000000000E+00 -1.161952093E-02 
       181  9.567415720E+01  0.000000000E+00 -1.192486498E-02 
       182  9.590755173E+01  0.000000000E+00 -1.225372329E-02 
       183  9.613905737E+01  0.000000000E+00 -1.260504544E-02 
       184  9.636868940E+01  0.000000000E+00 -1.297895797E-02 
       185  9.659646297E+01  0.000000000E+00 -1.337683790E-02 
       186  9.682239314E+01  0.000000000E+00 -1.380013348E-02 
       187  9.704649481E+01  0.000000000E+00 -1.425215971E-02 
       188  9.726878279E+01  0.000000000E+00 -1.473337706E-02 
       189  9.748927176E+01  0.000000000E+00 -1.524640518E-02 
       190  9.770797628E+01  0.000000000E+00 -1.579228024E-02 
       191  9.792491078E+01  0.000000000E+00 -1.637393171E-02 
       192  9.814008960E+01  0.000000000E+00 -1.699249575E-02 
       193  9.835352693E+01  0.000000000E+00 -1.764661539E-02 
       194  9.856523689E+01  0.000000000E+00 -1.834134225E-02 
       195  9.877523344E+01  0.000000000E+00 -1.907181040E-02 
       196  9.898353045E+01  0.000000000E+00 -1.984668305E-02 
       197  9.919014168E+01  0.000000000E+00 -2.067562653E-02 
       198  9.939508077E+01  0.000000000E+00 -2.155529029E-02 
       199  9.959836126E+01  0.000000000E+00 -2.248864992E-02 
       200  9.979999657E+01  0.000000000E+00 -2.347887983E-02 
       201  1.000000000E+02  0.000000000E+00 -2.203353771E-02 
       202  1.002500000E+02  0.000000000E+00 -1.978512658E-02 
       203  1.005000000E+02  0.000000000E+00 -2.012800927E-02 
       204  1.007500000E+02  0.000000000E+00 -2.040096228E-02 
       205  1.010000000E+02  0.000000000E+00 -2.062694995E-02 
       206  1.012500000E+02  0.000000000E+00 -2.081835221E-02 
       207  1.015000000E+02  0.000000000E+00 -2.098300232E-02 
       208  1.017500000E+02  0.000000000E+00 -2.112635106E-02 
       209  1.020000000E+02  0.000000000E+00 -2.125241421E-02 
       210  1.022500000E+02  0.000000000E+00 -2.136426078E-02 
       211  1.025000000E+02  0.000000000E+00 -2.146429625E-02 
       212  1.027500000E+02  0.000000000E+00 -2.155444098E-02 
       213  1.030000000E+02  0.000000000E+00 -2.163624950E-02 
       214  1.032500000E+02  0.000000000E+00 -2.171099391E-02 
       215  1.035000000E+02  0.000000000E+00 -2.177972423E-02 
       216  1.037500000E+02  0.000000000E+00 -2.184331317E-02 
       217  1.040000000E+02  0.000000000E+00 -2.190249031E-02 
       218  1.042500000E+02  0.000000000E+00 -2.195786838E-02 
       219  1.045000000E+02  0.000000000E+00 -2.200996409E-02 
       220  1.047500000E+02  0.000000000E+00 -2.205921460E-02 
       221  1.050000000E+02  0.000000000E+00 -2.210599082E-02 
       222  1.052500000E+02  0.000000000E+00 -2.215060821E-02 
       223  1.055000000E+02  0.000000000E+00 -2.219333564E-02 
       224  1.057500000E+02  0.000000000E+00 -2.223440264E-02 
       225  1.060000000E+02  0.000000000E+00 -2.227400553E-02 
       226  1.062500000E+02  0.000000000E+00 -2.231231237E-02 
       227  1.065000000E+02  0.000000000E+00 -2.234946728E-02 
       228  1.067500000E+02  0.000000000E+00 -2.238559393E-02 
       229  1.070000000E+02  0.000000000E+00 -2.242079855E-02 
       230  1.072500000E+02  0.000000000E+00 -2.245517247E-02 
       231  1.075000000E+02  0.000000000E+00 -2.248879431E-02 
       232  1.077500000E+02  0.000000000E+00 -2.252173172E-02 
       233  1.080000000E+02  0.000000000E+00 -2.255404303E-02 
       234  1.082500000E+02  0.000000000E+00 -2.258577853E-02 
       235  1.085000000E+02  0.000000000E+00 -2.261698160E-02 
       236  1.087500000E+02  0.000000000E+00 -2.264768972E-02 
       237  1.090000000E+02  0.000000000E+00 -2.267793527E-02 
       238  1.092500000E+02  0.000000000E+00 -2.270774624E-02 
       239  1.095000000E+02  0.000000000E+00 -2.273714686E-02 
       240  1.097500000E+02  0.000000000E+00 -2.276615814E-02 
       241  1.100000000E+02  0.000000000E+00 -2.279479828E-02 
       242  1.102500000E+02  0.000000000E+00 -2.282308309E-02 
       243  1.105000000E+02  0.000000000E+00 -2.285102631E-02 
       244  1.107500000E+02  0.000000000E+00 -2.287863991E-02 
       245  1.110000000E+02  0.000000000E+00 -2.290593431E-02 
       246  1.112500000E+02  0.000000000E+00 -2.293291864E-02 
       247  1.115000000E+02  0.000000000E+00 -2.295960088E-02 
       248  1.117500000E+02  0.000000000E+00 -2.298598802E-02 
       249  1.120000000E+02  0.000000000E+00 -2.301208624E-02 
       250  1.122500000E+02  0.000000000E+00 -2.303790098E-02 
       251  1.125000000E+02  0.000000000E+00 -2.306343706E-02 
       252  1.127500000E+02  0.000000000E+00 -2.308869878E-02 
       253  1.130000000E+02  0.000000000E+00 -2.311368995E-02 
       254  1.132500000E+02  0.000000000E+00 -2.313841403E-02 
       255  1.135000000E+02  0.000000000E+00 -2.316287409E-02 
       256  1.137500000E+02  0.000000000E+00 -2.318707296E-02 
       257  1.140000000E+02  0.000000000E+00 -2.321101319E-02 
       258  1.142500000E+02  0.000000000E+00 -2.323469713E-02 
       259  1.145000000E+02  0.000000000E+00 -2.325812694E-02 
       260  1.147500000E+02  0.000000000E+00 -2.328130463E-02 
       261  1.150000000E+02  0.000000000E+00 -2.330423208E-02 
       262  1.152500000E+02  0.000000000E+00 -2.332691105E-02 
       263  1.155000000E+02  0.000000000E+00 -2.334934321E-02 
       264  1.157500000E+02  0.000000000E+00 -2.337153014E-02 
       265  1.160000000E+02  0.000000000E+00 -2.339347336E-02 
       266  1.162500000E+02  0.000000000E+00 -2.341517433E-02 
       267  1.165000000E+02  0.000000000E+00 -2.343663446E-02 
       268  1.167500000E+02  0.000000000E+00 -2.345785512E-02 
       269  1.170000000E+02  0.000000000E+00 -2.347883763E-02 
       270  1.172500000E+02  0.000000000E+00 -2.349958331E-02 
       271  1.175000000E+02  0.000000000E+00 -2.352009343E-02 
       272  1.177500000E+02  0.000000000E+00 -2.354036926E-02 
       273  1.180000000E+02  0.000000000E+00 -2.356041204E-02 
       274  1.182500000E+02  0.000000000E+00 -2.358022300E-02 
       275  1.185000000E+02  0.000000000E+00 -2.359980337E-02 
       276  1.187500000E+02  0.000000000E+00 -2.361915435E-02 
       277  1.190000000E+02  0.000000000E+00 -2.363827716E-02 
       278  1.192500000E+02  0.000000000E+00 -2.365717299E-02 
       279  1.195000000E+02  0.000000000E+00 -2.367584304E-02 
       280  1.197500000E+02  0.000000000E+00 -2.369428852E-02 
       281  1.200000000E+02  0.000000000E+00 -2.371251060E-02 
       282  1.202500000E+02  0.000000000E+00 -2.373051048E-02 
       283  1.205000000E+02  0.000000000E+00 -2.374828936E-02 
       284  1.207500000E+02  0.000000000E+00 -2.376584841E-02 
       285  1.210000000E+02  0.000000000E+00 -2.378318884E-02 
       286  1.212500000E+02  0.000000000E+00 -2.380031182E-02 
       287  1.215000000E+02  0.000000000E+00 -2.381721855E-02 
       288  1.217500000E+02  0.000000000E+00 -2.383391022E-02 
       289  1.220000000E+02  0.000000000E+00 -2.385038801E-02 
       290  1.222500000E+02  0.000000000E+00 -2.386665312E-02 
       291  1.225000000E+02  0.000000000E+00 -2.388270673E-02 
       292  1.227500000E+02  0.000000000E+00 -2.389855004E-02 
       293  1.230000000E+02  0.000000000E+00 -2.391418422E-02 
       294  1.232500000E+02  0.000000000E+00 -2.392961046E-02 
       295  1.235000000E+02  0.000000000E+00 -2.394482996E-02 
       296  1.237500000E+02  0.000000000E+00 -2.395984389E-02 
       297  1.240000000E+02  0.000000000E+00 -2.397465344E-02 
       298  1.242500000E+02  0.000000000E+00 -2.398925979E-02 
       299  1.245000000E+02  0.000000000E+00 -2.400366412E-02 
       300  1.247500000E+02  0.000000000E+00 -2.401786760E-02 
       301  1.250000000E+02  0.000000000E+00 -2.403187141E-02 
       302  1.252500000E+02  0.000000000E+00 -2.404567671E-02 
       303  1.255000000E+02  0.000000000E+00 -2.405928467E-02 
       304  1.257500000E+02  0.000000000E+00 -2.407269646E-02 
       305  1.260000000E+02  0.000000000E+00 -2.408591324E-02 
       306  1.262500000E+02  0.000000000E+00 -2.409893615E-02 
       307  1.265000000E+02  0.000000000E+00 -2.411176636E-02 
       308  1.267500000E+02  0.000000000E+00 -2.412440499E-02 
       309  1.270000000E+02  0.000000000E+00 -2.413685319E-02 
       310  1.272500000E+02  0.000000000E+00 -2.414911210E-02 
       311  1.275000000E+02  0.000000000E+00 -2.416118283E-02 
       312  1.277500000E+02  0.000000000E+00 -2.417306652E-02 
       313  1.280000000E+02  0.000000000E+00 -2.418476427E-02 
       314  1.282500000E+02  0.000000000E+00 -2.419627719E-02 
       315  1.285000000E+02  0.000000000E+00 -2.420760637E-02 
       316  1.287500000E+02  0.000000000E+00 -2.421875292E-02 
       317  1.290000000E+02  0.000000000E+00 -2.422971790E-02 
       318  1.292500000E+02  0.000000000E+00 -2.424050240E-02 
       319  1.295000000E+02  0.000000000E+00 -2.425110748E-02 
       320  1.297500000E+02  0.000000000E+00 -2.426153420E-02 
       321  1.300000000E+02  0.000000000E+00 -2.427178360E-02 
       322  1.302500000E+02  0.000000000E+00 -2.428185673E-02 
       323  1.305000000E+02  0.000000000E+00 -2.429175460E-02 
       324  1.307500000E+02  0.000000000E+00 -2.430147824E-02 
       325  1.310000000E+02  0.000000000E+00 -2.431102865E-02 
       326  1.312500000E+02  0.000000000E+00 -2.432040683E-02 
       327  1.315000000E+02  0.000000000E+00 -2.432961376E-02 
       328  1.317500000E+02  0.000000000E+00 -2.433865042E-02 
       329  1.320000000E+02  0.000000000E+00 -2.434751776E-02 
       330  1.322500000E+02  0.000000000E+00 -2.435621674E-02 
       331  1.325000000E+02  0.000000000E+00 -2.436474830E-02 
       332  1.327500000E+02  0.000000000E+00 -2.437311335E-02 
       333  1.330000000E+02  0.000000000E+00 -2.438131281E-02 
       334  1.332500000E+02  0.000000000E+00 -2.438934758E-02 
       335  1.335000000E+02  0.000000000E+00 -2.439721854E-02 
       336  1.337500000E+02  0.000000000E+00 -2.440492657E-02 
       337  1.340000000E+02  0.000000000E+00 -2.441247252E-02 
       338  1.342500000E+02  0.000000000E+00 -2.441985724E-02 
       339  1.345000000E+02  0.000000000E+00 -2.442708155E-02 
       340  1.347500000E+02  0.000000000E+00 -2.443414628E-02 
       341  1.350000000E+02  0.000000000E+00 -2.444105223E-02 
       342  1.352500000E+02  0.000000000E+00 -2.444780017E-02 
       343  1.355000000E+02  0.000000000E+00 -2.445439089E-02 
       344  1.357500000E+02  0.000000000E+00 -2.446082513E-02 
       345  1.360000000E+02  0.000000000E+00 -2.446710364E-02 
       346  1.362500000E+02  0.000000000E+00 -2.447322713E-02 
       347  1.365000000E+02  0.000000000E+00 -2.447919633E-02 
       348  1.367500000E+02  0.000000000E+00 -2.448501192E-02 
       349  1.370000000E+02  0.000000000E+00 -2.449067457E-02 
       350  1.372500000E+02  0.000000000E+00 -2.449618495E-02 
       351  1.375000000E+02  0.000000000E+00 -2.450154369E-02 
       352  1.377500000E+02  0.000000000E+00 -2.450675143E-02 
       353  1.380000000E+02  0.000000000E+00 -2.451180877E-02 
       354  1.382500000E+02  0.000000000E+00 -2.451671630E-02 
       355  1.385000000E+02  0.000000000E+00 -2.452147460E-02 
       356  1.387500000E+02  0.000000000E+00 -2.452608423E-02 
       357  1.390000000E+02  0.000000000E+00 -2.453054572E-02 
       358  1.392500000E+02  0.000000000E+00 -2.453485959E-02 
       359  1.395000000E+02  0.000000000E+00 -2.453902635E-02 
       360  1.397500000E+02  0.000000000E+00 -2.454304648E-02 
       361  1.400000000E+02  0.000000000E+00 -2.454692046E-02 
       362  1.402500000E+02  0.000000000E+00 -2.455064872E-02 
       363  1.405000000E+02  0.000000000E+00 -2.455423169E-02 
       364  1.407500000E+02  0.000000000E+00 -2.455766980E-02 
       365  1.410000000E+02  0.000000000E+00 -2.456096343E-02 
       366  1.412500000E+02  0.000000000E+00 -2.456411296E-02 
       367  1.415000000E+02  0.000000000E+00 -2.456711874E-02 
       368  1.417500000E+02  0.000000000E+00 -2.456998111E-02 
       369  1.420000000E+02  0.000000000E+00 -2.457270038E-02 
       370  1.422500000E+02  0.000000000E+00 -2.457527686E-02 
       371  1.425000000E+02  0.000000000E+00 -2.457771081E-02 
       372  1.427500000E+02  0.000000000E+00 -2.458000251E-02 
       373  1.430000000E+02  0.000000000E+00 -2.458215220E-02 
       374  1.432500000E+02  0.000000000E+00 -2.458416008E-02 
       375  1.435000000E+02  0.000000000E+00 -2.458602637E-02 
       376  1.437500000E+02  0.000000000E+00 -2.458775124E-02 
       377  1.440000000E+02  0.000000000E+00 -2.458933486E-02 
       378  1.442500000E+02  0.000000000E+00 -2.459077736E-02 
       379  1.445000000E+02  0.000000000E+00 -2.459207888E-02 
       380  1.447500000E+02  0.000000000E+00 -2.459323951E-02 
       381  1.450000000E+02  0.000000000E+00 -2.459425934E-02 
       382  1.452500000E+02  0.000000000E+00 -2.459513843E-02 
       383  1.455000000E+02  0.000000000E+00 -2.459587682E-02 
       384  1.457500000E+02  0.000000000E+00 -2.459647454E-02 
       385  1.460000000E+02  0.000000000E+00 -2.459693159E-02 
       386  1.462500000E+02  0.000000000E+00 -2.459724795E-02 
       387  1.465000000E+02  0.000000000E+00 -2.459742359E-02 
       388  1.467500000E+02  0.000000000E+00 -2.459745845E-02 
       389  1.470000000E+02  0.000000000E+00 -2.459735246E-02 
       390  1.472500000E+02  0.000000000E+00 -2.459710551E-02 
       391  1.475000000E+02  0.000000000E+00 -2.459671750E-02 
       392  1.477500000E+02  0.000000000E+00 -2.459618829E-02 
       393  1.480000000E+02  0.000000000E+00 -2.459551772E-02 
       394  1.482500000E+02  0.000000000E+00 -2.459470562E-02 
       395  1.485000000E+02  0.000000000E+00 -2.459375179E-02 
       396  1.487500000E+02  0.000000000E+00 -2.459265602E-02 
       397  1.490000000E+02  0.000000000E+00 -2.459141807E-02 
       398  1.492500000E+02  0.000000000E+00 -2.459003769E-02 
       399  1.495000000E+02  0.000000000E+00 -2.458851461E-02 
       400  1.497500000E+02  0.000000000E+00 -2.458684853E-02 
       401  1.500000000E+02  0.000000000E+00 -2.458503915E-02 
       402  1.502500000E+02  0.000000000E+00 -2.458308612E-02 
       403  1.505000000E+02  0.000000000E+00 -2.458098911E-02 
       404  1.507500000E+02  0.000000000E+00 -2.457874773E-02 
       405  1.510000000E+02  0.000000000E+00 -2.457636161E-02 
       406  1.512500000E+02  0.000000000E+00 -2.457383033E-02 
       407  1.515000000E+02  0.000000000E+00 -2.457115347E-02 
       408  1.517500000E+02  0.000000000E+00 -2.456833059E-02 
       409  1.520000000E+02  0.000000000E+00 -2.456536121E-02 
       410  1.522500000E+02  0.000000000E+00 -2.456224486E-02 
       411  1.525000000E+02  0.000000000E+00 -2.455898103E-02 
       412  1.527500000E+02  0.000000000E+00 -2.455556922E-02 
       413  1.530000000E+02  0.000000000E+00 -2.455200888E-02 
       414  1.532500000E+02  0.000000000E+00 -2.454829945E-02 
       415  1.535000000E+02  0.000000000E+00 -2.454444037E-02 
       416  1.537500000E+02  0.000000000E+00 -2.454043104E-02 
       417  1.540000000E+02  0.000000000E+00 -2.453627086E-02 
       418  1.542500000E+02  0.000000000E+00 -2.453195920E-02 
       419  1.545000000E+02  0.000000000E+00 -2.452749542E-02 
       420  1.547500000E+02  0.000000000E+00 -2.452287887E-02 
       421  1.550000000E+02  0.000000000E+00 -2.451810886E-02 
       422  1.552500000E+02  0.000000000E+00 -2.451318470E-02 
       423  1.555000000E+02  0.000000000E+00 -2.450810569E-02 
       424  1.557500000E+02  0.000000000E+00 -2.450287109E-02 
       425  1.560000000E+02  0.000000000E+00 -2.449748018E-02 
       426  1.562500000E+02  0.000000000E+00 -2.449193219E-02 
       427  1.565000000E+02  0.000000000E+00 -2.448622635E-02 
       428  1.567500000E+02  0.000000000E+00 -2.448036187E-02 
       429  1.570000000E+02  0.000000000E+00 -2.447433795E-02 
       430  1.572500000E+02  0.000000000E+00 -2.446815377E-02 
       431  1.575000000E+02  0.000000000E+00 -2.446180850E-02 
       432  1.577500000E+02  0.000000000E+00 -2.445530130E-02 
       433  1.580000000E+02  0.000000000E+00 -2.444863130E-02 
       434  1.582500000E+02  0.000000000E+00 -2.444179763E-02 
       435  1.585000000E+02  0.000000000E+00 -2.443479940E-02 
       436  1.587500000E+02  0.000000000E+00 -2.442763571E-02 
       437  1.590000000E+02  0.000000000E+00 -2.442030564E-02 
       438  1.592500000E+02  0.000000000E+00 -2.441280827E-02 
       439  1.595000000E+02  0.000000000E+00 -2.440514266E-02 
       440  1.597500000E+02  0.000000000E+00 -2.439730785E-02 
       441  1.600000000E+02  0.000000000E+00 -2.438930288E-02 
       442  1.602500000E+02  0.000000000E+00 -2.438112678E-02 
       443  1.605000000E+02  0.000000000E+00 -2.437277855E-02 
       444  1.607500000E+02  0.000000000E+00 -2.436425721E-02 
       445  1.610000000E+02  0.000000000E+00 -2.435556173E-02 
       446  1.612500000E+02  0.000000000E+00 -2.434669111E-02 
       447  1.615000000E+02  0.000000000E+00 -2.433764431E-02 
       448  1.617500000E+02  0.000000000E+00 -2.432842029E-02 
       449  1.620000000E+02  0.000000000E+00 -2.431901801E-02 
       450  1.622500000E+02  0.000000000E+00 -2.430943640E-02 
       451  1.625000000E+02  0.000000000E+00 -2.429967441E-02 
       452  1.627500000E+02  0.000000000E+00 -2.428973096E-02 
       453  1.630000000E+02  0.000000000E+00 -2.427960496E-02 
       454  1.632500000E+02  0.000000000E+00 -2.426929533E-02 
       455  1.635000000E+02  0.000000000E+00 -2.425880096E-02 
       456  1.637500000E+02  0.000000000E+00 -2.424812077E-02 
       457  1.640000000E+02  0.000000000E+00 -2.423725363E-02 
       458  1.642500000E+02  0.000000000E+00 -2.422619842E-02 
       459  1.645000000E+02  0.000000000E+00 -2.421495404E-02 
       460  1.647500000E+02  0.000000000E+00 -2.420351934E-02 
       461  1.650000000E+02  0.000000000E+00 -2.419189321E-02 
       462  1.652500000E+02  0.000000000E+00 -2.418007449E-02 
       463  1.655000000E+02  0.000000000E+00 -2.416806206E-02 
       464  1.657500000E+02  0.000000000E+00 -2.415585476E-02 
       465  1.660000000E+02  0.000000000E+00 -2.414345145E-02 
       466  1.662500000E+02  0.000000000E+00 -2.413085098E-02 
       467  1.665000000E+02  0.000000000E+00 -2.411805220E-02 
       468  1.667500000E+02  0.000000000E+00 -2.410505396E-02 
       469  1.670000000E+02  0.000000000E+00 -2.409185509E-02 
       470  1.672500000E+02  0.000000000E+00 -2.407845444E-02 
       471  1.675000000E+02  0.000000000E+00 -2.406485085E-02 
       472  1.677500000E+02  0.000000000E+00 -2.405104317E-02 
       473  1.680000000E+02  0.000000000E+00 -2.403703024E-02 
       474  1.682500000E+02  0.000000000E+00 -2.402281090E-02 
       475  1.685000000E+02  0.000000000E+00 -2.400838399E-02 
       476  1.687500000E+02  0.000000000E+00 -2.399374837E-02 
       477  1.690000000E+02  0.000000000E+00 -2.397890289E-02 
       478  1.692500000E+02  0.000000000E+00 -2.396384639E-02 
       479  1.695000000E+02  0.000000000E+00 -2.394857772E-02 
       480  1.697500000E+02  0.000000000E+00 -2.393309576E-02 
       481  1.700000000E+02  0.000000000E+00 -2.391739936E-02 
       482  1.702500000E+02  0.000000000E+00 -2.390148738E-02 
       483  1.705000000E+02  0.000000000E+00 -2.388535870E-02 
       484  1.707500000E+02  0.000000000E+00 -2.386901220E-02 
       485  1.710000000E+02  0.000000000E+00 -2.385244676E-02 
       486  1.712500000E+02  0.000000000E+00 -2.383566127E-02 
       487  1.715000000E+02  0.000000000E+00 -2.381865464E-02 
       488  1.717500000E+02  0.000000000E+00 -2.380142575E-02 
       489  1.720000000E+02  0.000000000E+00 -2.378397353E-02 
       490  1.722500000E+02  0.000000000E+00 -2.376629691E-02 
       491  1.725000000E+02  0.000000000E+00 -2.374839480E-02 
       492  1.727500000E+02  0.000000000E+00 -2.373026615E-02 
       493  1.730000000E+02  0.000000000E+00 -2.371190991E-02 
       494  1.732500000E+02  0.000000000E+00 -2.369332504E-02 
       495  1.735000000E+02  0.000000000E+00 -2.367451052E-02 
       496  1.737500000E+02  0.000000000E+00 -2.365546533E-02 
       497  1.740000000E+02  0.000000000E+00 -2.363618845E-02 
       498  1.742500000E+02  0.000000000E+00 -2.361667891E-02 
       499  1.745000000E+02  0.000000000E+00 -2.359693572E-02 
       500  1.747500000E+02  0.000000000E+00 -2.357695792E-02 
       501  1.750000000E+02  0.000000000E+00 -2.355674455E-02 
       502  1.752500000E+02  0.000000000E+00 -2.353629468E-02 
       503  1.755000000E+02  0.000000000E+00 -2.351560739E-02 
       504  1.757500000E+02  0.000000000E+00 -2.349468177E-02 
       505  1.760000000E+02  0.000000000E+00 -2.347351693E-02 
       506  1.762500000E+02  0.000000000E+00 -2.345211200E-02 
       507  1.765000000E+02  0.000000000E+00 -2.343046611E-02 
       508  1.767500000E+02  0.000000000E+00 -2.340857843E-02 
       509  1.770000000E+02  0.000000000E+00 -2.338644813E-02 
       510  1.772500000E+02  0.000000000E+00 -2.336407442E-02 
       511  1.775000000E+02  0.000000000E+00 -2.334145649E-02 
       512  1.777500000E+02  0.000000000E+00 -2.331859360E-02 
       513  1.780000000E+02  0.000000000E+00 -2.329548497E-02 
       514  1.782500000E+02  0.000000000E+00 -2.327212989E-02 
       515  1.785000000E+02  0.000000000E+00 -2.324852764E-02 
       516  1.787500000E+02  0.000000000E+00 -2.322467753E-02 
       517  1.790000000E+02  0.000000000E+00 -2.320057888E-02 
       518  1.792500000E+02  0.000000000E+00 -2.317623105E-02 
       519  1.795000000E+02  0.000000000E+00 -2.315163340E-02 
       520  1.797500000E+02  0.000000000E+00 -2.312678532E-02 
       521  1.800000000E+02  0.000000000E+00 -2.310168620E-02 
       522  1.802500000E+02  0.000000000E+00 -2.307633548E-02 
       523  1.805000000E+02  0.000000000E+00 -2.305073259E-02 
       524  1.807500000E+02  0.000000000E+00 -2.302487700E-02 
       525  1.810000000E+02  0.000000000E+00 -2.299876817E-02 
       526  1.812500000E+02  0.000000000E+00 -2.297240559E-02 
       527  1.815000000E+02  0.000000000E+00 -2.294578878E-02 
       528  1.817500000E+02  0.000000000E+00 -2.291891725E-02 
       529  1.820000000E+02  0.000000000E+00 -2.289179052E-02 
       530  1.822500000E+02  0.000000000E+00 -2.286440814E-02 
       531  1.825000000E+02  0.000000000E+00 -2.283676963E-02 
       532  1.827500000E+02  0.000000000E+00 -2.280887455E-02 
       533  1.830000000E+02  0.000000000E+00 -2.278072244E-02 
       534  1.832500000E+02  0.000000000E+00 -2.275231282E-02 
       535  1.835000000E+02  0.000000000E+00 -2.272364523E-02 
       536  1.837500000E+02  0.000000000E+00 -2.269471916E-02 
       537  1.840000000E+02  0.000000000E+00 -2.266553409E-02 
       538  1.842500000E+02  0.000000000E+00 -2.263608947E-02 
       539  1.845000000E+02  0.000000000E+00 -2.260638469E-02 
       540  1.847500000E+02  0.000000000E+00 -2.257641909E-02 
       541  1.850000000E+02  0.000000000E+00 -2.254619196E-02 
       542  1.852500000E+02  0.000000000E+00 -2.251570246E-02 
       543  1.855000000E+02  0.000000000E+00 -2.248494969E-02 
       544  1.857500000E+02  0.000000000E+00 -2.245393259E-02 
       545  1.860000000E+02  0.000000000E+00 -2.242264996E-02 
       546  1.862500000E+02  0.000000000E+00 -2.239110042E-02 
       547  1.865000000E+02  0.000000000E+00 -2.235928238E-02 
       548  1.867500000E+02  0.000000000E+00 -2.232719398E-02 
       549  1.870000000E+02  0.000000000E+00 -2.229483307E-02 
       550  1.872500000E+02  0.000000000E+00 -2.226219714E-02 
       551  1.875000000E+02  0.000000000E+00 -2.222928326E-02 
       552  1.877500000E+02  0.000000000E+00 -2.219608802E-02 
       553  1.880000000E+02  0.000000000E+00 -2.216260744E-02 
       554  1.882500000E+02  0.000000000E+00 -2.212883685E-02 
       555  1.885000000E+02  0.000000000E+00 -2.209477083E-02 
       556  1.887500000E+02  0.000000000E+00 -2.206040303E-02 
       557  1.890000000E+02  0.000000000E+00 -2.202572603E-02 
       558  1.892500000E+02  0.000000000E+00 -2.199073119E-02 
       559  1.895000000E+02  0.000000000E+00 -2.195540841E-02 
       560  1.897500000E+02  0.000000000E+00 -2.191974591E-02 
       561  1.900000000E+02  0.000000000E+00 -2.188372998E-02 
       562  1.902500000E+02  0.000000000E+00 -2.184734459E-02 
       563  1.905000000E+02  0.000000000E+00 -2.181057110E-02 
       564  1.907500000E+02  0.000000000E+00 -2.177338776E-02 
       565  1.910000000E+02  0.000000000E+00 -2.173576926E-02 
       566  1.912500000E+02  0.000000000E+00 -2.169768609E-02 
       567  1.915000000E+02  0.000000000E+00 -2.165910391E-02 
       568  1.917500000E+02  0.000000000E+00 -2.161998272E-02 
       569  1.920000000E+02  0.000000000E+00 -2.158027593E-02 
       570  1.922500000E+02  0.000000000E+00 -2.153992931E-02 
       571  1.925000000E+02  0.000000000E+00 -2.149887970E-02 
       572  1.927500000E+02  0.000000000E+00 -2.145705351E-02 
       573  1.930000000E+02  0.000000000E+00 -2.141436504E-02 
       574  1.932500000E+02  0.000000000E+00 -2.137071439E-02 
       575  1.935000000E+02  0.000000000E+00 -2.132598512E-02 
       576  1.937500000E+02  0.000000000E+00 -2.128004141E-02 
       577  1.940000000E+02  0.000000000E+00 -2.123272474E-02 
       578  1.942500000E+02  0.000000000E+00 -2.118384999E-02 
       579  1.945000000E+02  0.000000000E+00 -2.113320078E-02 
       580  1.947500000E+02  0.000000000E+00 -2.108052392E-02 
       581  1.950000000E+02  0.000000000E+00 -2.102552281E-02 
       582  1.952500000E+02  0.000000000E+00 -2.096784951E-02 
       583  1.955000000E+02  0.000000000E+00 -2.090709517E-02 
       584  1.957500000E+02  0.000000000E+00 -2.084277841E-02 
       585  1.960000000E+02  0.000000000E+00 -2.077433112E-02 
       586  1.962500000E+02  0.000000000E+00 -2.070108108E-02 
       587  1.965000000E+02  0.000000000E+00 -2.062223017E-02 
       588  1.967500000E+02  0.000000000E+00 -2.053682719E-02 
       589  1.970000000E+02  0.000000000E+00 -2.044373313E-02 
       590  1.972500000E+02  0.000000000E+00 -2.034157640E-02 
       591  1.975000000E+02  0.000000000E+00 -2.022869384E-02 
       592  1.977500000E+02  0.000000000E+00 -2.010305141E-02 
       593  1.980000000E+02  0.000000000E+00 -1.996213449E-02 
       594  1.982500000E+02  0.000000000E+00 -1.980279099E-02 
       595  1.985000000E+02  0.000000000E+00 -1.962099652E-02 
       596  1.987500000E+02  0.000000000E+00 -1.941148174E-02 
       597  1.990000000E+02  0.000000000E+00 -1.916708960E-02 
       598  1.992500000E+02  0.000000000E+00 -1.887752774E-02 
       599  1.995000000E+02  0.000000000E+00 -1.852651758E-02 
       600  1.997500000E+02  0.000000000E+00 -1.808383793E-02 
       601  2.000000000E+02  0.000000000E+00 -2.109294499E-02 
       602  2.001999988E+02  0.000000000E+00 -2.303187322E-02 
       603  2.004032879E+02  0.000000000E+00 -2.172016416E-02 
       604  2.006099214E+02  0.000000000E+00 -2.047708876E-02 
       605  2.008199543E+02  0.000000000E+00 -1.929961958E-02 
       606  2.010334426E+02  0.000000000E+00 -1.818490273E-02 
       607  2.012504431E+02  0.000000000E+00 -1.713023418E-02 
       608  2.014710137E+02  0.000000000E+00 -1.613304005E-02 
       609  2.016952129E+02  0.000000000E+00 -1.519085992E-02 
       610  2.019231006E+02  0.000000000E+00 -1.430133336E-02 
       611  2.021547374E+02  0.000000000E+00 -1.346218857E-02 
       612  2.023901849E+02  0.000000000E+00 -1.267123297E-02 
       613  2.026295060E+02  0.000000000E+00 -1.192634580E-02 
       614  2.028727642E+02  0.000000000E+00 -1.122547189E-02 
       615  2.031200245E+02  0.000000000E+00 -1.056603833E-02 
       616  2.033713525E+02  0.000000000E+00 -9.946962061E-03 
       617  2.036268153E+02  0.000000000E+00 -9.288084049E-03 
       618  2.038864808E+02  0.000000000E+00 -8.656867654E-03 
       619  2.041504183E+02  0.000000000E+00 -8.136320931E-03 
       620  2.044186979E+02  0.000000000E+00 -7.649479095E-03 
       621  2.046913911E+02  0.000000000E+00 -7.191926853E-03 
       622  2.049685706E+02  0.000000000E+00 -6.765484697E-03 
       623  2.052503101E+02  0.000000000E+00 -6.368466566E-03 
       624  2.055366847E+02  0.000000000E+00 -5.999238513E-03 
       625  2.058277705E+02  0.000000000E+00 -5.656218628E-03 
       626  2.061236452E+02  0.000000000E+00 -5.337877255E-03 
       627  2.064243875E+02  0.000000000E+00 -5.042737293E-03 
       628  2.067300774E+02  0.000000000E+00 -4.769374388E-03 
       629  2.070407965E+02  0.000000000E+00 -4.516417177E-03 
       630  2.073566273E+02  0.000000000E+00 -4.282547445E-03 
       631  2.076776540E+02  0.000000000E+00 -4.066500189E-03 
       632  2.080039622E+02  0.000000000E+00 -3.867063569E-03 
       633  2.083356386E+02  0.000000000E+00 -3.683078814E-03 
       634  2.086727716E+02  0.000000000E+00 -3.513439907E-03 
       635  2.090154510E+02  0.000000000E+00 -3.357093230E-03 
       636  2.093637679E+02  0.000000000E+00 -3.213036994E-03 
       637  2.097178153E+02  0.000000000E+00 -3.080320616E-03 
       638  2.100776872E+02  0.000000000E+00 -2.958043893E-03 
       639  2.104434797E+02  0.000000000E+00 -2.845356094E-03 
       640  2.108152899E+02  0.000000000E+00 -2.741454921E-03 
       641  2.111932170E+02  0.000000000E+00 -2.645585328E-03 
       642  2.115773617E+02  0.000000000E+00 -2.557038281E-03 
       643  2.119678260E+02  0.000000000E+00 -2.475149379E-03 
       644  2.123647142E+02  0.000000000E+00 -2.399297414E-03 
       645  2.127681317E+02  0.000000000E+00 -2.328902847E-03 
       646  2.131781861E+02  0.000000000E+00 -2.263426217E-03 
       647  2.135949866E+02  0.000000000E+00 -2.202366501E-03 
       648  2.140186441E+02  0.000000000E+00 -2.145259437E-03 
       649  2.144492713E+02  0.000000000E+00 -2.091675800E-03 
       650  2.148869831E+02  0.000000000E+00 -2.041219683E-03 
       651  2.153318959E+02  0.000000000E+00 -1.993526745E-03 
       652  2.157841282E+02  0.000000000E+00 -1.948262473E-03 
       653  2.162438005E+02  0.000000000E+00 -1.905120460E-03 
       654  2.167110350E+02  0.000000000E+00 -1.863820684E-03 
       655  2.171859563E+02  0.000000000E+00 -1.824107841E-03 
       656  2.176686908E+02  0.000000000E+00 -1.785749687E-03 
       657  2.181593671E+02  0.000000000E+00 -1.748535442E-03 
       658  2.186581157E+02  0.000000000E+00 -1.712274233E-03 
       659  2.191650695E+02  0.000000000E+00 -1.676793595E-03 
       660  2.196803635E+02  0.000000000E+00 -1.641938030E-03 
       661  2.202041348E+02  0.000000000E+00 -1.607567626E-03 
       662  2.207365230E+02  0.000000000E+00 -1.573556747E-03 
       663  2.212776699E+02  0.000000000E+00 -1.539792776E-03 
       664  2.218277194E+02  0.000000000E+00 -1.506174948E-03 
       665  2.223868182E+02  0.000000000E+00 -1.472613231E-03 
       666  2.229551149E+02  0.000000000E+00 -1.439027288E-03 
       667  2.235327610E+02  0.000000000E+00 -1.405345509E-03 
       668  2.241199103E+02  0.000000000E+00 -1.371504106E-03 
       669  2.247167191E+02  0.000000000E+00 -1.337446274E-03 
       670  2.253233464E+02  0.000000000E+00 -1.303121426E-03 
       671  2.259399536E+02  0.000000000E+00 -1.268484477E-03 
       672  2.265667050E+02  0.000000000E+00 -1.233495201E-03 
       673  2.272037674E+02  0.000000000E+00 -1.198117638E-03 
       674  2.278513104E+02  0.000000000E+00 -1.162319556E-03 
       675  2.285095066E+02  0.000000000E+00 -1.126071967E-03 
       676  2.291785311E+02  0.000000000E+00 -1.089348687E-03 
       677  2.298585621E+02  0.000000000E+00 -1.052125951E-03 
       678  2.305497807E+02  0.000000000E+00 -1.014382053E-03 
       679  2.312523708E+02  0.000000000E+00 -9.760970419E-04 
       680  2.319665197E+02  0.000000000E+00 -9.372524397E-04 
       681  2.326924175E+02  0.000000000E+00 -8.978310011E-04 
       682  2.334302574E+02  0.000000000E+00 -8.578164954E-04 
       683  2.341802359E+02  0.000000000E+00 -8.171935198E-04 
       684  2.349425527E+02  0.000000000E+00 -7.759473357E-04 
       685  2.357174108E+02  0.000000000E+00 -7.340637242E-04 
       686  2.365050165E+02  0.000000000E+00 -6.915288613E-04 
       687  2.373055796E+02  0.000000000E+00 -6.483292135E-04 
       688  2.381193132E+02  0.000000000E+00 -6.044514416E-04 
       689  2.389464340E+02  0.000000000E+00 -5.598823236E-04 
       690  2.397871622E+02  0.000000000E+00 -5.146086857E-04 
       691  2.406417216E+02  0.000000000E+00 -4.686173430E-04 
       692  2.415103399E+02  0.000000000E+00 -4.218950479E-04 
       693  2.423932484E+02  0.000000000E+00 -3.744284483E-04 
       694  2.432906820E+02  0.000000000E+00 -3.262040477E-04 
       695  2.442028798E+02  0.000000000E+00 -2.772081707E-04 
       696  2.451300847E+02  0.000000000E+00 -2.274269328E-04 
       697  2.460725436E+02  0.000000000E+00 -1.768462122E-04 
       698  2.470305073E+02  0.000000000E+00 -1.254516196E-04 
       699  2.480042311E+02  0.000000000E+00 -7.322846829E-05 
       700  2.489939742E+02  0.000000000E+00 -2.016174247E-05 
       701  2.500000000E+02  0.000000000E+00  3.376394571E-05 
       702  2.510060258E+02  0.000000000E+00  8.767751263E-05 
       703  2.519957689E+02  0.000000000E+00  1.407086193E-04 
       704  2.529694927E+02  0.000000000E+00  1.928737051E-04 
       705  2.539274564E+02  0.000000000E+00  2.441887651E-04 
       706  2.548699153E+02  0.000000000E+00  2.946693965E-04 
       707  2.557971202E+02  0.000000000E+00  3.443308357E-04 
       708  2.567093180E+02  0.000000000E+00  3.931879972E-04 
       709  2.576067516E+02  0.000000000E+00  4.412555103E-04 
       710  2.584896601E+02  0.000000000E+00  4.885477541E-04 
       711  2.593582784E+02  0.000000000E+00  5.350788933E-04 
       712  2.602128379E+02  0.000000000E+00  5.808629178E-04 
       713  2.610535660E+02  0.000000000E+00  6.259136866E-04 
       714  2.618806868E+02  0.000000000E+00  6.702449736E-04 
       715  2.626944204E+02  0.000000000E+00  7.138705220E-04 
       716  2.634949835E+02  0.000000000E+00  7.568041068E-04 
       717  2.642825892E+02  0.000000000E+00  7.990596043E-04 
       718  2.650574473E+02  0.000000000E+00  8.406510719E-04 
       719  2.658197641E+02  0.000000000E+00  8.815928441E-04 
       720  2.665697426E+02  0.000000000E+00  9.218996380E-04 
       721  2.673075825E+02  0.000000000E+00  9.615866772E-04 
       722  2.680334803E+02  0.000000000E+00  1.000669836E-03 
       723  2.687476292E+02  0.000000000E+00  1.039165802E-03 
       724  2.694502193E+02  0.000000000E+00  1.077092261E-03 
       725  2.701414379E+02  0.000000000E+00  1.114468114E-03 
       726  2.708214689E+02  0.000000000E+00  1.151313714E-03 
       727  2.714904934E+02  0.000000000E+00  1.187651147E-03 
       728  2.721486896E+02  0.000000000E+00  1.223504534E-03 
       729  2.727962326E+02  0.000000000E+00  1.258900383E-03 
       730  2.734332950E+02  0.000000000E+00  1.293867975E-03 
       731  2.740600464E+02  0.000000000E+00  1.328439800E-03 
       732  2.746766536E+02  0.000000000E+00  1.362652037E-03 
       733  2.752832808E+02  0.000000000E+00  1.396545087E-03 
       734  2.758800897E+02  0.000000000E+00  1.430164161E-03 
       735  2.764672390E+02  0.000000000E+00  1.463559925E-03 
       736  2.770448851E+02  0.000000000E+00  1.496789200E-03 
       737  2.776131818E+02  0.000000000E+00  1.529915737E-03 
       738  2.781722806E+02  0.000000000E+00  1.563011042E-03 
       739  2.787223301E+02  0.000000000E+00  1.596155282E-03 
       740  2.792634769E+02  0.000000000E+00  1.629438244E-03 
       741  2.797958652E+02  0.000000000E+00  1.662960380E-03 
       742  2.803196365E+02  0.000000000E+00  1.696833909E-03 
       743  2.808349305E+02  0.000000000E+00  1.731183996E-03 
       744  2.813418843E+02  0.000000000E+00  1.766149996E-03 
       745  2.818406329E+02  0.000000000E+00  1.801886768E-03 
       746  2.823313092E+02  0.000000000E+00  1.838566055E-03 
       747  2.828140437E+02  0.000000000E+00  1.876377922E-03 
       748  2.832889650E+02  0.000000000E+00  1.915532261E-03 
       749  2.837561995E+02  0.000000000E+00  1.956260348E-03 
       750  2.842158718E+02  0.000000000E+00  1.998816444E-03 
       751  2.846681041E+02  0.000000000E+00  2.043479451E-03 
       752  2.851130169E+02  0.000000000E+00  2.090554594E-03 
       753  2.855507287E+02  0.000000000E+00  2.140375141E-03 
       754  2.859813560E+02  0.000000000E+00  2.193304137E-03 
       755  2.864050134E+02  0.000000000E+00  2.249736150E-03 
       756  2.868218139E+02  0.000000000E+00  2.310099036E-03 
       757  2.872318683E+02  0.000000000E+00  2.374855668E-03 
       758  2.876352858E+02  0.000000000E+00  2.444505674E-03 
       759  2.880321740E+02  0.000000000E+00  2.519587132E-03 
       760  2.884226383E+02  0.000000000E+00  2.600678224E-03 
       761  2.888067830E+02  0.000000000E+00  2.688398846E-03 
       762  2.891847101E+02  0.000000000E+00  2.783412150E-03 
       763  2.895565204E+02  0.000000000E+00  2.886426007E-03 
       764  2.899223128E+02  0.000000000E+00  2.998194403E-03 
       765  2.902821847E+02  0.000000000E+00  3.119518708E-03 
       766  2.906362321E+02  0.000000000E+00  3.251248876E-03 
       767  2.909845490E+02  0.000000000E+00  3.394284505E-03 
       768  2.913272284E+02  0.000000000E+00  3.549575778E-03 
       769  2.916643614E+02  0.000000000E+00  3.718124306E-03 
       770  2.919960378E+02  0.000000000E+00  3.900983780E-03 
       771  2.923223460E+02  0.000000000E+00  4.099260564E-03 
       772  2.926433727E+02  0.000000000E+00  4.314114078E-03 
       773  2.929592035E+02  0.000000000E+00  4.546757127E-03 
       774  2.932699226E+02  0.000000000E+00  4.798456034E-03 
       775  2.935756125E+02  0.000000000E+00  5.070530698E-03 
       776  2.938763548E+02  0.000000000E+00  5.364354555E-03 
       777  2.941722295E+02  0.000000000E+00  5.681354442E-03 
       778  2.944633153E+02  0.000000000E+00  6.023010373E-03 
       779  2.947496899E+02  0.000000000E+00  6.390855358E-03 
       780  2.950314294E+02  0.000000000E+00  6.786475121E-03 
       781  2.953086088E+02  0.000000000E+00  7.211507965E-03 
       782  2.955813021E+02  0.000000000E+00  7.667644688E-03 
       783  2.958495817E+02  0.000000000E+00  8.156628595E-03 
       784  2.961135192E+02  0.000000000E+00  8.680255754E-03 
       785  2.963731847E+02  0.000000000E+00  9.240375632E-03 
       786  2.966286475E+02  0.000000000E+00  9.838891953E-03 
       787  2.968799755E+02  0.000000000E+00  1.047776411E-02 
       788  2.971272358E+02  0.000000000E+00  1.115900916E-02 
       789  2.973704940E+02  0.000000000E+00  1.188470446E-02 
       790  2.976098151E+02  0.000000000E+00  1.265699126E-02 
       791  2.978452626E+02  0.000000000E+00  1.347807915E-02 
       792  2.980768994E+02  0.000000000E+00  1.435025182E-02 
       793  2.983047871E+02  0.000000000E+00  1.527587425E-02 
       794  2.985289863E+02  0.000000000E+00  1.625740132E-02 
       795  2.987495568E+02  0.000000000E+00  1.659657233E-02 
       796  2.989665574E+02  0.000000000E+00  1.691420393E-02 
       797  2.991800457E+02  0.000000000E+00  1.788559782E-02 
       798  2.993900786E+02  0.000000000E+00  1.890928646E-02 
       799  2.995967121E+02  0.000000000E+00  1.998756434E-02 
       800  2.998000012E+02  0.000000000E+00  2.112285232E-02 
       801  3.000000000E+02  0.000000000E+00  1.998054481E-02 
       802  3.002500000E+02  0.000000000E+00  1.807992698E-02 
       803  3.005000000E+02  0.000000000E+00  1.852197105E-02 
       804  3.007500000E+02  0.000000000E+00  1.887238214E-02 
       805  3.010000000E+02  0.000000000E+00  1.916138271E-02 
       806  3.012500000E+02  0.000000000E+00  1.940525003E-02 
       807  3.015000000E+02  0.000000000E+00  1.961427439E-02 
       808  3.017500000E+02  0.000000000E+00  1.979561053E-02 
       809  3.020000000E+02  0.000000000E+00  1.995452548E-02 
       810  3.022500000E+02  0.000000000E+00  2.009504140E-02 
       811  3.025000000E+02  0.000000000E+00  2.022030828E-02 
       812  3.027500000E+02  0.000000000E+00  2.033283874E-02 
       813  3.030000000E+02  0.000000000E+00  2.043466499E-02 
       814  3.032500000E+02  0.000000000E+00  2.052744845E-02 
       815  3.035000000E+02  0.000000000E+00  2.061255916E-02 
       816  3.037500000E+02  0.000000000E+00  2.069113465E-02 
       817  3.040000000E+02  0.000000000E+00  2.076412481E-02 
       818  3.042500000E+02  0.000000000E+00  2.083232652E-02 
       819  3.045000000E+02  0.000000000E+00  2.089641092E-02 
       820  3.047500000E+02  0.000000000E+00  2.095694507E-02 
       821  3.050000000E+02  0.000000000E+00  2.101440944E-02 
       822  3.052500000E+02  0.000000000E+00  2.106921206E-02 
       823  3.055000000E+02  0.000000000E+00  2.112170011E-02 
       824  3.057500000E+02  0.000000000E+00  2.117216950E-02 
       825  3.060000000E+02  0.000000000E+00  2.122087280E-02 
       826  3.062500000E+02  0.000000000E+00  2.126802583E-02 
       827  3.065000000E+02  0.000000000E+00  2.131381323E-02 
       828  3.067500000E+02  0.000000000E+00  2.135839304E-02 
       829  3.070000000E+02  0.000000000E+00  2.140190068E-02 
       830  3.072500000E+02  0.000000000E+00  2.144445225E-02 
       831  3.075000000E+02  0.000000000E+00  2.148614729E-02 
       832  3.077500000E+02  0.000000000E+00  2.152707123E-02 
       833  3.080000000E+02  0.000000000E+00  2.156729739E-02 
       834  3.082500000E+02  0.000000000E+00  2.160688868E-02 
       835  3.085000000E+02  0.000000000E+00  2.164589915E-02 
       836  3.087500000E+02  0.000000000E+00  2.168437518E-02 
       837  3.090000000E+02  0.000000000E+00  2.172235660E-02 
       838  3.092500000E+02  0.000000000E+00  2.175987761E-02 
       839  3.095000000E+02  0.000000000E+00  2.179696758E-02 
       840  3.097500000E+02  0.000000000E+00  2.183365170E-02 
       841  3.100000000E+02  0.000000000E+00  2.186995161E-02 
       842  3.102500000E+02  0.000000000E+00  2.190588586E-02 
       843  3.105000000E+02  0.000000000E+00  2.194147037E-02 
       844  3.107500000E+02  0.000000000E+00  2.197671879E-02 
       845  3.110000000E+02  0.000000000E+00  2.201164283E-02 
       846  3.112500000E+02  0.000000000E+00  2.204625252E-02 
       847  3.115000000E+02  0.000000000E+00  2.208055644E-02 
       848  3.117500000E+02  0.000000000E+00  2.211456195E-02 
       849  3.120000000E+02  0.000000000E+00  2.214827536E-02 
       850  3.122500000E+02  0.000000000E+00  2.218170204E-02 
       851  3.125000000E+02  0.000000000E+00  2.221484662E-02 
       852  3.127500000E+02  0.000000000E+00  2.224771303E-02 
       853  3.130000000E+02  0.000000000E+00  2.228030466E-02 
       854  3.132500000E+02  0.000000000E+00  2.231262440E-02 
       855  3.135000000E+02  0.000000000E+00  2.234467472E-02 
       856  3.137500000E+02  0.000000000E+00  2.237645774E-02 
       857  3.140000000E+02  0.000000000E+00  2.240797528E-02 
       858  3.142500000E+02  0.000000000E+00  2.243922891E-02 
       859  3.145000000E+02  0.000000000E+00  2.247021999E-02 
       860  3.147500000E+02  0.000000000E+00  2.250094968E-02 
       861  3.150000000E+02  0.000000000E+00  2.253141900E-02 
       862  3.152500000E+02  0.000000000E+00  2.256162884E-02 
       863  3.155000000E+02  0.000000000E+00  2.259158000E-02 
       864  3.157500000E+02  0.000000000E+00  2.262127316E-02 
       865  3.160000000E+02  0.000000000E+00  2.265070897E-02 
       866  3.162500000E+02  0.000000000E+00  2.267988799E-02 
       867  3.165000000E+02  0.000000000E+00  2.270881076E-02 
       868  3.167500000E+02  0.000000000E+00  2.273747776E-02 
       869  3.170000000E+02  0.000000000E+00  2.276588946E-02 
       870  3.172500000E+02  0.000000000E+00  2.279404631E-02 
       871  3.175000000E+02  0.000000000E+00  2.282194875E-02 
       872  3.177500000E+02  0.000000000E+00  2.284959720E-02 
       873  3.180000000E+02  0.000000000E+00  2.287699209E-02 
       874  3.182500000E+02  0.000000000E+00  2.290413385E-02 
       875  3.185000000E+02  0.000000000E+00  2.293102291E-02 
       876  3.187500000E+02  0.000000000E+00  2.295765971E-02 
       877  3.190000000E+02  0.000000000E+00  2.298404470E-02 
       878  3.192500000E+02  0.000000000E+00  2.301017835E-02 
       879  3.195000000E+02  0.000000000E+00  2.303606112E-02 
       880  3.197500000E+02  0.000000000E+00  2.306169350E-02 
       881  3.200000000E+02  0.000000000E+00  2.308707602E-02 
       882  3.202500000E+02  0.000000000E+00  2.311220918E-02 
       883  3.205000000E+02  0.000000000E+00  2.313709353E-02 
       884  3.207500000E+02  0.000000000E+00  2.316172962E-02 
       885  3.210000000E+02  0.000000000E+00  2.318611805E-02 
       886  3.212500000E+02  0.000000000E+00  2.321025939E-02 
       887  3.215000000E+02  0.000000000E+00  2.323415428E-02 
       888  3.217500000E+02  0.000000000E+00  2.325780333E-02 
       889  3.220000000E+02  0.000000000E+00  2.328120721E-02 
       890  3.222500000E+02  0.000000000E+00  2.330436659E-02 
       891  3.225000000E+02  0.000000000E+00  2.332728216E-02 
       892  3.227500000E+02  0.000000000E+00  2.334995463E-02 
       893  3.230000000E+02  0.000000000E+00  2.337238472E-02 
       894  3.232500000E+02  0.000000000E+00  2.339457319E-02 
       895  3.235000000E+02  0.000000000E+00  2.341652081E-02 
       896  3.237500000E+02  0.000000000E+00  2.343822834E-02 
       897  3.240000000E+02  0.000000000E+00  2.345969660E-02 
       898  3.242500000E+02  0.000000000E+00  2.348092639E-02 
       899  3.245000000E+02  0.000000000E+00  2.350191856E-02 
       900  3.247500000E+02  0.000000000E+00  2.352267395E-02 
       901  3.250000000E+02  0.000000000E+00  2.354319343E-02 
       902  3.252500000E+02  0.000000000E+00  2.356347787E-02 
       903  3.255000000E+02  0.000000000E+00  2.358352817E-02 
       904  3.257500000E+02  0.000000000E+00  2.360334525E-02 
       905  3.260000000E+02  0.000000000E+00  2.362293002E-02 
       906  3.262500000E+02  0.000000000E+00  2.364228342E-02 
       907  3.265000000E+02  0.000000000E+00  2.366140641E-02 
       908  3.267500000E+02  0.000000000E+00  2.368029993E-02 
       909  3.270000000E+02  0.000000000E+00  2.369896498E-02 
       910  3.272500000E+02  0.000000000E+00  2.371740253E-02 
       911  3.275000000E+02  0.000000000E+00  2.373561359E-02 
       912  3.277500000E+02  0.000000000E+00  2.375359915E-02 
       913  3.280000000E+02  0.000000000E+00  2.377136025E-02 
       914  3.282500000E+02  0.000000000E+00  2.378889790E-02 
       915  3.285000000E+02  0.000000000E+00  2.380621314E-02 
       916  3.287500000E+02  0.000000000E+00  2.382330702E-02 
       917  3.290000000E+02  0.000000000E+00  2.384018060E-02 
       918  3.292500000E+02  0.000000000E+00  2.385683494E-02 
       919  3.295000000E+02  0.000000000E+00  2.387327109E-02 
       920  3.297500000E+02  0.000000000E+00  2.388949015E-02 
       921  3.300000000E+02  0.000000000E+00  2.390549319E-02 
       922  3.302500000E+02  0.000000000E+00  2.392128131E-02 
       923  3.305000000E+02  0.000000000E+00  2.393685558E-02 
       924  3.307500000E+02  0.000000000E+00  2.395221712E-02 
       925  3.310000000E+02  0.000000000E+00  2.396736703E-02 
       926  3.312500000E+02  0.000000000E+00  2.398230640E-02 
       927  3.315000000E+02  0.000000000E+00  2.399703636E-02 
       928  3.317500000E+02  0.000000000E+00  2.401155802E-02 
       929  3.320000000E+02  0.000000000E+00  2.402587249E-02 
       930  3.322500000E+02  0.000000000E+00  2.403998088E-02 
       931  3.325000000E+02  0.000000000E+00  2.405388433E-02 
       932  3.327500000E+02  0.000000000E+00  2.406758394E-02 
       933  3.330000000E+02  0.000000000E+00  2.408108085E-02 
       934  3.332500000E+02  0.000000000E+00  2.409437616E-02 
       935  3.335000000E+02  0.000000000E+00  2.410747102E-02 
       936  3.337500000E+02  0.000000000E+00  2.412036653E-02 
       937  3.340000000E+02  0.000000000E+00  2.413306381E-02 
       938  3.342500000E+02  0.000000000E+00  2.414556399E-02 
       939  3.345000000E+02  0.000000000E+00  2.415786817E-02 
       940  3.347500000E+02  0.000000000E+00  2.416997749E-02 
       941  3.350000000E+02  0.000000000E+00  2.418189304E-02 
       942  3.352500000E+02  0.000000000E+00  2.419361593E-02 
       943  3.355000000E+02  0.000000000E+00  2.420514728E-02 
       944  3.357500000E+02  0.000000000E+00  2.421648818E-02 
       945  3.360000000E+02  0.000000000E+00  2.422763972E-02 
       946  3.362500000E+02  0.000000000E+00  2.423860300E-02 
       947  3.365000000E+02  0.000000000E+00  2.424937912E-02 
       948  3.367500000E+02  0.000000000E+00  2.425996913E-02 
       949  3.370000000E+02  0.000000000E+00  2.427037414E-02 
       950  3.372500000E+02  0.000000000E+00  2.428059519E-02 
       951  3.375000000E+02  0.000000000E+00  2.429063336E-02 
       952  3.377500000E+02  0.000000000E+00  2.430048970E-02 
       953  3.380000000E+02  0.000000000E+00  2.431016525E-02 
       954  3.382500000E+02  0.000000000E+00  2.431966107E-02 
       955  3.385000000E+02  0.000000000E+00  2.432897817E-02 
       956  3.387500000E+02  0.000000000E+00  2.433811759E-02 
       957  3.390000000E+02  0.000000000E+00  2.434708033E-02 
       958  3.392500000E+02  0.000000000E+00  2.435586741E-02 
       959  3.395000000E+02  0.000000000E+00  2.436447982E-02 
       960  3.397500000E+02  0.000000000E+00  2.437291854E-02 
       961  3.400000000E+02  0.000000000E+00  2.438118455E-02 
       962  3.402500000E+02  0.000000000E+00  2.438927882E-02 
       963  3.405000000E+02  0.000000000E+00  2.439720231E-02 
       964  3.407500000E+02  0.000000000E+00  2.440495595E-02 
       965  3.410000000E+02  0.000000000E+00  2.441254068E-02 
       966  3.412500000E+02  0.000000000E+00  2.441995741E-02 
       967  3.415000000E+02  0.000000000E+00  2.442720707E-02 
       968  3.417500000E+02  0.000000000E+00  2.443429054E-02 
       969  3.420000000E+02  0.000000000E+00  2.444120870E-02 
       970  3.422500000E+02  0.000000000E+00  2.444796244E-02 
       971  3.425000000E+02  0.000000000E+00  2.445455260E-02 
       972  3.427500000E+02  0.000000000E+00  2.446098003E-02 
       973  3.430000000E+02  0.000000000E+00  2.446724557E-02 
       974  3.432500000E+02  0.000000000E+00  2.447335003E-02 
       975  3.435000000E+02  0.000000000E+00  2.447929421E-02 
       976  3.437500000E+02  0.000000000E+00  2.448507890E-02 
       977  3.440000000E+02  0.000000000E+00  2.449070487E-02 
       978  3.442500000E+02  0.000000000E+00  2.449617290E-02 
       979  3.445000000E+02  0.000000000E+00  2.450148371E-02 
       980  3.447500000E+02  0.000000000E+00  2.450663804E-02 
       981  3.450000000E+02  0.000000000E+00  2.451163660E-02 
       982  3.452500000E+02  0.000000000E+00  2.451648009E-02 
       983  3.455000000E+02  0.000000000E+00  2.452116919E-02 
       984  3.457500000E+02  0.000000000E+00  2.452570457E-02 
       985  3.460000000E+02  0.000000000E+00  2.453008687E-02 
       986  3.462500000E+02  0.000000000E+00  2.453431674E-02 
       987  3.465000000E+02  0.000000000E+00  2.453839478E-02 
       988  3.467500000E+02  0.000000000E+00  2.454232160E-02 
       989  3.470000000E+02  0.000000000E+00  2.454609778E-02 
       990  3.472500000E+02  0.000000000E+00  2.454972388E-02 
       991  3.475000000E+02  0.000000000E+00  2.455320045E-02 
       992  3.477500000E+02  0.000000000E+00  2.455652803E-02 
       993  3.480000000E+02  0.000000000E+00  2.455970712E-02 
       994  3.482500000E+02  0.000000000E+00  2.456273823E-02 
       995  3.485000000E+02  0.000000000E+00  2.456562182E-02 
       996  3.487500000E+02  0.000000000E+00  2.456835837E-02 
       997  3.490000000E+02  0.000000000E+00  2.457094830E-02 
       998  3.492500000E+02  0.000000000E+00  2.457339205E-02 
       999  3.495000000E+02  0.000000000E+00  2.457569001E-02 
      1000  3.497500000E+02  0.000000000E+00  2.457784258E-02 
      1001  3.500000000E+02  0.000000000E+00  2.457985012E-02 
      1002  3.502500000E+02  0.000000000E+00  2.458171298E-02 
      1003  3.505000000E+02  0.000000000E+00  2.458343149E-02 
      1004  3.507500000E+02  0.000000000E+00  2.458500596E-02 
      1005  3.510000000E+02  0.000000000E+00  2.458643669E-02 
      1006  3.512500000E+02  0.000000000E+00  2.458772394E-02 
      1007  3.515000000E+02  0.000000000E+00  2.458886798E-02 
      1008  3.517500000E+02  0.000000000E+00  2.458986904E-02 
      1009  3.520000000E+02  0.000000000E+00  2.459072732E-02 
      1010  3.522500000E+02  0.000000000E+00  2.459144304E-02 
      1011  3.525000000E+02  0.000000000E+00  2.459201637E-02 
      1012  3.527500000E+02  0.000000000E+00  2.459244746E-02 
      1013  3.530000000E+02  0.000000000E+00  2.459273645E-02 
      1014  3.532500000E+02  0.000000000E+00  2.459288347E-02 
      1015  3.535000000E+02  0.000000000E+00  2.459288862E-02 
      1016  3.537500000E+02  0.000000000E+00  2.459275196E-02 
      1017  3.540000000E+02  0.000000000E+00  2.459247357E-02 
      1018  3.542500000E+02  0.000000000E+00  2.459205348E-02 
      1019  3.545000000E+02  0.000000000E+00  2.459149172E-02 
      1020  3.547500000E+02  0.000000000E+00  2.459078828E-02 
      1021  3.550000000E+02  0.000000000E+00  2.458994316E-02 
      1022  3.552500000E+02  0.000000000E+00  2.458895631E-02 
      1023  3.555000000E+02  0.000000000E+00  2.458782768E-02 
      1024  3.557500000E+02  0.000000000E+00  2.458655718E-02 
      1025  3.560000000E+02  0.000000000E+00  2.458514474E-02 
      1026  3.562500000E+02  0.000000000E+00  2.458359022E-02 
      1027  3.565000000E+02  0.000000000E+00  2.458189350E-02 
      1028  3.567500000E+02  0.000000000E+00  2.458005442E-02 
      1029  3.570000000E+02  0.000000000E+00  2.457807281E-02 
      1030  3.572500000E+02  0.000000000E+00  2.457594848E-02 
      1031  3.575000000E+02  0.000000000E+00  2.457368122E-02 
      1032  3.577500000E+02  0.000000000E+00  2.457127079E-02 
      1033  3.580000000E+02  0.000000000E+00  2.456871695E-02 
      1034  3.582500000E+02  0.000000000E+00  2.456601942E-02 
      1035  3.585000000E+02  0.000000000E+00  2.456317793E-02 
      1036  3.587500000E+02  0.000000000E+00  2.456019216E-02 
      1037  3.590000000E+02  0.000000000E+00  2.455706179E-02 
      1038  3.592500000E+02  0.000000000E+00  2.455378648E-02 
      1039  3.595000000E+02  0.000000000E+00  2.455036586E-02 
      1040  3.597500000E+02  0.000000000E+00  2.454679955E-02 
      1041  3.600000000E+02  0.000000000E+00  2.454308715E-02 
      1042  3.602500000E+02  0.000000000E+00  2.453922825E-02 
      1043  3.605000000E+02  0.000000000E+00  2.453522241E-02 
      1044  3.607500000E+02  0.000000000E+00  2.453106918E-02 
      1045  3.610000000E+02  0.000000000E+00  2.452676808E-02 
      1046  3.612500000E+02  0.000000000E+00  2.452231863E-02 
      1047  3.615000000E+02  0.000000000E+00  2.451772032E-02 
      1048  3.617500000E+02  0.000000000E+00  2.451297262E-02 
      1049  3.620000000E+02  0.000000000E+00  2.450807500E-02 
      1050  3.622500000E+02  0.000000000E+00  2.450302689E-02 
      1051  3.625000000E+02  0.000000000E+00  2.449782772E-02 
      1052  3.627500000E+02  0.000000000E+00  2.449247689E-02 
      1053  3.630000000E+02  0.000000000E+00  2.448697379E-02 
      1054  3.632500000E+02  0.000000000E+00  2.448131781E-02 
      1055  3.635000000E+02  0.000000000E+00  2.447550829E-02 
      1056  3.637500000E+02  0.000000000E+00  2.446954458E-02 
      1057  3.640000000E+02  0.000000000E+00  2.446342600E-02 
      1058  3.642500000E+02  0.000000000E+00  2.445715186E-02 
      1059  3.645000000E+02  0.000000000E+00  2.445072146E-02 
      1060  3.647500000E+02  0.000000000E+00  2.444413407E-02 
      1061  3.650000000E+02  0.000000000E+00  2.443738895E-02 
      1062  3.652500000E+02  0.000000000E+00  2.443048536E-02 
      1063  3.655000000E+02  0.000000000E+00  2.442342252E-02 
      1064  3.657500000E+02  0.000000000E+00  2.441619966E-02 
      1065  3.660000000E+02  0.000000000E+00  2.440881597E-02 
      1066  3.662500000E+02  0.000000000E+00  2.440127065E-02 
      1067  3.665000000E+02  0.000000000E+00  2.439356287E-02 
      1068  3.667500000E+02  0.000000000E+00  2.438569180E-02 
      1069  3.670000000E+02  0.000000000E+00  2.437765658E-02 
      1070  3.672500000E+02  0.000000000E+00  2.436945634E-02 
      1071  3.675000000E+02  0.000000000E+00  2.436109022E-02 
      1072  3.677500000E+02  0.000000000E+00  2.435255731E-02 
      1073  3.680000000E+02  0.000000000E+00  2.434385672E-02 
      1074  3.682500000E+02  0.000000000E+00  2.433498752E-02 
      1075  3.685000000E+02  0.000000000E+00  2.432594880E-02 
      1076  3.687500000E+02  0.000000000E+00  2.431673961E-02 
      1077  3.690000000E+02  0.000000000E+00  2.430735899E-02 
      1078  3.692500000E+02  0.000000000E+00  2.429780600E-02 
      1079  3.695000000E+02  0.000000000E+00  2.428807965E-02 
      1080  3.697500000E+02  0.000000000E+00  2.427817896E-02 
      1081  3.700000000E+02  0.000000000E+00  2.426810293E-02 
      1082  3.702500000E+02  0.000000000E+00  2.425785057E-02 
      1083  3.705000000E+02  0.000000000E+00  2.424742085E-02 
      1084  3.707500000E+02  0.000000000E+00  2.423681276E-02 
      1085  3.710000000E+02  0.000000000E+00  2.422602526E-02 
      1086  3.712500000E+02  0.000000000E+00  2.421505731E-02 
      1087  3.715000000E+02  0.000000000E+00  2.420390785E-02 
      1088  3.717500000E+02  0.000000000E+00  2.419257584E-02 
      1089  3.720000000E+02  0.000000000E+00  2.418106020E-02 
      1090  3.722500000E+02  0.000000000E+00  2.416935986E-02 
      1091  3.725000000E+02  0.000000000E+00  2.415747373E-02 
      1092  3.727500000E+02  0.000000000E+00  2.414540073E-02 
      1093  3.730000000E+02  0.000000000E+00  2.413313977E-02 
      1094  3.732500000E+02  0.000000000E+00  2.412068974E-02 
      1095  3.735000000E+02  0.000000000E+00  2.410804953E-02 
      1096  3.737500000E+02  0.000000000E+00  2.409521803E-02 
      1097  3.740000000E+02  0.000000000E+00  2.408219411E-02 
      1098  3.742500000E+02  0.000000000E+00  2.406897667E-02 
      1099  3.745000000E+02  0.000000000E+00  2.405556456E-02 
      1100  3.747500000E+02  0.000000000E+00  2.404195666E-02 
      1101  3.750000000E+02  0.000000000E+00  2.402815182E-02 
      1102  3.752500000E+02  0.000000000E+00  2.401414891E-02 
      1103  3.755000000E+02  0.000000000E+00  2.399994678E-02 
      1104  3.757500000E+02  0.000000000E+00  2.398554429E-02 
      1105  3.760000000E+02  0.000000000E+00  2.397094028E-02 
      1106  3.762500000E+02  0.000000000E+00  2.395613359E-02 
      1107  3.765000000E+02  0.000000000E+00  2.394112309E-02 
      1108  3.767500000E+02  0.000000000E+00  2.392590760E-02 
      1109  3.770000000E+02  0.000000000E+00  2.391048597E-02 
      1110  3.772500000E+02  0.000000000E+00  2.389485703E-02 
      1111  3.775000000E+02  0.000000000E+00  2.387901964E-02 
      1112  3.777500000E+02  0.000000000E+00  2.386297262E-02 
      1113  3.780000000E+02  0.000000000E+00  2.384671482E-02 
      1114  3.782500000E+02  0.000000000E+00  2.383024507E-02 
      1115  3.785000000E+02  0.000000000E+00  2.381356220E-02 
      1116  3.787500000E+02  0.000000000E+00  2.379666506E-02 
      1117  3.790000000E+02  0.000000000E+00  2.377955247E-02 
      1118  3.792500000E+02  0.000000000E+00  2.376222328E-02 
      1119  3.795000000E+02  0.000000000E+00  2.374467633E-02 
      1120  3.797500000E+02  0.000000000E+00  2.372691044E-02 
      1121  3.800000000E+02  0.000000000E+00  2.370892445E-02 
      1122  3.802500000E+02  0.000000000E+00  2.369071720E-02 
      1123  3.805000000E+02  0.000000000E+00  2.367228752E-02 
      1124  3.807500000E+02  0.000000000E+00  2.365363425E-02 
      1125  3.810000000E+02  0.000000000E+00  2.363475620E-02 
      1126  3.812500000E+02  0.000000000E+00  2.361565222E-02 
      1127  3.815000000E+02  0.000000000E+00  2.359632112E-02 
      1128  3.817500000E+02  0.000000000E+00  2.357676172E-02 
      1129  3.820000000E+02  0.000000000E+00  2.355697283E-02 
      1130  3.822500000E+02  0.000000000E+00  2.353695325E-02 
      1131  3.825000000E+02  0.000000000E+00  2.351670177E-02 
      1132  3.827500000E+02  0.000000000E+00  2.349621718E-02 
      1133  3.830000000E+02  0.000000000E+00  2.347549823E-02 
      1134  3.832500000E+02  0.000000000E+00  2.345454367E-02 
      1135  3.835000000E+02  0.000000000E+00  2.343335222E-02 
      1136  3.837500000E+02  0.000000000E+00  2.341192256E-02 
      1137  3.840000000E+02  0.000000000E+00  2.339025336E-02 
      1138  3.842500000E+02  0.000000000E+00  2.336834322E-02 
      1139  3.845000000E+02  0.000000000E+00  2.334619071E-02 
      1140  3.847500000E+02  0.000000000E+00  2.332379434E-02 
      1141  3.850000000E+02  0.000000000E+00  2.330115254E-02 
      1142  3.852500000E+02  0.000000000E+00  2.327826368E-02 
      1143  3.855000000E+02  0.000000000E+00  2.325512601E-02 
      1144  3.857500000E+02  0.000000000E+00  2.323173768E-02 
      1145  3.860000000E+02  0.000000000E+00  2.320809672E-02 
      1146  3.862500000E+02  0.000000000E+00  2.318420097E-02 
      1147  3.865000000E+02  0.000000000E+00  2.316004813E-02 
      1148  3.867500000E+02  0.000000000E+00  2.313563566E-02 
      1149  3.870000000E+02  0.000000000E+00  2.311096078E-02 
      1150  3.872500000E+02  0.000000000E+00  2.308602042E-02 
      1151  3.875000000E+02  0.000000000E+00  2.306081119E-02 
      1152  3.877500000E+02  0.000000000E+00  2.303532929E-02 
      1153  3.880000000E+02  0.000000000E+00  2.300957047E-02 
      1154  3.882500000E+02  0.000000000E+00  2.298352995E-02 
      1155  3.885000000E+02  0.000000000E+00  2.295720232E-02 
      1156  3.887500000E+02  0.000000000E+00  2.293058147E-02 
      1157  3.890000000E+02  0.000000000E+00  2.290366044E-02 
      1158  3.892500000E+02  0.000000000E+00  2.287643131E-02 
      1159  3.895000000E+02  0.000000000E+00  2.284888503E-02 
      1160  3.897500000E+02  0.000000000E+00  2.282101123E-02 
      1161  3.900000000E+02  0.000000000E+00  2.279279803E-02 
      1162  3.902500000E+02  0.000000000E+00  2.276423177E-02 
      1163  3.905000000E+02  0.000000000E+00  2.273529673E-02 
      1164  3.907500000E+02  0.000000000E+00  2.270597483E-02 
      1165  3.910000000E+02  0.000000000E+00  2.267624518E-02 
      1166  3.912500000E+02  0.000000000E+00  2.264608369E-02 
      1167  3.915000000E+02  0.000000000E+00  2.261546251E-02 
      1168  3.917500000E+02  0.000000000E+00  2.258434944E-02 
      1169  3.920000000E+02  0.000000000E+00  2.255270719E-02 
      1170  3.922500000E+02  0.000000000E+00  2.252049260E-02 
      1171  3.925000000E+02  0.000000000E+00  2.248765562E-02 
      1172  3.927500000E+02  0.000000000E+00  2.245413823E-02 
      1173  3.930000000E+02  0.000000000E+00  2.241987306E-02 
      1174  3.932500000E+02  0.000000000E+00  2.238478188E-02 
      1175  3.935000000E+02  0.000000000E+00  2.234877375E-02 
      1176  3.937500000E+02  0.000000000E+00  2.231174291E-02 
      1177  3.940000000E+02  0.000000000E+00  2.227356620E-02 
      1178  3.942500000E+02  0.000000000E+00  2.223410012E-02 
      1179  3.945000000E+02  0.000000000E+00  2.219317725E-02 
      1180  3.947500000E+02  0.000000000E+00  2.215060207E-02 
      1181  3.950000000E+02  0.000000000E+00  2.210614589E-02 
      1182  3.952500000E+02  0.000000000E+00  2.205954084E-02 
      1183  3.955000000E+02  0.000000000E+00  2.201047260E-02 
      1184  3.957500000E+02  0.000000000E+00  2.195857154E-02 
      1185  3.960000000E+02  0.000000000E+00  2.190340197E-02 
      1186  3.962500000E+02  0.000000000E+00  2.184444888E-02 
      1187  3.965000000E+02  0.000000000E+00  2.178110145E-02 
      1188  3.967500000E+02  0.000000000E+00  2.171263235E-02 
      1189  3.970000000E+02  0.000000000E+00  2.163817142E-02 
      1190  3.972500000E+02  0.000000000E+00  2.155667167E-02 
      1191  3.975000000E+02  0.000000000E+00  2.146686448E-02 
      1192  3.977500000E+02  0.000000000E+00  2.136719945E-02 
      1193  3.980000000E+02  0.000000000E+00  2.125576112E-02 
      1194  3.982500000E+02  0.000000000E+00  2.113014994E-02 
      1195  3.985000000E+02  0.000000000E+00  2.098730415E-02 
      1196  3.987500000E+02  0.000000000E+00  2.082321709E-02 
      1197  3.990000000E+02  0.000000000E+00  2.063244983E-02 
      1198  3.992500000E+02  0.000000000E+00  2.040718541E-02 
      1199  3.995000000E+02  0.000000000E+00  2.013506845E-02 
      1200  3.997500000E+02  0.000000000E+00  1.979317792E-02 
      1201  4.000000000E+02  0.000000000E+00  2.183503108E-02 
      1202  4.002000034E+02  0.000000000E+00  2.313387563E-02 
      1203  4.004016387E+02  0.000000000E+00  2.218082412E-02 
      1204  4.006049192E+02  0.000000000E+00  2.128202222E-02 
      1205  4.008098583E+02  0.000000000E+00  2.043446577E-02 
      1206  4.010164696E+02  0.000000000E+00  1.963533705E-02 
      1207  4.012247666E+02  0.000000000E+00  1.888198647E-02 
      1208  4.014347631E+02  0.000000000E+00  1.817191743E-02 
      1209  4.016464731E+02  0.000000000E+00  1.750277329E-02 
      1210  4.018599104E+02  0.000000000E+00  1.687232618E-02 
      1211  4.020750892E+02  0.000000000E+00  1.627846705E-02 
      1212  4.022920237E+02  0.000000000E+00  1.571919747E-02 
      1213  4.025107282E+02  0.000000000E+00  1.518325485E-02 
      1214  4.027312172E+02  0.000000000E+00  1.467946981E-02 
      1215  4.029535052E+02  0.000000000E+00  1.421555037E-02 
      1216  4.031776069E+02  0.000000000E+00  1.377897270E-02 
      1217  4.034035370E+02  0.000000000E+00  1.336820967E-02 
      1218  4.036313106E+02  0.000000000E+00  1.298180969E-02 
      1219  4.038609426E+02  0.000000000E+00  1.261839291E-02 
      1220  4.040924483E+02  0.000000000E+00  1.227664783E-02 
      1221  4.043258428E+02  0.000000000E+00  1.195306859E-02 
      1222  4.045611417E+02  0.000000000E+00  1.164941248E-02 
      1223  4.047983604E+02  0.000000000E+00  1.136678340E-02 
      1224  4.050375146E+02  0.000000000E+00  1.110106068E-02 
      1225  4.052786201E+02  0.000000000E+00  1.085124055E-02 
      1226  4.055216929E+02  0.000000000E+00  1.061641848E-02 
      1227  4.057667489E+02  0.000000000E+00  1.039538251E-02 
      1228  4.060138044E+02  0.000000000E+00  1.018447988E-02 
      1229  4.062628756E+02  0.000000000E+00  9.987125566E-03 
      1230  4.065139791E+02  0.000000000E+00  9.805763681E-03 
      1231  4.067671314E+02  0.000000000E+00  9.633749384E-03 
      1232  4.070223492E+02  0.000000000E+00  9.473049100E-03 
      1233  4.072796494E+02  0.000000000E+00  9.322001187E-03 
      1234  4.075390490E+02  0.000000000E+00  9.182140845E-03 
      1235  4.078005650E+02  0.000000000E+00  9.055515149E-03 
      1236  4.080642148E+02  0.000000000E+00  8.935510813E-03 
      1237  4.083300158E+02  0.000000000E+00  8.822016265E-03 
      1238  4.085979855E+02  0.000000000E+00  8.714747512E-03 
      1239  4.088681416E+02  0.000000000E+00  8.458373810E-03 
      1240  4.091405020E+02  0.000000000E+00  8.204683890E-03 
      1241  4.094150846E+02  0.000000000E+00  8.110871533E-03 
      1242  4.096919076E+02  0.000000000E+00  8.022524535E-03 
      1243  4.099709892E+02  0.000000000E+00  7.939239001E-03 
      1244  4.102523480E+02  0.000000000E+00  7.860636092E-03 
      1245  4.105360024E+02  0.000000000E+00  7.786360725E-03 
      1246  4.108219711E+02  0.000000000E+00  7.716080335E-03 
      1247  4.111102732E+02  0.000000000E+00  7.649483680E-03 
      1248  4.114009276E+02  0.000000000E+00  7.586279704E-03 
      1249  4.116939535E+02  0.000000000E+00  7.526196422E-03 
      1250  4.119893702E+02  0.000000000E+00  7.468979870E-03 
      1251  4.122871973E+02  0.000000000E+00  7.414393102E-03 
      1252  4.125874544E+02  0.000000000E+00  7.362215206E-03 
      1253  4.128901614E+02  0.000000000E+00  7.312240393E-03 
      1254  4.131953383E+02  0.000000000E+00  7.264277100E-03 
      1255  4.135030051E+02  0.000000000E+00  7.218147150E-03 
      1256  4.138131823E+02  0.000000000E+00  7.173684949E-03 
      1257  4.141258902E+02  0.000000000E+00  7.130736710E-03 
      1258  4.144411496E+02  0.000000000E+00  7.089159726E-03 
      1259  4.147589813E+02  0.000000000E+00  7.048821676E-03 
      1260  4.150794062E+02  0.000000000E+00  7.009599963E-03 
      1261  4.154024455E+02  0.000000000E+00  6.971381084E-03 
      1262  4.157281206E+02  0.000000000E+00  6.934060038E-03 
      1263  4.160564529E+02  0.000000000E+00  6.897539764E-03 
      1264  4.163874641E+02  0.000000000E+00  6.861730603E-03 
      1265  4.167211762E+02  0.000000000E+00  6.826549801E-03 
      1266  4.170576110E+02  0.000000000E+00  6.791921027E-03 
      1267  4.173967909E+02  0.000000000E+00  6.757773927E-03 
      1268  4.177387382E+02  0.000000000E+00  6.724043700E-03 
      1269  4.180834756E+02  0.000000000E+00  6.690670701E-03 
      1270  4.184310257E+02  0.000000000E+00  6.657600066E-03 
      1271  4.187814116E+02  0.000000000E+00  6.624781361E-03 
      1272  4.191346563E+02  0.000000000E+00  6.592168249E-03 
      1273  4.194907832E+02  0.000000000E+00  6.559718183E-03 
      1274  4.198498158E+02  0.000000000E+00  6.527392117E-03 
      1275  4.202117779E+02  0.000000000E+00  6.495154235E-03 
      1276  4.205766933E+02  0.000000000E+00  6.462971693E-03 
      1277  4.209445860E+02  0.000000000E+00  6.430814391E-03 
      1278  4.213154806E+02  0.000000000E+00  6.398654746E-03 
      1279  4.216894013E+02  0.000000000E+00  6.366467490E-03 
      1280  4.220663728E+02  0.000000000E+00  6.334229478E-03 
      1281  4.224464202E+02  0.000000000E+00  6.301919510E-03 
      1282  4.228295685E+02  0.000000000E+00  6.269518171E-03 
      1283  4.232158429E+02  0.000000000E+00  6.237007670E-03 
      1284  4.236052691E+02  0.000000000E+00  6.204371708E-03 
      1285  4.239978726E+02  0.000000000E+00  6.171595341E-03 
      1286  4.243936795E+02  0.000000000E+00  6.138664863E-03 
      1287  4.247927158E+02  0.000000000E+00  6.105567688E-03 
      1288  4.251950080E+02  0.000000000E+00  6.072292261E-03 
      1289  4.256005825E+02  0.000000000E+00  6.038827945E-03 
      1290  4.260094662E+02  0.000000000E+00  6.005164951E-03 
      1291  4.264216861E+02  0.000000000E+00  5.971294247E-03 
      1292  4.268372694E+02  0.000000000E+00  5.937207490E-03 
      1293  4.272562434E+02  0.000000000E+00  5.902896957E-03 
      1294  4.276786360E+02  0.000000000E+00  5.868355484E-03 
      1295  4.281044750E+02  0.000000000E+00  5.833576410E-03 
      1296  4.285337884E+02  0.000000000E+00  5.798553525E-03 
      1297  4.289666047E+02  0.000000000E+00  5.763281025E-03 
      1298  4.294029525E+02  0.000000000E+00  5.727753466E-03 
      1299  4.298428605E+02  0.000000000E+00  5.691965730E-03 
      1300  4.302863578E+02  0.000000000E+00  5.655912984E-03 
      1301  4.307334737E+02  0.000000000E+00  5.619590653E-03 
      1302  4.311842377E+02  0.000000000E+00  5.582994390E-03 
      1303  4.316386795E+02  0.000000000E+00  5.546120047E-03 
      1304  4.320968293E+02  0.000000000E+00  5.508963654E-03 
      1305  4.325587172E+02  0.000000000E+00  5.471521397E-03 
      1306  4.330243737E+02  0.000000000E+00  5.433789599E-03 
      1307  4.334938296E+02  0.000000000E+00  5.395764700E-03 
      1308  4.339671159E+02  0.000000000E+00  5.357443245E-03 
      1309  4.344442638E+02  0.000000000E+00  5.318821869E-03 
      1310  4.349253049E+02  0.000000000E+00  5.279897282E-03 
      1311  4.354102708E+02  0.000000000E+00  5.240666261E-03 
      1312  4.358991937E+02  0.000000000E+00  5.201125638E-03 
      1313  4.363921059E+02  0.000000000E+00  5.161272288E-03 
      1314  4.368890398E+02  0.000000000E+00  5.121103130E-03 
      1315  4.373900283E+02  0.000000000E+00  5.080615108E-03 
      1316  4.378951044E+02  0.000000000E+00  5.039805194E-03 
      1317  4.384043016E+02  0.000000000E+00  4.998670377E-03 
      1318  4.389176534E+02  0.000000000E+00  4.957207661E-03 
      1319  4.394351937E+02  0.000000000E+00  4.915414058E-03 
      1320  4.399569568E+02  0.000000000E+00  4.873286583E-03 
      1321  4.404829770E+02  0.000000000E+00  4.830822258E-03 
      1322  4.410132892E+02  0.000000000E+00  4.788018098E-03 
      1323  4.415479282E+02  0.000000000E+00  4.744871114E-03 
      1324  4.420869295E+02  0.000000000E+00  4.701378312E-03 
      1325  4.426303286E+02  0.000000000E+00  4.657536688E-03 
      1326  4.431781614E+02  0.000000000E+00  4.613343226E-03 
      1327  4.437304641E+02  0.000000000E+00  4.568794897E-03 
      1328  4.442872731E+02  0.000000000E+00  4.523888659E-03 
      1329  4.448486253E+02  0.000000000E+00  4.478621452E-03 
      1330  4.454145576E+02  0.000000000E+00  4.432990200E-03 
      1331  4.459851075E+02  0.000000000E+00  4.386991809E-03 
      1332  4.465603126E+02  0.000000000E+00  4.340623165E-03 
      1333  4.471402109E+02  0.000000000E+00  4.293881134E-03 
      1334  4.477248408E+02  0.000000000E+00  4.246762563E-03 
      1335  4.483142407E+02  0.000000000E+00  4.199264275E-03 
      1336  4.489084497E+02  0.000000000E+00  4.151383072E-03 
      1337  4.495075070E+02  0.000000000E+00  4.103115734E-03 
      1338  4.501114521E+02  0.000000000E+00  4.054459016E-03 
      1339  4.507203248E+02  0.000000000E+00  4.005409650E-03 
      1340  4.513341655E+02  0.000000000E+00  3.955964346E-03 
      1341  4.519530147E+02  0.000000000E+00  3.906119786E-03 
      1342  4.525769132E+02  0.000000000E+00  3.855872630E-03 
      1343  4.532059021E+02  0.000000000E+00  3.805219509E-03 
      1344  4.538400232E+02  0.000000000E+00  3.754157033E-03 
      1345  4.544793181E+02  0.000000000E+00  3.702681782E-03 
      1346  4.551238292E+02  0.000000000E+00  3.650790312E-03 
      1347  4.557735990E+02  0.000000000E+00  3.598479153E-03 
      1348  4.564286703E+02  0.000000000E+00  3.545744803E-03 
      1349  4.570890866E+02  0.000000000E+00  3.492583740E-03 
      1350  4.577548913E+02  0.000000000E+00  3.438992409E-03 
      1351  4.584261284E+02  0.000000000E+00  3.384967231E-03 
      1352  4.591028423E+02  0.000000000E+00  3.330504594E-03 
      1353  4.597850777E+02  0.000000000E+00  3.275600862E-03 
      1354  4.604728795E+02  0.000000000E+00  3.220252369E-03 
      1355  4.611662932E+02  0.000000000E+00  3.164455420E-03 
      1356  4.618653647E+02  0.000000000E+00  3.108206288E-03 
      1357  4.625701400E+02  0.000000000E+00  3.051501219E-03 
      1358  4.632806657E+02  0.000000000E+00  2.994336428E-03 
      1359  4.639969887E+02  0.000000000E+00  2.936708099E-03 
      1360  4.647191564E+02  0.000000000E+00  2.878612385E-03 
      1361  4.654472164E+02  0.000000000E+00  2.820045407E-03 
      1362  4.661812167E+02  0.000000000E+00  2.761003253E-03 
      1363  4.669212059E+02  0.000000000E+00  2.701481979E-03 
      1364  4.676672328E+02  0.000000000E+00  2.641477604E-03 
      1365  4.684193468E+02  0.000000000E+00  2.580986115E-03 
      1366  4.691775973E+02  0.000000000E+00  2.520003459E-03 
      1367  4.699420346E+02  0.000000000E+00  2.458525548E-03 
      1368  4.707127091E+02  0.000000000E+00  2.396548247E-03 
      1369  4.714896716E+02  0.000000000E+00  2.334067382E-03 
      1370  4.722729736E+02  0.000000000E+00  2.271078727E-03 
      1371  4.730626666E+02  0.000000000E+00  2.207578004E-03 
      1372  4.738588030E+02  0.000000000E+00  2.143560874E-03 
      1373  4.746614352E+02  0.000000000E+00  2.079022928E-03 
      1374  4.754706162E+02  0.000000000E+00  2.013959675E-03 
      1375  4.762863994E+02  0.000000000E+00  1.948366526E-03 
      1376  4.771088389E+02  0.000000000E+00  1.882238769E-03 
      1377  4.779379887E+02  0.000000000E+00  1.815571545E-03 
      1378  4.787739038E+02  0.000000000E+00  1.748359803E-03 
      1379  4.796166392E+02  0.000000000E+00  1.680598246E-03 
      1380  4.804662507E+02  0.000000000E+00  1.612281262E-03 
      1381  4.813227944E+02  0.000000000E+00  1.543402818E-03 
      1382  4.821863268E+02  0.000000000E+00  1.473956326E-03 
      1383  4.830569049E+02  0.000000000E+00  1.403934455E-03 
      1384  4.839345862E+02  0.000000000E+00  1.333328876E-03 
      1385  4.848194287E+02  0.000000000E+00  1.262129904E-03 
      1386  4.857114908E+02  0.000000000E+00  1.190326017E-03 
      1387  4.866108314E+02  0.000000000E+00  1.117903178E-03 
      1388  4.875175099E+02  0.000000000E+00  1.044843907E-03 
      1389  4.884315862E+02  0.000000000E+00  9.711259891E-04 
      1390  4.893531206E+02  0.000000000E+00  8.967206732E-04 
      1391  4.902821741E+02  0.000000000E+00  8.215901648E-04 
      1392  4.912188078E+02  0.000000000E+00  7.456841222E-04 
      1393  4.921630837E+02  0.000000000E+00  6.689347406E-04 
      1394  4.931150642E+02  0.000000000E+00  5.912498517E-04 
      1395  4.940748120E+02  0.000000000E+00  5.125032034E-04 
      1396  4.950423907E+02  0.000000000E+00  4.325207403E-04 
      1397  4.960178639E+02  0.000000000E+00  3.510611855E-04 
      1398  4.970012963E+02  0.000000000E+00  2.677884765E-04 
      1399  4.979927527E+02  0.000000000E+00  1.822346750E-04 
      1400  4.989922986E+02  0.000000000E+00  9.341722948E-05 
      1401  5.000000000E+02  0.000000000E+00  4.782534144E-05 
