nodenumber     x-coordinate     y-coordinate           udm-11 
         1  0.000000000E+00  0.000000000E+00  1.000270094E+01 
         2  1.007701384E+00  0.000000000E+00  1.000258792E+01 
         3  2.007247274E+00  0.000000000E+00  1.000105824E+01 
         4  2.998703673E+00  0.000000000E+00  9.999695655E+00 
         5  3.982136051E+00  0.000000000E+00  9.999761472E+00 
         6  4.957609346E+00  0.000000000E+00  9.999798937E+00 
         7  5.925187975E+00  0.000000000E+00  9.999823207E+00 
         8  6.884935829E+00  0.000000000E+00  9.999837922E+00 
         9  7.836916284E+00  0.000000000E+00  9.999845728E+00 
        10  8.781192203E+00  0.000000000E+00  9.999848516E+00 
        11  9.717825941E+00  0.000000000E+00  9.999847635E+00 
        12  1.064687935E+01  0.000000000E+00  9.999844047E+00 
        13  1.156841377E+01  0.000000000E+00  9.999838442E+00 
        14  1.248249006E+01  0.000000000E+00  9.999831307E+00 
        15  1.338916858E+01  0.000000000E+00  9.999822987E+00 
        16  1.428850920E+01  0.000000000E+00  9.999813723E+00 
        17  1.518057130E+01  0.000000000E+00  9.999803683E+00 
        18  1.606541380E+01  0.000000000E+00  9.999792975E+00 
        19  1.694309512E+01  0.000000000E+00  9.999781672E+00 
        20  1.781367322E+01  0.000000000E+00  9.999769812E+00 
        21  1.867720559E+01  0.000000000E+00  9.999757413E+00 
        22  1.953374925E+01  0.000000000E+00  9.999744475E+00 
        23  2.038336076E+01  0.000000000E+00  9.999730985E+00 
        24  2.122609622E+01  0.000000000E+00  9.999716919E+00 
        25  2.206201128E+01  0.000000000E+00  9.999702242E+00 
        26  2.289116114E+01  0.000000000E+00  9.999686913E+00 
        27  2.371360056E+01  0.000000000E+00  9.999670883E+00 
        28  2.452938383E+01  0.000000000E+00  9.999654096E+00 
        29  2.533856484E+01  0.000000000E+00  9.999636490E+00 
        30  2.614119701E+01  0.000000000E+00  9.999617997E+00 
        31  2.693733335E+01  0.000000000E+00  9.999598540E+00 
        32  2.772702642E+01  0.000000000E+00  9.999578039E+00 
        33  2.851032837E+01  0.000000000E+00  9.999556404E+00 
        34  2.928729093E+01  0.000000000E+00  9.999533538E+00 
        35  3.005796541E+01  0.000000000E+00  9.999509339E+00 
        36  3.082240268E+01  0.000000000E+00  9.999483694E+00 
        37  3.158065324E+01  0.000000000E+00  9.999456483E+00 
        38  3.233276716E+01  0.000000000E+00  9.999427578E+00 
        39  3.307879409E+01  0.000000000E+00  9.999396842E+00 
        40  3.381878330E+01  0.000000000E+00  9.999364128E+00 
        41  3.455278365E+01  0.000000000E+00  9.999329279E+00 
        42  3.528084362E+01  0.000000000E+00  9.999292131E+00 
        43  3.600301127E+01  0.000000000E+00  9.999252505E+00 
        44  3.671933431E+01  0.000000000E+00  9.999210217E+00 
        45  3.742986002E+01  0.000000000E+00  9.999165067E+00 
        46  3.813463533E+01  0.000000000E+00  9.999116847E+00 
        47  3.883370678E+01  0.000000000E+00  9.999065338E+00 
        48  3.952712052E+01  0.000000000E+00  9.999010308E+00 
        49  4.021492235E+01  0.000000000E+00  9.998951513E+00 
        50  4.089715769E+01  0.000000000E+00  9.998888698E+00 
        51  4.157387159E+01  0.000000000E+00  9.998821597E+00 
        52  4.224510872E+01  0.000000000E+00  9.998749931E+00 
        53  4.291091342E+01  0.000000000E+00  9.998673408E+00 
        54  4.357132966E+01  0.000000000E+00  9.998591725E+00 
        55  4.422640104E+01  0.000000000E+00  9.998504567E+00 
        56  4.487617081E+01  0.000000000E+00  9.998411605E+00 
        57  4.552068189E+01  0.000000000E+00  9.998312501E+00 
        58  4.615997684E+01  0.000000000E+00  9.998206903E+00 
        59  4.679409786E+01  0.000000000E+00  9.998094446E+00 
        60  4.742308684E+01  0.000000000E+00  9.997974758E+00 
        61  4.804698530E+01  0.000000000E+00  9.997847450E+00 
        62  4.866583446E+01  0.000000000E+00  9.997712127E+00 
        63  4.927967516E+01  0.000000000E+00  9.997568379E+00 
        64  4.988854795E+01  0.000000000E+00  9.997415787E+00 
        65  5.049249303E+01  0.000000000E+00  9.997253924E+00 
        66  5.109155028E+01  0.000000000E+00  9.997082351E+00 
        67  5.168575926E+01  0.000000000E+00  9.996900619E+00 
        68  5.227515921E+01  0.000000000E+00  9.996708273E+00 
        69  5.285978905E+01  0.000000000E+00  9.996504846E+00 
        70  5.343968738E+01  0.000000000E+00  9.996289865E+00 
        71  5.401489250E+01  0.000000000E+00  9.996062851E+00 
        72  5.458544238E+01  0.000000000E+00  9.995823315E+00 
        73  5.515137472E+01  0.000000000E+00  9.995570762E+00 
        74  5.571272686E+01  0.000000000E+00  9.995304694E+00 
        75  5.626953590E+01  0.000000000E+00  9.995024603E+00 
        76  5.682183858E+01  0.000000000E+00  9.994729980E+00 
        77  5.736967139E+01  0.000000000E+00  9.994420307E+00 
        78  5.791307049E+01  0.000000000E+00  9.994095066E+00 
        79  5.845207178E+01  0.000000000E+00  9.993753732E+00 
        80  5.898671083E+01  0.000000000E+00  9.993395778E+00 
        81  5.951702297E+01  0.000000000E+00  9.993020672E+00 
        82  6.004304320E+01  0.000000000E+00  9.992627880E+00 
        83  6.056480627E+01  0.000000000E+00  9.992216864E+00 
        84  6.108234661E+01  0.000000000E+00  9.991787084E+00 
        85  6.159569842E+01  0.000000000E+00  9.991337994E+00 
        86  6.210489559E+01  0.000000000E+00  9.990869047E+00 
        87  6.260997174E+01  0.000000000E+00  9.990379691E+00 
        88  6.311096022E+01  0.000000000E+00  9.989869368E+00 
        89  6.360789412E+01  0.000000000E+00  9.989337516E+00 
        90  6.410080625E+01  0.000000000E+00  9.988783566E+00 
        91  6.458972916E+01  0.000000000E+00  9.988206941E+00 
        92  6.507469514E+01  0.000000000E+00  9.987607055E+00 
        93  6.555573621E+01  0.000000000E+00  9.986983312E+00 
        94  6.603288413E+01  0.000000000E+00  9.986335102E+00 
        95  6.650617042E+01  0.000000000E+00  9.985661800E+00 
        96  6.697562632E+01  0.000000000E+00  9.984962763E+00 
        97  6.744128283E+01  0.000000000E+00  9.984237327E+00 
        98  6.790317071E+01  0.000000000E+00  9.983484802E+00 
        99  6.836132046E+01  0.000000000E+00  9.982704471E+00 
       100  6.881576232E+01  0.000000000E+00  9.981895582E+00 
       101  6.926652631E+01  0.000000000E+00  9.981057343E+00 
       102  6.971364219E+01  0.000000000E+00  9.980188921E+00 
       103  7.015713949E+01  0.000000000E+00  9.979289426E+00 
       104  7.059704749E+01  0.000000000E+00  9.978357915E+00 
       105  7.103339524E+01  0.000000000E+00  9.977393374E+00 
       106  7.146621156E+01  0.000000000E+00  9.976394713E+00 
       107  7.189552503E+01  0.000000000E+00  9.975360757E+00 
       108  7.232136399E+01  0.000000000E+00  9.974290233E+00 
       109  7.274375656E+01  0.000000000E+00  9.973181758E+00 
       110  7.316273064E+01  0.000000000E+00  9.972033823E+00 
       111  7.357831389E+01  0.000000000E+00  9.970844783E+00 
       112  7.399053376E+01  0.000000000E+00  9.969612836E+00 
       113  7.439941746E+01  0.000000000E+00  9.968336006E+00 
       114  7.480499201E+01  0.000000000E+00  9.967012124E+00 
       115  7.520728416E+01  0.000000000E+00  9.965638806E+00 
       116  7.560632051E+01  0.000000000E+00  9.964213427E+00 
       117  7.600212738E+01  0.000000000E+00  9.962733099E+00 
       118  7.639473092E+01  0.000000000E+00  9.961194637E+00 
       119  7.678415706E+01  0.000000000E+00  9.959594536E+00 
       120  7.717043151E+01  0.000000000E+00  9.957928930E+00 
       121  7.755357977E+01  0.000000000E+00  9.956193560E+00 
       122  7.793362715E+01  0.000000000E+00  9.954383735E+00 
       123  7.831059875E+01  0.000000000E+00  9.952494286E+00 
       124  7.868451945E+01  0.000000000E+00  9.950519524E+00 
       125  7.905541395E+01  0.000000000E+00  9.948453189E+00 
       126  7.942330674E+01  0.000000000E+00  9.946288397E+00 
       127  7.978822211E+01  0.000000000E+00  9.944017581E+00 
       128  8.015018416E+01  0.000000000E+00  9.941632433E+00 
       129  8.050921679E+01  0.000000000E+00  9.939123834E+00 
       130  8.086534371E+01  0.000000000E+00  9.936481786E+00 
       131  8.121858844E+01  0.000000000E+00  9.933695336E+00 
       132  8.156897429E+01  0.000000000E+00  9.930752494E+00 
       133  8.191652442E+01  0.000000000E+00  9.927640148E+00 
       134  8.226126177E+01  0.000000000E+00  9.924343969E+00 
       135  8.260320909E+01  0.000000000E+00  9.920848319E+00 
       136  8.294238899E+01  0.000000000E+00  9.917136143E+00 
       137  8.327882384E+01  0.000000000E+00  9.913188860E+00 
       138  8.361253587E+01  0.000000000E+00  9.908986248E+00 
       139  8.394354712E+01  0.000000000E+00  9.904506319E+00 
       140  8.427187943E+01  0.000000000E+00  9.899725190E+00 
       141  8.459755450E+01  0.000000000E+00  9.894616949E+00 
       142  8.492059382E+01  0.000000000E+00  9.889153508E+00 
       143  8.524101873E+01  0.000000000E+00  9.883304455E+00 
       144  8.555885039E+01  0.000000000E+00  9.877036899E+00 
       145  8.587410979E+01  0.000000000E+00  9.870315302E+00 
       146  8.618681774E+01  0.000000000E+00  9.863101311E+00 
       147  8.649699489E+01  0.000000000E+00  9.855353582E+00 
       148  8.680466173E+01  0.000000000E+00  9.847027595E+00 
       149  8.710983857E+01  0.000000000E+00  9.838075467E+00 
       150  8.741254556E+01  0.000000000E+00  9.828445757E+00 
       151  8.771280270E+01  0.000000000E+00  9.818083268E+00 
       152  8.801062980E+01  0.000000000E+00  9.806928847E+00 
       153  8.830604654E+01  0.000000000E+00  9.794919175E+00 
       154  8.859907242E+01  0.000000000E+00  9.781986564E+00 
       155  8.888972679E+01  0.000000000E+00  9.768058750E+00 
       156  8.917802885E+01  0.000000000E+00  9.753058683E+00 
       157  8.946399764E+01  0.000000000E+00  9.736904327E+00 
       158  8.974765203E+01  0.000000000E+00  9.719508460E+00 
       159  9.002901076E+01  0.000000000E+00  9.700778481E+00 
       160  9.030809241E+01  0.000000000E+00  9.680616229E+00 
       161  9.058491540E+01  0.000000000E+00  9.658917813E+00 
       162  9.085949802E+01  0.000000000E+00  9.635573461E+00 
       163  9.113185839E+01  0.000000000E+00  9.610467379E+00 
       164  9.140201451E+01  0.000000000E+00  9.583477649E+00 
       165  9.166998421E+01  0.000000000E+00  9.554476139E+00 
       166  9.193578518E+01  0.000000000E+00  9.523328456E+00 
       167  9.219943499E+01  0.000000000E+00  9.489893937E+00 
       168  9.246095103E+01  0.000000000E+00  9.454025674E+00 
       169  9.272035058E+01  0.000000000E+00  9.415570480E+00 
       170  9.297765077E+01  0.000000000E+00  9.374369879E+00 
       171  9.323286858E+01  0.000000000E+00  9.330259637E+00 
       172  9.348602087E+01  0.000000000E+00  9.283068302E+00 
       173  9.373712436E+01  0.000000000E+00  9.231678181E+00 
       174  9.398619563E+01  0.000000000E+00  9.176563600E+00 
       175  9.423325112E+01  0.000000000E+00  9.118362504E+00 
       176  9.447830715E+01  0.000000000E+00  9.102274030E+00 
       177  9.472137990E+01  0.000000000E+00  9.082620271E+00 
       178  9.496248543E+01  0.000000000E+00  9.017158843E+00 
       179  9.520163964E+01  0.000000000E+00  8.943949156E+00 
       180  9.543885834E+01  0.000000000E+00  8.854815430E+00 
       181  9.567415720E+01  0.000000000E+00  8.764262956E+00 
       182  9.590755173E+01  0.000000000E+00  8.679226515E+00 
       183  9.613905737E+01  0.000000000E+00  8.591573785E+00 
       184  9.636868940E+01  0.000000000E+00  8.498880880E+00 
       185  9.659646297E+01  0.000000000E+00  8.400976653E+00 
       186  9.682239314E+01  0.000000000E+00  8.297698248E+00 
       187  9.704649481E+01  0.000000000E+00  8.185461755E+00 
       188  9.726878279E+01  0.000000000E+00  8.067354392E+00 
       189  9.748927176E+01  0.000000000E+00  7.943021204E+00 
       190  9.770797628E+01  0.000000000E+00  7.812565265E+00 
       191  9.792491078E+01  0.000000000E+00  7.675675120E+00 
       192  9.814008960E+01  0.000000000E+00  7.532493396E+00 
       193  9.835352693E+01  0.000000000E+00  7.386667331E+00 
       194  9.856523689E+01  0.000000000E+00  7.234679918E+00 
       195  9.877523344E+01  0.000000000E+00  7.081263788E+00 
       196  9.898353045E+01  0.000000000E+00  6.921981719E+00 
       197  9.919014168E+01  0.000000000E+00  6.752296558E+00 
       198  9.939508077E+01  0.000000000E+00  6.576770289E+00 
       199  9.959836126E+01  0.000000000E+00  6.395590707E+00 
       200  9.979999657E+01  0.000000000E+00  6.209447917E+00 
       201  1.000000000E+02  0.000000000E+00  6.738620680E+00 
       202  1.002500000E+02  0.000000000E+00  7.496269138E+00 
       203  1.005000000E+02  0.000000000E+00  7.465184078E+00 
       204  1.007500000E+02  0.000000000E+00  7.450803628E+00 
       205  1.010000000E+02  0.000000000E+00  7.446326225E+00 
       206  1.012500000E+02  0.000000000E+00  7.449196100E+00 
       207  1.015000000E+02  0.000000000E+00  7.457717748E+00 
       208  1.017500000E+02  0.000000000E+00  7.470684360E+00 
       209  1.020000000E+02  0.000000000E+00  7.487195814E+00 
       210  1.022500000E+02  0.000000000E+00  7.506558840E+00 
       211  1.025000000E+02  0.000000000E+00  7.528227075E+00 
       212  1.027500000E+02  0.000000000E+00  7.551762529E+00 
       213  1.030000000E+02  0.000000000E+00  7.576809472E+00 
       214  1.032500000E+02  0.000000000E+00  7.603076015E+00 
       215  1.035000000E+02  0.000000000E+00  7.630320699E+00 
       216  1.037500000E+02  0.000000000E+00  7.658342457E+00 
       217  1.040000000E+02  0.000000000E+00  7.686972964E+00 
       218  1.042500000E+02  0.000000000E+00  7.716070686E+00 
       219  1.045000000E+02  0.000000000E+00  7.745516195E+00 
       220  1.047500000E+02  0.000000000E+00  7.775208421E+00 
       221  1.050000000E+02  0.000000000E+00  7.805061637E+00 
       222  1.052500000E+02  0.000000000E+00  7.835002998E+00 
       223  1.055000000E+02  0.000000000E+00  7.864970528E+00 
       224  1.057500000E+02  0.000000000E+00  7.894911447E+00 
       225  1.060000000E+02  0.000000000E+00  7.924780786E+00 
       226  1.062500000E+02  0.000000000E+00  7.954540232E+00 
       227  1.065000000E+02  0.000000000E+00  7.984157148E+00 
       228  1.067500000E+02  0.000000000E+00  8.013603759E+00 
       229  1.070000000E+02  0.000000000E+00  8.042856456E+00 
       230  1.072500000E+02  0.000000000E+00  8.071895203E+00 
       231  1.075000000E+02  0.000000000E+00  8.100703041E+00 
       232  1.077500000E+02  0.000000000E+00  8.129265656E+00 
       233  1.080000000E+02  0.000000000E+00  8.157571013E+00 
       234  1.082500000E+02  0.000000000E+00  8.185609046E+00 
       235  1.085000000E+02  0.000000000E+00  8.213371384E+00 
       236  1.087500000E+02  0.000000000E+00  8.240851126E+00 
       237  1.090000000E+02  0.000000000E+00  8.268042635E+00 
       238  1.092500000E+02  0.000000000E+00  8.294941372E+00 
       239  1.095000000E+02  0.000000000E+00  8.321543747E+00 
       240  1.097500000E+02  0.000000000E+00  8.347846989E+00 
       241  1.100000000E+02  0.000000000E+00  8.373849041E+00 
       242  1.102500000E+02  0.000000000E+00  8.399548460E+00 
       243  1.105000000E+02  0.000000000E+00  8.424944336E+00 
       244  1.107500000E+02  0.000000000E+00  8.450036222E+00 
       245  1.110000000E+02  0.000000000E+00  8.474824071E+00 
       246  1.112500000E+02  0.000000000E+00  8.499308184E+00 
       247  1.115000000E+02  0.000000000E+00  8.523489163E+00 
       248  1.117500000E+02  0.000000000E+00  8.547367868E+00 
       249  1.120000000E+02  0.000000000E+00  8.570945389E+00 
       250  1.122500000E+02  0.000000000E+00  8.594223007E+00 
       251  1.125000000E+02  0.000000000E+00  8.617202176E+00 
       252  1.127500000E+02  0.000000000E+00  8.639884494E+00 
       253  1.130000000E+02  0.000000000E+00  8.662271686E+00 
       254  1.132500000E+02  0.000000000E+00  8.684365587E+00 
       255  1.135000000E+02  0.000000000E+00  8.706168126E+00 
       256  1.137500000E+02  0.000000000E+00  8.727681312E+00 
       257  1.140000000E+02  0.000000000E+00  8.748907225E+00 
       258  1.142500000E+02  0.000000000E+00  8.769848005E+00 
       259  1.145000000E+02  0.000000000E+00  8.790505841E+00 
       260  1.147500000E+02  0.000000000E+00  8.810882968E+00 
       261  1.150000000E+02  0.000000000E+00  8.830981655E+00 
       262  1.152500000E+02  0.000000000E+00  8.850804206E+00 
       263  1.155000000E+02  0.000000000E+00  8.870352947E+00 
       264  1.157500000E+02  0.000000000E+00  8.889630228E+00 
       265  1.160000000E+02  0.000000000E+00  8.908638415E+00 
       266  1.162500000E+02  0.000000000E+00  8.927379889E+00 
       267  1.165000000E+02  0.000000000E+00  8.945857042E+00 
       268  1.167500000E+02  0.000000000E+00  8.964072273E+00 
       269  1.170000000E+02  0.000000000E+00  8.982027989E+00 
       270  1.172500000E+02  0.000000000E+00  8.999726599E+00 
       271  1.175000000E+02  0.000000000E+00  9.017170514E+00 
       272  1.177500000E+02  0.000000000E+00  9.034362148E+00 
       273  1.180000000E+02  0.000000000E+00  9.051303910E+00 
       274  1.182500000E+02  0.000000000E+00  9.067998209E+00 
       275  1.185000000E+02  0.000000000E+00  9.084447449E+00 
       276  1.187500000E+02  0.000000000E+00  9.100654029E+00 
       277  1.190000000E+02  0.000000000E+00  9.116620344E+00 
       278  1.192500000E+02  0.000000000E+00  9.132348778E+00 
       279  1.195000000E+02  0.000000000E+00  9.147841713E+00 
       280  1.197500000E+02  0.000000000E+00  9.163101519E+00 
       281  1.200000000E+02  0.000000000E+00  9.178130557E+00 
       282  1.202500000E+02  0.000000000E+00  9.192931181E+00 
       283  1.205000000E+02  0.000000000E+00  9.207505731E+00 
       284  1.207500000E+02  0.000000000E+00  9.221856539E+00 
       285  1.210000000E+02  0.000000000E+00  9.235985926E+00 
       286  1.212500000E+02  0.000000000E+00  9.249896199E+00 
       287  1.215000000E+02  0.000000000E+00  9.263589655E+00 
       288  1.217500000E+02  0.000000000E+00  9.277068576E+00 
       289  1.220000000E+02  0.000000000E+00  9.290335234E+00 
       290  1.222500000E+02  0.000000000E+00  9.303391884E+00 
       291  1.225000000E+02  0.000000000E+00  9.316240772E+00 
       292  1.227500000E+02  0.000000000E+00  9.328884125E+00 
       293  1.230000000E+02  0.000000000E+00  9.341324159E+00 
       294  1.232500000E+02  0.000000000E+00  9.353563074E+00 
       295  1.235000000E+02  0.000000000E+00  9.365603054E+00 
       296  1.237500000E+02  0.000000000E+00  9.377446269E+00 
       297  1.240000000E+02  0.000000000E+00  9.389094874E+00 
       298  1.242500000E+02  0.000000000E+00  9.400551006E+00 
       299  1.245000000E+02  0.000000000E+00  9.411816788E+00 
       300  1.247500000E+02  0.000000000E+00  9.422894325E+00 
       301  1.250000000E+02  0.000000000E+00  9.433785706E+00 
       302  1.252500000E+02  0.000000000E+00  9.444493003E+00 
       303  1.255000000E+02  0.000000000E+00  9.455018271E+00 
       304  1.257500000E+02  0.000000000E+00  9.465363548E+00 
       305  1.260000000E+02  0.000000000E+00  9.475530852E+00 
       306  1.262500000E+02  0.000000000E+00  9.485522186E+00 
       307  1.265000000E+02  0.000000000E+00  9.495339534E+00 
       308  1.267500000E+02  0.000000000E+00  9.504984861E+00 
       309  1.270000000E+02  0.000000000E+00  9.514460114E+00 
       310  1.272500000E+02  0.000000000E+00  9.523767221E+00 
       311  1.275000000E+02  0.000000000E+00  9.532908091E+00 
       312  1.277500000E+02  0.000000000E+00  9.541884616E+00 
       313  1.280000000E+02  0.000000000E+00  9.550698664E+00 
       314  1.282500000E+02  0.000000000E+00  9.559352087E+00 
       315  1.285000000E+02  0.000000000E+00  9.567846717E+00 
       316  1.287500000E+02  0.000000000E+00  9.576184365E+00 
       317  1.290000000E+02  0.000000000E+00  9.584366822E+00 
       318  1.292500000E+02  0.000000000E+00  9.592395859E+00 
       319  1.295000000E+02  0.000000000E+00  9.600273226E+00 
       320  1.297500000E+02  0.000000000E+00  9.608000652E+00 
       321  1.300000000E+02  0.000000000E+00  9.615579846E+00 
       322  1.302500000E+02  0.000000000E+00  9.623012496E+00 
       323  1.305000000E+02  0.000000000E+00  9.630300268E+00 
       324  1.307500000E+02  0.000000000E+00  9.637444806E+00 
       325  1.310000000E+02  0.000000000E+00  9.644447734E+00 
       326  1.312500000E+02  0.000000000E+00  9.651310653E+00 
       327  1.315000000E+02  0.000000000E+00  9.658035142E+00 
       328  1.317500000E+02  0.000000000E+00  9.664622758E+00 
       329  1.320000000E+02  0.000000000E+00  9.671075036E+00 
       330  1.322500000E+02  0.000000000E+00  9.677393489E+00 
       331  1.325000000E+02  0.000000000E+00  9.683579605E+00 
       332  1.327500000E+02  0.000000000E+00  9.689634853E+00 
       333  1.330000000E+02  0.000000000E+00  9.695560676E+00 
       334  1.332500000E+02  0.000000000E+00  9.701358494E+00 
       335  1.335000000E+02  0.000000000E+00  9.707029706E+00 
       336  1.337500000E+02  0.000000000E+00  9.712575684E+00 
       337  1.340000000E+02  0.000000000E+00  9.717997781E+00 
       338  1.342500000E+02  0.000000000E+00  9.723297323E+00 
       339  1.345000000E+02  0.000000000E+00  9.728475611E+00 
       340  1.347500000E+02  0.000000000E+00  9.733533927E+00 
       341  1.350000000E+02  0.000000000E+00  9.738473523E+00 
       342  1.352500000E+02  0.000000000E+00  9.743295632E+00 
       343  1.355000000E+02  0.000000000E+00  9.748001458E+00 
       344  1.357500000E+02  0.000000000E+00  9.752592183E+00 
       345  1.360000000E+02  0.000000000E+00  9.757068965E+00 
       346  1.362500000E+02  0.000000000E+00  9.761432934E+00 
       347  1.365000000E+02  0.000000000E+00  9.765685199E+00 
       348  1.367500000E+02  0.000000000E+00  9.769826841E+00 
       349  1.370000000E+02  0.000000000E+00  9.773858917E+00 
       350  1.372500000E+02  0.000000000E+00  9.777782458E+00 
       351  1.375000000E+02  0.000000000E+00  9.781598471E+00 
       352  1.377500000E+02  0.000000000E+00  9.785307935E+00 
       353  1.380000000E+02  0.000000000E+00  9.788911807E+00 
       354  1.382500000E+02  0.000000000E+00  9.792411014E+00 
       355  1.385000000E+02  0.000000000E+00  9.795806461E+00 
       356  1.387500000E+02  0.000000000E+00  9.799099025E+00 
       357  1.390000000E+02  0.000000000E+00  9.802289556E+00 
       358  1.392500000E+02  0.000000000E+00  9.805378880E+00 
       359  1.395000000E+02  0.000000000E+00  9.808367795E+00 
       360  1.397500000E+02  0.000000000E+00  9.811257074E+00 
       361  1.400000000E+02  0.000000000E+00  9.814047463E+00 
       362  1.402500000E+02  0.000000000E+00  9.816739682E+00 
       363  1.405000000E+02  0.000000000E+00  9.819334422E+00 
       364  1.407500000E+02  0.000000000E+00  9.821832350E+00 
       365  1.410000000E+02  0.000000000E+00  9.824234106E+00 
       366  1.412500000E+02  0.000000000E+00  9.826540302E+00 
       367  1.415000000E+02  0.000000000E+00  9.828751522E+00 
       368  1.417500000E+02  0.000000000E+00  9.830868326E+00 
       369  1.420000000E+02  0.000000000E+00  9.832891245E+00 
       370  1.422500000E+02  0.000000000E+00  9.834820783E+00 
       371  1.425000000E+02  0.000000000E+00  9.836657417E+00 
       372  1.427500000E+02  0.000000000E+00  9.838401596E+00 
       373  1.430000000E+02  0.000000000E+00  9.840053743E+00 
       374  1.432500000E+02  0.000000000E+00  9.841614253E+00 
       375  1.435000000E+02  0.000000000E+00  9.843083493E+00 
       376  1.437500000E+02  0.000000000E+00  9.844461803E+00 
       377  1.440000000E+02  0.000000000E+00  9.845749496E+00 
       378  1.442500000E+02  0.000000000E+00  9.846946856E+00 
       379  1.445000000E+02  0.000000000E+00  9.848054140E+00 
       380  1.447500000E+02  0.000000000E+00  9.849071578E+00 
       381  1.450000000E+02  0.000000000E+00  9.849999371E+00 
       382  1.452500000E+02  0.000000000E+00  9.850837694E+00 
       383  1.455000000E+02  0.000000000E+00  9.851586693E+00 
       384  1.457500000E+02  0.000000000E+00  9.852246486E+00 
       385  1.460000000E+02  0.000000000E+00  9.852817163E+00 
       386  1.462500000E+02  0.000000000E+00  9.853298787E+00 
       387  1.465000000E+02  0.000000000E+00  9.853691394E+00 
       388  1.467500000E+02  0.000000000E+00  9.853994990E+00 
       389  1.470000000E+02  0.000000000E+00  9.854209554E+00 
       390  1.472500000E+02  0.000000000E+00  9.854335037E+00 
       391  1.475000000E+02  0.000000000E+00  9.854371363E+00 
       392  1.477500000E+02  0.000000000E+00  9.854318427E+00 
       393  1.480000000E+02  0.000000000E+00  9.854176095E+00 
       394  1.482500000E+02  0.000000000E+00  9.853944209E+00 
       395  1.485000000E+02  0.000000000E+00  9.853622579E+00 
       396  1.487500000E+02  0.000000000E+00  9.853210990E+00 
       397  1.490000000E+02  0.000000000E+00  9.852709196E+00 
       398  1.492500000E+02  0.000000000E+00  9.852116927E+00 
       399  1.495000000E+02  0.000000000E+00  9.851433881E+00 
       400  1.497500000E+02  0.000000000E+00  9.850659733E+00 
       401  1.500000000E+02  0.000000000E+00  9.849794126E+00 
       402  1.502500000E+02  0.000000000E+00  9.848836676E+00 
       403  1.505000000E+02  0.000000000E+00  9.847786974E+00 
       404  1.507500000E+02  0.000000000E+00  9.846644581E+00 
       405  1.510000000E+02  0.000000000E+00  9.845409031E+00 
       406  1.512500000E+02  0.000000000E+00  9.844079829E+00 
       407  1.515000000E+02  0.000000000E+00  9.842656455E+00 
       408  1.517500000E+02  0.000000000E+00  9.841138359E+00 
       409  1.520000000E+02  0.000000000E+00  9.839524967E+00 
       410  1.522500000E+02  0.000000000E+00  9.837815673E+00 
       411  1.525000000E+02  0.000000000E+00  9.836009848E+00 
       412  1.527500000E+02  0.000000000E+00  9.834106832E+00 
       413  1.530000000E+02  0.000000000E+00  9.832105942E+00 
       414  1.532500000E+02  0.000000000E+00  9.830006465E+00 
       415  1.535000000E+02  0.000000000E+00  9.827807661E+00 
       416  1.537500000E+02  0.000000000E+00  9.825508765E+00 
       417  1.540000000E+02  0.000000000E+00  9.823108983E+00 
       418  1.542500000E+02  0.000000000E+00  9.820607496E+00 
       419  1.545000000E+02  0.000000000E+00  9.818003457E+00 
       420  1.547500000E+02  0.000000000E+00  9.815295993E+00 
       421  1.550000000E+02  0.000000000E+00  9.812484205E+00 
       422  1.552500000E+02  0.000000000E+00  9.809567169E+00 
       423  1.555000000E+02  0.000000000E+00  9.806543930E+00 
       424  1.557500000E+02  0.000000000E+00  9.803413513E+00 
       425  1.560000000E+02  0.000000000E+00  9.800174913E+00 
       426  1.562500000E+02  0.000000000E+00  9.796827100E+00 
       427  1.565000000E+02  0.000000000E+00  9.793369019E+00 
       428  1.567500000E+02  0.000000000E+00  9.789799589E+00 
       429  1.570000000E+02  0.000000000E+00  9.786117703E+00 
       430  1.572500000E+02  0.000000000E+00  9.782322231E+00 
       431  1.575000000E+02  0.000000000E+00  9.778412015E+00 
       432  1.577500000E+02  0.000000000E+00  9.774385874E+00 
       433  1.580000000E+02  0.000000000E+00  9.770242601E+00 
       434  1.582500000E+02  0.000000000E+00  9.765980964E+00 
       435  1.585000000E+02  0.000000000E+00  9.761599708E+00 
       436  1.587500000E+02  0.000000000E+00  9.757097553E+00 
       437  1.590000000E+02  0.000000000E+00  9.752473196E+00 
       438  1.592500000E+02  0.000000000E+00  9.747725306E+00 
       439  1.595000000E+02  0.000000000E+00  9.742852534E+00 
       440  1.597500000E+02  0.000000000E+00  9.737853502E+00 
       441  1.600000000E+02  0.000000000E+00  9.732726813E+00 
       442  1.602500000E+02  0.000000000E+00  9.727471044E+00 
       443  1.605000000E+02  0.000000000E+00  9.722084750E+00 
       444  1.607500000E+02  0.000000000E+00  9.716566463E+00 
       445  1.610000000E+02  0.000000000E+00  9.710914693E+00 
       446  1.612500000E+02  0.000000000E+00  9.705127926E+00 
       447  1.615000000E+02  0.000000000E+00  9.699204628E+00 
       448  1.617500000E+02  0.000000000E+00  9.693143242E+00 
       449  1.620000000E+02  0.000000000E+00  9.686942189E+00 
       450  1.622500000E+02  0.000000000E+00  9.680599870E+00 
       451  1.625000000E+02  0.000000000E+00  9.674114662E+00 
       452  1.627500000E+02  0.000000000E+00  9.667484924E+00 
       453  1.630000000E+02  0.000000000E+00  9.660708993E+00 
       454  1.632500000E+02  0.000000000E+00  9.653785186E+00 
       455  1.635000000E+02  0.000000000E+00  9.646711798E+00 
       456  1.637500000E+02  0.000000000E+00  9.639487107E+00 
       457  1.640000000E+02  0.000000000E+00  9.632109369E+00 
       458  1.642500000E+02  0.000000000E+00  9.624576822E+00 
       459  1.645000000E+02  0.000000000E+00  9.616887683E+00 
       460  1.647500000E+02  0.000000000E+00  9.609040152E+00 
       461  1.650000000E+02  0.000000000E+00  9.601032411E+00 
       462  1.652500000E+02  0.000000000E+00  9.592862621E+00 
       463  1.655000000E+02  0.000000000E+00  9.584528928E+00 
       464  1.657500000E+02  0.000000000E+00  9.576029458E+00 
       465  1.660000000E+02  0.000000000E+00  9.567362320E+00 
       466  1.662500000E+02  0.000000000E+00  9.558525608E+00 
       467  1.665000000E+02  0.000000000E+00  9.549517396E+00 
       468  1.667500000E+02  0.000000000E+00  9.540335745E+00 
       469  1.670000000E+02  0.000000000E+00  9.530978697E+00 
       470  1.672500000E+02  0.000000000E+00  9.521444279E+00 
       471  1.675000000E+02  0.000000000E+00  9.511730504E+00 
       472  1.677500000E+02  0.000000000E+00  9.501835369E+00 
       473  1.680000000E+02  0.000000000E+00  9.491756854E+00 
       474  1.682500000E+02  0.000000000E+00  9.481492928E+00 
       475  1.685000000E+02  0.000000000E+00  9.471041544E+00 
       476  1.687500000E+02  0.000000000E+00  9.460400641E+00 
       477  1.690000000E+02  0.000000000E+00  9.449568145E+00 
       478  1.692500000E+02  0.000000000E+00  9.438541971E+00 
       479  1.695000000E+02  0.000000000E+00  9.427320017E+00 
       480  1.697500000E+02  0.000000000E+00  9.415900173E+00 
       481  1.700000000E+02  0.000000000E+00  9.404280313E+00 
       482  1.702500000E+02  0.000000000E+00  9.392458304E+00 
       483  1.705000000E+02  0.000000000E+00  9.380431997E+00 
       484  1.707500000E+02  0.000000000E+00  9.368199236E+00 
       485  1.710000000E+02  0.000000000E+00  9.355757852E+00 
       486  1.712500000E+02  0.000000000E+00  9.343105668E+00 
       487  1.715000000E+02  0.000000000E+00  9.330240496E+00 
       488  1.717500000E+02  0.000000000E+00  9.317160139E+00 
       489  1.720000000E+02  0.000000000E+00  9.303862392E+00 
       490  1.722500000E+02  0.000000000E+00  9.290345039E+00 
       491  1.725000000E+02  0.000000000E+00  9.276605860E+00 
       492  1.727500000E+02  0.000000000E+00  9.262642624E+00 
       493  1.730000000E+02  0.000000000E+00  9.248453094E+00 
       494  1.732500000E+02  0.000000000E+00  9.234035027E+00 
       495  1.735000000E+02  0.000000000E+00  9.219386173E+00 
       496  1.737500000E+02  0.000000000E+00  9.204504276E+00 
       497  1.740000000E+02  0.000000000E+00  9.189387075E+00 
       498  1.742500000E+02  0.000000000E+00  9.174032303E+00 
       499  1.745000000E+02  0.000000000E+00  9.158437690E+00 
       500  1.747500000E+02  0.000000000E+00  9.142600962E+00 
       501  1.750000000E+02  0.000000000E+00  9.126519839E+00 
       502  1.752500000E+02  0.000000000E+00  9.110192040E+00 
       503  1.755000000E+02  0.000000000E+00  9.093615282E+00 
       504  1.757500000E+02  0.000000000E+00  9.076787278E+00 
       505  1.760000000E+02  0.000000000E+00  9.059705741E+00 
       506  1.762500000E+02  0.000000000E+00  9.042368381E+00 
       507  1.765000000E+02  0.000000000E+00  9.024772910E+00 
       508  1.767500000E+02  0.000000000E+00  9.006917037E+00 
       509  1.770000000E+02  0.000000000E+00  8.988798474E+00 
       510  1.772500000E+02  0.000000000E+00  8.970414933E+00 
       511  1.775000000E+02  0.000000000E+00  8.951764127E+00 
       512  1.777500000E+02  0.000000000E+00  8.932843773E+00 
       513  1.780000000E+02  0.000000000E+00  8.913651589E+00 
       514  1.782500000E+02  0.000000000E+00  8.894185297E+00 
       515  1.785000000E+02  0.000000000E+00  8.874442623E+00 
       516  1.787500000E+02  0.000000000E+00  8.854421298E+00 
       517  1.790000000E+02  0.000000000E+00  8.834119059E+00 
       518  1.792500000E+02  0.000000000E+00  8.813533647E+00 
       519  1.795000000E+02  0.000000000E+00  8.792662812E+00 
       520  1.797500000E+02  0.000000000E+00  8.771504311E+00 
       521  1.800000000E+02  0.000000000E+00  8.750055908E+00 
       522  1.802500000E+02  0.000000000E+00  8.728315378E+00 
       523  1.805000000E+02  0.000000000E+00  8.706280507E+00 
       524  1.807500000E+02  0.000000000E+00  8.683949089E+00 
       525  1.810000000E+02  0.000000000E+00  8.661318932E+00 
       526  1.812500000E+02  0.000000000E+00  8.638387859E+00 
       527  1.815000000E+02  0.000000000E+00  8.615153703E+00 
       528  1.817500000E+02  0.000000000E+00  8.591614317E+00 
       529  1.820000000E+02  0.000000000E+00  8.567767569E+00 
       530  1.822500000E+02  0.000000000E+00  8.543611345E+00 
       531  1.825000000E+02  0.000000000E+00  8.519143552E+00 
       532  1.827500000E+02  0.000000000E+00  8.494362120E+00 
       533  1.830000000E+02  0.000000000E+00  8.469265001E+00 
       534  1.832500000E+02  0.000000000E+00  8.443850174E+00 
       535  1.835000000E+02  0.000000000E+00  8.418115645E+00 
       536  1.837500000E+02  0.000000000E+00  8.392059452E+00 
       537  1.840000000E+02  0.000000000E+00  8.365679668E+00 
       538  1.842500000E+02  0.000000000E+00  8.338974403E+00 
       539  1.845000000E+02  0.000000000E+00  8.311941805E+00 
       540  1.847500000E+02  0.000000000E+00  8.284580070E+00 
       541  1.850000000E+02  0.000000000E+00  8.256887444E+00 
       542  1.852500000E+02  0.000000000E+00  8.228862227E+00 
       543  1.855000000E+02  0.000000000E+00  8.200502780E+00 
       544  1.857500000E+02  0.000000000E+00  8.171807532E+00 
       545  1.860000000E+02  0.000000000E+00  8.142774989E+00 
       546  1.862500000E+02  0.000000000E+00  8.113403738E+00 
       547  1.865000000E+02  0.000000000E+00  8.083692465E+00 
       548  1.867500000E+02  0.000000000E+00  8.053639958E+00 
       549  1.870000000E+02  0.000000000E+00  8.023245126E+00 
       550  1.872500000E+02  0.000000000E+00  7.992507011E+00 
       551  1.875000000E+02  0.000000000E+00  7.961424806E+00 
       552  1.877500000E+02  0.000000000E+00  7.929997875E+00 
       553  1.880000000E+02  0.000000000E+00  7.898225775E+00 
       554  1.882500000E+02  0.000000000E+00  7.866108281E+00 
       555  1.885000000E+02  0.000000000E+00  7.833645416E+00 
       556  1.887500000E+02  0.000000000E+00  7.800837488E+00 
       557  1.890000000E+02  0.000000000E+00  7.767685122E+00 
       558  1.892500000E+02  0.000000000E+00  7.734189314E+00 
       559  1.895000000E+02  0.000000000E+00  7.700351475E+00 
       560  1.897500000E+02  0.000000000E+00  7.666173494E+00 
       561  1.900000000E+02  0.000000000E+00  7.631657808E+00 
       562  1.902500000E+02  0.000000000E+00  7.596807477E+00 
       563  1.905000000E+02  0.000000000E+00  7.561626279E+00 
       564  1.907500000E+02  0.000000000E+00  7.526118815E+00 
       565  1.910000000E+02  0.000000000E+00  7.490290626E+00 
       566  1.912500000E+02  0.000000000E+00  7.454148342E+00 
       567  1.915000000E+02  0.000000000E+00  7.417699835E+00 
       568  1.917500000E+02  0.000000000E+00  7.380954414E+00 
       569  1.920000000E+02  0.000000000E+00  7.343923039E+00 
       570  1.922500000E+02  0.000000000E+00  7.306618576E+00 
       571  1.925000000E+02  0.000000000E+00  7.269056089E+00 
       572  1.927500000E+02  0.000000000E+00  7.231253182E+00 
       573  1.930000000E+02  0.000000000E+00  7.193230392E+00 
       574  1.932500000E+02  0.000000000E+00  7.155011657E+00 
       575  1.935000000E+02  0.000000000E+00  7.116624855E+00 
       576  1.937500000E+02  0.000000000E+00  7.078102434E+00 
       577  1.940000000E+02  0.000000000E+00  7.039482161E+00 
       578  1.942500000E+02  0.000000000E+00  7.000807990E+00 
       579  1.945000000E+02  0.000000000E+00  6.962131102E+00 
       580  1.947500000E+02  0.000000000E+00  6.923511124E+00 
       581  1.950000000E+02  0.000000000E+00  6.885017587E+00 
       582  1.952500000E+02  0.000000000E+00  6.846731671E+00 
       583  1.955000000E+02  0.000000000E+00  6.808748300E+00 
       584  1.957500000E+02  0.000000000E+00  6.771178674E+00 
       585  1.960000000E+02  0.000000000E+00  6.734153361E+00 
       586  1.962500000E+02  0.000000000E+00  6.697826080E+00 
       587  1.965000000E+02  0.000000000E+00  6.662378398E+00 
       588  1.967500000E+02  0.000000000E+00  6.628025616E+00 
       589  1.970000000E+02  0.000000000E+00  6.595024223E+00 
       590  1.972500000E+02  0.000000000E+00  6.563681482E+00 
       591  1.975000000E+02  0.000000000E+00  6.534367980E+00 
       592  1.977500000E+02  0.000000000E+00  6.507534398E+00 
       593  1.980000000E+02  0.000000000E+00  6.483734471E+00 
       594  1.982500000E+02  0.000000000E+00  6.463657475E+00 
       595  1.985000000E+02  0.000000000E+00  6.448176028E+00 
       596  1.987500000E+02  0.000000000E+00  6.438420176E+00 
       597  1.990000000E+02  0.000000000E+00  6.435900249E+00 
       598  1.992500000E+02  0.000000000E+00  6.442729829E+00 
       599  1.995000000E+02  0.000000000E+00  6.462078914E+00 
       600  1.997500000E+02  0.000000000E+00  6.502230018E+00 
       601  2.000000000E+02  0.000000000E+00  5.586041749E+00 
       602  2.001999988E+02  0.000000000E+00  4.939745451E+00 
       603  2.004032879E+02  0.000000000E+00  5.158267581E+00 
       604  2.006099214E+02  0.000000000E+00  5.376175224E+00 
       605  2.008199543E+02  0.000000000E+00  5.591560851E+00 
       606  2.010334426E+02  0.000000000E+00  5.803773246E+00 
       607  2.012504431E+02  0.000000000E+00  6.012223618E+00 
       608  2.014710137E+02  0.000000000E+00  6.216371925E+00 
       609  2.016952129E+02  0.000000000E+00  6.415727799E+00 
       610  2.019231006E+02  0.000000000E+00  6.609851548E+00 
       611  2.021547374E+02  0.000000000E+00  6.798354849E+00 
       612  2.023901849E+02  0.000000000E+00  6.980901137E+00 
       613  2.026295060E+02  0.000000000E+00  7.157205480E+00 
       614  2.028727642E+02  0.000000000E+00  7.327034050E+00 
       615  2.031200245E+02  0.000000000E+00  7.493471159E+00 
       616  2.033713525E+02  0.000000000E+00  7.656230237E+00 
       617  2.036268153E+02  0.000000000E+00  7.752098279E+00 
       618  2.038864808E+02  0.000000000E+00  7.841578312E+00 
       619  2.041504183E+02  0.000000000E+00  7.989020392E+00 
       620  2.044186979E+02  0.000000000E+00  8.128127052E+00 
       621  2.046913911E+02  0.000000000E+00  8.256146228E+00 
       622  2.049685706E+02  0.000000000E+00  8.377133183E+00 
       623  2.052503101E+02  0.000000000E+00  8.491216926E+00 
       624  2.055366847E+02  0.000000000E+00  8.598554972E+00 
       625  2.058277705E+02  0.000000000E+00  8.699329818E+00 
       626  2.061236452E+02  0.000000000E+00  8.793745467E+00 
       627  2.064243875E+02  0.000000000E+00  8.882023970E+00 
       628  2.067300774E+02  0.000000000E+00  8.964402137E+00 
       629  2.070407965E+02  0.000000000E+00  9.041128379E+00 
       630  2.073566273E+02  0.000000000E+00  9.112459736E+00 
       631  2.076776540E+02  0.000000000E+00  9.178659099E+00 
       632  2.080039622E+02  0.000000000E+00  9.239992659E+00 
       633  2.083356386E+02  0.000000000E+00  9.296727552E+00 
       634  2.086727716E+02  0.000000000E+00  9.349129766E+00 
       635  2.090154510E+02  0.000000000E+00  9.397462246E+00 
       636  2.093637679E+02  0.000000000E+00  9.441983256E+00 
       637  2.097178153E+02  0.000000000E+00  9.482944927E+00 
       638  2.100776872E+02  0.000000000E+00  9.520592048E+00 
       639  2.104434797E+02  0.000000000E+00  9.555161044E+00 
       640  2.108152899E+02  0.000000000E+00  9.586879139E+00 
       641  2.111932170E+02  0.000000000E+00  9.615963715E+00 
       642  2.115773617E+02  0.000000000E+00  9.642621808E+00 
       643  2.119678260E+02  0.000000000E+00  9.667049777E+00 
       644  2.123647142E+02  0.000000000E+00  9.689433092E+00 
       645  2.127681317E+02  0.000000000E+00  9.709946246E+00 
       646  2.131781861E+02  0.000000000E+00  9.728752782E+00 
       647  2.135949866E+02  0.000000000E+00  9.746005396E+00 
       648  2.140186441E+02  0.000000000E+00  9.761846140E+00 
       649  2.144492713E+02  0.000000000E+00  9.776406680E+00 
       650  2.148869831E+02  0.000000000E+00  9.789808616E+00 
       651  2.153318959E+02  0.000000000E+00  9.802163850E+00 
       652  2.157841282E+02  0.000000000E+00  9.813574990E+00 
       653  2.162438005E+02  0.000000000E+00  9.824135787E+00 
       654  2.167110350E+02  0.000000000E+00  9.833931581E+00 
       655  2.171859563E+02  0.000000000E+00  9.843039781E+00 
       656  2.176686908E+02  0.000000000E+00  9.851530335E+00 
       657  2.181593671E+02  0.000000000E+00  9.859466211E+00 
       658  2.186581157E+02  0.000000000E+00  9.866903872E+00 
       659  2.191650695E+02  0.000000000E+00  9.873893750E+00 
       660  2.196803635E+02  0.000000000E+00  9.880480699E+00 
       661  2.202041348E+02  0.000000000E+00  9.886704447E+00 
       662  2.207365230E+02  0.000000000E+00  9.892600027E+00 
       663  2.212776699E+02  0.000000000E+00  9.898198189E+00 
       664  2.218277194E+02  0.000000000E+00  9.903525797E+00 
       665  2.223868182E+02  0.000000000E+00  9.908606204E+00 
       666  2.229551149E+02  0.000000000E+00  9.913459605E+00 
       667  2.235327610E+02  0.000000000E+00  9.918103372E+00 
       668  2.241199103E+02  0.000000000E+00  9.922552363E+00 
       669  2.247167191E+02  0.000000000E+00  9.926819217E+00 
       670  2.253233464E+02  0.000000000E+00  9.930914617E+00 
       671  2.259399536E+02  0.000000000E+00  9.934847543E+00 
       672  2.265667050E+02  0.000000000E+00  9.938625499E+00 
       673  2.272037674E+02  0.000000000E+00  9.942254718E+00 
       674  2.278513104E+02  0.000000000E+00  9.945740357E+00 
       675  2.285095066E+02  0.000000000E+00  9.949086661E+00 
       676  2.291785311E+02  0.000000000E+00  9.952297126E+00 
       677  2.298585621E+02  0.000000000E+00  9.955374626E+00 
       678  2.305497807E+02  0.000000000E+00  9.958321544E+00 
       679  2.312523708E+02  0.000000000E+00  9.961139870E+00 
       680  2.319665197E+02  0.000000000E+00  9.963831301E+00 
       681  2.326924175E+02  0.000000000E+00  9.966397314E+00 
       682  2.334302574E+02  0.000000000E+00  9.968839237E+00 
       683  2.341802359E+02  0.000000000E+00  9.971158300E+00 
       684  2.349425527E+02  0.000000000E+00  9.973355680E+00 
       685  2.357174108E+02  0.000000000E+00  9.975432533E+00 
       686  2.365050165E+02  0.000000000E+00  9.977390011E+00 
       687  2.373055796E+02  0.000000000E+00  9.979229282E+00 
       688  2.381193132E+02  0.000000000E+00  9.980951523E+00 
       689  2.389464340E+02  0.000000000E+00  9.982557917E+00 
       690  2.397871622E+02  0.000000000E+00  9.984049634E+00 
       691  2.406417216E+02  0.000000000E+00  9.985427804E+00 
       692  2.415103399E+02  0.000000000E+00  9.986693482E+00 
       693  2.423932484E+02  0.000000000E+00  9.987847602E+00 
       694  2.432906820E+02  0.000000000E+00  9.988890923E+00 
       695  2.442028798E+02  0.000000000E+00  9.989823961E+00 
       696  2.451300847E+02  0.000000000E+00  9.990646921E+00 
       697  2.460725436E+02  0.000000000E+00  9.991359605E+00 
       698  2.470305073E+02  0.000000000E+00  9.991961324E+00 
       699  2.480042311E+02  0.000000000E+00  9.992450789E+00 
       700  2.489939742E+02  0.000000000E+00  9.992825999E+00 
       701  2.500000000E+02  0.000000000E+00  9.993084119E+00 
       702  2.510060258E+02  0.000000000E+00  9.993220098E+00 
       703  2.519957689E+02  0.000000000E+00  9.993235742E+00 
       704  2.529694927E+02  0.000000000E+00  9.993136845E+00 
       705  2.539274564E+02  0.000000000E+00  9.992927968E+00 
       706  2.548699153E+02  0.000000000E+00  9.992612671E+00 
       707  2.557971202E+02  0.000000000E+00  9.992193741E+00 
       708  2.567093180E+02  0.000000000E+00  9.991673268E+00 
       709  2.576067516E+02  0.000000000E+00  9.991052776E+00 
       710  2.584896601E+02  0.000000000E+00  9.990333344E+00 
       711  2.593582784E+02  0.000000000E+00  9.989515708E+00 
       712  2.602128379E+02  0.000000000E+00  9.988600354E+00 
       713  2.610535660E+02  0.000000000E+00  9.987587605E+00 
       714  2.618806868E+02  0.000000000E+00  9.986477701E+00 
       715  2.626944204E+02  0.000000000E+00  9.985270871E+00 
       716  2.634949835E+02  0.000000000E+00  9.983967405E+00 
       717  2.642825892E+02  0.000000000E+00  9.982567717E+00 
       718  2.650574473E+02  0.000000000E+00  9.981072414E+00 
       719  2.658197641E+02  0.000000000E+00  9.979482353E+00 
       720  2.665697426E+02  0.000000000E+00  9.977798706E+00 
       721  2.673075825E+02  0.000000000E+00  9.976023025E+00 
       722  2.680334803E+02  0.000000000E+00  9.974157305E+00 
       723  2.687476292E+02  0.000000000E+00  9.972204055E+00 
       724  2.694502193E+02  0.000000000E+00  9.970166370E+00 
       725  2.701414379E+02  0.000000000E+00  9.968048012E+00 
       726  2.708214689E+02  0.000000000E+00  9.965853493E+00 
       727  2.714904934E+02  0.000000000E+00  9.963588174E+00 
       728  2.721486896E+02  0.000000000E+00  9.961258367E+00 
       729  2.727962326E+02  0.000000000E+00  9.958871449E+00 
       730  2.734332950E+02  0.000000000E+00  9.956435995E+00 
       731  2.740600464E+02  0.000000000E+00  9.953961912E+00 
       732  2.746766536E+02  0.000000000E+00  9.951460605E+00 
       733  2.752832808E+02  0.000000000E+00  9.948945145E+00 
       734  2.758800897E+02  0.000000000E+00  9.946430461E+00 
       735  2.764672390E+02  0.000000000E+00  9.943933555E+00 
       736  2.770448851E+02  0.000000000E+00  9.941473729E+00 
       737  2.776131818E+02  0.000000000E+00  9.939072841E+00 
       738  2.781722806E+02  0.000000000E+00  9.936755583E+00 
       739  2.787223301E+02  0.000000000E+00  9.934549779E+00 
       740  2.792634769E+02  0.000000000E+00  9.932486711E+00 
       741  2.797958652E+02  0.000000000E+00  9.930601471E+00 
       742  2.803196365E+02  0.000000000E+00  9.928933341E+00 
       743  2.808349305E+02  0.000000000E+00  9.927526194E+00 
       744  2.813418843E+02  0.000000000E+00  9.926428933E+00 
       745  2.818406329E+02  0.000000000E+00  9.925695955E+00 
       746  2.823313092E+02  0.000000000E+00  9.925387720E+00 
       747  2.828140437E+02  0.000000000E+00  9.925570887E+00 
       748  2.832889650E+02  0.000000000E+00  9.926319351E+00 
       749  2.837561995E+02  0.000000000E+00  9.927714886E+00 
       750  2.842158718E+02  0.000000000E+00  9.929847250E+00 
       751  2.846681041E+02  0.000000000E+00  9.932815127E+00 
       752  2.851130169E+02  0.000000000E+00  9.936726787E+00 
       753  2.855507287E+02  0.000000000E+00  9.941700790E+00 
       754  2.859813560E+02  0.000000000E+00  9.947866739E+00 
       755  2.864050134E+02  0.000000000E+00  9.955366067E+00 
       756  2.868218139E+02  0.000000000E+00  9.964352877E+00 
       757  2.872318683E+02  0.000000000E+00  9.974994815E+00 
       758  2.876352858E+02  0.000000000E+00  9.987474009E+00 
       759  2.880321740E+02  0.000000000E+00  1.000198806E+01 
       760  2.884226383E+02  0.000000000E+00  1.001875108E+01 
       761  2.888067830E+02  0.000000000E+00  1.003799484E+01 
       762  2.891847101E+02  0.000000000E+00  1.005996999E+01 
       763  2.895565204E+02  0.000000000E+00  1.008494734E+01 
       764  2.899223128E+02  0.000000000E+00  1.011321928E+01 
       765  2.902821847E+02  0.000000000E+00  1.014510135E+01 
       766  2.906362321E+02  0.000000000E+00  1.018093390E+01 
       767  2.909845490E+02  0.000000000E+00  1.022108401E+01 
       768  2.913272284E+02  0.000000000E+00  1.026594744E+01 
       769  2.916643614E+02  0.000000000E+00  1.031595104E+01 
       770  2.919960378E+02  0.000000000E+00  1.037155519E+01 
       771  2.923223460E+02  0.000000000E+00  1.043325669E+01 
       772  2.926433727E+02  0.000000000E+00  1.050159193E+01 
       773  2.929592035E+02  0.000000000E+00  1.057714050E+01 
       774  2.932699226E+02  0.000000000E+00  1.066052920E+01 
       775  2.935756125E+02  0.000000000E+00  1.075243663E+01 
       776  2.938763548E+02  0.000000000E+00  1.085359836E+01 
       777  2.941722295E+02  0.000000000E+00  1.096481284E+01 
       778  2.944633153E+02  0.000000000E+00  1.108694802E+01 
       779  2.947496899E+02  0.000000000E+00  1.122094907E+01 
       780  2.950314294E+02  0.000000000E+00  1.136784697E+01 
       781  2.953086088E+02  0.000000000E+00  1.152876853E+01 
       782  2.955813021E+02  0.000000000E+00  1.170494779E+01 
       783  2.958495817E+02  0.000000000E+00  1.189773903E+01 
       784  2.961135192E+02  0.000000000E+00  1.210863184E+01 
       785  2.963731847E+02  0.000000000E+00  1.233926848E+01 
       786  2.966286475E+02  0.000000000E+00  1.259146381E+01 
       787  2.968799755E+02  0.000000000E+00  1.286722845E+01 
       788  2.971272358E+02  0.000000000E+00  1.316879568E+01 
       789  2.973704940E+02  0.000000000E+00  1.349865259E+01 
       790  2.976098151E+02  0.000000000E+00  1.385957655E+01 
       791  2.978452626E+02  0.000000000E+00  1.425467779E+01 
       792  2.980768994E+02  0.000000000E+00  1.468744941E+01 
       793  2.983047871E+02  0.000000000E+00  1.516182631E+01 
       794  2.985289863E+02  0.000000000E+00  1.568225465E+01 
       795  2.987495568E+02  0.000000000E+00  1.544591657E+01 
       796  2.989665574E+02  0.000000000E+00  1.518808246E+01 
       797  2.991800457E+02  0.000000000E+00  1.568816138E+01 
       798  2.993900786E+02  0.000000000E+00  1.623748045E+01 
       799  2.995967121E+02  0.000000000E+00  1.684230702E+01 
       800  2.998000012E+02  0.000000000E+00  1.751510642E+01 
       801  3.000000000E+02  0.000000000E+00  1.656311781E+01 
       802  3.002500000E+02  0.000000000E+00  1.501764707E+01 
       803  3.005000000E+02  0.000000000E+00  1.515056561E+01 
       804  3.007500000E+02  0.000000000E+00  1.522784710E+01 
       805  3.010000000E+02  0.000000000E+00  1.527414257E+01 
       806  3.012500000E+02  0.000000000E+00  1.529782799E+01 
       807  3.015000000E+02  0.000000000E+00  1.530429600E+01 
       808  3.017500000E+02  0.000000000E+00  1.529729637E+01 
       809  3.020000000E+02  0.000000000E+00  1.527957660E+01 
       810  3.022500000E+02  0.000000000E+00  1.525322394E+01 
       811  3.025000000E+02  0.000000000E+00  1.521986561E+01 
       812  3.027500000E+02  0.000000000E+00  1.518079466E+01 
       813  3.030000000E+02  0.000000000E+00  1.513705362E+01 
       814  3.032500000E+02  0.000000000E+00  1.508949262E+01 
       815  3.035000000E+02  0.000000000E+00  1.503881109E+01 
       816  3.037500000E+02  0.000000000E+00  1.498558863E+01 
       817  3.040000000E+02  0.000000000E+00  1.493030831E+01 
       818  3.042500000E+02  0.000000000E+00  1.487337473E+01 
       819  3.045000000E+02  0.000000000E+00  1.481512805E+01 
       820  3.047500000E+02  0.000000000E+00  1.475585521E+01 
       821  3.050000000E+02  0.000000000E+00  1.469579894E+01 
       822  3.052500000E+02  0.000000000E+00  1.463516501E+01 
       823  3.055000000E+02  0.000000000E+00  1.457412817E+01 
       824  3.057500000E+02  0.000000000E+00  1.451283714E+01 
       825  3.060000000E+02  0.000000000E+00  1.445141855E+01 
       826  3.062500000E+02  0.000000000E+00  1.438998044E+01 
       827  3.065000000E+02  0.000000000E+00  1.432861498E+01 
       828  3.067500000E+02  0.000000000E+00  1.426740089E+01 
       829  3.070000000E+02  0.000000000E+00  1.420640545E+01 
       830  3.072500000E+02  0.000000000E+00  1.414568613E+01 
       831  3.075000000E+02  0.000000000E+00  1.408529206E+01 
       832  3.077500000E+02  0.000000000E+00  1.402526521E+01 
       833  3.080000000E+02  0.000000000E+00  1.396564144E+01 
       834  3.082500000E+02  0.000000000E+00  1.390645133E+01 
       835  3.085000000E+02  0.000000000E+00  1.384772098E+01 
       836  3.087500000E+02  0.000000000E+00  1.378947258E+01 
       837  3.090000000E+02  0.000000000E+00  1.373172502E+01 
       838  3.092500000E+02  0.000000000E+00  1.367449427E+01 
       839  3.095000000E+02  0.000000000E+00  1.361779385E+01 
       840  3.097500000E+02  0.000000000E+00  1.356163514E+01 
       841  3.100000000E+02  0.000000000E+00  1.350602766E+01 
       842  3.102500000E+02  0.000000000E+00  1.345097931E+01 
       843  3.105000000E+02  0.000000000E+00  1.339649662E+01 
       844  3.107500000E+02  0.000000000E+00  1.334258492E+01 
       845  3.110000000E+02  0.000000000E+00  1.328924846E+01 
       846  3.112500000E+02  0.000000000E+00  1.323649061E+01 
       847  3.115000000E+02  0.000000000E+00  1.318431390E+01 
       848  3.117500000E+02  0.000000000E+00  1.313272020E+01 
       849  3.120000000E+02  0.000000000E+00  1.308171074E+01 
       850  3.122500000E+02  0.000000000E+00  1.303128621E+01 
       851  3.125000000E+02  0.000000000E+00  1.298144684E+01 
       852  3.127500000E+02  0.000000000E+00  1.293219244E+01 
       853  3.130000000E+02  0.000000000E+00  1.288352241E+01 
       854  3.132500000E+02  0.000000000E+00  1.283543587E+01 
       855  3.135000000E+02  0.000000000E+00  1.278793161E+01 
       856  3.137500000E+02  0.000000000E+00  1.274100816E+01 
       857  3.140000000E+02  0.000000000E+00  1.269466381E+01 
       858  3.142500000E+02  0.000000000E+00  1.264889665E+01 
       859  3.145000000E+02  0.000000000E+00  1.260370454E+01 
       860  3.147500000E+02  0.000000000E+00  1.255908521E+01 
       861  3.150000000E+02  0.000000000E+00  1.251503619E+01 
       862  3.152500000E+02  0.000000000E+00  1.247155488E+01 
       863  3.155000000E+02  0.000000000E+00  1.242863853E+01 
       864  3.157500000E+02  0.000000000E+00  1.238628428E+01 
       865  3.160000000E+02  0.000000000E+00  1.234448914E+01 
       866  3.162500000E+02  0.000000000E+00  1.230325002E+01 
       867  3.165000000E+02  0.000000000E+00  1.226256373E+01 
       868  3.167500000E+02  0.000000000E+00  1.222242698E+01 
       869  3.170000000E+02  0.000000000E+00  1.218283640E+01 
       870  3.172500000E+02  0.000000000E+00  1.214378853E+01 
       871  3.175000000E+02  0.000000000E+00  1.210527984E+01 
       872  3.177500000E+02  0.000000000E+00  1.206730673E+01 
       873  3.180000000E+02  0.000000000E+00  1.202986552E+01 
       874  3.182500000E+02  0.000000000E+00  1.199295247E+01 
       875  3.185000000E+02  0.000000000E+00  1.195656379E+01 
       876  3.187500000E+02  0.000000000E+00  1.192069561E+01 
       877  3.190000000E+02  0.000000000E+00  1.188534403E+01 
       878  3.192500000E+02  0.000000000E+00  1.185050509E+01 
       879  3.195000000E+02  0.000000000E+00  1.181617477E+01 
       880  3.197500000E+02  0.000000000E+00  1.178234903E+01 
       881  3.200000000E+02  0.000000000E+00  1.174902376E+01 
       882  3.202500000E+02  0.000000000E+00  1.171619483E+01 
       883  3.205000000E+02  0.000000000E+00  1.168385806E+01 
       884  3.207500000E+02  0.000000000E+00  1.165200924E+01 
       885  3.210000000E+02  0.000000000E+00  1.162064414E+01 
       886  3.212500000E+02  0.000000000E+00  1.158975846E+01 
       887  3.215000000E+02  0.000000000E+00  1.155934792E+01 
       888  3.217500000E+02  0.000000000E+00  1.152940818E+01 
       889  3.220000000E+02  0.000000000E+00  1.149993488E+01 
       890  3.222500000E+02  0.000000000E+00  1.147092366E+01 
       891  3.225000000E+02  0.000000000E+00  1.144237011E+01 
       892  3.227500000E+02  0.000000000E+00  1.141426982E+01 
       893  3.230000000E+02  0.000000000E+00  1.138661836E+01 
       894  3.232500000E+02  0.000000000E+00  1.135941128E+01 
       895  3.235000000E+02  0.000000000E+00  1.133264412E+01 
       896  3.237500000E+02  0.000000000E+00  1.130631241E+01 
       897  3.240000000E+02  0.000000000E+00  1.128041167E+01 
       898  3.242500000E+02  0.000000000E+00  1.125493741E+01 
       899  3.245000000E+02  0.000000000E+00  1.122988515E+01 
       900  3.247500000E+02  0.000000000E+00  1.120525038E+01 
       901  3.250000000E+02  0.000000000E+00  1.118102861E+01 
       902  3.252500000E+02  0.000000000E+00  1.115721532E+01 
       903  3.255000000E+02  0.000000000E+00  1.113380604E+01 
       904  3.257500000E+02  0.000000000E+00  1.111079625E+01 
       905  3.260000000E+02  0.000000000E+00  1.108818146E+01 
       906  3.262500000E+02  0.000000000E+00  1.106595719E+01 
       907  3.265000000E+02  0.000000000E+00  1.104411895E+01 
       908  3.267500000E+02  0.000000000E+00  1.102266227E+01 
       909  3.270000000E+02  0.000000000E+00  1.100158269E+01 
       910  3.272500000E+02  0.000000000E+00  1.098087575E+01 
       911  3.275000000E+02  0.000000000E+00  1.096053702E+01 
       912  3.277500000E+02  0.000000000E+00  1.094056207E+01 
       913  3.280000000E+02  0.000000000E+00  1.092094649E+01 
       914  3.282500000E+02  0.000000000E+00  1.090168588E+01 
       915  3.285000000E+02  0.000000000E+00  1.088277586E+01 
       916  3.287500000E+02  0.000000000E+00  1.086421209E+01 
       917  3.290000000E+02  0.000000000E+00  1.084599021E+01 
       918  3.292500000E+02  0.000000000E+00  1.082810591E+01 
       919  3.295000000E+02  0.000000000E+00  1.081055491E+01 
       920  3.297500000E+02  0.000000000E+00  1.079333291E+01 
       921  3.300000000E+02  0.000000000E+00  1.077643569E+01 
       922  3.302500000E+02  0.000000000E+00  1.075985902E+01 
       923  3.305000000E+02  0.000000000E+00  1.074359869E+01 
       924  3.307500000E+02  0.000000000E+00  1.072765055E+01 
       925  3.310000000E+02  0.000000000E+00  1.071201046E+01 
       926  3.312500000E+02  0.000000000E+00  1.069667430E+01 
       927  3.315000000E+02  0.000000000E+00  1.068163800E+01 
       928  3.317500000E+02  0.000000000E+00  1.066689751E+01 
       929  3.320000000E+02  0.000000000E+00  1.065244881E+01 
       930  3.322500000E+02  0.000000000E+00  1.063828792E+01 
       931  3.325000000E+02  0.000000000E+00  1.062441088E+01 
       932  3.327500000E+02  0.000000000E+00  1.061081378E+01 
       933  3.330000000E+02  0.000000000E+00  1.059749275E+01 
       934  3.332500000E+02  0.000000000E+00  1.058444393E+01 
       935  3.335000000E+02  0.000000000E+00  1.057166352E+01 
       936  3.337500000E+02  0.000000000E+00  1.055914775E+01 
       937  3.340000000E+02  0.000000000E+00  1.054689288E+01 
       938  3.342500000E+02  0.000000000E+00  1.053489522E+01 
       939  3.345000000E+02  0.000000000E+00  1.052315112E+01 
       940  3.347500000E+02  0.000000000E+00  1.051165694E+01 
       941  3.350000000E+02  0.000000000E+00  1.050040913E+01 
       942  3.352500000E+02  0.000000000E+00  1.048940415E+01 
       943  3.355000000E+02  0.000000000E+00  1.047863849E+01 
       944  3.357500000E+02  0.000000000E+00  1.046810870E+01 
       945  3.360000000E+02  0.000000000E+00  1.045781139E+01 
       946  3.362500000E+02  0.000000000E+00  1.044774316E+01 
       947  3.365000000E+02  0.000000000E+00  1.043790071E+01 
       948  3.367500000E+02  0.000000000E+00  1.042828075E+01 
       949  3.370000000E+02  0.000000000E+00  1.041888004E+01 
       950  3.372500000E+02  0.000000000E+00  1.040969538E+01 
       951  3.375000000E+02  0.000000000E+00  1.040072362E+01 
       952  3.377500000E+02  0.000000000E+00  1.039196167E+01 
       953  3.380000000E+02  0.000000000E+00  1.038340645E+01 
       954  3.382500000E+02  0.000000000E+00  1.037505495E+01 
       955  3.385000000E+02  0.000000000E+00  1.036690420E+01 
       956  3.387500000E+02  0.000000000E+00  1.035895128E+01 
       957  3.390000000E+02  0.000000000E+00  1.035119330E+01 
       958  3.392500000E+02  0.000000000E+00  1.034362744E+01 
       959  3.395000000E+02  0.000000000E+00  1.033625091E+01 
       960  3.397500000E+02  0.000000000E+00  1.032906096E+01 
       961  3.400000000E+02  0.000000000E+00  1.032205491E+01 
       962  3.402500000E+02  0.000000000E+00  1.031523010E+01 
       963  3.405000000E+02  0.000000000E+00  1.030858395E+01 
       964  3.407500000E+02  0.000000000E+00  1.030211389E+01 
       965  3.410000000E+02  0.000000000E+00  1.029581742E+01 
       966  3.412500000E+02  0.000000000E+00  1.028969208E+01 
       967  3.415000000E+02  0.000000000E+00  1.028373547E+01 
       968  3.417500000E+02  0.000000000E+00  1.027794522E+01 
       969  3.420000000E+02  0.000000000E+00  1.027231900E+01 
       970  3.422500000E+02  0.000000000E+00  1.026685457E+01 
       971  3.425000000E+02  0.000000000E+00  1.026154968E+01 
       972  3.427500000E+02  0.000000000E+00  1.025640218E+01 
       973  3.430000000E+02  0.000000000E+00  1.025140993E+01 
       974  3.432500000E+02  0.000000000E+00  1.024657087E+01 
       975  3.435000000E+02  0.000000000E+00  1.024188295E+01 
       976  3.437500000E+02  0.000000000E+00  1.023734420E+01 
       977  3.440000000E+02  0.000000000E+00  1.023295267E+01 
       978  3.442500000E+02  0.000000000E+00  1.022870650E+01 
       979  3.445000000E+02  0.000000000E+00  1.022460383E+01 
       980  3.447500000E+02  0.000000000E+00  1.022064287E+01 
       981  3.450000000E+02  0.000000000E+00  1.021682188E+01 
       982  3.452500000E+02  0.000000000E+00  1.021313916E+01 
       983  3.455000000E+02  0.000000000E+00  1.020959307E+01 
       984  3.457500000E+02  0.000000000E+00  1.020618200E+01 
       985  3.460000000E+02  0.000000000E+00  1.020290440E+01 
       986  3.462500000E+02  0.000000000E+00  1.019975876E+01 
       987  3.465000000E+02  0.000000000E+00  1.019674361E+01 
       988  3.467500000E+02  0.000000000E+00  1.019385756E+01 
       989  3.470000000E+02  0.000000000E+00  1.019109923E+01 
       990  3.472500000E+02  0.000000000E+00  1.018846730E+01 
       991  3.475000000E+02  0.000000000E+00  1.018596051E+01 
       992  3.477500000E+02  0.000000000E+00  1.018357762E+01 
       993  3.480000000E+02  0.000000000E+00  1.018131747E+01 
       994  3.482500000E+02  0.000000000E+00  1.017917891E+01 
       995  3.485000000E+02  0.000000000E+00  1.017716086E+01 
       996  3.487500000E+02  0.000000000E+00  1.017526230E+01 
       997  3.490000000E+02  0.000000000E+00  1.017348221E+01 
       998  3.492500000E+02  0.000000000E+00  1.017181967E+01 
       999  3.495000000E+02  0.000000000E+00  1.017027376E+01 
      1000  3.497500000E+02  0.000000000E+00  1.016884364E+01 
      1001  3.500000000E+02  0.000000000E+00  1.016752850E+01 
      1002  3.502500000E+02  0.000000000E+00  1.016632758E+01 
      1003  3.505000000E+02  0.000000000E+00  1.016524016E+01 
      1004  3.507500000E+02  0.000000000E+00  1.016426558E+01 
      1005  3.510000000E+02  0.000000000E+00  1.016340320E+01 
      1006  3.512500000E+02  0.000000000E+00  1.016265246E+01 
      1007  3.515000000E+02  0.000000000E+00  1.016201281E+01 
      1008  3.517500000E+02  0.000000000E+00  1.016148377E+01 
      1009  3.520000000E+02  0.000000000E+00  1.016106490E+01 
      1010  3.522500000E+02  0.000000000E+00  1.016075581E+01 
      1011  3.525000000E+02  0.000000000E+00  1.016055613E+01 
      1012  3.527500000E+02  0.000000000E+00  1.016046556E+01 
      1013  3.530000000E+02  0.000000000E+00  1.016048384E+01 
      1014  3.532500000E+02  0.000000000E+00  1.016061075E+01 
      1015  3.535000000E+02  0.000000000E+00  1.016084612E+01 
      1016  3.537500000E+02  0.000000000E+00  1.016118981E+01 
      1017  3.540000000E+02  0.000000000E+00  1.016164175E+01 
      1018  3.542500000E+02  0.000000000E+00  1.016220190E+01 
      1019  3.545000000E+02  0.000000000E+00  1.016287026E+01 
      1020  3.547500000E+02  0.000000000E+00  1.016364687E+01 
      1021  3.550000000E+02  0.000000000E+00  1.016453183E+01 
      1022  3.552500000E+02  0.000000000E+00  1.016552529E+01 
      1023  3.555000000E+02  0.000000000E+00  1.016662741E+01 
      1024  3.557500000E+02  0.000000000E+00  1.016783842E+01 
      1025  3.560000000E+02  0.000000000E+00  1.016915859E+01 
      1026  3.562500000E+02  0.000000000E+00  1.017058823E+01 
      1027  3.565000000E+02  0.000000000E+00  1.017212771E+01 
      1028  3.567500000E+02  0.000000000E+00  1.017377740E+01 
      1029  3.570000000E+02  0.000000000E+00  1.017553777E+01 
      1030  3.572500000E+02  0.000000000E+00  1.017740929E+01 
      1031  3.575000000E+02  0.000000000E+00  1.017939249E+01 
      1032  3.577500000E+02  0.000000000E+00  1.018148795E+01 
      1033  3.580000000E+02  0.000000000E+00  1.018369627E+01 
      1034  3.582500000E+02  0.000000000E+00  1.018601813E+01 
      1035  3.585000000E+02  0.000000000E+00  1.018845421E+01 
      1036  3.587500000E+02  0.000000000E+00  1.019100526E+01 
      1037  3.590000000E+02  0.000000000E+00  1.019367206E+01 
      1038  3.592500000E+02  0.000000000E+00  1.019645546E+01 
      1039  3.595000000E+02  0.000000000E+00  1.019935631E+01 
      1040  3.597500000E+02  0.000000000E+00  1.020237553E+01 
      1041  3.600000000E+02  0.000000000E+00  1.020551408E+01 
      1042  3.602500000E+02  0.000000000E+00  1.020877295E+01 
      1043  3.605000000E+02  0.000000000E+00  1.021215319E+01 
      1044  3.607500000E+02  0.000000000E+00  1.021565588E+01 
      1045  3.610000000E+02  0.000000000E+00  1.021928215E+01 
      1046  3.612500000E+02  0.000000000E+00  1.022303315E+01 
      1047  3.615000000E+02  0.000000000E+00  1.022691011E+01 
      1048  3.617500000E+02  0.000000000E+00  1.023091427E+01 
      1049  3.620000000E+02  0.000000000E+00  1.023504692E+01 
      1050  3.622500000E+02  0.000000000E+00  1.023930940E+01 
      1051  3.625000000E+02  0.000000000E+00  1.024370308E+01 
      1052  3.627500000E+02  0.000000000E+00  1.024822938E+01 
      1053  3.630000000E+02  0.000000000E+00  1.025288975E+01 
      1054  3.632500000E+02  0.000000000E+00  1.025768571E+01 
      1055  3.635000000E+02  0.000000000E+00  1.026261878E+01 
      1056  3.637500000E+02  0.000000000E+00  1.026769055E+01 
      1057  3.640000000E+02  0.000000000E+00  1.027290264E+01 
      1058  3.642500000E+02  0.000000000E+00  1.027825671E+01 
      1059  3.645000000E+02  0.000000000E+00  1.028375448E+01 
      1060  3.647500000E+02  0.000000000E+00  1.028939767E+01 
      1061  3.650000000E+02  0.000000000E+00  1.029518809E+01 
      1062  3.652500000E+02  0.000000000E+00  1.030112754E+01 
      1063  3.655000000E+02  0.000000000E+00  1.030721791E+01 
      1064  3.657500000E+02  0.000000000E+00  1.031346108E+01 
      1065  3.660000000E+02  0.000000000E+00  1.031985902E+01 
      1066  3.662500000E+02  0.000000000E+00  1.032641370E+01 
      1067  3.665000000E+02  0.000000000E+00  1.033312714E+01 
      1068  3.667500000E+02  0.000000000E+00  1.034000142E+01 
      1069  3.670000000E+02  0.000000000E+00  1.034703864E+01 
      1070  3.672500000E+02  0.000000000E+00  1.035424093E+01 
      1071  3.675000000E+02  0.000000000E+00  1.036161048E+01 
      1072  3.677500000E+02  0.000000000E+00  1.036914951E+01 
      1073  3.680000000E+02  0.000000000E+00  1.037686028E+01 
      1074  3.682500000E+02  0.000000000E+00  1.038474509E+01 
      1075  3.685000000E+02  0.000000000E+00  1.039280626E+01 
      1076  3.687500000E+02  0.000000000E+00  1.040104618E+01 
      1077  3.690000000E+02  0.000000000E+00  1.040946726E+01 
      1078  3.692500000E+02  0.000000000E+00  1.041807194E+01 
      1079  3.695000000E+02  0.000000000E+00  1.042686271E+01 
      1080  3.697500000E+02  0.000000000E+00  1.043584209E+01 
      1081  3.700000000E+02  0.000000000E+00  1.044501264E+01 
      1082  3.702500000E+02  0.000000000E+00  1.045437697E+01 
      1083  3.705000000E+02  0.000000000E+00  1.046393770E+01 
      1084  3.707500000E+02  0.000000000E+00  1.047369749E+01 
      1085  3.710000000E+02  0.000000000E+00  1.048365907E+01 
      1086  3.712500000E+02  0.000000000E+00  1.049382516E+01 
      1087  3.715000000E+02  0.000000000E+00  1.050419855E+01 
      1088  3.717500000E+02  0.000000000E+00  1.051478203E+01 
      1089  3.720000000E+02  0.000000000E+00  1.052557847E+01 
      1090  3.722500000E+02  0.000000000E+00  1.053659073E+01 
      1091  3.725000000E+02  0.000000000E+00  1.054782174E+01 
      1092  3.727500000E+02  0.000000000E+00  1.055927443E+01 
      1093  3.730000000E+02  0.000000000E+00  1.057095178E+01 
      1094  3.732500000E+02  0.000000000E+00  1.058285682E+01 
      1095  3.735000000E+02  0.000000000E+00  1.059499259E+01 
      1096  3.737500000E+02  0.000000000E+00  1.060736215E+01 
      1097  3.740000000E+02  0.000000000E+00  1.061996863E+01 
      1098  3.742500000E+02  0.000000000E+00  1.063281516E+01 
      1099  3.745000000E+02  0.000000000E+00  1.064590491E+01 
      1100  3.747500000E+02  0.000000000E+00  1.065924108E+01 
      1101  3.750000000E+02  0.000000000E+00  1.067282691E+01 
      1102  3.752500000E+02  0.000000000E+00  1.068666566E+01 
      1103  3.755000000E+02  0.000000000E+00  1.070076060E+01 
      1104  3.757500000E+02  0.000000000E+00  1.071511507E+01 
      1105  3.760000000E+02  0.000000000E+00  1.072973240E+01 
      1106  3.762500000E+02  0.000000000E+00  1.074461597E+01 
      1107  3.765000000E+02  0.000000000E+00  1.075976918E+01 
      1108  3.767500000E+02  0.000000000E+00  1.077519545E+01 
      1109  3.770000000E+02  0.000000000E+00  1.079089823E+01 
      1110  3.772500000E+02  0.000000000E+00  1.080688100E+01 
      1111  3.775000000E+02  0.000000000E+00  1.082314725E+01 
      1112  3.777500000E+02  0.000000000E+00  1.083970051E+01 
      1113  3.780000000E+02  0.000000000E+00  1.085654432E+01 
      1114  3.782500000E+02  0.000000000E+00  1.087368225E+01 
      1115  3.785000000E+02  0.000000000E+00  1.089111789E+01 
      1116  3.787500000E+02  0.000000000E+00  1.090885484E+01 
      1117  3.790000000E+02  0.000000000E+00  1.092689674E+01 
      1118  3.792500000E+02  0.000000000E+00  1.094524722E+01 
      1119  3.795000000E+02  0.000000000E+00  1.096390996E+01 
      1120  3.797500000E+02  0.000000000E+00  1.098288862E+01 
      1121  3.800000000E+02  0.000000000E+00  1.100218692E+01 
      1122  3.802500000E+02  0.000000000E+00  1.102180855E+01 
      1123  3.805000000E+02  0.000000000E+00  1.104175725E+01 
      1124  3.807500000E+02  0.000000000E+00  1.106203674E+01 
      1125  3.810000000E+02  0.000000000E+00  1.108265078E+01 
      1126  3.812500000E+02  0.000000000E+00  1.110360312E+01 
      1127  3.815000000E+02  0.000000000E+00  1.112489752E+01 
      1128  3.817500000E+02  0.000000000E+00  1.114653775E+01 
      1129  3.820000000E+02  0.000000000E+00  1.116852760E+01 
      1130  3.822500000E+02  0.000000000E+00  1.119087083E+01 
      1131  3.825000000E+02  0.000000000E+00  1.121357122E+01 
      1132  3.827500000E+02  0.000000000E+00  1.123663256E+01 
      1133  3.830000000E+02  0.000000000E+00  1.126005862E+01 
      1134  3.832500000E+02  0.000000000E+00  1.128385316E+01 
      1135  3.835000000E+02  0.000000000E+00  1.130801995E+01 
      1136  3.837500000E+02  0.000000000E+00  1.133256272E+01 
      1137  3.840000000E+02  0.000000000E+00  1.135748522E+01 
      1138  3.842500000E+02  0.000000000E+00  1.138279114E+01 
      1139  3.845000000E+02  0.000000000E+00  1.140848419E+01 
      1140  3.847500000E+02  0.000000000E+00  1.143456801E+01 
      1141  3.850000000E+02  0.000000000E+00  1.146104623E+01 
      1142  3.852500000E+02  0.000000000E+00  1.148792244E+01 
      1143  3.855000000E+02  0.000000000E+00  1.151520017E+01 
      1144  3.857500000E+02  0.000000000E+00  1.154288290E+01 
      1145  3.860000000E+02  0.000000000E+00  1.157097406E+01 
      1146  3.862500000E+02  0.000000000E+00  1.159947699E+01 
      1147  3.865000000E+02  0.000000000E+00  1.162839495E+01 
      1148  3.867500000E+02  0.000000000E+00  1.165773109E+01 
      1149  3.870000000E+02  0.000000000E+00  1.168748847E+01 
      1150  3.872500000E+02  0.000000000E+00  1.171767001E+01 
      1151  3.875000000E+02  0.000000000E+00  1.174827846E+01 
      1152  3.877500000E+02  0.000000000E+00  1.177931643E+01 
      1153  3.880000000E+02  0.000000000E+00  1.181078630E+01 
      1154  3.882500000E+02  0.000000000E+00  1.184269023E+01 
      1155  3.885000000E+02  0.000000000E+00  1.187503014E+01 
      1156  3.887500000E+02  0.000000000E+00  1.190780760E+01 
      1157  3.890000000E+02  0.000000000E+00  1.194102387E+01 
      1158  3.892500000E+02  0.000000000E+00  1.197467977E+01 
      1159  3.895000000E+02  0.000000000E+00  1.200877568E+01 
      1160  3.897500000E+02  0.000000000E+00  1.204331143E+01 
      1161  3.900000000E+02  0.000000000E+00  1.207828622E+01 
      1162  3.902500000E+02  0.000000000E+00  1.211369852E+01 
      1163  3.905000000E+02  0.000000000E+00  1.214954599E+01 
      1164  3.907500000E+02  0.000000000E+00  1.218582531E+01 
      1165  3.910000000E+02  0.000000000E+00  1.222253204E+01 
      1166  3.912500000E+02  0.000000000E+00  1.225966044E+01 
      1167  3.915000000E+02  0.000000000E+00  1.229720326E+01 
      1168  3.917500000E+02  0.000000000E+00  1.233515153E+01 
      1169  3.920000000E+02  0.000000000E+00  1.237349421E+01 
      1170  3.922500000E+02  0.000000000E+00  1.241221792E+01 
      1171  3.925000000E+02  0.000000000E+00  1.245130655E+01 
      1172  3.927500000E+02  0.000000000E+00  1.249074077E+01 
      1173  3.930000000E+02  0.000000000E+00  1.253049753E+01 
      1174  3.932500000E+02  0.000000000E+00  1.257054944E+01 
      1175  3.935000000E+02  0.000000000E+00  1.261086402E+01 
      1176  3.937500000E+02  0.000000000E+00  1.265140287E+01 
      1177  3.940000000E+02  0.000000000E+00  1.269212061E+01 
      1178  3.942500000E+02  0.000000000E+00  1.273296372E+01 
      1179  3.945000000E+02  0.000000000E+00  1.277386909E+01 
      1180  3.947500000E+02  0.000000000E+00  1.281476232E+01 
      1181  3.950000000E+02  0.000000000E+00  1.285555571E+01 
      1182  3.952500000E+02  0.000000000E+00  1.289614577E+01 
      1183  3.955000000E+02  0.000000000E+00  1.293641034E+01 
      1184  3.957500000E+02  0.000000000E+00  1.297620497E+01 
      1185  3.960000000E+02  0.000000000E+00  1.301535856E+01 
      1186  3.962500000E+02  0.000000000E+00  1.305366799E+01 
      1187  3.965000000E+02  0.000000000E+00  1.309089140E+01 
      1188  3.967500000E+02  0.000000000E+00  1.312673979E+01 
      1189  3.970000000E+02  0.000000000E+00  1.316086629E+01 
      1190  3.972500000E+02  0.000000000E+00  1.319285220E+01 
      1191  3.975000000E+02  0.000000000E+00  1.322218871E+01 
      1192  3.977500000E+02  0.000000000E+00  1.324825211E+01 
      1193  3.980000000E+02  0.000000000E+00  1.327026944E+01 
      1194  3.982500000E+02  0.000000000E+00  1.328726918E+01 
      1195  3.985000000E+02  0.000000000E+00  1.329800736E+01 
      1196  3.987500000E+02  0.000000000E+00  1.330085053E+01 
      1197  3.990000000E+02  0.000000000E+00  1.329357689E+01 
      1198  3.992500000E+02  0.000000000E+00  1.327300568E+01 
      1199  3.995000000E+02  0.000000000E+00  1.323422440E+01 
      1200  3.997500000E+02  0.000000000E+00  1.316307767E+01 
      1201  4.000000000E+02  0.000000000E+00  1.452075313E+01 
      1202  4.002000034E+02  0.000000000E+00  1.541131002E+01 
      1203  4.004016387E+02  0.000000000E+00  1.496652666E+01 
      1204  4.006049192E+02  0.000000000E+00  1.456264245E+01 
      1205  4.008098583E+02  0.000000000E+00  1.419323213E+01 
      1206  4.010164696E+02  0.000000000E+00  1.385486314E+01 
      1207  4.012247666E+02  0.000000000E+00  1.354453178E+01 
      1208  4.014347631E+02  0.000000000E+00  1.325959405E+01 
      1209  4.016464731E+02  0.000000000E+00  1.299771154E+01 
      1210  4.018599104E+02  0.000000000E+00  1.275680775E+01 
      1211  4.020750892E+02  0.000000000E+00  1.253503198E+01 
      1212  4.022920237E+02  0.000000000E+00  1.233072916E+01 
      1213  4.025107282E+02  0.000000000E+00  1.213244696E+01 
      1214  4.027312172E+02  0.000000000E+00  1.194962390E+01 
      1215  4.029535052E+02  0.000000000E+00  1.179111544E+01 
      1216  4.031776069E+02  0.000000000E+00  1.164481703E+01 
      1217  4.034035370E+02  0.000000000E+00  1.150975420E+01 
      1218  4.036313106E+02  0.000000000E+00  1.138504148E+01 
      1219  4.038609426E+02  0.000000000E+00  1.126987249E+01 
      1220  4.040924483E+02  0.000000000E+00  1.116351134E+01 
      1221  4.043258428E+02  0.000000000E+00  1.106014989E+01 
      1222  4.045611417E+02  0.000000000E+00  1.096474370E+01 
      1223  4.047983604E+02  0.000000000E+00  1.088190869E+01 
      1224  4.050375146E+02  0.000000000E+00  1.080542763E+01 
      1225  4.052786201E+02  0.000000000E+00  1.073482954E+01 
      1226  4.055216929E+02  0.000000000E+00  1.066627659E+01 
      1227  4.057667489E+02  0.000000000E+00  1.059613878E+01 
      1228  4.060138044E+02  0.000000000E+00  1.052382165E+01 
      1229  4.062628756E+02  0.000000000E+00  1.046077961E+01 
      1230  4.065139791E+02  0.000000000E+00  1.041092339E+01 
      1231  4.067671314E+02  0.000000000E+00  1.036254696E+01 
      1232  4.070223492E+02  0.000000000E+00  1.031894998E+01 
      1233  4.072796494E+02  0.000000000E+00  1.027899922E+01 
      1234  4.075390490E+02  0.000000000E+00  1.024454241E+01 
      1235  4.078005650E+02  0.000000000E+00  1.021897291E+01 
      1236  4.080642148E+02  0.000000000E+00  1.019508990E+01 
      1237  4.083300158E+02  0.000000000E+00  1.017334298E+01 
      1238  4.085979855E+02  0.000000000E+00  1.015376776E+01 
      1239  4.088681416E+02  0.000000000E+00  1.016671281E+01 
      1240  4.091405020E+02  0.000000000E+00  1.017855806E+01 
      1241  4.094150846E+02  0.000000000E+00  1.015774372E+01 
      1242  4.096919076E+02  0.000000000E+00  1.013875949E+01 
      1243  4.099709892E+02  0.000000000E+00  1.012146528E+01 
      1244  4.102523480E+02  0.000000000E+00  1.010573090E+01 
      1245  4.105360024E+02  0.000000000E+00  1.009143538E+01 
      1246  4.108219711E+02  0.000000000E+00  1.007846633E+01 
      1247  4.111102732E+02  0.000000000E+00  1.006671936E+01 
      1248  4.114009276E+02  0.000000000E+00  1.005609752E+01 
      1249  4.116939535E+02  0.000000000E+00  1.004651080E+01 
      1250  4.119893702E+02  0.000000000E+00  1.003787567E+01 
      1251  4.122871973E+02  0.000000000E+00  1.003011462E+01 
      1252  4.125874544E+02  0.000000000E+00  1.002315578E+01 
      1253  4.128901614E+02  0.000000000E+00  1.001693253E+01 
      1254  4.131953383E+02  0.000000000E+00  1.001138315E+01 
      1255  4.135030051E+02  0.000000000E+00  1.000645047E+01 
      1256  4.138131823E+02  0.000000000E+00  1.000208160E+01 
      1257  4.141258902E+02  0.000000000E+00  9.998227594E+00 
      1258  4.144411496E+02  0.000000000E+00  9.994843232E+00 
      1259  4.147589813E+02  0.000000000E+00  9.991886728E+00 
      1260  4.150794062E+02  0.000000000E+00  9.989319509E+00 
      1261  4.154024455E+02  0.000000000E+00  9.987105993E+00 
      1262  4.157281206E+02  0.000000000E+00  9.985213379E+00 
      1263  4.160564529E+02  0.000000000E+00  9.983611454E+00 
      1264  4.163874641E+02  0.000000000E+00  9.982272412E+00 
      1265  4.167211762E+02  0.000000000E+00  9.981170679E+00 
      1266  4.170576110E+02  0.000000000E+00  9.980282758E+00 
      1267  4.173967909E+02  0.000000000E+00  9.979587077E+00 
      1268  4.177387382E+02  0.000000000E+00  9.979063849E+00 
      1269  4.180834756E+02  0.000000000E+00  9.978694944E+00 
      1270  4.184310257E+02  0.000000000E+00  9.978463765E+00 
      1271  4.187814116E+02  0.000000000E+00  9.978355122E+00 
      1272  4.191346563E+02  0.000000000E+00  9.978355129E+00 
      1273  4.194907832E+02  0.000000000E+00  9.978451136E+00 
      1274  4.198498158E+02  0.000000000E+00  9.978631608E+00 
      1275  4.202117779E+02  0.000000000E+00  9.978886027E+00 
      1276  4.205766933E+02  0.000000000E+00  9.979204829E+00 
      1277  4.209445860E+02  0.000000000E+00  9.979579324E+00 
      1278  4.213154806E+02  0.000000000E+00  9.980001629E+00 
      1279  4.216894013E+02  0.000000000E+00  9.980464600E+00 
      1280  4.220663728E+02  0.000000000E+00  9.980961772E+00 
      1281  4.224464202E+02  0.000000000E+00  9.981487304E+00 
      1282  4.228295685E+02  0.000000000E+00  9.982035928E+00 
      1283  4.232158429E+02  0.000000000E+00  9.982602897E+00 
      1284  4.236052691E+02  0.000000000E+00  9.983183947E+00 
      1285  4.239978726E+02  0.000000000E+00  9.983775249E+00 
      1286  4.243936795E+02  0.000000000E+00  9.984373376E+00 
      1287  4.247927158E+02  0.000000000E+00  9.984975267E+00 
      1288  4.251950080E+02  0.000000000E+00  9.985578195E+00 
      1289  4.256005825E+02  0.000000000E+00  9.986179735E+00 
      1290  4.260094662E+02  0.000000000E+00  9.986777742E+00 
      1291  4.264216861E+02  0.000000000E+00  9.987370321E+00 
      1292  4.268372694E+02  0.000000000E+00  9.987955805E+00 
      1293  4.272562434E+02  0.000000000E+00  9.988532736E+00 
      1294  4.276786360E+02  0.000000000E+00  9.989099846E+00 
      1295  4.281044750E+02  0.000000000E+00  9.989656038E+00 
      1296  4.285337884E+02  0.000000000E+00  9.990200367E+00 
      1297  4.289666047E+02  0.000000000E+00  9.990732033E+00 
      1298  4.294029525E+02  0.000000000E+00  9.991250359E+00 
      1299  4.298428605E+02  0.000000000E+00  9.991754787E+00 
      1300  4.302863578E+02  0.000000000E+00  9.992244860E+00 
      1301  4.307334737E+02  0.000000000E+00  9.992720216E+00 
      1302  4.311842377E+02  0.000000000E+00  9.993180576E+00 
      1303  4.316386795E+02  0.000000000E+00  9.993625739E+00 
      1304  4.320968293E+02  0.000000000E+00  9.994055571E+00 
      1305  4.325587172E+02  0.000000000E+00  9.994470001E+00 
      1306  4.330243737E+02  0.000000000E+00  9.994869014E+00 
      1307  4.334938296E+02  0.000000000E+00  9.995252641E+00 
      1308  4.339671159E+02  0.000000000E+00  9.995620962E+00 
      1309  4.344442638E+02  0.000000000E+00  9.995974094E+00 
      1310  4.349253049E+02  0.000000000E+00  9.996312191E+00 
      1311  4.354102708E+02  0.000000000E+00  9.996635438E+00 
      1312  4.358991937E+02  0.000000000E+00  9.996944048E+00 
      1313  4.363921059E+02  0.000000000E+00  9.997238260E+00 
      1314  4.368890398E+02  0.000000000E+00  9.997518334E+00 
      1315  4.373900283E+02  0.000000000E+00  9.997784549E+00 
      1316  4.378951044E+02  0.000000000E+00  9.998037203E+00 
      1317  4.384043016E+02  0.000000000E+00  9.998276606E+00 
      1318  4.389176534E+02  0.000000000E+00  9.998503083E+00 
      1319  4.394351937E+02  0.000000000E+00  9.998716969E+00 
      1320  4.399569568E+02  0.000000000E+00  9.998918606E+00 
      1321  4.404829770E+02  0.000000000E+00  9.999108346E+00 
      1322  4.410132892E+02  0.000000000E+00  9.999286547E+00 
      1323  4.415479282E+02  0.000000000E+00  9.999453569E+00 
      1324  4.420869295E+02  0.000000000E+00  9.999609778E+00 
      1325  4.426303286E+02  0.000000000E+00  9.999755540E+00 
      1326  4.431781614E+02  0.000000000E+00  9.999891224E+00 
      1327  4.437304641E+02  0.000000000E+00  1.000001720E+01 
      1328  4.442872731E+02  0.000000000E+00  1.000013383E+01 
      1329  4.448486253E+02  0.000000000E+00  1.000024148E+01 
      1330  4.454145576E+02  0.000000000E+00  1.000034051E+01 
      1331  4.459851075E+02  0.000000000E+00  1.000043129E+01 
      1332  4.465603126E+02  0.000000000E+00  1.000051416E+01 
      1333  4.471402109E+02  0.000000000E+00  1.000058948E+01 
      1334  4.477248408E+02  0.000000000E+00  1.000065759E+01 
      1335  4.483142407E+02  0.000000000E+00  1.000071883E+01 
      1336  4.489084497E+02  0.000000000E+00  1.000077352E+01 
      1337  4.495075070E+02  0.000000000E+00  1.000082200E+01 
      1338  4.501114521E+02  0.000000000E+00  1.000086457E+01 
      1339  4.507203248E+02  0.000000000E+00  1.000090156E+01 
      1340  4.513341655E+02  0.000000000E+00  1.000093324E+01 
      1341  4.519530147E+02  0.000000000E+00  1.000095993E+01 
      1342  4.525769132E+02  0.000000000E+00  1.000098189E+01 
      1343  4.532059021E+02  0.000000000E+00  1.000099941E+01 
      1344  4.538400232E+02  0.000000000E+00  1.000101274E+01 
      1345  4.544793181E+02  0.000000000E+00  1.000102214E+01 
      1346  4.551238292E+02  0.000000000E+00  1.000102785E+01 
      1347  4.557735990E+02  0.000000000E+00  1.000103010E+01 
      1348  4.564286703E+02  0.000000000E+00  1.000102913E+01 
      1349  4.570890866E+02  0.000000000E+00  1.000102514E+01 
      1350  4.577548913E+02  0.000000000E+00  1.000101833E+01 
      1351  4.584261284E+02  0.000000000E+00  1.000100891E+01 
      1352  4.591028423E+02  0.000000000E+00  1.000099706E+01 
      1353  4.597850777E+02  0.000000000E+00  1.000098295E+01 
      1354  4.604728795E+02  0.000000000E+00  1.000096675E+01 
      1355  4.611662932E+02  0.000000000E+00  1.000094862E+01 
      1356  4.618653647E+02  0.000000000E+00  1.000092870E+01 
      1357  4.625701400E+02  0.000000000E+00  1.000090713E+01 
      1358  4.632806657E+02  0.000000000E+00  1.000088406E+01 
      1359  4.639969887E+02  0.000000000E+00  1.000085959E+01 
      1360  4.647191564E+02  0.000000000E+00  1.000083384E+01 
      1361  4.654472164E+02  0.000000000E+00  1.000080693E+01 
      1362  4.661812167E+02  0.000000000E+00  1.000077895E+01 
      1363  4.669212059E+02  0.000000000E+00  1.000075000E+01 
      1364  4.676672328E+02  0.000000000E+00  1.000072016E+01 
      1365  4.684193468E+02  0.000000000E+00  1.000068951E+01 
      1366  4.691775973E+02  0.000000000E+00  1.000065813E+01 
      1367  4.699420346E+02  0.000000000E+00  1.000062608E+01 
      1368  4.707127091E+02  0.000000000E+00  1.000059342E+01 
      1369  4.714896716E+02  0.000000000E+00  1.000056019E+01 
      1370  4.722729736E+02  0.000000000E+00  1.000052644E+01 
      1371  4.730626666E+02  0.000000000E+00  1.000049219E+01 
      1372  4.738588030E+02  0.000000000E+00  1.000045746E+01 
      1373  4.746614352E+02  0.000000000E+00  1.000042222E+01 
      1374  4.754706162E+02  0.000000000E+00  1.000038646E+01 
      1375  4.762863994E+02  0.000000000E+00  1.000035010E+01 
      1376  4.771088389E+02  0.000000000E+00  1.000031302E+01 
      1377  4.779379887E+02  0.000000000E+00  1.000027507E+01 
      1378  4.787739038E+02  0.000000000E+00  1.000023598E+01 
      1379  4.796166392E+02  0.000000000E+00  1.000019540E+01 
      1380  4.804662507E+02  0.000000000E+00  1.000015280E+01 
      1381  4.813227944E+02  0.000000000E+00  1.000010748E+01 
      1382  4.821863268E+02  0.000000000E+00  1.000005844E+01 
      1383  4.830569049E+02  0.000000000E+00  1.000000431E+01 
      1384  4.839345862E+02  0.000000000E+00  9.999943209E+00 
      1385  4.848194287E+02  0.000000000E+00  9.999872538E+00 
      1386  4.857114908E+02  0.000000000E+00  9.999788728E+00 
      1387  4.866108314E+02  0.000000000E+00  9.999686868E+00 
      1388  4.875175099E+02  0.000000000E+00  9.999560204E+00 
      1389  4.884315862E+02  0.000000000E+00  9.999399428E+00 
      1390  4.893531206E+02  0.000000000E+00  9.999191701E+00 
      1391  4.902821741E+02  0.000000000E+00  9.998919278E+00 
      1392  4.912188078E+02  0.000000000E+00  9.998557597E+00 
      1393  4.921630837E+02  0.000000000E+00  9.998072592E+00 
      1394  4.931150642E+02  0.000000000E+00  9.997416909E+00 
      1395  4.940748120E+02  0.000000000E+00  9.996524600E+00 
      1396  4.950423907E+02  0.000000000E+00  9.995303604E+00 
      1397  4.960178639E+02  0.000000000E+00  9.993625075E+00 
      1398  4.970012963E+02  0.000000000E+00  9.991318708E+00 
      1399  4.979927527E+02  0.000000000E+00  9.986429125E+00 
      1400  4.989922986E+02  0.000000000E+00  9.979916923E+00 
      1401  5.000000000E+02  0.000000000E+00  9.976959145E+00 
