nodenumber     x-coordinate     y-coordinate           udm-11 
         1  0.000000000E+00  0.000000000E+00  1.000340935E+01 
         2  1.007701384E+00  0.000000000E+00  1.000324385E+01 
         3  2.007247274E+00  0.000000000E+00  1.000125670E+01 
         4  2.998703673E+00  0.000000000E+00  9.999478943E+00 
         5  3.982136051E+00  0.000000000E+00  9.999514325E+00 
         6  4.957609346E+00  0.000000000E+00  9.999515595E+00 
         7  5.925187975E+00  0.000000000E+00  9.999501347E+00 
         8  6.884935829E+00  0.000000000E+00  9.999475785E+00 
         9  7.836916284E+00  0.000000000E+00  9.999442001E+00 
        10  8.781192203E+00  0.000000000E+00  9.999402222E+00 
        11  9.717825941E+00  0.000000000E+00  9.999358061E+00 
        12  1.064687935E+01  0.000000000E+00  9.999310692E+00 
        13  1.156841377E+01  0.000000000E+00  9.999260970E+00 
        14  1.248249006E+01  0.000000000E+00  9.999209522E+00 
        15  1.338916858E+01  0.000000000E+00  9.999156811E+00 
        16  1.428850920E+01  0.000000000E+00  9.999103177E+00 
        17  1.518057130E+01  0.000000000E+00  9.999048876E+00 
        18  1.606541380E+01  0.000000000E+00  9.998994096E+00 
        19  1.694309512E+01  0.000000000E+00  9.998938980E+00 
        20  1.781367322E+01  0.000000000E+00  9.998883636E+00 
        21  1.867720559E+01  0.000000000E+00  9.998828144E+00 
        22  1.953374925E+01  0.000000000E+00  9.998772567E+00 
        23  2.038336076E+01  0.000000000E+00  9.998716951E+00 
        24  2.122609622E+01  0.000000000E+00  9.998661330E+00 
        25  2.206201128E+01  0.000000000E+00  9.998605732E+00 
        26  2.289116114E+01  0.000000000E+00  9.998550175E+00 
        27  2.371360056E+01  0.000000000E+00  9.998494673E+00 
        28  2.452938383E+01  0.000000000E+00  9.998439232E+00 
        29  2.533856484E+01  0.000000000E+00  9.998383857E+00 
        30  2.614119701E+01  0.000000000E+00  9.998328547E+00 
        31  2.693733335E+01  0.000000000E+00  9.998273297E+00 
        32  2.772702642E+01  0.000000000E+00  9.998218098E+00 
        33  2.851032837E+01  0.000000000E+00  9.998162939E+00 
        34  2.928729093E+01  0.000000000E+00  9.998107802E+00 
        35  3.005796541E+01  0.000000000E+00  9.998052668E+00 
        36  3.082240268E+01  0.000000000E+00  9.997997513E+00 
        37  3.158065324E+01  0.000000000E+00  9.997942305E+00 
        38  3.233276716E+01  0.000000000E+00  9.997887012E+00 
        39  3.307879409E+01  0.000000000E+00  9.997831595E+00 
        40  3.381878330E+01  0.000000000E+00  9.997776010E+00 
        41  3.455278365E+01  0.000000000E+00  9.997720206E+00 
        42  3.528084362E+01  0.000000000E+00  9.997664129E+00 
        43  3.600301127E+01  0.000000000E+00  9.997607716E+00 
        44  3.671933431E+01  0.000000000E+00  9.997550900E+00 
        45  3.742986002E+01  0.000000000E+00  9.997493606E+00 
        46  3.813463533E+01  0.000000000E+00  9.997435754E+00 
        47  3.883370678E+01  0.000000000E+00  9.997377254E+00 
        48  3.952712052E+01  0.000000000E+00  9.997318012E+00 
        49  4.021492235E+01  0.000000000E+00  9.997257923E+00 
        50  4.089715769E+01  0.000000000E+00  9.997196878E+00 
        51  4.157387159E+01  0.000000000E+00  9.997134756E+00 
        52  4.224510872E+01  0.000000000E+00  9.997071431E+00 
        53  4.291091342E+01  0.000000000E+00  9.997006768E+00 
        54  4.357132966E+01  0.000000000E+00  9.996940622E+00 
        55  4.422640104E+01  0.000000000E+00  9.996872839E+00 
        56  4.487617081E+01  0.000000000E+00  9.996803259E+00 
        57  4.552068189E+01  0.000000000E+00  9.996731708E+00 
        58  4.615997684E+01  0.000000000E+00  9.996658006E+00 
        59  4.679409786E+01  0.000000000E+00  9.996581963E+00 
        60  4.742308684E+01  0.000000000E+00  9.996503377E+00 
        61  4.804698530E+01  0.000000000E+00  9.996422038E+00 
        62  4.866583446E+01  0.000000000E+00  9.996337724E+00 
        63  4.927967516E+01  0.000000000E+00  9.996250203E+00 
        64  4.988854795E+01  0.000000000E+00  9.996159232E+00 
        65  5.049249303E+01  0.000000000E+00  9.996064558E+00 
        66  5.109155028E+01  0.000000000E+00  9.995965915E+00 
        67  5.168575926E+01  0.000000000E+00  9.995863026E+00 
        68  5.227515921E+01  0.000000000E+00  9.995755602E+00 
        69  5.285978905E+01  0.000000000E+00  9.995643343E+00 
        70  5.343968738E+01  0.000000000E+00  9.995525936E+00 
        71  5.401489250E+01  0.000000000E+00  9.995403056E+00 
        72  5.458544238E+01  0.000000000E+00  9.995274364E+00 
        73  5.515137472E+01  0.000000000E+00  9.995139508E+00 
        74  5.571272686E+01  0.000000000E+00  9.994998126E+00 
        75  5.626953590E+01  0.000000000E+00  9.994849839E+00 
        76  5.682183858E+01  0.000000000E+00  9.994694257E+00 
        77  5.736967139E+01  0.000000000E+00  9.994530975E+00 
        78  5.791307049E+01  0.000000000E+00  9.994359574E+00 
        79  5.845207178E+01  0.000000000E+00  9.994179622E+00 
        80  5.898671083E+01  0.000000000E+00  9.993990672E+00 
        81  5.951702297E+01  0.000000000E+00  9.993792263E+00 
        82  6.004304320E+01  0.000000000E+00  9.993583921E+00 
        83  6.056480627E+01  0.000000000E+00  9.993365154E+00 
        84  6.108234661E+01  0.000000000E+00  9.993135458E+00 
        85  6.159569842E+01  0.000000000E+00  9.992894313E+00 
        86  6.210489559E+01  0.000000000E+00  9.992641184E+00 
        87  6.260997174E+01  0.000000000E+00  9.992375519E+00 
        88  6.311096022E+01  0.000000000E+00  9.992096754E+00 
        89  6.360789412E+01  0.000000000E+00  9.991804304E+00 
        90  6.410080625E+01  0.000000000E+00  9.991497570E+00 
        91  6.458972916E+01  0.000000000E+00  9.991175936E+00 
        92  6.507469514E+01  0.000000000E+00  9.990838767E+00 
        93  6.555573621E+01  0.000000000E+00  9.990485409E+00 
        94  6.603288413E+01  0.000000000E+00  9.990115189E+00 
        95  6.650617042E+01  0.000000000E+00  9.989727414E+00 
        96  6.697562632E+01  0.000000000E+00  9.989321365E+00 
        97  6.744128283E+01  0.000000000E+00  9.988896304E+00 
        98  6.790317071E+01  0.000000000E+00  9.988451461E+00 
        99  6.836132046E+01  0.000000000E+00  9.987986043E+00 
       100  6.881576232E+01  0.000000000E+00  9.987499222E+00 
       101  6.926652631E+01  0.000000000E+00  9.986990137E+00 
       102  6.971364219E+01  0.000000000E+00  9.986457890E+00 
       103  7.015713949E+01  0.000000000E+00  9.985901540E+00 
       104  7.059704749E+01  0.000000000E+00  9.985320098E+00 
       105  7.103339524E+01  0.000000000E+00  9.984712524E+00 
       106  7.146621156E+01  0.000000000E+00  9.984077720E+00 
       107  7.189552503E+01  0.000000000E+00  9.983414521E+00 
       108  7.232136399E+01  0.000000000E+00  9.982721690E+00 
       109  7.274375656E+01  0.000000000E+00  9.981997907E+00 
       110  7.316273064E+01  0.000000000E+00  9.981241760E+00 
       111  7.357831389E+01  0.000000000E+00  9.980451736E+00 
       112  7.399053376E+01  0.000000000E+00  9.979626206E+00 
       113  7.439941746E+01  0.000000000E+00  9.978763412E+00 
       114  7.480499201E+01  0.000000000E+00  9.977861453E+00 
       115  7.520728416E+01  0.000000000E+00  9.976918269E+00 
       116  7.560632051E+01  0.000000000E+00  9.975931621E+00 
       117  7.600212738E+01  0.000000000E+00  9.974899074E+00 
       118  7.639473092E+01  0.000000000E+00  9.973817971E+00 
       119  7.678415706E+01  0.000000000E+00  9.972685413E+00 
       120  7.717043151E+01  0.000000000E+00  9.971498231E+00 
       121  7.755357977E+01  0.000000000E+00  9.970252960E+00 
       122  7.793362715E+01  0.000000000E+00  9.968945804E+00 
       123  7.831059875E+01  0.000000000E+00  9.967572606E+00 
       124  7.868451945E+01  0.000000000E+00  9.966128810E+00 
       125  7.905541395E+01  0.000000000E+00  9.964609423E+00 
       126  7.942330674E+01  0.000000000E+00  9.963008972E+00 
       127  7.978822211E+01  0.000000000E+00  9.961321457E+00 
       128  8.015018416E+01  0.000000000E+00  9.959540304E+00 
       129  8.050921679E+01  0.000000000E+00  9.957658310E+00 
       130  8.086534371E+01  0.000000000E+00  9.955667589E+00 
       131  8.121858844E+01  0.000000000E+00  9.953559506E+00 
       132  8.156897429E+01  0.000000000E+00  9.951324617E+00 
       133  8.191652442E+01  0.000000000E+00  9.948952596E+00 
       134  8.226126177E+01  0.000000000E+00  9.946432163E+00 
       135  8.260320909E+01  0.000000000E+00  9.943751003E+00 
       136  8.294238899E+01  0.000000000E+00  9.940895681E+00 
       137  8.327882384E+01  0.000000000E+00  9.937851555E+00 
       138  8.361253587E+01  0.000000000E+00  9.934602679E+00 
       139  8.394354712E+01  0.000000000E+00  9.931131703E+00 
       140  8.427187943E+01  0.000000000E+00  9.927419767E+00 
       141  8.459755450E+01  0.000000000E+00  9.923446386E+00 
       142  8.492059382E+01  0.000000000E+00  9.919189339E+00 
       143  8.524101873E+01  0.000000000E+00  9.914624535E+00 
       144  8.555885039E+01  0.000000000E+00  9.909725890E+00 
       145  8.587410979E+01  0.000000000E+00  9.904465188E+00 
       146  8.618681774E+01  0.000000000E+00  9.898811938E+00 
       147  8.649699489E+01  0.000000000E+00  9.892733225E+00 
       148  8.680466173E+01  0.000000000E+00  9.886193555E+00 
       149  8.710983857E+01  0.000000000E+00  9.879154697E+00 
       150  8.741254556E+01  0.000000000E+00  9.871575512E+00 
       151  8.771280270E+01  0.000000000E+00  9.863411787E+00 
       152  8.801062980E+01  0.000000000E+00  9.854616053E+00 
       153  8.830604654E+01  0.000000000E+00  9.845137412E+00 
       154  8.859907242E+01  0.000000000E+00  9.834921344E+00 
       155  8.888972679E+01  0.000000000E+00  9.823909528E+00 
       156  8.917802885E+01  0.000000000E+00  9.812039648E+00 
       157  8.946399764E+01  0.000000000E+00  9.799245203E+00 
       158  8.974765203E+01  0.000000000E+00  9.785455323E+00 
       159  9.002901076E+01  0.000000000E+00  9.770594573E+00 
       160  9.030809241E+01  0.000000000E+00  9.754582777E+00 
       161  9.058491540E+01  0.000000000E+00  9.737334833E+00 
       162  9.085949802E+01  0.000000000E+00  9.718760549E+00 
       163  9.113185839E+01  0.000000000E+00  9.698764474E+00 
       164  9.140201451E+01  0.000000000E+00  9.677245759E+00 
       165  9.166998421E+01  0.000000000E+00  9.654098021E+00 
       166  9.193578518E+01  0.000000000E+00  9.629209232E+00 
       167  9.219943499E+01  0.000000000E+00  9.602461632E+00 
       168  9.246095103E+01  0.000000000E+00  9.573731666E+00 
       169  9.272035058E+01  0.000000000E+00  9.542889780E+00 
       170  9.297765077E+01  0.000000000E+00  9.509801653E+00 
       171  9.323286858E+01  0.000000000E+00  9.474327283E+00 
       172  9.348602087E+01  0.000000000E+00  9.436318616E+00 
       173  9.373712436E+01  0.000000000E+00  9.394782130E+00 
       174  9.398619563E+01  0.000000000E+00  9.350145934E+00 
       175  9.423325112E+01  0.000000000E+00  9.302984238E+00 
       176  9.447830715E+01  0.000000000E+00  9.293281975E+00 
       177  9.472137990E+01  0.000000000E+00  9.280709123E+00 
       178  9.496248543E+01  0.000000000E+00  9.227798021E+00 
       179  9.520163964E+01  0.000000000E+00  9.168294098E+00 
       180  9.543885834E+01  0.000000000E+00  9.095060422E+00 
       181  9.567415720E+01  0.000000000E+00  9.020614832E+00 
       182  9.590755173E+01  0.000000000E+00  8.951045569E+00 
       183  9.613905737E+01  0.000000000E+00  8.879286128E+00 
       184  9.636868940E+01  0.000000000E+00  8.803191441E+00 
       185  9.659646297E+01  0.000000000E+00  8.722585809E+00 
       186  9.682239314E+01  0.000000000E+00  8.637296592E+00 
       187  9.704649481E+01  0.000000000E+00  8.544108958E+00 
       188  9.726878279E+01  0.000000000E+00  8.445719079E+00 
       189  9.748927176E+01  0.000000000E+00  8.341746989E+00 
       190  9.770797628E+01  0.000000000E+00  8.232250972E+00 
       191  9.792491078E+01  0.000000000E+00  8.116873810E+00 
       192  9.814008960E+01  0.000000000E+00  7.995698944E+00 
       193  9.835352693E+01  0.000000000E+00  7.871936160E+00 
       194  9.856523689E+01  0.000000000E+00  7.742354168E+00 
       195  9.877523344E+01  0.000000000E+00  7.611175756E+00 
       196  9.898353045E+01  0.000000000E+00  7.474286299E+00 
       197  9.919014168E+01  0.000000000E+00  7.327459439E+00 
       198  9.939508077E+01  0.000000000E+00  7.174726205E+00 
       199  9.959836126E+01  0.000000000E+00  7.016139467E+00 
       200  9.979999657E+01  0.000000000E+00  6.851959870E+00 
       201  1.000000000E+02  0.000000000E+00  7.326221041E+00 
       202  1.002500000E+02  0.000000000E+00  8.007067850E+00 
       203  1.005000000E+02  0.000000000E+00  7.984774975E+00 
       204  1.007500000E+02  0.000000000E+00  7.976670402E+00 
       205  1.010000000E+02  0.000000000E+00  7.976884721E+00 
       206  1.012500000E+02  0.000000000E+00  7.983230354E+00 
       207  1.015000000E+02  0.000000000E+00  7.994259249E+00 
       208  1.017500000E+02  0.000000000E+00  8.008942728E+00 
       209  1.020000000E+02  0.000000000E+00  8.026514858E+00 
       210  1.022500000E+02  0.000000000E+00  8.046386677E+00 
       211  1.025000000E+02  0.000000000E+00  8.068094765E+00 
       212  1.027500000E+02  0.000000000E+00  8.091268221E+00 
       213  1.030000000E+02  0.000000000E+00  8.115606323E+00 
       214  1.032500000E+02  0.000000000E+00  8.140862776E+00 
       215  1.035000000E+02  0.000000000E+00  8.166834239E+00 
       216  1.037500000E+02  0.000000000E+00  8.193351769E+00 
       217  1.040000000E+02  0.000000000E+00  8.220274281E+00 
       218  1.042500000E+02  0.000000000E+00  8.247483469E+00 
       219  1.045000000E+02  0.000000000E+00  8.274879813E+00 
       220  1.047500000E+02  0.000000000E+00  8.302379384E+00 
       221  1.050000000E+02  0.000000000E+00  8.329911270E+00 
       222  1.052500000E+02  0.000000000E+00  8.357415479E+00 
       223  1.055000000E+02  0.000000000E+00  8.384841227E+00 
       224  1.057500000E+02  0.000000000E+00  8.412145510E+00 
       225  1.060000000E+02  0.000000000E+00  8.439291930E+00 
       226  1.062500000E+02  0.000000000E+00  8.466249707E+00 
       227  1.065000000E+02  0.000000000E+00  8.492992851E+00 
       228  1.067500000E+02  0.000000000E+00  8.519499466E+00 
       229  1.070000000E+02  0.000000000E+00  8.545751161E+00 
       230  1.072500000E+02  0.000000000E+00  8.571732552E+00 
       231  1.075000000E+02  0.000000000E+00  8.597430833E+00 
       232  1.077500000E+02  0.000000000E+00  8.622835415E+00 
       233  1.080000000E+02  0.000000000E+00  8.647937621E+00 
       234  1.082500000E+02  0.000000000E+00  8.672730414E+00 
       235  1.085000000E+02  0.000000000E+00  8.697208178E+00 
       236  1.087500000E+02  0.000000000E+00  8.721366517E+00 
       237  1.090000000E+02  0.000000000E+00  8.745202090E+00 
       238  1.092500000E+02  0.000000000E+00  8.768712469E+00 
       239  1.095000000E+02  0.000000000E+00  8.791896010E+00 
       240  1.097500000E+02  0.000000000E+00  8.814751754E+00 
       241  1.100000000E+02  0.000000000E+00  8.837279328E+00 
       242  1.102500000E+02  0.000000000E+00  8.859478868E+00 
       243  1.105000000E+02  0.000000000E+00  8.881350951E+00 
       244  1.107500000E+02  0.000000000E+00  8.902896536E+00 
       245  1.110000000E+02  0.000000000E+00  8.924116912E+00 
       246  1.112500000E+02  0.000000000E+00  8.945013650E+00 
       247  1.115000000E+02  0.000000000E+00  8.965588574E+00 
       248  1.117500000E+02  0.000000000E+00  8.985843718E+00 
       249  1.120000000E+02  0.000000000E+00  9.005781302E+00 
       250  1.122500000E+02  0.000000000E+00  9.025403706E+00 
       251  1.125000000E+02  0.000000000E+00  9.044713449E+00 
       252  1.127500000E+02  0.000000000E+00  9.063713169E+00 
       253  1.130000000E+02  0.000000000E+00  9.082405606E+00 
       254  1.132500000E+02  0.000000000E+00  9.100793591E+00 
       255  1.135000000E+02  0.000000000E+00  9.118880030E+00 
       256  1.137500000E+02  0.000000000E+00  9.136667893E+00 
       257  1.140000000E+02  0.000000000E+00  9.154160209E+00 
       258  1.142500000E+02  0.000000000E+00  9.171360053E+00 
       259  1.145000000E+02  0.000000000E+00  9.188270539E+00 
       260  1.147500000E+02  0.000000000E+00  9.204894816E+00 
       261  1.150000000E+02  0.000000000E+00  9.221236063E+00 
       262  1.152500000E+02  0.000000000E+00  9.237297479E+00 
       263  1.155000000E+02  0.000000000E+00  9.253082283E+00 
       264  1.157500000E+02  0.000000000E+00  9.268593709E+00 
       265  1.160000000E+02  0.000000000E+00  9.283835003E+00 
       266  1.162500000E+02  0.000000000E+00  9.298809416E+00 
       267  1.165000000E+02  0.000000000E+00  9.313520209E+00 
       268  1.167500000E+02  0.000000000E+00  9.327970642E+00 
       269  1.170000000E+02  0.000000000E+00  9.342163977E+00 
       270  1.172500000E+02  0.000000000E+00  9.356103473E+00 
       271  1.175000000E+02  0.000000000E+00  9.369792388E+00 
       272  1.177500000E+02  0.000000000E+00  9.383233971E+00 
       273  1.180000000E+02  0.000000000E+00  9.396431468E+00 
       274  1.182500000E+02  0.000000000E+00  9.409388113E+00 
       275  1.185000000E+02  0.000000000E+00  9.422107132E+00 
       276  1.187500000E+02  0.000000000E+00  9.434591740E+00 
       277  1.190000000E+02  0.000000000E+00  9.446845139E+00 
       278  1.192500000E+02  0.000000000E+00  9.458870517E+00 
       279  1.195000000E+02  0.000000000E+00  9.470671048E+00 
       280  1.197500000E+02  0.000000000E+00  9.482249891E+00 
       281  1.200000000E+02  0.000000000E+00  9.493610187E+00 
       282  1.202500000E+02  0.000000000E+00  9.504755061E+00 
       283  1.205000000E+02  0.000000000E+00  9.515687619E+00 
       284  1.207500000E+02  0.000000000E+00  9.526410946E+00 
       285  1.210000000E+02  0.000000000E+00  9.536928111E+00 
       286  1.212500000E+02  0.000000000E+00  9.547242159E+00 
       287  1.215000000E+02  0.000000000E+00  9.557356114E+00 
       288  1.217500000E+02  0.000000000E+00  9.567272979E+00 
       289  1.220000000E+02  0.000000000E+00  9.576995734E+00 
       290  1.222500000E+02  0.000000000E+00  9.586527334E+00 
       291  1.225000000E+02  0.000000000E+00  9.595870712E+00 
       292  1.227500000E+02  0.000000000E+00  9.605028775E+00 
       293  1.230000000E+02  0.000000000E+00  9.614004406E+00 
       294  1.232500000E+02  0.000000000E+00  9.622800460E+00 
       295  1.235000000E+02  0.000000000E+00  9.631419769E+00 
       296  1.237500000E+02  0.000000000E+00  9.639865136E+00 
       297  1.240000000E+02  0.000000000E+00  9.648139337E+00 
       298  1.242500000E+02  0.000000000E+00  9.656245121E+00 
       299  1.245000000E+02  0.000000000E+00  9.664185209E+00 
       300  1.247500000E+02  0.000000000E+00  9.671962292E+00 
       301  1.250000000E+02  0.000000000E+00  9.679579036E+00 
       302  1.252500000E+02  0.000000000E+00  9.687038073E+00 
       303  1.255000000E+02  0.000000000E+00  9.694342009E+00 
       304  1.257500000E+02  0.000000000E+00  9.701493419E+00 
       305  1.260000000E+02  0.000000000E+00  9.708494848E+00 
       306  1.262500000E+02  0.000000000E+00  9.715348809E+00 
       307  1.265000000E+02  0.000000000E+00  9.722057787E+00 
       308  1.267500000E+02  0.000000000E+00  9.728624236E+00 
       309  1.270000000E+02  0.000000000E+00  9.735050575E+00 
       310  1.272500000E+02  0.000000000E+00  9.741339197E+00 
       311  1.275000000E+02  0.000000000E+00  9.747492459E+00 
       312  1.277500000E+02  0.000000000E+00  9.753512690E+00 
       313  1.280000000E+02  0.000000000E+00  9.759402185E+00 
       314  1.282500000E+02  0.000000000E+00  9.765163206E+00 
       315  1.285000000E+02  0.000000000E+00  9.770797986E+00 
       316  1.287500000E+02  0.000000000E+00  9.776308723E+00 
       317  1.290000000E+02  0.000000000E+00  9.781697585E+00 
       318  1.292500000E+02  0.000000000E+00  9.786966706E+00 
       319  1.295000000E+02  0.000000000E+00  9.792118187E+00 
       320  1.297500000E+02  0.000000000E+00  9.797154099E+00 
       321  1.300000000E+02  0.000000000E+00  9.802076478E+00 
       322  1.302500000E+02  0.000000000E+00  9.806887328E+00 
       323  1.305000000E+02  0.000000000E+00  9.811588623E+00 
       324  1.307500000E+02  0.000000000E+00  9.816182300E+00 
       325  1.310000000E+02  0.000000000E+00  9.820670267E+00 
       326  1.312500000E+02  0.000000000E+00  9.825054397E+00 
       327  1.315000000E+02  0.000000000E+00  9.829336533E+00 
       328  1.317500000E+02  0.000000000E+00  9.833518484E+00 
       329  1.320000000E+02  0.000000000E+00  9.837602027E+00 
       330  1.322500000E+02  0.000000000E+00  9.841588906E+00 
       331  1.325000000E+02  0.000000000E+00  9.845480833E+00 
       332  1.327500000E+02  0.000000000E+00  9.849279489E+00 
       333  1.330000000E+02  0.000000000E+00  9.852986520E+00 
       334  1.332500000E+02  0.000000000E+00  9.856603544E+00 
       335  1.335000000E+02  0.000000000E+00  9.860132144E+00 
       336  1.337500000E+02  0.000000000E+00  9.863573871E+00 
       337  1.340000000E+02  0.000000000E+00  9.866930247E+00 
       338  1.342500000E+02  0.000000000E+00  9.870202760E+00 
       339  1.345000000E+02  0.000000000E+00  9.873392867E+00 
       340  1.347500000E+02  0.000000000E+00  9.876501994E+00 
       341  1.350000000E+02  0.000000000E+00  9.879531535E+00 
       342  1.352500000E+02  0.000000000E+00  9.882482854E+00 
       343  1.355000000E+02  0.000000000E+00  9.885357284E+00 
       344  1.357500000E+02  0.000000000E+00  9.888156125E+00 
       345  1.360000000E+02  0.000000000E+00  9.890880648E+00 
       346  1.362500000E+02  0.000000000E+00  9.893532095E+00 
       347  1.365000000E+02  0.000000000E+00  9.896111674E+00 
       348  1.367500000E+02  0.000000000E+00  9.898620564E+00 
       349  1.370000000E+02  0.000000000E+00  9.901059916E+00 
       350  1.372500000E+02  0.000000000E+00  9.903430847E+00 
       351  1.375000000E+02  0.000000000E+00  9.905734448E+00 
       352  1.377500000E+02  0.000000000E+00  9.907971777E+00 
       353  1.380000000E+02  0.000000000E+00  9.910143864E+00 
       354  1.382500000E+02  0.000000000E+00  9.912251710E+00 
       355  1.385000000E+02  0.000000000E+00  9.914296285E+00 
       356  1.387500000E+02  0.000000000E+00  9.916278531E+00 
       357  1.390000000E+02  0.000000000E+00  9.918199360E+00 
       358  1.392500000E+02  0.000000000E+00  9.920059655E+00 
       359  1.395000000E+02  0.000000000E+00  9.921860272E+00 
       360  1.397500000E+02  0.000000000E+00  9.923602035E+00 
       361  1.400000000E+02  0.000000000E+00  9.925285742E+00 
       362  1.402500000E+02  0.000000000E+00  9.926912161E+00 
       363  1.405000000E+02  0.000000000E+00  9.928482033E+00 
       364  1.407500000E+02  0.000000000E+00  9.929996069E+00 
       365  1.410000000E+02  0.000000000E+00  9.931454953E+00 
       366  1.412500000E+02  0.000000000E+00  9.932859339E+00 
       367  1.415000000E+02  0.000000000E+00  9.934209855E+00 
       368  1.417500000E+02  0.000000000E+00  9.935507101E+00 
       369  1.420000000E+02  0.000000000E+00  9.936751648E+00 
       370  1.422500000E+02  0.000000000E+00  9.937944039E+00 
       371  1.425000000E+02  0.000000000E+00  9.939084791E+00 
       372  1.427500000E+02  0.000000000E+00  9.940174390E+00 
       373  1.430000000E+02  0.000000000E+00  9.941213299E+00 
       374  1.432500000E+02  0.000000000E+00  9.942201950E+00 
       375  1.435000000E+02  0.000000000E+00  9.943140748E+00 
       376  1.437500000E+02  0.000000000E+00  9.944030071E+00 
       377  1.440000000E+02  0.000000000E+00  9.944870269E+00 
       378  1.442500000E+02  0.000000000E+00  9.945661667E+00 
       379  1.445000000E+02  0.000000000E+00  9.946404559E+00 
       380  1.447500000E+02  0.000000000E+00  9.947099214E+00 
       381  1.450000000E+02  0.000000000E+00  9.947745873E+00 
       382  1.452500000E+02  0.000000000E+00  9.948344749E+00 
       383  1.455000000E+02  0.000000000E+00  9.948896029E+00 
       384  1.457500000E+02  0.000000000E+00  9.949399871E+00 
       385  1.460000000E+02  0.000000000E+00  9.949856408E+00 
       386  1.462500000E+02  0.000000000E+00  9.950265743E+00 
       387  1.465000000E+02  0.000000000E+00  9.950627953E+00 
       388  1.467500000E+02  0.000000000E+00  9.950943088E+00 
       389  1.470000000E+02  0.000000000E+00  9.951211169E+00 
       390  1.472500000E+02  0.000000000E+00  9.951432191E+00 
       391  1.475000000E+02  0.000000000E+00  9.951606121E+00 
       392  1.477500000E+02  0.000000000E+00  9.951732898E+00 
       393  1.480000000E+02  0.000000000E+00  9.951812433E+00 
       394  1.482500000E+02  0.000000000E+00  9.951844611E+00 
       395  1.485000000E+02  0.000000000E+00  9.951829288E+00 
       396  1.487500000E+02  0.000000000E+00  9.951766291E+00 
       397  1.490000000E+02  0.000000000E+00  9.951655423E+00 
       398  1.492500000E+02  0.000000000E+00  9.951496454E+00 
       399  1.495000000E+02  0.000000000E+00  9.951289130E+00 
       400  1.497500000E+02  0.000000000E+00  9.951033166E+00 
       401  1.500000000E+02  0.000000000E+00  9.950728250E+00 
       402  1.502500000E+02  0.000000000E+00  9.950374042E+00 
       403  1.505000000E+02  0.000000000E+00  9.949970174E+00 
       404  1.507500000E+02  0.000000000E+00  9.949516246E+00 
       405  1.510000000E+02  0.000000000E+00  9.949011835E+00 
       406  1.512500000E+02  0.000000000E+00  9.948456483E+00 
       407  1.515000000E+02  0.000000000E+00  9.947849708E+00 
       408  1.517500000E+02  0.000000000E+00  9.947190997E+00 
       409  1.520000000E+02  0.000000000E+00  9.946479807E+00 
       410  1.522500000E+02  0.000000000E+00  9.945715567E+00 
       411  1.525000000E+02  0.000000000E+00  9.944897676E+00 
       412  1.527500000E+02  0.000000000E+00  9.944025505E+00 
       413  1.530000000E+02  0.000000000E+00  9.943098393E+00 
       414  1.532500000E+02  0.000000000E+00  9.942115649E+00 
       415  1.535000000E+02  0.000000000E+00  9.941076555E+00 
       416  1.537500000E+02  0.000000000E+00  9.939980361E+00 
       417  1.540000000E+02  0.000000000E+00  9.938826286E+00 
       418  1.542500000E+02  0.000000000E+00  9.937613520E+00 
       419  1.545000000E+02  0.000000000E+00  9.936341222E+00 
       420  1.547500000E+02  0.000000000E+00  9.935008519E+00 
       421  1.550000000E+02  0.000000000E+00  9.933614510E+00 
       422  1.552500000E+02  0.000000000E+00  9.932158261E+00 
       423  1.555000000E+02  0.000000000E+00  9.930638808E+00 
       424  1.557500000E+02  0.000000000E+00  9.929055154E+00 
       425  1.560000000E+02  0.000000000E+00  9.927406271E+00 
       426  1.562500000E+02  0.000000000E+00  9.925691103E+00 
       427  1.565000000E+02  0.000000000E+00  9.923908556E+00 
       428  1.567500000E+02  0.000000000E+00  9.922057510E+00 
       429  1.570000000E+02  0.000000000E+00  9.920136810E+00 
       430  1.572500000E+02  0.000000000E+00  9.918145269E+00 
       431  1.575000000E+02  0.000000000E+00  9.916081669E+00 
       432  1.577500000E+02  0.000000000E+00  9.913944758E+00 
       433  1.580000000E+02  0.000000000E+00  9.911733252E+00 
       434  1.582500000E+02  0.000000000E+00  9.909445835E+00 
       435  1.585000000E+02  0.000000000E+00  9.907081159E+00 
       436  1.587500000E+02  0.000000000E+00  9.904637840E+00 
       437  1.590000000E+02  0.000000000E+00  9.902114463E+00 
       438  1.592500000E+02  0.000000000E+00  9.899509581E+00 
       439  1.595000000E+02  0.000000000E+00  9.896821712E+00 
       440  1.597500000E+02  0.000000000E+00  9.894049340E+00 
       441  1.600000000E+02  0.000000000E+00  9.891190916E+00 
       442  1.602500000E+02  0.000000000E+00  9.888244860E+00 
       443  1.605000000E+02  0.000000000E+00  9.885209555E+00 
       444  1.607500000E+02  0.000000000E+00  9.882083351E+00 
       445  1.610000000E+02  0.000000000E+00  9.878864565E+00 
       446  1.612500000E+02  0.000000000E+00  9.875551479E+00 
       447  1.615000000E+02  0.000000000E+00  9.872142342E+00 
       448  1.617500000E+02  0.000000000E+00  9.868635368E+00 
       449  1.620000000E+02  0.000000000E+00  9.865028737E+00 
       450  1.622500000E+02  0.000000000E+00  9.861320596E+00 
       451  1.625000000E+02  0.000000000E+00  9.857509056E+00 
       452  1.627500000E+02  0.000000000E+00  9.853592195E+00 
       453  1.630000000E+02  0.000000000E+00  9.849568055E+00 
       454  1.632500000E+02  0.000000000E+00  9.845434645E+00 
       455  1.635000000E+02  0.000000000E+00  9.841189940E+00 
       456  1.637500000E+02  0.000000000E+00  9.836831879E+00 
       457  1.640000000E+02  0.000000000E+00  9.832358368E+00 
       458  1.642500000E+02  0.000000000E+00  9.827767278E+00 
       459  1.645000000E+02  0.000000000E+00  9.823056445E+00 
       460  1.647500000E+02  0.000000000E+00  9.818223672E+00 
       461  1.650000000E+02  0.000000000E+00  9.813266727E+00 
       462  1.652500000E+02  0.000000000E+00  9.808183344E+00 
       463  1.655000000E+02  0.000000000E+00  9.802971221E+00 
       464  1.657500000E+02  0.000000000E+00  9.797628025E+00 
       465  1.660000000E+02  0.000000000E+00  9.792151385E+00 
       466  1.662500000E+02  0.000000000E+00  9.786538900E+00 
       467  1.665000000E+02  0.000000000E+00  9.780788133E+00 
       468  1.667500000E+02  0.000000000E+00  9.774896612E+00 
       469  1.670000000E+02  0.000000000E+00  9.768861833E+00 
       470  1.672500000E+02  0.000000000E+00  9.762681258E+00 
       471  1.675000000E+02  0.000000000E+00  9.756352316E+00 
       472  1.677500000E+02  0.000000000E+00  9.749872402E+00 
       473  1.680000000E+02  0.000000000E+00  9.743238877E+00 
       474  1.682500000E+02  0.000000000E+00  9.736449070E+00 
       475  1.685000000E+02  0.000000000E+00  9.729500278E+00 
       476  1.687500000E+02  0.000000000E+00  9.722389764E+00 
       477  1.690000000E+02  0.000000000E+00  9.715114758E+00 
       478  1.692500000E+02  0.000000000E+00  9.707672460E+00 
       479  1.695000000E+02  0.000000000E+00  9.700060036E+00 
       480  1.697500000E+02  0.000000000E+00  9.692274620E+00 
       481  1.700000000E+02  0.000000000E+00  9.684313316E+00 
       482  1.702500000E+02  0.000000000E+00  9.676173196E+00 
       483  1.705000000E+02  0.000000000E+00  9.667851300E+00 
       484  1.707500000E+02  0.000000000E+00  9.659344640E+00 
       485  1.710000000E+02  0.000000000E+00  9.650650193E+00 
       486  1.712500000E+02  0.000000000E+00  9.641764911E+00 
       487  1.715000000E+02  0.000000000E+00  9.632685712E+00 
       488  1.717500000E+02  0.000000000E+00  9.623409487E+00 
       489  1.720000000E+02  0.000000000E+00  9.613933097E+00 
       490  1.722500000E+02  0.000000000E+00  9.604253373E+00 
       491  1.725000000E+02  0.000000000E+00  9.594367120E+00 
       492  1.727500000E+02  0.000000000E+00  9.584271112E+00 
       493  1.730000000E+02  0.000000000E+00  9.573962099E+00 
       494  1.732500000E+02  0.000000000E+00  9.563436801E+00 
       495  1.735000000E+02  0.000000000E+00  9.552691910E+00 
       496  1.737500000E+02  0.000000000E+00  9.541724096E+00 
       497  1.740000000E+02  0.000000000E+00  9.530529998E+00 
       498  1.742500000E+02  0.000000000E+00  9.519106234E+00 
       499  1.745000000E+02  0.000000000E+00  9.507449393E+00 
       500  1.747500000E+02  0.000000000E+00  9.495556042E+00 
       501  1.750000000E+02  0.000000000E+00  9.483422722E+00 
       502  1.752500000E+02  0.000000000E+00  9.471045953E+00 
       503  1.755000000E+02  0.000000000E+00  9.458422230E+00 
       504  1.757500000E+02  0.000000000E+00  9.445548026E+00 
       505  1.760000000E+02  0.000000000E+00  9.432419792E+00 
       506  1.762500000E+02  0.000000000E+00  9.419033957E+00 
       507  1.765000000E+02  0.000000000E+00  9.405386930E+00 
       508  1.767500000E+02  0.000000000E+00  9.391475100E+00 
       509  1.770000000E+02  0.000000000E+00  9.377294836E+00 
       510  1.772500000E+02  0.000000000E+00  9.362842489E+00 
       511  1.775000000E+02  0.000000000E+00  9.348114389E+00 
       512  1.777500000E+02  0.000000000E+00  9.333106853E+00 
       513  1.780000000E+02  0.000000000E+00  9.317816176E+00 
       514  1.782500000E+02  0.000000000E+00  9.302238640E+00 
       515  1.785000000E+02  0.000000000E+00  9.286370511E+00 
       516  1.787500000E+02  0.000000000E+00  9.270208041E+00 
       517  1.790000000E+02  0.000000000E+00  9.253747467E+00 
       518  1.792500000E+02  0.000000000E+00  9.236985012E+00 
       519  1.795000000E+02  0.000000000E+00  9.219916891E+00 
       520  1.797500000E+02  0.000000000E+00  9.202539303E+00 
       521  1.800000000E+02  0.000000000E+00  9.184848440E+00 
       522  1.802500000E+02  0.000000000E+00  9.166840483E+00 
       523  1.805000000E+02  0.000000000E+00  9.148511606E+00 
       524  1.807500000E+02  0.000000000E+00  9.129857974E+00 
       525  1.810000000E+02  0.000000000E+00  9.110875749E+00 
       526  1.812500000E+02  0.000000000E+00  9.091561086E+00 
       527  1.815000000E+02  0.000000000E+00  9.071910136E+00 
       528  1.817500000E+02  0.000000000E+00  9.051919050E+00 
       529  1.820000000E+02  0.000000000E+00  9.031583979E+00 
       530  1.822500000E+02  0.000000000E+00  9.010901072E+00 
       531  1.825000000E+02  0.000000000E+00  8.989866484E+00 
       532  1.827500000E+02  0.000000000E+00  8.968476373E+00 
       533  1.830000000E+02  0.000000000E+00  8.946726904E+00 
       534  1.832500000E+02  0.000000000E+00  8.924614253E+00 
       535  1.835000000E+02  0.000000000E+00  8.902134605E+00 
       536  1.837500000E+02  0.000000000E+00  8.879284162E+00 
       537  1.840000000E+02  0.000000000E+00  8.856059141E+00 
       538  1.842500000E+02  0.000000000E+00  8.832455781E+00 
       539  1.845000000E+02  0.000000000E+00  8.808470347E+00 
       540  1.847500000E+02  0.000000000E+00  8.784099129E+00 
       541  1.850000000E+02  0.000000000E+00  8.759338454E+00 
       542  1.852500000E+02  0.000000000E+00  8.734184687E+00 
       543  1.855000000E+02  0.000000000E+00  8.708634236E+00 
       544  1.857500000E+02  0.000000000E+00  8.682683561E+00 
       545  1.860000000E+02  0.000000000E+00  8.656329182E+00 
       546  1.862500000E+02  0.000000000E+00  8.629567685E+00 
       547  1.865000000E+02  0.000000000E+00  8.602395734E+00 
       548  1.867500000E+02  0.000000000E+00  8.574810081E+00 
       549  1.870000000E+02  0.000000000E+00  8.546807578E+00 
       550  1.872500000E+02  0.000000000E+00  8.518385194E+00 
       551  1.875000000E+02  0.000000000E+00  8.489540027E+00 
       552  1.877500000E+02  0.000000000E+00  8.460269327E+00 
       553  1.880000000E+02  0.000000000E+00  8.430570514E+00 
       554  1.882500000E+02  0.000000000E+00  8.400441205E+00 
       555  1.885000000E+02  0.000000000E+00  8.369879241E+00 
       556  1.887500000E+02  0.000000000E+00  8.338882721E+00 
       557  1.890000000E+02  0.000000000E+00  8.307450033E+00 
       558  1.892500000E+02  0.000000000E+00  8.275579905E+00 
       559  1.895000000E+02  0.000000000E+00  8.243271448E+00 
       560  1.897500000E+02  0.000000000E+00  8.210524213E+00 
       561  1.900000000E+02  0.000000000E+00  8.177338258E+00 
       562  1.902500000E+02  0.000000000E+00  8.143714220E+00 
       563  1.905000000E+02  0.000000000E+00  8.109653402E+00 
       564  1.907500000E+02  0.000000000E+00  8.075157872E+00 
       565  1.910000000E+02  0.000000000E+00  8.040230576E+00 
       566  1.912500000E+02  0.000000000E+00  8.004875471E+00 
       567  1.915000000E+02  0.000000000E+00  7.969097678E+00 
       568  1.917500000E+02  0.000000000E+00  7.932903657E+00 
       569  1.920000000E+02  0.000000000E+00  7.896301414E+00 
       570  1.922500000E+02  0.000000000E+00  7.859300731E+00 
       571  1.925000000E+02  0.000000000E+00  7.821913449E+00 
       572  1.927500000E+02  0.000000000E+00  7.784153783E+00 
       573  1.930000000E+02  0.000000000E+00  7.746038693E+00 
       574  1.932500000E+02  0.000000000E+00  7.707588317E+00 
       575  1.935000000E+02  0.000000000E+00  7.668826479E+00 
       576  1.937500000E+02  0.000000000E+00  7.629781278E+00 
       577  1.940000000E+02  0.000000000E+00  7.590485787E+00 
       578  1.942500000E+02  0.000000000E+00  7.550978863E+00 
       579  1.945000000E+02  0.000000000E+00  7.511306120E+00 
       580  1.947500000E+02  0.000000000E+00  7.471521064E+00 
       581  1.950000000E+02  0.000000000E+00  7.431686458E+00 
       582  1.952500000E+02  0.000000000E+00  7.391875946E+00 
       583  1.955000000E+02  0.000000000E+00  7.352176008E+00 
       584  1.957500000E+02  0.000000000E+00  7.312688319E+00 
       585  1.960000000E+02  0.000000000E+00  7.273532623E+00 
       586  1.962500000E+02  0.000000000E+00  7.234850264E+00 
       587  1.965000000E+02  0.000000000E+00  7.196808556E+00 
       588  1.967500000E+02  0.000000000E+00  7.159606261E+00 
       589  1.970000000E+02  0.000000000E+00  7.123480516E+00 
       590  1.972500000E+02  0.000000000E+00  7.088715758E+00 
       591  1.975000000E+02  0.000000000E+00  7.055655407E+00 
       592  1.977500000E+02  0.000000000E+00  7.024717456E+00 
       593  1.980000000E+02  0.000000000E+00  6.996415868E+00 
       594  1.982500000E+02  0.000000000E+00  6.971390834E+00 
       595  1.985000000E+02  0.000000000E+00  6.950453348E+00 
       596  1.987500000E+02  0.000000000E+00  6.934654394E+00 
       597  1.990000000E+02  0.000000000E+00  6.925399839E+00 
       598  1.992500000E+02  0.000000000E+00  6.924659240E+00 
       599  1.995000000E+02  0.000000000E+00  6.935390811E+00 
       600  1.997500000E+02  0.000000000E+00  6.965387712E+00 
       601  2.000000000E+02  0.000000000E+00  6.057622038E+00 
       602  2.001999988E+02  0.000000000E+00  5.418076679E+00 
       603  2.004032879E+02  0.000000000E+00  5.626805549E+00 
       604  2.006099214E+02  0.000000000E+00  5.833549341E+00 
       605  2.008199543E+02  0.000000000E+00  6.036840737E+00 
       606  2.010334426E+02  0.000000000E+00  6.236151717E+00 
       607  2.012504431E+02  0.000000000E+00  6.431011977E+00 
       608  2.014710137E+02  0.000000000E+00  6.620999252E+00 
       609  2.016952129E+02  0.000000000E+00  6.805738864E+00 
       610  2.019231006E+02  0.000000000E+00  6.984903846E+00 
       611  2.021547374E+02  0.000000000E+00  7.158214625E+00 
       612  2.023901849E+02  0.000000000E+00  7.325438445E+00 
       613  2.026295060E+02  0.000000000E+00  7.486388418E+00 
       614  2.028727642E+02  0.000000000E+00  7.640922334E+00 
       615  2.031200245E+02  0.000000000E+00  7.792212732E+00 
       616  2.033713525E+02  0.000000000E+00  7.940039446E+00 
       617  2.036268153E+02  0.000000000E+00  8.019723004E+00 
       618  2.038864808E+02  0.000000000E+00  8.093378491E+00 
       619  2.041504183E+02  0.000000000E+00  8.226997767E+00 
       620  2.044186979E+02  0.000000000E+00  8.352686353E+00 
       621  2.046913911E+02  0.000000000E+00  8.467720409E+00 
       622  2.049685706E+02  0.000000000E+00  8.576237047E+00 
       623  2.052503101E+02  0.000000000E+00  8.678392143E+00 
       624  2.055366847E+02  0.000000000E+00  8.774363077E+00 
       625  2.058277705E+02  0.000000000E+00  8.864345658E+00 
       626  2.061236452E+02  0.000000000E+00  8.948551155E+00 
       627  2.064243875E+02  0.000000000E+00  9.027203344E+00 
       628  2.067300774E+02  0.000000000E+00  9.100535771E+00 
       629  2.070407965E+02  0.000000000E+00  9.168789135E+00 
       630  2.073566273E+02  0.000000000E+00  9.232208861E+00 
       631  2.076776540E+02  0.000000000E+00  9.291042859E+00 
       632  2.080039622E+02  0.000000000E+00  9.345539484E+00 
       633  2.083356386E+02  0.000000000E+00  9.395945669E+00 
       634  2.086727716E+02  0.000000000E+00  9.442505291E+00 
       635  2.090154510E+02  0.000000000E+00  9.485457710E+00 
       636  2.093637679E+02  0.000000000E+00  9.525036514E+00 
       637  2.097178153E+02  0.000000000E+00  9.561468438E+00 
       638  2.100776872E+02  0.000000000E+00  9.594972467E+00 
       639  2.104434797E+02  0.000000000E+00  9.625759106E+00 
       640  2.108152899E+02  0.000000000E+00  9.654029797E+00 
       641  2.111932170E+02  0.000000000E+00  9.679976489E+00 
       642  2.115773617E+02  0.000000000E+00  9.703781334E+00 
       643  2.119678260E+02  0.000000000E+00  9.725616507E+00 
       644  2.123647142E+02  0.000000000E+00  9.745644127E+00 
       645  2.127681317E+02  0.000000000E+00  9.764016276E+00 
       646  2.131781861E+02  0.000000000E+00  9.780875108E+00 
       647  2.135949866E+02  0.000000000E+00  9.796353022E+00 
       648  2.140186441E+02  0.000000000E+00  9.810572899E+00 
       649  2.144492713E+02  0.000000000E+00  9.823648401E+00 
       650  2.148869831E+02  0.000000000E+00  9.835684297E+00 
       651  2.153318959E+02  0.000000000E+00  9.846776839E+00 
       652  2.157841282E+02  0.000000000E+00  9.857014158E+00 
       653  2.162438005E+02  0.000000000E+00  9.866476681E+00 
       654  2.167110350E+02  0.000000000E+00  9.875237560E+00 
       655  2.171859563E+02  0.000000000E+00  9.883363115E+00 
       656  2.176686908E+02  0.000000000E+00  9.890913276E+00 
       657  2.181593671E+02  0.000000000E+00  9.897942022E+00 
       658  2.186581157E+02  0.000000000E+00  9.904497813E+00 
       659  2.191650695E+02  0.000000000E+00  9.910624020E+00 
       660  2.196803635E+02  0.000000000E+00  9.916359340E+00 
       661  2.202041348E+02  0.000000000E+00  9.921738194E+00 
       662  2.207365230E+02  0.000000000E+00  9.926791112E+00 
       663  2.212776699E+02  0.000000000E+00  9.931545103E+00 
       664  2.218277194E+02  0.000000000E+00  9.936024000E+00 
       665  2.223868182E+02  0.000000000E+00  9.940248793E+00 
       666  2.229551149E+02  0.000000000E+00  9.944237933E+00 
       667  2.235327610E+02  0.000000000E+00  9.948007626E+00 
       668  2.241199103E+02  0.000000000E+00  9.951572096E+00 
       669  2.247167191E+02  0.000000000E+00  9.954943836E+00 
       670  2.253233464E+02  0.000000000E+00  9.958133835E+00 
       671  2.259399536E+02  0.000000000E+00  9.961151783E+00 
       672  2.265667050E+02  0.000000000E+00  9.964006265E+00 
       673  2.272037674E+02  0.000000000E+00  9.966704926E+00 
       674  2.278513104E+02  0.000000000E+00  9.969254626E+00 
       675  2.285095066E+02  0.000000000E+00  9.971661578E+00 
       676  2.291785311E+02  0.000000000E+00  9.973931462E+00 
       677  2.298585621E+02  0.000000000E+00  9.976069534E+00 
       678  2.305497807E+02  0.000000000E+00  9.978080713E+00 
       679  2.312523708E+02  0.000000000E+00  9.979969662E+00 
       680  2.319665197E+02  0.000000000E+00  9.981740845E+00 
       681  2.326924175E+02  0.000000000E+00  9.983398586E+00 
       682  2.334302574E+02  0.000000000E+00  9.984947107E+00 
       683  2.341802359E+02  0.000000000E+00  9.986390560E+00 
       684  2.349425527E+02  0.000000000E+00  9.987733050E+00 
       685  2.357174108E+02  0.000000000E+00  9.988978646E+00 
       686  2.365050165E+02  0.000000000E+00  9.990131394E+00 
       687  2.373055796E+02  0.000000000E+00  9.991195305E+00 
       688  2.381193132E+02  0.000000000E+00  9.992174357E+00 
       689  2.389464340E+02  0.000000000E+00  9.993072475E+00 
       690  2.397871622E+02  0.000000000E+00  9.993893512E+00 
       691  2.406417216E+02  0.000000000E+00  9.994641224E+00 
       692  2.415103399E+02  0.000000000E+00  9.995319240E+00 
       693  2.423932484E+02  0.000000000E+00  9.995931024E+00 
       694  2.432906820E+02  0.000000000E+00  9.996479836E+00 
       695  2.442028798E+02  0.000000000E+00  9.996968683E+00 
       696  2.451300847E+02  0.000000000E+00  9.997400270E+00 
       697  2.460725436E+02  0.000000000E+00  9.997776940E+00 
       698  2.470305073E+02  0.000000000E+00  9.998100611E+00 
       699  2.480042311E+02  0.000000000E+00  9.998372708E+00 
       700  2.489939742E+02  0.000000000E+00  9.998594085E+00 
       701  2.500000000E+02  0.000000000E+00  9.998764954E+00 
       702  2.510060258E+02  0.000000000E+00  9.998883244E+00 
       703  2.519957689E+02  0.000000000E+00  9.998949345E+00 
       704  2.529694927E+02  0.000000000E+00  9.998965783E+00 
       705  2.539274564E+02  0.000000000E+00  9.998934158E+00 
       706  2.548699153E+02  0.000000000E+00  9.998855197E+00 
       707  2.557971202E+02  0.000000000E+00  9.998728910E+00 
       708  2.567093180E+02  0.000000000E+00  9.998554788E+00 
       709  2.576067516E+02  0.000000000E+00  9.998331834E+00 
       710  2.584896601E+02  0.000000000E+00  9.998058664E+00 
       711  2.593582784E+02  0.000000000E+00  9.997733581E+00 
       712  2.602128379E+02  0.000000000E+00  9.997354647E+00 
       713  2.610535660E+02  0.000000000E+00  9.996919755E+00 
       714  2.618806868E+02  0.000000000E+00  9.996426679E+00 
       715  2.626944204E+02  0.000000000E+00  9.995873144E+00 
       716  2.634949835E+02  0.000000000E+00  9.995256876E+00 
       717  2.642825892E+02  0.000000000E+00  9.994575659E+00 
       718  2.650574473E+02  0.000000000E+00  9.993827395E+00 
       719  2.658197641E+02  0.000000000E+00  9.993010157E+00 
       720  2.665697426E+02  0.000000000E+00  9.992122246E+00 
       721  2.673075825E+02  0.000000000E+00  9.991162260E+00 
       722  2.680334803E+02  0.000000000E+00  9.990129146E+00 
       723  2.687476292E+02  0.000000000E+00  9.989022278E+00 
       724  2.694502193E+02  0.000000000E+00  9.987841524E+00 
       725  2.701414379E+02  0.000000000E+00  9.986587327E+00 
       726  2.708214689E+02  0.000000000E+00  9.985260787E+00 
       727  2.714904934E+02  0.000000000E+00  9.983863754E+00 
       728  2.721486896E+02  0.000000000E+00  9.982398932E+00 
       729  2.727962326E+02  0.000000000E+00  9.980869983E+00 
       730  2.734332950E+02  0.000000000E+00  9.979281654E+00 
       731  2.740600464E+02  0.000000000E+00  9.977639906E+00 
       732  2.746766536E+02  0.000000000E+00  9.975952063E+00 
       733  2.752832808E+02  0.000000000E+00  9.974226967E+00 
       734  2.758800897E+02  0.000000000E+00  9.972475157E+00 
       735  2.764672390E+02  0.000000000E+00  9.970709061E+00 
       736  2.770448851E+02  0.000000000E+00  9.968943200E+00 
       737  2.776131818E+02  0.000000000E+00  9.967194419E+00 
       738  2.781722806E+02  0.000000000E+00  9.965482136E+00 
       739  2.787223301E+02  0.000000000E+00  9.963828603E+00 
       740  2.792634769E+02  0.000000000E+00  9.962259202E+00 
       741  2.797958652E+02  0.000000000E+00  9.960802753E+00 
       742  2.803196365E+02  0.000000000E+00  9.959491845E+00 
       743  2.808349305E+02  0.000000000E+00  9.958363203E+00 
       744  2.813418843E+02  0.000000000E+00  9.957458060E+00 
       745  2.818406329E+02  0.000000000E+00  9.956822575E+00 
       746  2.823313092E+02  0.000000000E+00  9.956508301E+00 
       747  2.828140437E+02  0.000000000E+00  9.956572423E+00 
       748  2.832889650E+02  0.000000000E+00  9.957078487E+00 
       749  2.837561995E+02  0.000000000E+00  9.958097038E+00 
       750  2.842158718E+02  0.000000000E+00  9.959705831E+00 
       751  2.846681041E+02  0.000000000E+00  9.961990472E+00 
       752  2.851130169E+02  0.000000000E+00  9.965045079E+00 
       753  2.855507287E+02  0.000000000E+00  9.968972884E+00 
       754  2.859813560E+02  0.000000000E+00  9.973886879E+00 
       755  2.864050134E+02  0.000000000E+00  9.979910493E+00 
       756  2.868218139E+02  0.000000000E+00  9.987178309E+00 
       757  2.872318683E+02  0.000000000E+00  9.995836809E+00 
       758  2.876352858E+02  0.000000000E+00  1.000604517E+01 
       759  2.880321740E+02  0.000000000E+00  1.001797608E+01 
       760  2.884226383E+02  0.000000000E+00  1.003181663E+01 
       761  2.888067830E+02  0.000000000E+00  1.004776926E+01 
       762  2.891847101E+02  0.000000000E+00  1.006605272E+01 
       763  2.895565204E+02  0.000000000E+00  1.008690315E+01 
       764  2.899223128E+02  0.000000000E+00  1.011057525E+01 
       765  2.902821847E+02  0.000000000E+00  1.013734345E+01 
       766  2.906362321E+02  0.000000000E+00  1.016750333E+01 
       767  2.909845490E+02  0.000000000E+00  1.020137303E+01 
       768  2.913272284E+02  0.000000000E+00  1.023929487E+01 
       769  2.916643614E+02  0.000000000E+00  1.028163710E+01 
       770  2.919960378E+02  0.000000000E+00  1.032879589E+01 
       771  2.923223460E+02  0.000000000E+00  1.038119747E+01 
       772  2.926433727E+02  0.000000000E+00  1.043930053E+01 
       773  2.929592035E+02  0.000000000E+00  1.050359895E+01 
       774  2.932699226E+02  0.000000000E+00  1.057462482E+01 
       775  2.935756125E+02  0.000000000E+00  1.065295183E+01 
       776  2.938763548E+02  0.000000000E+00  1.073919910E+01 
       777  2.941722295E+02  0.000000000E+00  1.083403552E+01 
       778  2.944633153E+02  0.000000000E+00  1.093818462E+01 
       779  2.947496899E+02  0.000000000E+00  1.105243016E+01 
       780  2.950314294E+02  0.000000000E+00  1.117762236E+01 
       781  2.953086088E+02  0.000000000E+00  1.131468508E+01 
       782  2.955813021E+02  0.000000000E+00  1.146462400E+01 
       783  2.958495817E+02  0.000000000E+00  1.162853584E+01 
       784  2.961135192E+02  0.000000000E+00  1.180761899E+01 
       785  2.963731847E+02  0.000000000E+00  1.200318564E+01 
       786  2.966286475E+02  0.000000000E+00  1.221667570E+01 
       787  2.968799755E+02  0.000000000E+00  1.244967272E+01 
       788  2.971272358E+02  0.000000000E+00  1.270392230E+01 
       789  2.973704940E+02  0.000000000E+00  1.298135321E+01 
       790  2.976098151E+02  0.000000000E+00  1.328410190E+01 
       791  2.978452626E+02  0.000000000E+00  1.361454081E+01 
       792  2.980768994E+02  0.000000000E+00  1.397531131E+01 
       793  2.983047871E+02  0.000000000E+00  1.436936206E+01 
       794  2.985289863E+02  0.000000000E+00  1.479999374E+01 
       795  2.987495568E+02  0.000000000E+00  1.457236021E+01 
       796  2.989665574E+02  0.000000000E+00  1.432369438E+01 
       797  2.991800457E+02  0.000000000E+00  1.472769667E+01 
       798  2.993900786E+02  0.000000000E+00  1.516911001E+01 
       799  2.995967121E+02  0.000000000E+00  1.565228656E+01 
       800  2.998000012E+02  0.000000000E+00  1.618625750E+01 
       801  3.000000000E+02  0.000000000E+00  1.537913011E+01 
       802  3.002500000E+02  0.000000000E+00  1.408273304E+01 
       803  3.005000000E+02  0.000000000E+00  1.417511049E+01 
       804  3.007500000E+02  0.000000000E+00  1.422304458E+01 
       805  3.010000000E+02  0.000000000E+00  1.424618776E+01 
       806  3.012500000E+02  0.000000000E+00  1.425130287E+01 
       807  3.015000000E+02  0.000000000E+00  1.424275343E+01 
       808  3.017500000E+02  0.000000000E+00  1.422357902E+01 
       809  3.020000000E+02  0.000000000E+00  1.419600938E+01 
       810  3.022500000E+02  0.000000000E+00  1.416173956E+01 
       811  3.025000000E+02  0.000000000E+00  1.412209132E+01 
       812  3.027500000E+02  0.000000000E+00  1.407811492E+01 
       813  3.030000000E+02  0.000000000E+00  1.403065686E+01 
       814  3.032500000E+02  0.000000000E+00  1.398040699E+01 
       815  3.035000000E+02  0.000000000E+00  1.392793242E+01 
       816  3.037500000E+02  0.000000000E+00  1.387370260E+01 
       817  3.040000000E+02  0.000000000E+00  1.381810833E+01 
       818  3.042500000E+02  0.000000000E+00  1.376147640E+01 
       819  3.045000000E+02  0.000000000E+00  1.370408107E+01 
       820  3.047500000E+02  0.000000000E+00  1.364615319E+01 
       821  3.050000000E+02  0.000000000E+00  1.358788754E+01 
       822  3.052500000E+02  0.000000000E+00  1.352944876E+01 
       823  3.055000000E+02  0.000000000E+00  1.347097618E+01 
       824  3.057500000E+02  0.000000000E+00  1.341258785E+01 
       825  3.060000000E+02  0.000000000E+00  1.335438383E+01 
       826  3.062500000E+02  0.000000000E+00  1.329644896E+01 
       827  3.065000000E+02  0.000000000E+00  1.323885514E+01 
       828  3.067500000E+02  0.000000000E+00  1.318166327E+01 
       829  3.070000000E+02  0.000000000E+00  1.312492486E+01 
       830  3.072500000E+02  0.000000000E+00  1.306868343E+01 
       831  3.075000000E+02  0.000000000E+00  1.301297565E+01 
       832  3.077500000E+02  0.000000000E+00  1.295783233E+01 
       833  3.080000000E+02  0.000000000E+00  1.290327923E+01 
       834  3.082500000E+02  0.000000000E+00  1.284933781E+01 
       835  3.085000000E+02  0.000000000E+00  1.279602583E+01 
       836  3.087500000E+02  0.000000000E+00  1.274335784E+01 
       837  3.090000000E+02  0.000000000E+00  1.269134563E+01 
       838  3.092500000E+02  0.000000000E+00  1.263999863E+01 
       839  3.095000000E+02  0.000000000E+00  1.258932421E+01 
       840  3.097500000E+02  0.000000000E+00  1.253932796E+01 
       841  3.100000000E+02  0.000000000E+00  1.249001394E+01 
       842  3.102500000E+02  0.000000000E+00  1.244138488E+01 
       843  3.105000000E+02  0.000000000E+00  1.239344235E+01 
       844  3.107500000E+02  0.000000000E+00  1.234618690E+01 
       845  3.110000000E+02  0.000000000E+00  1.229961822E+01 
       846  3.112500000E+02  0.000000000E+00  1.225373523E+01 
       847  3.115000000E+02  0.000000000E+00  1.220853617E+01 
       848  3.117500000E+02  0.000000000E+00  1.216401871E+01 
       849  3.120000000E+02  0.000000000E+00  1.212017999E+01 
       850  3.122500000E+02  0.000000000E+00  1.207701671E+01 
       851  3.125000000E+02  0.000000000E+00  1.203452518E+01 
       852  3.127500000E+02  0.000000000E+00  1.199270134E+01 
       853  3.130000000E+02  0.000000000E+00  1.195154083E+01 
       854  3.132500000E+02  0.000000000E+00  1.191103903E+01 
       855  3.135000000E+02  0.000000000E+00  1.187119106E+01 
       856  3.137500000E+02  0.000000000E+00  1.183199182E+01 
       857  3.140000000E+02  0.000000000E+00  1.179343605E+01 
       858  3.142500000E+02  0.000000000E+00  1.175551827E+01 
       859  3.145000000E+02  0.000000000E+00  1.171823290E+01 
       860  3.147500000E+02  0.000000000E+00  1.168157419E+01 
       861  3.150000000E+02  0.000000000E+00  1.164553628E+01 
       862  3.152500000E+02  0.000000000E+00  1.161011320E+01 
       863  3.155000000E+02  0.000000000E+00  1.157529889E+01 
       864  3.157500000E+02  0.000000000E+00  1.154108720E+01 
       865  3.160000000E+02  0.000000000E+00  1.150747189E+01 
       866  3.162500000E+02  0.000000000E+00  1.147444667E+01 
       867  3.165000000E+02  0.000000000E+00  1.144200519E+01 
       868  3.167500000E+02  0.000000000E+00  1.141014103E+01 
       869  3.170000000E+02  0.000000000E+00  1.137884774E+01 
       870  3.172500000E+02  0.000000000E+00  1.134811883E+01 
       871  3.175000000E+02  0.000000000E+00  1.131794776E+01 
       872  3.177500000E+02  0.000000000E+00  1.128832797E+01 
       873  3.180000000E+02  0.000000000E+00  1.125925286E+01 
       874  3.182500000E+02  0.000000000E+00  1.123071585E+01 
       875  3.185000000E+02  0.000000000E+00  1.120271030E+01 
       876  3.187500000E+02  0.000000000E+00  1.117522957E+01 
       877  3.190000000E+02  0.000000000E+00  1.114826702E+01 
       878  3.192500000E+02  0.000000000E+00  1.112181600E+01 
       879  3.195000000E+02  0.000000000E+00  1.109586986E+01 
       880  3.197500000E+02  0.000000000E+00  1.107042195E+01 
       881  3.200000000E+02  0.000000000E+00  1.104546563E+01 
       882  3.202500000E+02  0.000000000E+00  1.102099426E+01 
       883  3.205000000E+02  0.000000000E+00  1.099700121E+01 
       884  3.207500000E+02  0.000000000E+00  1.097347987E+01 
       885  3.210000000E+02  0.000000000E+00  1.095042365E+01 
       886  3.212500000E+02  0.000000000E+00  1.092782596E+01 
       887  3.215000000E+02  0.000000000E+00  1.090568027E+01 
       888  3.217500000E+02  0.000000000E+00  1.088398002E+01 
       889  3.220000000E+02  0.000000000E+00  1.086271871E+01 
       890  3.222500000E+02  0.000000000E+00  1.084188987E+01 
       891  3.225000000E+02  0.000000000E+00  1.082148705E+01 
       892  3.227500000E+02  0.000000000E+00  1.080150384E+01 
       893  3.230000000E+02  0.000000000E+00  1.078193384E+01 
       894  3.232500000E+02  0.000000000E+00  1.076277072E+01 
       895  3.235000000E+02  0.000000000E+00  1.074400816E+01 
       896  3.237500000E+02  0.000000000E+00  1.072563990E+01 
       897  3.240000000E+02  0.000000000E+00  1.070765972E+01 
       898  3.242500000E+02  0.000000000E+00  1.069006142E+01 
       899  3.245000000E+02  0.000000000E+00  1.067283887E+01 
       900  3.247500000E+02  0.000000000E+00  1.065598598E+01 
       901  3.250000000E+02  0.000000000E+00  1.063949669E+01 
       902  3.252500000E+02  0.000000000E+00  1.062336502E+01 
       903  3.255000000E+02  0.000000000E+00  1.060758500E+01 
       904  3.257500000E+02  0.000000000E+00  1.059215076E+01 
       905  3.260000000E+02  0.000000000E+00  1.057705643E+01 
       906  3.262500000E+02  0.000000000E+00  1.056229624E+01 
       907  3.265000000E+02  0.000000000E+00  1.054786444E+01 
       908  3.267500000E+02  0.000000000E+00  1.053375536E+01 
       909  3.270000000E+02  0.000000000E+00  1.051996336E+01 
       910  3.272500000E+02  0.000000000E+00  1.050648289E+01 
       911  3.275000000E+02  0.000000000E+00  1.049330844E+01 
       912  3.277500000E+02  0.000000000E+00  1.048043455E+01 
       913  3.280000000E+02  0.000000000E+00  1.046785584E+01 
       914  3.282500000E+02  0.000000000E+00  1.045556698E+01 
       915  3.285000000E+02  0.000000000E+00  1.044356269E+01 
       916  3.287500000E+02  0.000000000E+00  1.043183778E+01 
       917  3.290000000E+02  0.000000000E+00  1.042038709E+01 
       918  3.292500000E+02  0.000000000E+00  1.040920555E+01 
       919  3.295000000E+02  0.000000000E+00  1.039828815E+01 
       920  3.297500000E+02  0.000000000E+00  1.038762991E+01 
       921  3.300000000E+02  0.000000000E+00  1.037722596E+01 
       922  3.302500000E+02  0.000000000E+00  1.036707146E+01 
       923  3.305000000E+02  0.000000000E+00  1.035716166E+01 
       924  3.307500000E+02  0.000000000E+00  1.034749186E+01 
       925  3.310000000E+02  0.000000000E+00  1.033805742E+01 
       926  3.312500000E+02  0.000000000E+00  1.032885379E+01 
       927  3.315000000E+02  0.000000000E+00  1.031987645E+01 
       928  3.317500000E+02  0.000000000E+00  1.031112097E+01 
       929  3.320000000E+02  0.000000000E+00  1.030258299E+01 
       930  3.322500000E+02  0.000000000E+00  1.029425819E+01 
       931  3.325000000E+02  0.000000000E+00  1.028614233E+01 
       932  3.327500000E+02  0.000000000E+00  1.027823126E+01 
       933  3.330000000E+02  0.000000000E+00  1.027052084E+01 
       934  3.332500000E+02  0.000000000E+00  1.026300705E+01 
       935  3.335000000E+02  0.000000000E+00  1.025568591E+01 
       936  3.337500000E+02  0.000000000E+00  1.024855349E+01 
       937  3.340000000E+02  0.000000000E+00  1.024160597E+01 
       938  3.342500000E+02  0.000000000E+00  1.023483954E+01 
       939  3.345000000E+02  0.000000000E+00  1.022825050E+01 
       940  3.347500000E+02  0.000000000E+00  1.022183519E+01 
       941  3.350000000E+02  0.000000000E+00  1.021559002E+01 
       942  3.352500000E+02  0.000000000E+00  1.020951146E+01 
       943  3.355000000E+02  0.000000000E+00  1.020359606E+01 
       944  3.357500000E+02  0.000000000E+00  1.019784041E+01 
       945  3.360000000E+02  0.000000000E+00  1.019224117E+01 
       946  3.362500000E+02  0.000000000E+00  1.018679509E+01 
       947  3.365000000E+02  0.000000000E+00  1.018149893E+01 
       948  3.367500000E+02  0.000000000E+00  1.017634955E+01 
       949  3.370000000E+02  0.000000000E+00  1.017134387E+01 
       950  3.372500000E+02  0.000000000E+00  1.016647885E+01 
       951  3.375000000E+02  0.000000000E+00  1.016175153E+01 
       952  3.377500000E+02  0.000000000E+00  1.015715901E+01 
       953  3.380000000E+02  0.000000000E+00  1.015269843E+01 
       954  3.382500000E+02  0.000000000E+00  1.014836700E+01 
       955  3.385000000E+02  0.000000000E+00  1.014416201E+01 
       956  3.387500000E+02  0.000000000E+00  1.014008077E+01 
       957  3.390000000E+02  0.000000000E+00  1.013612068E+01 
       958  3.392500000E+02  0.000000000E+00  1.013227917E+01 
       959  3.395000000E+02  0.000000000E+00  1.012855375E+01 
       960  3.397500000E+02  0.000000000E+00  1.012494198E+01 
       961  3.400000000E+02  0.000000000E+00  1.012144147E+01 
       962  3.402500000E+02  0.000000000E+00  1.011804989E+01 
       963  3.405000000E+02  0.000000000E+00  1.011476496E+01 
       964  3.407500000E+02  0.000000000E+00  1.011158446E+01 
       965  3.410000000E+02  0.000000000E+00  1.010850623E+01 
       966  3.412500000E+02  0.000000000E+00  1.010552814E+01 
       967  3.415000000E+02  0.000000000E+00  1.010264813E+01 
       968  3.417500000E+02  0.000000000E+00  1.009986420E+01 
       969  3.420000000E+02  0.000000000E+00  1.009717439E+01 
       970  3.422500000E+02  0.000000000E+00  1.009457678E+01 
       971  3.425000000E+02  0.000000000E+00  1.009206953E+01 
       972  3.427500000E+02  0.000000000E+00  1.008965083E+01 
       973  3.430000000E+02  0.000000000E+00  1.008731891E+01 
       974  3.432500000E+02  0.000000000E+00  1.008507208E+01 
       975  3.435000000E+02  0.000000000E+00  1.008290868E+01 
       976  3.437500000E+02  0.000000000E+00  1.008082708E+01 
       977  3.440000000E+02  0.000000000E+00  1.007882574E+01 
       978  3.442500000E+02  0.000000000E+00  1.007690314E+01 
       979  3.445000000E+02  0.000000000E+00  1.007505780E+01 
       980  3.447500000E+02  0.000000000E+00  1.007328831E+01 
       981  3.450000000E+02  0.000000000E+00  1.007159329E+01 
       982  3.452500000E+02  0.000000000E+00  1.006997141E+01 
       983  3.455000000E+02  0.000000000E+00  1.006842137E+01 
       984  3.457500000E+02  0.000000000E+00  1.006694194E+01 
       985  3.460000000E+02  0.000000000E+00  1.006553193E+01 
       986  3.462500000E+02  0.000000000E+00  1.006419016E+01 
       987  3.465000000E+02  0.000000000E+00  1.006291554E+01 
       988  3.467500000E+02  0.000000000E+00  1.006170700E+01 
       989  3.470000000E+02  0.000000000E+00  1.006056350E+01 
       990  3.472500000E+02  0.000000000E+00  1.005948406E+01 
       991  3.475000000E+02  0.000000000E+00  1.005846774E+01 
       992  3.477500000E+02  0.000000000E+00  1.005751364E+01 
       993  3.480000000E+02  0.000000000E+00  1.005662088E+01 
       994  3.482500000E+02  0.000000000E+00  1.005578866E+01 
       995  3.485000000E+02  0.000000000E+00  1.005501619E+01 
       996  3.487500000E+02  0.000000000E+00  1.005430272E+01 
       997  3.490000000E+02  0.000000000E+00  1.005364755E+01 
       998  3.492500000E+02  0.000000000E+00  1.005305003E+01 
       999  3.495000000E+02  0.000000000E+00  1.005250951E+01 
      1000  3.497500000E+02  0.000000000E+00  1.005202542E+01 
      1001  3.500000000E+02  0.000000000E+00  1.005159720E+01 
      1002  3.502500000E+02  0.000000000E+00  1.005122435E+01 
      1003  3.505000000E+02  0.000000000E+00  1.005090638E+01 
      1004  3.507500000E+02  0.000000000E+00  1.005064286E+01 
      1005  3.510000000E+02  0.000000000E+00  1.005043339E+01 
      1006  3.512500000E+02  0.000000000E+00  1.005027761E+01 
      1007  3.515000000E+02  0.000000000E+00  1.005017518E+01 
      1008  3.517500000E+02  0.000000000E+00  1.005012582E+01 
      1009  3.520000000E+02  0.000000000E+00  1.005012927E+01 
      1010  3.522500000E+02  0.000000000E+00  1.005018531E+01 
      1011  3.525000000E+02  0.000000000E+00  1.005029375E+01 
      1012  3.527500000E+02  0.000000000E+00  1.005045446E+01 
      1013  3.530000000E+02  0.000000000E+00  1.005066731E+01 
      1014  3.532500000E+02  0.000000000E+00  1.005093222E+01 
      1015  3.535000000E+02  0.000000000E+00  1.005124916E+01 
      1016  3.537500000E+02  0.000000000E+00  1.005161811E+01 
      1017  3.540000000E+02  0.000000000E+00  1.005203911E+01 
      1018  3.542500000E+02  0.000000000E+00  1.005251221E+01 
      1019  3.545000000E+02  0.000000000E+00  1.005303750E+01 
      1020  3.547500000E+02  0.000000000E+00  1.005361513E+01 
      1021  3.550000000E+02  0.000000000E+00  1.005424526E+01 
      1022  3.552500000E+02  0.000000000E+00  1.005492808E+01 
      1023  3.555000000E+02  0.000000000E+00  1.005566384E+01 
      1024  3.557500000E+02  0.000000000E+00  1.005645279E+01 
      1025  3.560000000E+02  0.000000000E+00  1.005729525E+01 
      1026  3.562500000E+02  0.000000000E+00  1.005819156E+01 
      1027  3.565000000E+02  0.000000000E+00  1.005914208E+01 
      1028  3.567500000E+02  0.000000000E+00  1.006014722E+01 
      1029  3.570000000E+02  0.000000000E+00  1.006120743E+01 
      1030  3.572500000E+02  0.000000000E+00  1.006232318E+01 
      1031  3.575000000E+02  0.000000000E+00  1.006349499E+01 
      1032  3.577500000E+02  0.000000000E+00  1.006472341E+01 
      1033  3.580000000E+02  0.000000000E+00  1.006600901E+01 
      1034  3.582500000E+02  0.000000000E+00  1.006735241E+01 
      1035  3.585000000E+02  0.000000000E+00  1.006875427E+01 
      1036  3.587500000E+02  0.000000000E+00  1.007021527E+01 
      1037  3.590000000E+02  0.000000000E+00  1.007173615E+01 
      1038  3.592500000E+02  0.000000000E+00  1.007331765E+01 
      1039  3.595000000E+02  0.000000000E+00  1.007496059E+01 
      1040  3.597500000E+02  0.000000000E+00  1.007666578E+01 
      1041  3.600000000E+02  0.000000000E+00  1.007843410E+01 
      1042  3.602500000E+02  0.000000000E+00  1.008026645E+01 
      1043  3.605000000E+02  0.000000000E+00  1.008216378E+01 
      1044  3.607500000E+02  0.000000000E+00  1.008412707E+01 
      1045  3.610000000E+02  0.000000000E+00  1.008615734E+01 
      1046  3.612500000E+02  0.000000000E+00  1.008825563E+01 
      1047  3.615000000E+02  0.000000000E+00  1.009042305E+01 
      1048  3.617500000E+02  0.000000000E+00  1.009266073E+01 
      1049  3.620000000E+02  0.000000000E+00  1.009496982E+01 
      1050  3.622500000E+02  0.000000000E+00  1.009735156E+01 
      1051  3.625000000E+02  0.000000000E+00  1.009980718E+01 
      1052  3.627500000E+02  0.000000000E+00  1.010233796E+01 
      1053  3.630000000E+02  0.000000000E+00  1.010494525E+01 
      1054  3.632500000E+02  0.000000000E+00  1.010763040E+01 
      1055  3.635000000E+02  0.000000000E+00  1.011039482E+01 
      1056  3.637500000E+02  0.000000000E+00  1.011323997E+01 
      1057  3.640000000E+02  0.000000000E+00  1.011616733E+01 
      1058  3.642500000E+02  0.000000000E+00  1.011917844E+01 
      1059  3.645000000E+02  0.000000000E+00  1.012227486E+01 
      1060  3.647500000E+02  0.000000000E+00  1.012545822E+01 
      1061  3.650000000E+02  0.000000000E+00  1.012873017E+01 
      1062  3.652500000E+02  0.000000000E+00  1.013209242E+01 
      1063  3.655000000E+02  0.000000000E+00  1.013554670E+01 
      1064  3.657500000E+02  0.000000000E+00  1.013909481E+01 
      1065  3.660000000E+02  0.000000000E+00  1.014273858E+01 
      1066  3.662500000E+02  0.000000000E+00  1.014647988E+01 
      1067  3.665000000E+02  0.000000000E+00  1.015032064E+01 
      1068  3.667500000E+02  0.000000000E+00  1.015426283E+01 
      1069  3.670000000E+02  0.000000000E+00  1.015830845E+01 
      1070  3.672500000E+02  0.000000000E+00  1.016245956E+01 
      1071  3.675000000E+02  0.000000000E+00  1.016671827E+01 
      1072  3.677500000E+02  0.000000000E+00  1.017108672E+01 
      1073  3.680000000E+02  0.000000000E+00  1.017556712E+01 
      1074  3.682500000E+02  0.000000000E+00  1.018016170E+01 
      1075  3.685000000E+02  0.000000000E+00  1.018487276E+01 
      1076  3.687500000E+02  0.000000000E+00  1.018970264E+01 
      1077  3.690000000E+02  0.000000000E+00  1.019465372E+01 
      1078  3.692500000E+02  0.000000000E+00  1.019972844E+01 
      1079  3.695000000E+02  0.000000000E+00  1.020492928E+01 
      1080  3.697500000E+02  0.000000000E+00  1.021025877E+01 
      1081  3.700000000E+02  0.000000000E+00  1.021571950E+01 
      1082  3.702500000E+02  0.000000000E+00  1.022131408E+01 
      1083  3.705000000E+02  0.000000000E+00  1.022704521E+01 
      1084  3.707500000E+02  0.000000000E+00  1.023291561E+01 
      1085  3.710000000E+02  0.000000000E+00  1.023892806E+01 
      1086  3.712500000E+02  0.000000000E+00  1.024508538E+01 
      1087  3.715000000E+02  0.000000000E+00  1.025139045E+01 
      1088  3.717500000E+02  0.000000000E+00  1.025784620E+01 
      1089  3.720000000E+02  0.000000000E+00  1.026445561E+01 
      1090  3.722500000E+02  0.000000000E+00  1.027122169E+01 
      1091  3.725000000E+02  0.000000000E+00  1.027814753E+01 
      1092  3.727500000E+02  0.000000000E+00  1.028523626E+01 
      1093  3.730000000E+02  0.000000000E+00  1.029249104E+01 
      1094  3.732500000E+02  0.000000000E+00  1.029991511E+01 
      1095  3.735000000E+02  0.000000000E+00  1.030751173E+01 
      1096  3.737500000E+02  0.000000000E+00  1.031528423E+01 
      1097  3.740000000E+02  0.000000000E+00  1.032323598E+01 
      1098  3.742500000E+02  0.000000000E+00  1.033137041E+01 
      1099  3.745000000E+02  0.000000000E+00  1.033969098E+01 
      1100  3.747500000E+02  0.000000000E+00  1.034820121E+01 
      1101  3.750000000E+02  0.000000000E+00  1.035690467E+01 
      1102  3.752500000E+02  0.000000000E+00  1.036580496E+01 
      1103  3.755000000E+02  0.000000000E+00  1.037490575E+01 
      1104  3.757500000E+02  0.000000000E+00  1.038421074E+01 
      1105  3.760000000E+02  0.000000000E+00  1.039372369E+01 
      1106  3.762500000E+02  0.000000000E+00  1.040344839E+01 
      1107  3.765000000E+02  0.000000000E+00  1.041338869E+01 
      1108  3.767500000E+02  0.000000000E+00  1.042354845E+01 
      1109  3.770000000E+02  0.000000000E+00  1.043393163E+01 
      1110  3.772500000E+02  0.000000000E+00  1.044454218E+01 
      1111  3.775000000E+02  0.000000000E+00  1.045538412E+01 
      1112  3.777500000E+02  0.000000000E+00  1.046646151E+01 
      1113  3.780000000E+02  0.000000000E+00  1.047777842E+01 
      1114  3.782500000E+02  0.000000000E+00  1.048933901E+01 
      1115  3.785000000E+02  0.000000000E+00  1.050114742E+01 
      1116  3.787500000E+02  0.000000000E+00  1.051320788E+01 
      1117  3.790000000E+02  0.000000000E+00  1.052552463E+01 
      1118  3.792500000E+02  0.000000000E+00  1.053810193E+01 
      1119  3.795000000E+02  0.000000000E+00  1.055094410E+01 
      1120  3.797500000E+02  0.000000000E+00  1.056405548E+01 
      1121  3.800000000E+02  0.000000000E+00  1.057744044E+01 
      1122  3.802500000E+02  0.000000000E+00  1.059110339E+01 
      1123  3.805000000E+02  0.000000000E+00  1.060504874E+01 
      1124  3.807500000E+02  0.000000000E+00  1.061928095E+01 
      1125  3.810000000E+02  0.000000000E+00  1.063380451E+01 
      1126  3.812500000E+02  0.000000000E+00  1.064862391E+01 
      1127  3.815000000E+02  0.000000000E+00  1.066374368E+01 
      1128  3.817500000E+02  0.000000000E+00  1.067916834E+01 
      1129  3.820000000E+02  0.000000000E+00  1.069490247E+01 
      1130  3.822500000E+02  0.000000000E+00  1.071095064E+01 
      1131  3.825000000E+02  0.000000000E+00  1.072731742E+01 
      1132  3.827500000E+02  0.000000000E+00  1.074400742E+01 
      1133  3.830000000E+02  0.000000000E+00  1.076102524E+01 
      1134  3.832500000E+02  0.000000000E+00  1.077837548E+01 
      1135  3.835000000E+02  0.000000000E+00  1.079606276E+01 
      1136  3.837500000E+02  0.000000000E+00  1.081409169E+01 
      1137  3.840000000E+02  0.000000000E+00  1.083246686E+01 
      1138  3.842500000E+02  0.000000000E+00  1.085119289E+01 
      1139  3.845000000E+02  0.000000000E+00  1.087027435E+01 
      1140  3.847500000E+02  0.000000000E+00  1.088971582E+01 
      1141  3.850000000E+02  0.000000000E+00  1.090952184E+01 
      1142  3.852500000E+02  0.000000000E+00  1.092969695E+01 
      1143  3.855000000E+02  0.000000000E+00  1.095024563E+01 
      1144  3.857500000E+02  0.000000000E+00  1.097117234E+01 
      1145  3.860000000E+02  0.000000000E+00  1.099248149E+01 
      1146  3.862500000E+02  0.000000000E+00  1.101417745E+01 
      1147  3.865000000E+02  0.000000000E+00  1.103626451E+01 
      1148  3.867500000E+02  0.000000000E+00  1.105874689E+01 
      1149  3.870000000E+02  0.000000000E+00  1.108162874E+01 
      1150  3.872500000E+02  0.000000000E+00  1.110491411E+01 
      1151  3.875000000E+02  0.000000000E+00  1.112860692E+01 
      1152  3.877500000E+02  0.000000000E+00  1.115271100E+01 
      1153  3.880000000E+02  0.000000000E+00  1.117723000E+01 
      1154  3.882500000E+02  0.000000000E+00  1.120216740E+01 
      1155  3.885000000E+02  0.000000000E+00  1.122752651E+01 
      1156  3.887500000E+02  0.000000000E+00  1.125331038E+01 
      1157  3.890000000E+02  0.000000000E+00  1.127952183E+01 
      1158  3.892500000E+02  0.000000000E+00  1.130616337E+01 
      1159  3.895000000E+02  0.000000000E+00  1.133323715E+01 
      1160  3.897500000E+02  0.000000000E+00  1.136074493E+01 
      1161  3.900000000E+02  0.000000000E+00  1.138868801E+01 
      1162  3.902500000E+02  0.000000000E+00  1.141706716E+01 
      1163  3.905000000E+02  0.000000000E+00  1.144588252E+01 
      1164  3.907500000E+02  0.000000000E+00  1.147513352E+01 
      1165  3.910000000E+02  0.000000000E+00  1.150481876E+01 
      1166  3.912500000E+02  0.000000000E+00  1.153493588E+01 
      1167  3.915000000E+02  0.000000000E+00  1.156548141E+01 
      1168  3.917500000E+02  0.000000000E+00  1.159645058E+01 
      1169  3.920000000E+02  0.000000000E+00  1.162783712E+01 
      1170  3.922500000E+02  0.000000000E+00  1.165963301E+01 
      1171  3.925000000E+02  0.000000000E+00  1.169182818E+01 
      1172  3.927500000E+02  0.000000000E+00  1.172441021E+01 
      1173  3.930000000E+02  0.000000000E+00  1.175736391E+01 
      1174  3.932500000E+02  0.000000000E+00  1.179067086E+01 
      1175  3.935000000E+02  0.000000000E+00  1.182430885E+01 
      1176  3.937500000E+02  0.000000000E+00  1.185825128E+01 
      1177  3.940000000E+02  0.000000000E+00  1.189246636E+01 
      1178  3.942500000E+02  0.000000000E+00  1.192691625E+01 
      1179  3.945000000E+02  0.000000000E+00  1.196155595E+01 
      1180  3.947500000E+02  0.000000000E+00  1.199633206E+01 
      1181  3.950000000E+02  0.000000000E+00  1.203118126E+01 
      1182  3.952500000E+02  0.000000000E+00  1.206602848E+01 
      1183  3.955000000E+02  0.000000000E+00  1.210078469E+01 
      1184  3.957500000E+02  0.000000000E+00  1.213534423E+01 
      1185  3.960000000E+02  0.000000000E+00  1.216958155E+01 
      1186  3.962500000E+02  0.000000000E+00  1.220334718E+01 
      1187  3.965000000E+02  0.000000000E+00  1.223646270E+01 
      1188  3.967500000E+02  0.000000000E+00  1.226871444E+01 
      1189  3.970000000E+02  0.000000000E+00  1.229984546E+01 
      1190  3.972500000E+02  0.000000000E+00  1.232954516E+01 
      1191  3.975000000E+02  0.000000000E+00  1.235743556E+01 
      1192  3.977500000E+02  0.000000000E+00  1.238305280E+01 
      1193  3.980000000E+02  0.000000000E+00  1.240582159E+01 
      1194  3.982500000E+02  0.000000000E+00  1.242501849E+01 
      1195  3.985000000E+02  0.000000000E+00  1.243971704E+01 
      1196  3.987500000E+02  0.000000000E+00  1.244870107E+01 
      1197  3.990000000E+02  0.000000000E+00  1.245031786E+01 
      1198  3.992500000E+02  0.000000000E+00  1.244220509E+01 
      1199  3.995000000E+02  0.000000000E+00  1.242072243E+01 
      1200  3.997500000E+02  0.000000000E+00  1.237549487E+01 
      1201  4.000000000E+02  0.000000000E+00  1.341520554E+01 
      1202  4.002000034E+02  0.000000000E+00  1.410254451E+01 
      1203  4.004016387E+02  0.000000000E+00  1.377876961E+01 
      1204  4.006049192E+02  0.000000000E+00  1.348292238E+01 
      1205  4.008098583E+02  0.000000000E+00  1.321078861E+01 
      1206  4.010164696E+02  0.000000000E+00  1.296021651E+01 
      1207  4.012247666E+02  0.000000000E+00  1.272929758E+01 
      1208  4.014347631E+02  0.000000000E+00  1.251633060E+01 
      1209  4.016464731E+02  0.000000000E+00  1.231979264E+01 
      1210  4.018599104E+02  0.000000000E+00  1.213831565E+01 
      1211  4.020750892E+02  0.000000000E+00  1.197066690E+01 
      1212  4.022920237E+02  0.000000000E+00  1.181573227E+01 
      1213  4.025107282E+02  0.000000000E+00  1.166455139E+01 
      1214  4.027312172E+02  0.000000000E+00  1.152479210E+01 
      1215  4.029535052E+02  0.000000000E+00  1.140364769E+01 
      1216  4.031776069E+02  0.000000000E+00  1.129158271E+01 
      1217  4.034035370E+02  0.000000000E+00  1.118791083E+01 
      1218  4.036313106E+02  0.000000000E+00  1.109200345E+01 
      1219  4.038609426E+02  0.000000000E+00  1.100328384E+01 
      1220  4.040924483E+02  0.000000000E+00  1.092122182E+01 
      1221  4.043258428E+02  0.000000000E+00  1.084121601E+01 
      1222  4.045611417E+02  0.000000000E+00  1.076728067E+01 
      1223  4.047983604E+02  0.000000000E+00  1.070315154E+01 
      1224  4.050375146E+02  0.000000000E+00  1.064388053E+01 
      1225  4.052786201E+02  0.000000000E+00  1.058911808E+01 
      1226  4.055216929E+02  0.000000000E+00  1.053582525E+01 
      1227  4.057667489E+02  0.000000000E+00  1.048114347E+01 
      1228  4.060138044E+02  0.000000000E+00  1.042467043E+01 
      1229  4.062628756E+02  0.000000000E+00  1.037552141E+01 
      1230  4.065139791E+02  0.000000000E+00  1.033678411E+01 
      1231  4.067671314E+02  0.000000000E+00  1.029922279E+01 
      1232  4.070223492E+02  0.000000000E+00  1.026542263E+01 
      1233  4.072796494E+02  0.000000000E+00  1.023452035E+01 
      1234  4.075390490E+02  0.000000000E+00  1.020789461E+01 
      1235  4.078005650E+02  0.000000000E+00  1.018814825E+01 
      1236  4.080642148E+02  0.000000000E+00  1.016970801E+01 
      1237  4.083300158E+02  0.000000000E+00  1.015291790E+01 
      1238  4.085979855E+02  0.000000000E+00  1.013780533E+01 
      1239  4.088681416E+02  0.000000000E+00  1.014694680E+01 
      1240  4.091405020E+02  0.000000000E+00  1.015509192E+01 
      1241  4.094150846E+02  0.000000000E+00  1.013875588E+01 
      1242  4.096919076E+02  0.000000000E+00  1.012385413E+01 
      1243  4.099709892E+02  0.000000000E+00  1.011027668E+01 
      1244  4.102523480E+02  0.000000000E+00  1.009792126E+01 
      1245  4.105360024E+02  0.000000000E+00  1.008669275E+01 
      1246  4.108219711E+02  0.000000000E+00  1.007650272E+01 
      1247  4.111102732E+02  0.000000000E+00  1.006726899E+01 
      1248  4.114009276E+02  0.000000000E+00  1.005891521E+01 
      1249  4.116939535E+02  0.000000000E+00  1.005137047E+01 
      1250  4.119893702E+02  0.000000000E+00  1.004456897E+01 
      1251  4.122871973E+02  0.000000000E+00  1.003844962E+01 
      1252  4.125874544E+02  0.000000000E+00  1.003295580E+01 
      1253  4.128901614E+02  0.000000000E+00  1.002803501E+01 
      1254  4.131953383E+02  0.000000000E+00  1.002363862E+01 
      1255  4.135030051E+02  0.000000000E+00  1.001972163E+01 
      1256  4.138131823E+02  0.000000000E+00  1.001624237E+01 
      1257  4.141258902E+02  0.000000000E+00  1.001316234E+01 
      1258  4.144411496E+02  0.000000000E+00  1.001044596E+01 
      1259  4.147589813E+02  0.000000000E+00  1.000806037E+01 
      1260  4.150794062E+02  0.000000000E+00  1.000597525E+01 
      1261  4.154024455E+02  0.000000000E+00  1.000416267E+01 
      1262  4.157281206E+02  0.000000000E+00  1.000259689E+01 
      1263  4.160564529E+02  0.000000000E+00  1.000125420E+01 
      1264  4.163874641E+02  0.000000000E+00  1.000011283E+01 
      1265  4.167211762E+02  0.000000000E+00  9.999152751E+00 
      1266  4.170576110E+02  0.000000000E+00  9.998355585E+00 
      1267  4.173967909E+02  0.000000000E+00  9.997704481E+00 
      1268  4.177387382E+02  0.000000000E+00  9.997183996E+00 
      1269  4.180834756E+02  0.000000000E+00  9.996779999E+00 
      1270  4.184310257E+02  0.000000000E+00  9.996479569E+00 
      1271  4.187814116E+02  0.000000000E+00  9.996270907E+00 
      1272  4.191346563E+02  0.000000000E+00  9.996143252E+00 
      1273  4.194907832E+02  0.000000000E+00  9.996086792E+00 
      1274  4.198498158E+02  0.000000000E+00  9.996092595E+00 
      1275  4.202117779E+02  0.000000000E+00  9.996152563E+00 
      1276  4.205766933E+02  0.000000000E+00  9.996259344E+00 
      1277  4.209445860E+02  0.000000000E+00  9.996406268E+00 
      1278  4.213154806E+02  0.000000000E+00  9.996587307E+00 
      1279  4.216894013E+02  0.000000000E+00  9.996797017E+00 
      1280  4.220663728E+02  0.000000000E+00  9.997030491E+00 
      1281  4.224464202E+02  0.000000000E+00  9.997283316E+00 
      1282  4.228295685E+02  0.000000000E+00  9.997551531E+00 
      1283  4.232158429E+02  0.000000000E+00  9.997831591E+00 
      1284  4.236052691E+02  0.000000000E+00  9.998120329E+00 
      1285  4.239978726E+02  0.000000000E+00  9.998414925E+00 
      1286  4.243936795E+02  0.000000000E+00  9.998712877E+00 
      1287  4.247927158E+02  0.000000000E+00  9.999011972E+00 
      1288  4.251950080E+02  0.000000000E+00  9.999310262E+00 
      1289  4.256005825E+02  0.000000000E+00  9.999606039E+00 
      1290  4.260094662E+02  0.000000000E+00  9.999897813E+00 
      1291  4.264216861E+02  0.000000000E+00  1.000018429E+01 
      1292  4.268372694E+02  0.000000000E+00  1.000046437E+01 
      1293  4.272562434E+02  0.000000000E+00  1.000073710E+01 
      1294  4.276786360E+02  0.000000000E+00  1.000100169E+01 
      1295  4.281044750E+02  0.000000000E+00  1.000125747E+01 
      1296  4.285337884E+02  0.000000000E+00  1.000150389E+01 
      1297  4.289666047E+02  0.000000000E+00  1.000174053E+01 
      1298  4.294029525E+02  0.000000000E+00  1.000196706E+01 
      1299  4.298428605E+02  0.000000000E+00  1.000218321E+01 
      1300  4.302863578E+02  0.000000000E+00  1.000238882E+01 
      1301  4.307334737E+02  0.000000000E+00  1.000258380E+01 
      1302  4.311842377E+02  0.000000000E+00  1.000276811E+01 
      1303  4.316386795E+02  0.000000000E+00  1.000294176E+01 
      1304  4.320968293E+02  0.000000000E+00  1.000310483E+01 
      1305  4.325587172E+02  0.000000000E+00  1.000325742E+01 
      1306  4.330243737E+02  0.000000000E+00  1.000339968E+01 
      1307  4.334938296E+02  0.000000000E+00  1.000353179E+01 
      1308  4.339671159E+02  0.000000000E+00  1.000365395E+01 
      1309  4.344442638E+02  0.000000000E+00  1.000376641E+01 
      1310  4.349253049E+02  0.000000000E+00  1.000386941E+01 
      1311  4.354102708E+02  0.000000000E+00  1.000396321E+01 
      1312  4.358991937E+02  0.000000000E+00  1.000404811E+01 
      1313  4.363921059E+02  0.000000000E+00  1.000412439E+01 
      1314  4.368890398E+02  0.000000000E+00  1.000419235E+01 
      1315  4.373900283E+02  0.000000000E+00  1.000425229E+01 
      1316  4.378951044E+02  0.000000000E+00  1.000430454E+01 
      1317  4.384043016E+02  0.000000000E+00  1.000434939E+01 
      1318  4.389176534E+02  0.000000000E+00  1.000438717E+01 
      1319  4.394351937E+02  0.000000000E+00  1.000441818E+01 
      1320  4.399569568E+02  0.000000000E+00  1.000444273E+01 
      1321  4.404829770E+02  0.000000000E+00  1.000446112E+01 
      1322  4.410132892E+02  0.000000000E+00  1.000447366E+01 
      1323  4.415479282E+02  0.000000000E+00  1.000448063E+01 
      1324  4.420869295E+02  0.000000000E+00  1.000448233E+01 
      1325  4.426303286E+02  0.000000000E+00  1.000447904E+01 
      1326  4.431781614E+02  0.000000000E+00  1.000447102E+01 
      1327  4.437304641E+02  0.000000000E+00  1.000445854E+01 
      1328  4.442872731E+02  0.000000000E+00  1.000444186E+01 
      1329  4.448486253E+02  0.000000000E+00  1.000442122E+01 
      1330  4.454145576E+02  0.000000000E+00  1.000439686E+01 
      1331  4.459851075E+02  0.000000000E+00  1.000436900E+01 
      1332  4.465603126E+02  0.000000000E+00  1.000433788E+01 
      1333  4.471402109E+02  0.000000000E+00  1.000430368E+01 
      1334  4.477248408E+02  0.000000000E+00  1.000426662E+01 
      1335  4.483142407E+02  0.000000000E+00  1.000422688E+01 
      1336  4.489084497E+02  0.000000000E+00  1.000418464E+01 
      1337  4.495075070E+02  0.000000000E+00  1.000414007E+01 
      1338  4.501114521E+02  0.000000000E+00  1.000409333E+01 
      1339  4.507203248E+02  0.000000000E+00  1.000404457E+01 
      1340  4.513341655E+02  0.000000000E+00  1.000399394E+01 
      1341  4.519530147E+02  0.000000000E+00  1.000394155E+01 
      1342  4.525769132E+02  0.000000000E+00  1.000388754E+01 
      1343  4.532059021E+02  0.000000000E+00  1.000383202E+01 
      1344  4.538400232E+02  0.000000000E+00  1.000377509E+01 
      1345  4.544793181E+02  0.000000000E+00  1.000371686E+01 
      1346  4.551238292E+02  0.000000000E+00  1.000365740E+01 
      1347  4.557735990E+02  0.000000000E+00  1.000359681E+01 
      1348  4.564286703E+02  0.000000000E+00  1.000353514E+01 
      1349  4.570890866E+02  0.000000000E+00  1.000347248E+01 
      1350  4.577548913E+02  0.000000000E+00  1.000340888E+01 
      1351  4.584261284E+02  0.000000000E+00  1.000334438E+01 
      1352  4.591028423E+02  0.000000000E+00  1.000327903E+01 
      1353  4.597850777E+02  0.000000000E+00  1.000321288E+01 
      1354  4.604728795E+02  0.000000000E+00  1.000314595E+01 
      1355  4.611662932E+02  0.000000000E+00  1.000307827E+01 
      1356  4.618653647E+02  0.000000000E+00  1.000300986E+01 
      1357  4.625701400E+02  0.000000000E+00  1.000294075E+01 
      1358  4.632806657E+02  0.000000000E+00  1.000287094E+01 
      1359  4.639969887E+02  0.000000000E+00  1.000280043E+01 
      1360  4.647191564E+02  0.000000000E+00  1.000272925E+01 
      1361  4.654472164E+02  0.000000000E+00  1.000265738E+01 
      1362  4.661812167E+02  0.000000000E+00  1.000258483E+01 
      1363  4.669212059E+02  0.000000000E+00  1.000251158E+01 
      1364  4.676672328E+02  0.000000000E+00  1.000243763E+01 
      1365  4.684193468E+02  0.000000000E+00  1.000236298E+01 
      1366  4.691775973E+02  0.000000000E+00  1.000228759E+01 
      1367  4.699420346E+02  0.000000000E+00  1.000221146E+01 
      1368  4.707127091E+02  0.000000000E+00  1.000213455E+01 
      1369  4.714896716E+02  0.000000000E+00  1.000205684E+01 
      1370  4.722729736E+02  0.000000000E+00  1.000197828E+01 
      1371  4.730626666E+02  0.000000000E+00  1.000189882E+01 
      1372  4.738588030E+02  0.000000000E+00  1.000181839E+01 
      1373  4.746614352E+02  0.000000000E+00  1.000173689E+01 
      1374  4.754706162E+02  0.000000000E+00  1.000165419E+01 
      1375  4.762863994E+02  0.000000000E+00  1.000157013E+01 
      1376  4.771088389E+02  0.000000000E+00  1.000148447E+01 
      1377  4.779379887E+02  0.000000000E+00  1.000139691E+01 
      1378  4.787739038E+02  0.000000000E+00  1.000130703E+01 
      1379  4.796166392E+02  0.000000000E+00  1.000121426E+01 
      1380  4.804662507E+02  0.000000000E+00  1.000111785E+01 
      1381  4.813227944E+02  0.000000000E+00  1.000101674E+01 
      1382  4.821863268E+02  0.000000000E+00  1.000090955E+01 
      1383  4.830569049E+02  0.000000000E+00  1.000079437E+01 
      1384  4.839345862E+02  0.000000000E+00  1.000066861E+01 
      1385  4.848194287E+02  0.000000000E+00  1.000052877E+01 
      1386  4.857114908E+02  0.000000000E+00  1.000037007E+01 
      1387  4.866108314E+02  0.000000000E+00  1.000018599E+01 
      1388  4.875175099E+02  0.000000000E+00  9.999967655E+00 
      1389  4.884315862E+02  0.000000000E+00  9.999702916E+00 
      1390  4.893531206E+02  0.000000000E+00  9.999375133E+00 
      1391  4.902821741E+02  0.000000000E+00  9.998961477E+00 
      1392  4.912188078E+02  0.000000000E+00  9.998430561E+00 
      1393  4.921630837E+02  0.000000000E+00  9.997739147E+00 
      1394  4.931150642E+02  0.000000000E+00  9.996827560E+00 
      1395  4.940748120E+02  0.000000000E+00  9.995613262E+00 
      1396  4.950423907E+02  0.000000000E+00  9.993981859E+00 
      1397  4.960178639E+02  0.000000000E+00  9.991774398E+00 
      1398  4.970012963E+02  0.000000000E+00  9.988782303E+00 
      1399  4.979927527E+02  0.000000000E+00  9.982533639E+00 
      1400  4.989922986E+02  0.000000000E+00  9.974289285E+00 
      1401  5.000000000E+02  0.000000000E+00  9.970571109E+00 
