nodenumber     x-coordinate     y-coordinate           udm-11 
         1  0.000000000E+00  0.000000000E+00  1.000917927E+01 
         2  1.007701384E+00  0.000000000E+00  1.000927772E+01 
         3  2.007247274E+00  0.000000000E+00  1.000535433E+01 
         4  2.998703673E+00  0.000000000E+00  1.000209661E+01 
         5  3.982136051E+00  0.000000000E+00  1.000346033E+01 
         6  4.957609346E+00  0.000000000E+00  1.000468962E+01 
         7  5.925187975E+00  0.000000000E+00  1.000584430E+01 
         8  6.884935829E+00  0.000000000E+00  1.000694409E+01 
         9  7.836916284E+00  0.000000000E+00  1.000800329E+01 
        10  8.781192203E+00  0.000000000E+00  1.000903201E+01 
        11  9.717825941E+00  0.000000000E+00  1.001003729E+01 
        12  1.064687935E+01  0.000000000E+00  1.001102398E+01 
        13  1.156841377E+01  0.000000000E+00  1.001199532E+01 
        14  1.248249006E+01  0.000000000E+00  1.001295345E+01 
        15  1.338916858E+01  0.000000000E+00  1.001389970E+01 
        16  1.428850920E+01  0.000000000E+00  1.001483487E+01 
        17  1.518057130E+01  0.000000000E+00  1.001575939E+01 
        18  1.606541380E+01  0.000000000E+00  1.001667343E+01 
        19  1.694309512E+01  0.000000000E+00  1.001757698E+01 
        20  1.781367322E+01  0.000000000E+00  1.001846997E+01 
        21  1.867720559E+01  0.000000000E+00  1.001935221E+01 
        22  1.953374925E+01  0.000000000E+00  1.002022350E+01 
        23  2.038336076E+01  0.000000000E+00  1.002108361E+01 
        24  2.122609622E+01  0.000000000E+00  1.002193231E+01 
        25  2.206201128E+01  0.000000000E+00  1.002276935E+01 
        26  2.289116114E+01  0.000000000E+00  1.002359451E+01 
        27  2.371360056E+01  0.000000000E+00  1.002440756E+01 
        28  2.452938383E+01  0.000000000E+00  1.002520828E+01 
        29  2.533856484E+01  0.000000000E+00  1.002599647E+01 
        30  2.614119701E+01  0.000000000E+00  1.002677193E+01 
        31  2.693733335E+01  0.000000000E+00  1.002753450E+01 
        32  2.772702642E+01  0.000000000E+00  1.002828400E+01 
        33  2.851032837E+01  0.000000000E+00  1.002902028E+01 
        34  2.928729093E+01  0.000000000E+00  1.002974319E+01 
        35  3.005796541E+01  0.000000000E+00  1.003045262E+01 
        36  3.082240268E+01  0.000000000E+00  1.003114843E+01 
        37  3.158065324E+01  0.000000000E+00  1.003183053E+01 
        38  3.233276716E+01  0.000000000E+00  1.003249882E+01 
        39  3.307879409E+01  0.000000000E+00  1.003315321E+01 
        40  3.381878330E+01  0.000000000E+00  1.003379363E+01 
        41  3.455278365E+01  0.000000000E+00  1.003442003E+01 
        42  3.528084362E+01  0.000000000E+00  1.003503234E+01 
        43  3.600301127E+01  0.000000000E+00  1.003563052E+01 
        44  3.671933431E+01  0.000000000E+00  1.003621454E+01 
        45  3.742986002E+01  0.000000000E+00  1.003678438E+01 
        46  3.813463533E+01  0.000000000E+00  1.003734002E+01 
        47  3.883370678E+01  0.000000000E+00  1.003788144E+01 
        48  3.952712052E+01  0.000000000E+00  1.003840866E+01 
        49  4.021492235E+01  0.000000000E+00  1.003892169E+01 
        50  4.089715769E+01  0.000000000E+00  1.003942053E+01 
        51  4.157387159E+01  0.000000000E+00  1.003990522E+01 
        52  4.224510872E+01  0.000000000E+00  1.004037578E+01 
        53  4.291091342E+01  0.000000000E+00  1.004083226E+01 
        54  4.357132966E+01  0.000000000E+00  1.004127470E+01 
        55  4.422640104E+01  0.000000000E+00  1.004170315E+01 
        56  4.487617081E+01  0.000000000E+00  1.004211768E+01 
        57  4.552068189E+01  0.000000000E+00  1.004251835E+01 
        58  4.615997684E+01  0.000000000E+00  1.004290524E+01 
        59  4.679409786E+01  0.000000000E+00  1.004327841E+01 
        60  4.742308684E+01  0.000000000E+00  1.004363796E+01 
        61  4.804698530E+01  0.000000000E+00  1.004398398E+01 
        62  4.866583446E+01  0.000000000E+00  1.004431656E+01 
        63  4.927967516E+01  0.000000000E+00  1.004463580E+01 
        64  4.988854795E+01  0.000000000E+00  1.004494181E+01 
        65  5.049249303E+01  0.000000000E+00  1.004523471E+01 
        66  5.109155028E+01  0.000000000E+00  1.004551460E+01 
        67  5.168575926E+01  0.000000000E+00  1.004578161E+01 
        68  5.227515921E+01  0.000000000E+00  1.004603587E+01 
        69  5.285978905E+01  0.000000000E+00  1.004627751E+01 
        70  5.343968738E+01  0.000000000E+00  1.004650667E+01 
        71  5.401489250E+01  0.000000000E+00  1.004672349E+01 
        72  5.458544238E+01  0.000000000E+00  1.004692812E+01 
        73  5.515137472E+01  0.000000000E+00  1.004712070E+01 
        74  5.571272686E+01  0.000000000E+00  1.004730138E+01 
        75  5.626953590E+01  0.000000000E+00  1.004747033E+01 
        76  5.682183858E+01  0.000000000E+00  1.004762771E+01 
        77  5.736967139E+01  0.000000000E+00  1.004777368E+01 
        78  5.791307049E+01  0.000000000E+00  1.004790841E+01 
        79  5.845207178E+01  0.000000000E+00  1.004803206E+01 
        80  5.898671083E+01  0.000000000E+00  1.004814480E+01 
        81  5.951702297E+01  0.000000000E+00  1.004824680E+01 
        82  6.004304320E+01  0.000000000E+00  1.004833822E+01 
        83  6.056480627E+01  0.000000000E+00  1.004841924E+01 
        84  6.108234661E+01  0.000000000E+00  1.004849001E+01 
        85  6.159569842E+01  0.000000000E+00  1.004855068E+01 
        86  6.210489559E+01  0.000000000E+00  1.004860141E+01 
        87  6.260997174E+01  0.000000000E+00  1.004864232E+01 
        88  6.311096022E+01  0.000000000E+00  1.004867356E+01 
        89  6.360789412E+01  0.000000000E+00  1.004869521E+01 
        90  6.410080625E+01  0.000000000E+00  1.004870739E+01 
        91  6.458972916E+01  0.000000000E+00  1.004871016E+01 
        92  6.507469514E+01  0.000000000E+00  1.004870356E+01 
        93  6.555573621E+01  0.000000000E+00  1.004868762E+01 
        94  6.603288413E+01  0.000000000E+00  1.004866232E+01 
        95  6.650617042E+01  0.000000000E+00  1.004862762E+01 
        96  6.697562632E+01  0.000000000E+00  1.004858342E+01 
        97  6.744128283E+01  0.000000000E+00  1.004852958E+01 
        98  6.790317071E+01  0.000000000E+00  1.004846593E+01 
        99  6.836132046E+01  0.000000000E+00  1.004839221E+01 
       100  6.881576232E+01  0.000000000E+00  1.004830814E+01 
       101  6.926652631E+01  0.000000000E+00  1.004821333E+01 
       102  6.971364219E+01  0.000000000E+00  1.004810737E+01 
       103  7.015713949E+01  0.000000000E+00  1.004798973E+01 
       104  7.059704749E+01  0.000000000E+00  1.004785983E+01 
       105  7.103339524E+01  0.000000000E+00  1.004771700E+01 
       106  7.146621156E+01  0.000000000E+00  1.004756048E+01 
       107  7.189552503E+01  0.000000000E+00  1.004738943E+01 
       108  7.232136399E+01  0.000000000E+00  1.004720289E+01 
       109  7.274375656E+01  0.000000000E+00  1.004699982E+01 
       110  7.316273064E+01  0.000000000E+00  1.004677909E+01 
       111  7.357831389E+01  0.000000000E+00  1.004653944E+01 
       112  7.399053376E+01  0.000000000E+00  1.004627952E+01 
       113  7.439941746E+01  0.000000000E+00  1.004599787E+01 
       114  7.480499201E+01  0.000000000E+00  1.004569291E+01 
       115  7.520728416E+01  0.000000000E+00  1.004536297E+01 
       116  7.560632051E+01  0.000000000E+00  1.004500623E+01 
       117  7.600212738E+01  0.000000000E+00  1.004462080E+01 
       118  7.639473092E+01  0.000000000E+00  1.004420464E+01 
       119  7.678415706E+01  0.000000000E+00  1.004375559E+01 
       120  7.717043151E+01  0.000000000E+00  1.004327139E+01 
       121  7.755357977E+01  0.000000000E+00  1.004274964E+01 
       122  7.793362715E+01  0.000000000E+00  1.004218781E+01 
       123  7.831059875E+01  0.000000000E+00  1.004158325E+01 
       124  7.868451945E+01  0.000000000E+00  1.004093316E+01 
       125  7.905541395E+01  0.000000000E+00  1.004023460E+01 
       126  7.942330674E+01  0.000000000E+00  1.003948448E+01 
       127  7.978822211E+01  0.000000000E+00  1.003867954E+01 
       128  8.015018416E+01  0.000000000E+00  1.003781637E+01 
       129  8.050921679E+01  0.000000000E+00  1.003689134E+01 
       130  8.086534371E+01  0.000000000E+00  1.003590064E+01 
       131  8.121858844E+01  0.000000000E+00  1.003484025E+01 
       132  8.156897429E+01  0.000000000E+00  1.003370591E+01 
       133  8.191652442E+01  0.000000000E+00  1.003249309E+01 
       134  8.226126177E+01  0.000000000E+00  1.003119699E+01 
       135  8.260320909E+01  0.000000000E+00  1.002981249E+01 
       136  8.294238899E+01  0.000000000E+00  1.002833416E+01 
       137  8.327882384E+01  0.000000000E+00  1.002675618E+01 
       138  8.361253587E+01  0.000000000E+00  1.002507231E+01 
       139  8.394354712E+01  0.000000000E+00  1.002327591E+01 
       140  8.427187943E+01  0.000000000E+00  1.002135981E+01 
       141  8.459755450E+01  0.000000000E+00  1.001931635E+01 
       142  8.492059382E+01  0.000000000E+00  1.001713728E+01 
       143  8.524101873E+01  0.000000000E+00  1.001481373E+01 
       144  8.555885039E+01  0.000000000E+00  1.001233615E+01 
       145  8.587410979E+01  0.000000000E+00  1.000969425E+01 
       146  8.618681774E+01  0.000000000E+00  1.000687698E+01 
       147  8.649699489E+01  0.000000000E+00  1.000387241E+01 
       148  8.680466173E+01  0.000000000E+00  1.000066772E+01 
       149  8.710983857E+01  0.000000000E+00  9.997249086E+00 
       150  8.741254556E+01  0.000000000E+00  9.993601650E+00 
       151  8.771280270E+01  0.000000000E+00  9.989709432E+00 
       152  8.801062980E+01  0.000000000E+00  9.985555258E+00 
       153  8.830604654E+01  0.000000000E+00  9.981120689E+00 
       154  8.859907242E+01  0.000000000E+00  9.976385938E+00 
       155  8.888972679E+01  0.000000000E+00  9.971329797E+00 
       156  8.917802885E+01  0.000000000E+00  9.965929555E+00 
       157  8.946399764E+01  0.000000000E+00  9.960160916E+00 
       158  8.974765203E+01  0.000000000E+00  9.953997916E+00 
       159  9.002901076E+01  0.000000000E+00  9.947412843E+00 
       160  9.030809241E+01  0.000000000E+00  9.940376150E+00 
       161  9.058491540E+01  0.000000000E+00  9.932856371E+00 
       162  9.085949802E+01  0.000000000E+00  9.924820038E+00 
       163  9.113185839E+01  0.000000000E+00  9.916231599E+00 
       164  9.140201451E+01  0.000000000E+00  9.907053329E+00 
       165  9.166998421E+01  0.000000000E+00  9.897245253E+00 
       166  9.193578518E+01  0.000000000E+00  9.886765062E+00 
       167  9.219943499E+01  0.000000000E+00  9.875568037E+00 
       168  9.246095103E+01  0.000000000E+00  9.863606967E+00 
       169  9.272035058E+01  0.000000000E+00  9.850832170E+00 
       170  9.297765077E+01  0.000000000E+00  9.837190793E+00 
       171  9.323286858E+01  0.000000000E+00  9.822627229E+00 
       172  9.348602087E+01  0.000000000E+00  9.807084347E+00 
       173  9.373712436E+01  0.000000000E+00  9.789997979E+00 
       174  9.398619563E+01  0.000000000E+00  9.771660611E+00 
       175  9.423325112E+01  0.000000000E+00  9.752457132E+00 
       176  9.447830715E+01  0.000000000E+00  9.755097411E+00 
       177  9.472137990E+01  0.000000000E+00  9.756683256E+00 
       178  9.496248543E+01  0.000000000E+00  9.735816849E+00 
       179  9.520163964E+01  0.000000000E+00  9.712025852E+00 
       180  9.543885834E+01  0.000000000E+00  9.681472940E+00 
       181  9.567415720E+01  0.000000000E+00  9.650737827E+00 
       182  9.590755173E+01  0.000000000E+00  9.623235205E+00 
       183  9.613905737E+01  0.000000000E+00  9.595208275E+00 
       184  9.636868940E+01  0.000000000E+00  9.565480680E+00 
       185  9.659646297E+01  0.000000000E+00  9.533967969E+00 
       186  9.682239314E+01  0.000000000E+00  9.500583378E+00 
       187  9.704649481E+01  0.000000000E+00  9.463557569E+00 
       188  9.726878279E+01  0.000000000E+00  9.424377011E+00 
       189  9.748927176E+01  0.000000000E+00  9.382802292E+00 
       190  9.770797628E+01  0.000000000E+00  9.338869019E+00 
       191  9.792491078E+01  0.000000000E+00  9.292329687E+00 
       192  9.814008960E+01  0.000000000E+00  9.243222759E+00 
       193  9.835352693E+01  0.000000000E+00  9.193326011E+00 
       194  9.856523689E+01  0.000000000E+00  9.140764149E+00 
       195  9.877523344E+01  0.000000000E+00  9.087896745E+00 
       196  9.898353045E+01  0.000000000E+00  9.032304194E+00 
       197  9.919014168E+01  0.000000000E+00  8.971480001E+00 
       198  9.939508077E+01  0.000000000E+00  8.907622707E+00 
       199  9.959836126E+01  0.000000000E+00  8.840641623E+00 
       200  9.979999657E+01  0.000000000E+00  8.770225946E+00 
       201  1.000000000E+02  0.000000000E+00  8.982159741E+00 
       202  1.002500000E+02  0.000000000E+00  9.286358260E+00 
       203  1.005000000E+02  0.000000000E+00  9.278659708E+00 
       204  1.007500000E+02  0.000000000E+00  9.276560299E+00 
       205  1.010000000E+02  0.000000000E+00  9.277785767E+00 
       206  1.012500000E+02  0.000000000E+00  9.281504753E+00 
       207  1.015000000E+02  0.000000000E+00  9.287167402E+00 
       208  1.017500000E+02  0.000000000E+00  9.294381821E+00 
       209  1.020000000E+02  0.000000000E+00  9.302854158E+00 
       210  1.022500000E+02  0.000000000E+00  9.312356080E+00 
       211  1.025000000E+02  0.000000000E+00  9.322705462E+00 
       212  1.027500000E+02  0.000000000E+00  9.333754082E+00 
       213  1.030000000E+02  0.000000000E+00  9.345379370E+00 
       214  1.032500000E+02  0.000000000E+00  9.357478633E+00 
       215  1.035000000E+02  0.000000000E+00  9.369964880E+00 
       216  1.037500000E+02  0.000000000E+00  9.382763725E+00 
       217  1.040000000E+02  0.000000000E+00  9.395811041E+00 
       218  1.042500000E+02  0.000000000E+00  9.409051141E+00 
       219  1.045000000E+02  0.000000000E+00  9.422435366E+00 
       220  1.047500000E+02  0.000000000E+00  9.435920949E+00 
       221  1.050000000E+02  0.000000000E+00  9.449470117E+00 
       222  1.052500000E+02  0.000000000E+00  9.463049354E+00 
       223  1.055000000E+02  0.000000000E+00  9.476628806E+00 
       224  1.057500000E+02  0.000000000E+00  9.490181784E+00 
       225  1.060000000E+02  0.000000000E+00  9.503684360E+00 
       226  1.062500000E+02  0.000000000E+00  9.517115028E+00 
       227  1.065000000E+02  0.000000000E+00  9.530454416E+00 
       228  1.067500000E+02  0.000000000E+00  9.543685049E+00 
       229  1.070000000E+02  0.000000000E+00  9.556791145E+00 
       230  1.072500000E+02  0.000000000E+00  9.569758446E+00 
       231  1.075000000E+02  0.000000000E+00  9.582574066E+00 
       232  1.077500000E+02  0.000000000E+00  9.595226372E+00 
       233  1.080000000E+02  0.000000000E+00  9.607704868E+00 
       234  1.082500000E+02  0.000000000E+00  9.620000105E+00 
       235  1.085000000E+02  0.000000000E+00  9.632103599E+00 
       236  1.087500000E+02  0.000000000E+00  9.644007760E+00 
       237  1.090000000E+02  0.000000000E+00  9.655705824E+00 
       238  1.092500000E+02  0.000000000E+00  9.667191804E+00 
       239  1.095000000E+02  0.000000000E+00  9.678460435E+00 
       240  1.097500000E+02  0.000000000E+00  9.689507131E+00 
       241  1.100000000E+02  0.000000000E+00  9.700327944E+00 
       242  1.102500000E+02  0.000000000E+00  9.710919527E+00 
       243  1.105000000E+02  0.000000000E+00  9.721279101E+00 
       244  1.107500000E+02  0.000000000E+00  9.731404420E+00 
       245  1.110000000E+02  0.000000000E+00  9.741293749E+00 
       246  1.112500000E+02  0.000000000E+00  9.750945828E+00 
       247  1.115000000E+02  0.000000000E+00  9.760359853E+00 
       248  1.117500000E+02  0.000000000E+00  9.769535449E+00 
       249  1.120000000E+02  0.000000000E+00  9.778472644E+00 
       250  1.122500000E+02  0.000000000E+00  9.787171852E+00 
       251  1.125000000E+02  0.000000000E+00  9.795633849E+00 
       252  1.127500000E+02  0.000000000E+00  9.803859751E+00 
       253  1.130000000E+02  0.000000000E+00  9.811850996E+00 
       254  1.132500000E+02  0.000000000E+00  9.819609324E+00 
       255  1.135000000E+02  0.000000000E+00  9.827136759E+00 
       256  1.137500000E+02  0.000000000E+00  9.834435589E+00 
       257  1.140000000E+02  0.000000000E+00  9.841508350E+00 
       258  1.142500000E+02  0.000000000E+00  9.848357807E+00 
       259  1.145000000E+02  0.000000000E+00  9.854986940E+00 
       260  1.147500000E+02  0.000000000E+00  9.861398924E+00 
       261  1.150000000E+02  0.000000000E+00  9.867597116E+00 
       262  1.152500000E+02  0.000000000E+00  9.873585039E+00 
       263  1.155000000E+02  0.000000000E+00  9.879366364E+00 
       264  1.157500000E+02  0.000000000E+00  9.884944901E+00 
       265  1.160000000E+02  0.000000000E+00  9.890324579E+00 
       266  1.162500000E+02  0.000000000E+00  9.895509436E+00 
       267  1.165000000E+02  0.000000000E+00  9.900503606E+00 
       268  1.167500000E+02  0.000000000E+00  9.905311301E+00 
       269  1.170000000E+02  0.000000000E+00  9.909936807E+00 
       270  1.172500000E+02  0.000000000E+00  9.914384465E+00 
       271  1.175000000E+02  0.000000000E+00  9.918658663E+00 
       272  1.177500000E+02  0.000000000E+00  9.922763824E+00 
       273  1.180000000E+02  0.000000000E+00  9.926704398E+00 
       274  1.182500000E+02  0.000000000E+00  9.930484847E+00 
       275  1.185000000E+02  0.000000000E+00  9.934109640E+00 
       276  1.187500000E+02  0.000000000E+00  9.937583244E+00 
       277  1.190000000E+02  0.000000000E+00  9.940910112E+00 
       278  1.192500000E+02  0.000000000E+00  9.944094678E+00 
       279  1.195000000E+02  0.000000000E+00  9.947141349E+00 
       280  1.197500000E+02  0.000000000E+00  9.950054496E+00 
       281  1.200000000E+02  0.000000000E+00  9.952838451E+00 
       282  1.202500000E+02  0.000000000E+00  9.955497496E+00 
       283  1.205000000E+02  0.000000000E+00  9.958035864E+00 
       284  1.207500000E+02  0.000000000E+00  9.960457727E+00 
       285  1.210000000E+02  0.000000000E+00  9.962767193E+00 
       286  1.212500000E+02  0.000000000E+00  9.964968305E+00 
       287  1.215000000E+02  0.000000000E+00  9.967065035E+00 
       288  1.217500000E+02  0.000000000E+00  9.969061276E+00 
       289  1.220000000E+02  0.000000000E+00  9.970960847E+00 
       290  1.222500000E+02  0.000000000E+00  9.972767484E+00 
       291  1.225000000E+02  0.000000000E+00  9.974484841E+00 
       292  1.227500000E+02  0.000000000E+00  9.976116483E+00 
       293  1.230000000E+02  0.000000000E+00  9.977665892E+00 
       294  1.232500000E+02  0.000000000E+00  9.979136456E+00 
       295  1.235000000E+02  0.000000000E+00  9.980531479E+00 
       296  1.237500000E+02  0.000000000E+00  9.981854168E+00 
       297  1.240000000E+02  0.000000000E+00  9.983107642E+00 
       298  1.242500000E+02  0.000000000E+00  9.984294927E+00 
       299  1.245000000E+02  0.000000000E+00  9.985418958E+00 
       300  1.247500000E+02  0.000000000E+00  9.986482575E+00 
       301  1.250000000E+02  0.000000000E+00  9.987488530E+00 
       302  1.252500000E+02  0.000000000E+00  9.988439482E+00 
       303  1.255000000E+02  0.000000000E+00  9.989337999E+00 
       304  1.257500000E+02  0.000000000E+00  9.990186560E+00 
       305  1.260000000E+02  0.000000000E+00  9.990987558E+00 
       306  1.262500000E+02  0.000000000E+00  9.991743295E+00 
       307  1.265000000E+02  0.000000000E+00  9.992455989E+00 
       308  1.267500000E+02  0.000000000E+00  9.993127773E+00 
       309  1.270000000E+02  0.000000000E+00  9.993760698E+00 
       310  1.272500000E+02  0.000000000E+00  9.994356731E+00 
       311  1.275000000E+02  0.000000000E+00  9.994917763E+00 
       312  1.277500000E+02  0.000000000E+00  9.995445604E+00 
       313  1.280000000E+02  0.000000000E+00  9.995941991E+00 
       314  1.282500000E+02  0.000000000E+00  9.996408584E+00 
       315  1.285000000E+02  0.000000000E+00  9.996846974E+00 
       316  1.287500000E+02  0.000000000E+00  9.997258679E+00 
       317  1.290000000E+02  0.000000000E+00  9.997645152E+00 
       318  1.292500000E+02  0.000000000E+00  9.998007777E+00 
       319  1.295000000E+02  0.000000000E+00  9.998347875E+00 
       320  1.297500000E+02  0.000000000E+00  9.998666707E+00 
       321  1.300000000E+02  0.000000000E+00  9.998965473E+00 
       322  1.302500000E+02  0.000000000E+00  9.999245314E+00 
       323  1.305000000E+02  0.000000000E+00  9.999507316E+00 
       324  1.307500000E+02  0.000000000E+00  9.999752514E+00 
       325  1.310000000E+02  0.000000000E+00  9.999981886E+00 
       326  1.312500000E+02  0.000000000E+00  1.000019637E+01 
       327  1.315000000E+02  0.000000000E+00  1.000039684E+01 
       328  1.317500000E+02  0.000000000E+00  1.000058413E+01 
       329  1.320000000E+02  0.000000000E+00  1.000075905E+01 
       330  1.322500000E+02  0.000000000E+00  1.000092235E+01 
       331  1.325000000E+02  0.000000000E+00  1.000107472E+01 
       332  1.327500000E+02  0.000000000E+00  1.000121686E+01 
       333  1.330000000E+02  0.000000000E+00  1.000134939E+01 
       334  1.332500000E+02  0.000000000E+00  1.000147291E+01 
       335  1.335000000E+02  0.000000000E+00  1.000158799E+01 
       336  1.337500000E+02  0.000000000E+00  1.000169517E+01 
       337  1.340000000E+02  0.000000000E+00  1.000179495E+01 
       338  1.342500000E+02  0.000000000E+00  1.000188780E+01 
       339  1.345000000E+02  0.000000000E+00  1.000197418E+01 
       340  1.347500000E+02  0.000000000E+00  1.000205451E+01 
       341  1.350000000E+02  0.000000000E+00  1.000212917E+01 
       342  1.352500000E+02  0.000000000E+00  1.000219855E+01 
       343  1.355000000E+02  0.000000000E+00  1.000226300E+01 
       344  1.357500000E+02  0.000000000E+00  1.000232284E+01 
       345  1.360000000E+02  0.000000000E+00  1.000237838E+01 
       346  1.362500000E+02  0.000000000E+00  1.000242992E+01 
       347  1.365000000E+02  0.000000000E+00  1.000247772E+01 
       348  1.367500000E+02  0.000000000E+00  1.000252205E+01 
       349  1.370000000E+02  0.000000000E+00  1.000256313E+01 
       350  1.372500000E+02  0.000000000E+00  1.000260120E+01 
       351  1.375000000E+02  0.000000000E+00  1.000263646E+01 
       352  1.377500000E+02  0.000000000E+00  1.000266911E+01 
       353  1.380000000E+02  0.000000000E+00  1.000269933E+01 
       354  1.382500000E+02  0.000000000E+00  1.000272729E+01 
       355  1.385000000E+02  0.000000000E+00  1.000275316E+01 
       356  1.387500000E+02  0.000000000E+00  1.000277708E+01 
       357  1.390000000E+02  0.000000000E+00  1.000279919E+01 
       358  1.392500000E+02  0.000000000E+00  1.000281962E+01 
       359  1.395000000E+02  0.000000000E+00  1.000283849E+01 
       360  1.397500000E+02  0.000000000E+00  1.000285593E+01 
       361  1.400000000E+02  0.000000000E+00  1.000287202E+01 
       362  1.402500000E+02  0.000000000E+00  1.000288687E+01 
       363  1.405000000E+02  0.000000000E+00  1.000290057E+01 
       364  1.407500000E+02  0.000000000E+00  1.000291321E+01 
       365  1.410000000E+02  0.000000000E+00  1.000292486E+01 
       366  1.412500000E+02  0.000000000E+00  1.000293560E+01 
       367  1.415000000E+02  0.000000000E+00  1.000294549E+01 
       368  1.417500000E+02  0.000000000E+00  1.000295460E+01 
       369  1.420000000E+02  0.000000000E+00  1.000296299E+01 
       370  1.422500000E+02  0.000000000E+00  1.000297071E+01 
       371  1.425000000E+02  0.000000000E+00  1.000297782E+01 
       372  1.427500000E+02  0.000000000E+00  1.000298435E+01 
       373  1.430000000E+02  0.000000000E+00  1.000299036E+01 
       374  1.432500000E+02  0.000000000E+00  1.000299587E+01 
       375  1.435000000E+02  0.000000000E+00  1.000300094E+01 
       376  1.437500000E+02  0.000000000E+00  1.000300559E+01 
       377  1.440000000E+02  0.000000000E+00  1.000300986E+01 
       378  1.442500000E+02  0.000000000E+00  1.000301377E+01 
       379  1.445000000E+02  0.000000000E+00  1.000301736E+01 
       380  1.447500000E+02  0.000000000E+00  1.000302064E+01 
       381  1.450000000E+02  0.000000000E+00  1.000302364E+01 
       382  1.452500000E+02  0.000000000E+00  1.000302639E+01 
       383  1.455000000E+02  0.000000000E+00  1.000302889E+01 
       384  1.457500000E+02  0.000000000E+00  1.000303117E+01 
       385  1.460000000E+02  0.000000000E+00  1.000303325E+01 
       386  1.462500000E+02  0.000000000E+00  1.000303513E+01 
       387  1.465000000E+02  0.000000000E+00  1.000303684E+01 
       388  1.467500000E+02  0.000000000E+00  1.000303839E+01 
       389  1.470000000E+02  0.000000000E+00  1.000303978E+01 
       390  1.472500000E+02  0.000000000E+00  1.000304103E+01 
       391  1.475000000E+02  0.000000000E+00  1.000304214E+01 
       392  1.477500000E+02  0.000000000E+00  1.000304313E+01 
       393  1.480000000E+02  0.000000000E+00  1.000304400E+01 
       394  1.482500000E+02  0.000000000E+00  1.000304476E+01 
       395  1.485000000E+02  0.000000000E+00  1.000304542E+01 
       396  1.487500000E+02  0.000000000E+00  1.000304597E+01 
       397  1.490000000E+02  0.000000000E+00  1.000304642E+01 
       398  1.492500000E+02  0.000000000E+00  1.000304678E+01 
       399  1.495000000E+02  0.000000000E+00  1.000304706E+01 
       400  1.497500000E+02  0.000000000E+00  1.000304724E+01 
       401  1.500000000E+02  0.000000000E+00  1.000304733E+01 
       402  1.502500000E+02  0.000000000E+00  1.000304734E+01 
       403  1.505000000E+02  0.000000000E+00  1.000304726E+01 
       404  1.507500000E+02  0.000000000E+00  1.000304710E+01 
       405  1.510000000E+02  0.000000000E+00  1.000304684E+01 
       406  1.512500000E+02  0.000000000E+00  1.000304650E+01 
       407  1.515000000E+02  0.000000000E+00  1.000304607E+01 
       408  1.517500000E+02  0.000000000E+00  1.000304553E+01 
       409  1.520000000E+02  0.000000000E+00  1.000304490E+01 
       410  1.522500000E+02  0.000000000E+00  1.000304417E+01 
       411  1.525000000E+02  0.000000000E+00  1.000304332E+01 
       412  1.527500000E+02  0.000000000E+00  1.000304236E+01 
       413  1.530000000E+02  0.000000000E+00  1.000304128E+01 
       414  1.532500000E+02  0.000000000E+00  1.000304006E+01 
       415  1.535000000E+02  0.000000000E+00  1.000303871E+01 
       416  1.537500000E+02  0.000000000E+00  1.000303721E+01 
       417  1.540000000E+02  0.000000000E+00  1.000303555E+01 
       418  1.542500000E+02  0.000000000E+00  1.000303371E+01 
       419  1.545000000E+02  0.000000000E+00  1.000303169E+01 
       420  1.547500000E+02  0.000000000E+00  1.000302947E+01 
       421  1.550000000E+02  0.000000000E+00  1.000302704E+01 
       422  1.552500000E+02  0.000000000E+00  1.000302438E+01 
       423  1.555000000E+02  0.000000000E+00  1.000302146E+01 
       424  1.557500000E+02  0.000000000E+00  1.000301827E+01 
       425  1.560000000E+02  0.000000000E+00  1.000301480E+01 
       426  1.562500000E+02  0.000000000E+00  1.000301100E+01 
       427  1.565000000E+02  0.000000000E+00  1.000300687E+01 
       428  1.567500000E+02  0.000000000E+00  1.000300236E+01 
       429  1.570000000E+02  0.000000000E+00  1.000299745E+01 
       430  1.572500000E+02  0.000000000E+00  1.000299211E+01 
       431  1.575000000E+02  0.000000000E+00  1.000298631E+01 
       432  1.577500000E+02  0.000000000E+00  1.000297999E+01 
       433  1.580000000E+02  0.000000000E+00  1.000297313E+01 
       434  1.582500000E+02  0.000000000E+00  1.000296568E+01 
       435  1.585000000E+02  0.000000000E+00  1.000295758E+01 
       436  1.587500000E+02  0.000000000E+00  1.000294880E+01 
       437  1.590000000E+02  0.000000000E+00  1.000293926E+01 
       438  1.592500000E+02  0.000000000E+00  1.000292892E+01 
       439  1.595000000E+02  0.000000000E+00  1.000291771E+01 
       440  1.597500000E+02  0.000000000E+00  1.000290556E+01 
       441  1.600000000E+02  0.000000000E+00  1.000289239E+01 
       442  1.602500000E+02  0.000000000E+00  1.000287813E+01 
       443  1.605000000E+02  0.000000000E+00  1.000286269E+01 
       444  1.607500000E+02  0.000000000E+00  1.000284597E+01 
       445  1.610000000E+02  0.000000000E+00  1.000282788E+01 
       446  1.612500000E+02  0.000000000E+00  1.000280832E+01 
       447  1.615000000E+02  0.000000000E+00  1.000278716E+01 
       448  1.617500000E+02  0.000000000E+00  1.000276428E+01 
       449  1.620000000E+02  0.000000000E+00  1.000273957E+01 
       450  1.622500000E+02  0.000000000E+00  1.000271286E+01 
       451  1.625000000E+02  0.000000000E+00  1.000268403E+01 
       452  1.627500000E+02  0.000000000E+00  1.000265290E+01 
       453  1.630000000E+02  0.000000000E+00  1.000261930E+01 
       454  1.632500000E+02  0.000000000E+00  1.000258306E+01 
       455  1.635000000E+02  0.000000000E+00  1.000254397E+01 
       456  1.637500000E+02  0.000000000E+00  1.000250184E+01 
       457  1.640000000E+02  0.000000000E+00  1.000245643E+01 
       458  1.642500000E+02  0.000000000E+00  1.000240751E+01 
       459  1.645000000E+02  0.000000000E+00  1.000235483E+01 
       460  1.647500000E+02  0.000000000E+00  1.000229812E+01 
       461  1.650000000E+02  0.000000000E+00  1.000223710E+01 
       462  1.652500000E+02  0.000000000E+00  1.000217145E+01 
       463  1.655000000E+02  0.000000000E+00  1.000210086E+01 
       464  1.657500000E+02  0.000000000E+00  1.000202499E+01 
       465  1.660000000E+02  0.000000000E+00  1.000194345E+01 
       466  1.662500000E+02  0.000000000E+00  1.000185588E+01 
       467  1.665000000E+02  0.000000000E+00  1.000176185E+01 
       468  1.667500000E+02  0.000000000E+00  1.000166094E+01 
       469  1.670000000E+02  0.000000000E+00  1.000155267E+01 
       470  1.672500000E+02  0.000000000E+00  1.000143655E+01 
       471  1.675000000E+02  0.000000000E+00  1.000131208E+01 
       472  1.677500000E+02  0.000000000E+00  1.000117869E+01 
       473  1.680000000E+02  0.000000000E+00  1.000103582E+01 
       474  1.682500000E+02  0.000000000E+00  1.000088283E+01 
       475  1.685000000E+02  0.000000000E+00  1.000071909E+01 
       476  1.687500000E+02  0.000000000E+00  1.000054392E+01 
       477  1.690000000E+02  0.000000000E+00  1.000035659E+01 
       478  1.692500000E+02  0.000000000E+00  1.000015633E+01 
       479  1.695000000E+02  0.000000000E+00  9.999942353E+00 
       480  1.697500000E+02  0.000000000E+00  9.999713809E+00 
       481  1.700000000E+02  0.000000000E+00  9.999469811E+00 
       482  1.702500000E+02  0.000000000E+00  9.999209423E+00 
       483  1.705000000E+02  0.000000000E+00  9.998931665E+00 
       484  1.707500000E+02  0.000000000E+00  9.998635506E+00 
       485  1.710000000E+02  0.000000000E+00  9.998319863E+00 
       486  1.712500000E+02  0.000000000E+00  9.997983602E+00 
       487  1.715000000E+02  0.000000000E+00  9.997625533E+00 
       488  1.717500000E+02  0.000000000E+00  9.997244411E+00 
       489  1.720000000E+02  0.000000000E+00  9.996838930E+00 
       490  1.722500000E+02  0.000000000E+00  9.996407727E+00 
       491  1.725000000E+02  0.000000000E+00  9.995949377E+00 
       492  1.727500000E+02  0.000000000E+00  9.995462390E+00 
       493  1.730000000E+02  0.000000000E+00  9.994945211E+00 
       494  1.732500000E+02  0.000000000E+00  9.994396218E+00 
       495  1.735000000E+02  0.000000000E+00  9.993813722E+00 
       496  1.737500000E+02  0.000000000E+00  9.993195962E+00 
       497  1.740000000E+02  0.000000000E+00  9.992541106E+00 
       498  1.742500000E+02  0.000000000E+00  9.991847248E+00 
       499  1.745000000E+02  0.000000000E+00  9.991112408E+00 
       500  1.747500000E+02  0.000000000E+00  9.990334528E+00 
       501  1.750000000E+02  0.000000000E+00  9.989511474E+00 
       502  1.752500000E+02  0.000000000E+00  9.988641033E+00 
       503  1.755000000E+02  0.000000000E+00  9.987720910E+00 
       504  1.757500000E+02  0.000000000E+00  9.986748731E+00 
       505  1.760000000E+02  0.000000000E+00  9.985722038E+00 
       506  1.762500000E+02  0.000000000E+00  9.984638291E+00 
       507  1.765000000E+02  0.000000000E+00  9.983494866E+00 
       508  1.767500000E+02  0.000000000E+00  9.982289054E+00 
       509  1.770000000E+02  0.000000000E+00  9.981018059E+00 
       510  1.772500000E+02  0.000000000E+00  9.979679001E+00 
       511  1.775000000E+02  0.000000000E+00  9.978268915E+00 
       512  1.777500000E+02  0.000000000E+00  9.976784746E+00 
       513  1.780000000E+02  0.000000000E+00  9.975223357E+00 
       514  1.782500000E+02  0.000000000E+00  9.973581519E+00 
       515  1.785000000E+02  0.000000000E+00  9.971855923E+00 
       516  1.787500000E+02  0.000000000E+00  9.970043168E+00 
       517  1.790000000E+02  0.000000000E+00  9.968139772E+00 
       518  1.792500000E+02  0.000000000E+00  9.966142164E+00 
       519  1.795000000E+02  0.000000000E+00  9.964046691E+00 
       520  1.797500000E+02  0.000000000E+00  9.961849615E+00 
       521  1.800000000E+02  0.000000000E+00  9.959547115E+00 
       522  1.802500000E+02  0.000000000E+00  9.957135290E+00 
       523  1.805000000E+02  0.000000000E+00  9.954610154E+00 
       524  1.807500000E+02  0.000000000E+00  9.951967644E+00 
       525  1.810000000E+02  0.000000000E+00  9.949203617E+00 
       526  1.812500000E+02  0.000000000E+00  9.946313854E+00 
       527  1.815000000E+02  0.000000000E+00  9.943294057E+00 
       528  1.817500000E+02  0.000000000E+00  9.940139854E+00 
       529  1.820000000E+02  0.000000000E+00  9.936846800E+00 
       530  1.822500000E+02  0.000000000E+00  9.933410377E+00 
       531  1.825000000E+02  0.000000000E+00  9.929825994E+00 
       532  1.827500000E+02  0.000000000E+00  9.926088991E+00 
       533  1.830000000E+02  0.000000000E+00  9.922194638E+00 
       534  1.832500000E+02  0.000000000E+00  9.918138136E+00 
       535  1.835000000E+02  0.000000000E+00  9.913914619E+00 
       536  1.837500000E+02  0.000000000E+00  9.909519153E+00 
       537  1.840000000E+02  0.000000000E+00  9.904946737E+00 
       538  1.842500000E+02  0.000000000E+00  9.900192303E+00 
       539  1.845000000E+02  0.000000000E+00  9.895250717E+00 
       540  1.847500000E+02  0.000000000E+00  9.890116775E+00 
       541  1.850000000E+02  0.000000000E+00  9.884785207E+00 
       542  1.852500000E+02  0.000000000E+00  9.879250672E+00 
       543  1.855000000E+02  0.000000000E+00  9.873507760E+00 
       544  1.857500000E+02  0.000000000E+00  9.867550986E+00 
       545  1.860000000E+02  0.000000000E+00  9.861374791E+00 
       546  1.862500000E+02  0.000000000E+00  9.854973540E+00 
       547  1.865000000E+02  0.000000000E+00  9.848341515E+00 
       548  1.867500000E+02  0.000000000E+00  9.841472915E+00 
       549  1.870000000E+02  0.000000000E+00  9.834361853E+00 
       550  1.872500000E+02  0.000000000E+00  9.827002347E+00 
       551  1.875000000E+02  0.000000000E+00  9.819388324E+00 
       552  1.877500000E+02  0.000000000E+00  9.811513607E+00 
       553  1.880000000E+02  0.000000000E+00  9.803371916E+00 
       554  1.882500000E+02  0.000000000E+00  9.794956861E+00 
       555  1.885000000E+02  0.000000000E+00  9.786261939E+00 
       556  1.887500000E+02  0.000000000E+00  9.777280531E+00 
       557  1.890000000E+02  0.000000000E+00  9.768005896E+00 
       558  1.892500000E+02  0.000000000E+00  9.758431171E+00 
       559  1.895000000E+02  0.000000000E+00  9.748549368E+00 
       560  1.897500000E+02  0.000000000E+00  9.738353377E+00 
       561  1.900000000E+02  0.000000000E+00  9.727835968E+00 
       562  1.902500000E+02  0.000000000E+00  9.716989794E+00 
       563  1.905000000E+02  0.000000000E+00  9.705807405E+00 
       564  1.907500000E+02  0.000000000E+00  9.694281254E+00 
       565  1.910000000E+02  0.000000000E+00  9.682403723E+00 
       566  1.912500000E+02  0.000000000E+00  9.670167142E+00 
       567  1.915000000E+02  0.000000000E+00  9.657563825E+00 
       568  1.917500000E+02  0.000000000E+00  9.644586111E+00 
       569  1.920000000E+02  0.000000000E+00  9.631226415E+00 
       570  1.922500000E+02  0.000000000E+00  9.617477295E+00 
       571  1.925000000E+02  0.000000000E+00  9.603331539E+00 
       572  1.927500000E+02  0.000000000E+00  9.588782259E+00 
       573  1.930000000E+02  0.000000000E+00  9.573823022E+00 
       574  1.932500000E+02  0.000000000E+00  9.558448002E+00 
       575  1.935000000E+02  0.000000000E+00  9.542652160E+00 
       576  1.937500000E+02  0.000000000E+00  9.526431474E+00 
       577  1.940000000E+02  0.000000000E+00  9.509783211E+00 
       578  1.942500000E+02  0.000000000E+00  9.492706252E+00 
       579  1.945000000E+02  0.000000000E+00  9.475201495E+00 
       580  1.947500000E+02  0.000000000E+00  9.457272333E+00 
       581  1.950000000E+02  0.000000000E+00  9.438925240E+00 
       582  1.952500000E+02  0.000000000E+00  9.420170479E+00 
       583  1.955000000E+02  0.000000000E+00  9.401022966E+00 
       584  1.957500000E+02  0.000000000E+00  9.381503323E+00 
       585  1.960000000E+02  0.000000000E+00  9.361639177E+00 
       586  1.962500000E+02  0.000000000E+00  9.341466763E+00 
       587  1.965000000E+02  0.000000000E+00  9.321032923E+00 
       588  1.967500000E+02  0.000000000E+00  9.300397614E+00 
       589  1.970000000E+02  0.000000000E+00  9.279637110E+00 
       590  1.972500000E+02  0.000000000E+00  9.258848117E+00 
       591  1.975000000E+02  0.000000000E+00  9.238153170E+00 
       592  1.977500000E+02  0.000000000E+00  9.217707855E+00 
       593  1.980000000E+02  0.000000000E+00  9.197710708E+00 
       594  1.982500000E+02  0.000000000E+00  9.178417233E+00 
       595  1.985000000E+02  0.000000000E+00  9.160160555E+00 
       596  1.987500000E+02  0.000000000E+00  9.143383497E+00 
       597  1.990000000E+02  0.000000000E+00  9.128691909E+00 
       598  1.992500000E+02  0.000000000E+00  9.116951721E+00 
       599  1.995000000E+02  0.000000000E+00  9.109486504E+00 
       600  1.997500000E+02  0.000000000E+00  9.109900663E+00 
       601  2.000000000E+02  0.000000000E+00  8.626814535E+00 
       602  2.001999988E+02  0.000000000E+00  8.292443866E+00 
       603  2.004032879E+02  0.000000000E+00  8.399599723E+00 
       604  2.006099214E+02  0.000000000E+00  8.501796592E+00 
       605  2.008199543E+02  0.000000000E+00  8.599206172E+00 
       606  2.010334426E+02  0.000000000E+00  8.691883362E+00 
       607  2.012504431E+02  0.000000000E+00  8.779899198E+00 
       608  2.014710137E+02  0.000000000E+00  8.863339438E+00 
       609  2.016952129E+02  0.000000000E+00  8.942302834E+00 
       610  2.019231006E+02  0.000000000E+00  9.016899515E+00 
       611  2.021547374E+02  0.000000000E+00  9.087249582E+00 
       612  2.023901849E+02  0.000000000E+00  9.153481774E+00 
       613  2.026295060E+02  0.000000000E+00  9.215732099E+00 
       614  2.028727642E+02  0.000000000E+00  9.274142878E+00 
       615  2.031200245E+02  0.000000000E+00  9.330340977E+00 
       616  2.033713525E+02  0.000000000E+00  9.384349082E+00 
       617  2.036268153E+02  0.000000000E+00  9.407651759E+00 
       618  2.038864808E+02  0.000000000E+00  9.428340513E+00 
       619  2.041504183E+02  0.000000000E+00  9.475636383E+00 
       620  2.044186979E+02  0.000000000E+00  9.519219813E+00 
       621  2.046913911E+02  0.000000000E+00  9.558098221E+00 
       622  2.049685706E+02  0.000000000E+00  9.594144658E+00 
       623  2.052503101E+02  0.000000000E+00  9.627516491E+00 
       624  2.055366847E+02  0.000000000E+00  9.658368007E+00 
       625  2.058277705E+02  0.000000000E+00  9.686849883E+00 
       626  2.061236452E+02  0.000000000E+00  9.713108745E+00 
       627  2.064243875E+02  0.000000000E+00  9.737286586E+00 
       628  2.067300774E+02  0.000000000E+00  9.759520420E+00 
       629  2.070407965E+02  0.000000000E+00  9.779941975E+00 
       630  2.073566273E+02  0.000000000E+00  9.798677457E+00 
       631  2.076776540E+02  0.000000000E+00  9.815847374E+00 
       632  2.080039622E+02  0.000000000E+00  9.831566412E+00 
       633  2.083356386E+02  0.000000000E+00  9.845943361E+00 
       634  2.086727716E+02  0.000000000E+00  9.859081102E+00 
       635  2.090154510E+02  0.000000000E+00  9.871076617E+00 
       636  2.093637679E+02  0.000000000E+00  9.882021060E+00 
       637  2.097178153E+02  0.000000000E+00  9.891999843E+00 
       638  2.100776872E+02  0.000000000E+00  9.901092767E+00 
       639  2.104434797E+02  0.000000000E+00  9.909374178E+00 
       640  2.108152899E+02  0.000000000E+00  9.916913138E+00 
       641  2.111932170E+02  0.000000000E+00  9.923773628E+00 
       642  2.115773617E+02  0.000000000E+00  9.930014761E+00 
       643  2.119678260E+02  0.000000000E+00  9.935691008E+00 
       644  2.123647142E+02  0.000000000E+00  9.940852441E+00 
       645  2.127681317E+02  0.000000000E+00  9.945544975E+00 
       646  2.131781861E+02  0.000000000E+00  9.949810624E+00 
       647  2.135949866E+02  0.000000000E+00  9.953687753E+00 
       648  2.140186441E+02  0.000000000E+00  9.957211335E+00 
       649  2.144492713E+02  0.000000000E+00  9.960413203E+00 
       650  2.148869831E+02  0.000000000E+00  9.963322300E+00 
       651  2.153318959E+02  0.000000000E+00  9.965964922E+00 
       652  2.157841282E+02  0.000000000E+00  9.968364955E+00 
       653  2.162438005E+02  0.000000000E+00  9.970544099E+00 
       654  2.167110350E+02  0.000000000E+00  9.972522088E+00 
       655  2.171859563E+02  0.000000000E+00  9.974316888E+00 
       656  2.176686908E+02  0.000000000E+00  9.975944891E+00 
       657  2.181593671E+02  0.000000000E+00  9.977421089E+00 
       658  2.186581157E+02  0.000000000E+00  9.978759233E+00 
       659  2.191650695E+02  0.000000000E+00  9.979971981E+00 
       660  2.196803635E+02  0.000000000E+00  9.981071026E+00 
       661  2.202041348E+02  0.000000000E+00  9.982067204E+00 
       662  2.207365230E+02  0.000000000E+00  9.982970596E+00 
       663  2.212776699E+02  0.000000000E+00  9.983790608E+00 
       664  2.218277194E+02  0.000000000E+00  9.984536036E+00 
       665  2.223868182E+02  0.000000000E+00  9.985215121E+00 
       666  2.229551149E+02  0.000000000E+00  9.985835589E+00 
       667  2.235327610E+02  0.000000000E+00  9.986404681E+00 
       668  2.241199103E+02  0.000000000E+00  9.986929176E+00 
       669  2.247167191E+02  0.000000000E+00  9.987415403E+00 
       670  2.253233464E+02  0.000000000E+00  9.987869250E+00 
       671  2.259399536E+02  0.000000000E+00  9.988296167E+00 
       672  2.265667050E+02  0.000000000E+00  9.988701171E+00 
       673  2.272037674E+02  0.000000000E+00  9.989088845E+00 
       674  2.278513104E+02  0.000000000E+00  9.989463343E+00 
       675  2.285095066E+02  0.000000000E+00  9.989828395E+00 
       676  2.291785311E+02  0.000000000E+00  9.990187314E+00 
       677  2.298585621E+02  0.000000000E+00  9.990543007E+00 
       678  2.305497807E+02  0.000000000E+00  9.990897991E+00 
       679  2.312523708E+02  0.000000000E+00  9.991254410E+00 
       680  2.319665197E+02  0.000000000E+00  9.991614061E+00 
       681  2.326924175E+02  0.000000000E+00  9.991978414E+00 
       682  2.334302574E+02  0.000000000E+00  9.992348644E+00 
       683  2.341802359E+02  0.000000000E+00  9.992725655E+00 
       684  2.349425527E+02  0.000000000E+00  9.993110113E+00 
       685  2.357174108E+02  0.000000000E+00  9.993502473E+00 
       686  2.365050165E+02  0.000000000E+00  9.993903008E+00 
       687  2.373055796E+02  0.000000000E+00  9.994311833E+00 
       688  2.381193132E+02  0.000000000E+00  9.994728930E+00 
       689  2.389464340E+02  0.000000000E+00  9.995154174E+00 
       690  2.397871622E+02  0.000000000E+00  9.995587344E+00 
       691  2.406417216E+02  0.000000000E+00  9.996028148E+00 
       692  2.415103399E+02  0.000000000E+00  9.996476239E+00 
       693  2.423932484E+02  0.000000000E+00  9.996931227E+00 
       694  2.432906820E+02  0.000000000E+00  9.997392708E+00 
       695  2.442028798E+02  0.000000000E+00  9.997860281E+00 
       696  2.451300847E+02  0.000000000E+00  9.998333596E+00 
       697  2.460725436E+02  0.000000000E+00  9.998812398E+00 
       698  2.470305073E+02  0.000000000E+00  9.999296619E+00 
       699  2.480042311E+02  0.000000000E+00  9.999786492E+00 
       700  2.489939742E+02  0.000000000E+00  1.000028272E+01 
       701  2.500000000E+02  0.000000000E+00  1.000078675E+01 
       702  2.510060258E+02  0.000000000E+00  1.000129254E+01 
       703  2.519957689E+02  0.000000000E+00  1.000179398E+01 
       704  2.529694927E+02  0.000000000E+00  1.000229247E+01 
       705  2.539274564E+02  0.000000000E+00  1.000278869E+01 
       706  2.548699153E+02  0.000000000E+00  1.000328287E+01 
       707  2.557971202E+02  0.000000000E+00  1.000377496E+01 
       708  2.567093180E+02  0.000000000E+00  1.000426473E+01 
       709  2.576067516E+02  0.000000000E+00  1.000475188E+01 
       710  2.584896601E+02  0.000000000E+00  1.000523608E+01 
       711  2.593582784E+02  0.000000000E+00  1.000571700E+01 
       712  2.602128379E+02  0.000000000E+00  1.000619434E+01 
       713  2.610535660E+02  0.000000000E+00  1.000666785E+01 
       714  2.618806868E+02  0.000000000E+00  1.000713732E+01 
       715  2.626944204E+02  0.000000000E+00  1.000760259E+01 
       716  2.634949835E+02  0.000000000E+00  1.000806353E+01 
       717  2.642825892E+02  0.000000000E+00  1.000852006E+01 
       718  2.650574473E+02  0.000000000E+00  1.000897211E+01 
       719  2.658197641E+02  0.000000000E+00  1.000941966E+01 
       720  2.665697426E+02  0.000000000E+00  1.000986266E+01 
       721  2.673075825E+02  0.000000000E+00  1.001030112E+01 
       722  2.680334803E+02  0.000000000E+00  1.001073502E+01 
       723  2.687476292E+02  0.000000000E+00  1.001116434E+01 
       724  2.694502193E+02  0.000000000E+00  1.001158909E+01 
       725  2.701414379E+02  0.000000000E+00  1.001200927E+01 
       726  2.708214689E+02  0.000000000E+00  1.001242489E+01 
       727  2.714904934E+02  0.000000000E+00  1.001283601E+01 
       728  2.721486896E+02  0.000000000E+00  1.001324273E+01 
       729  2.727962326E+02  0.000000000E+00  1.001364522E+01 
       730  2.734332950E+02  0.000000000E+00  1.001404376E+01 
       731  2.740600464E+02  0.000000000E+00  1.001443877E+01 
       732  2.746766536E+02  0.000000000E+00  1.001483086E+01 
       733  2.752832808E+02  0.000000000E+00  1.001522088E+01 
       734  2.758800897E+02  0.000000000E+00  1.001560996E+01 
       735  2.764672390E+02  0.000000000E+00  1.001599959E+01 
       736  2.770448851E+02  0.000000000E+00  1.001639169E+01 
       737  2.776131818E+02  0.000000000E+00  1.001678867E+01 
       738  2.781722806E+02  0.000000000E+00  1.001719352E+01 
       739  2.787223301E+02  0.000000000E+00  1.001760989E+01 
       740  2.792634769E+02  0.000000000E+00  1.001804218E+01 
       741  2.797958652E+02  0.000000000E+00  1.001849565E+01 
       742  2.803196365E+02  0.000000000E+00  1.001897650E+01 
       743  2.808349305E+02  0.000000000E+00  1.001949199E+01 
       744  2.813418843E+02  0.000000000E+00  1.002005054E+01 
       745  2.818406329E+02  0.000000000E+00  1.002066187E+01 
       746  2.823313092E+02  0.000000000E+00  1.002133713E+01 
       747  2.828140437E+02  0.000000000E+00  1.002208899E+01 
       748  2.832889650E+02  0.000000000E+00  1.002293184E+01 
       749  2.837561995E+02  0.000000000E+00  1.002388192E+01 
       750  2.842158718E+02  0.000000000E+00  1.002495749E+01 
       751  2.846681041E+02  0.000000000E+00  1.002617900E+01 
       752  2.851130169E+02  0.000000000E+00  1.002756928E+01 
       753  2.855507287E+02  0.000000000E+00  1.002915375E+01 
       754  2.859813560E+02  0.000000000E+00  1.003096066E+01 
       755  2.864050134E+02  0.000000000E+00  1.003302126E+01 
       756  2.868218139E+02  0.000000000E+00  1.003537012E+01 
       757  2.872318683E+02  0.000000000E+00  1.003804535E+01 
       758  2.876352858E+02  0.000000000E+00  1.004108886E+01 
       759  2.880321740E+02  0.000000000E+00  1.004454673E+01 
       760  2.884226383E+02  0.000000000E+00  1.004846942E+01 
       761  2.888067830E+02  0.000000000E+00  1.005291216E+01 
       762  2.891847101E+02  0.000000000E+00  1.005793529E+01 
       763  2.895565204E+02  0.000000000E+00  1.006360455E+01 
       764  2.899223128E+02  0.000000000E+00  1.006999152E+01 
       765  2.902821847E+02  0.000000000E+00  1.007717393E+01 
       766  2.906362321E+02  0.000000000E+00  1.008523610E+01 
       767  2.909845490E+02  0.000000000E+00  1.009426930E+01 
       768  2.913272284E+02  0.000000000E+00  1.010437218E+01 
       769  2.916643614E+02  0.000000000E+00  1.011565121E+01 
       770  2.919960378E+02  0.000000000E+00  1.012822106E+01 
       771  2.923223460E+02  0.000000000E+00  1.014220507E+01 
       772  2.926433727E+02  0.000000000E+00  1.015773573E+01 
       773  2.929592035E+02  0.000000000E+00  1.017495509E+01 
       774  2.932699226E+02  0.000000000E+00  1.019401527E+01 
       775  2.935756125E+02  0.000000000E+00  1.021507896E+01 
       776  2.938763548E+02  0.000000000E+00  1.023831990E+01 
       777  2.941722295E+02  0.000000000E+00  1.026392346E+01 
       778  2.944633153E+02  0.000000000E+00  1.029208715E+01 
       779  2.947496899E+02  0.000000000E+00  1.032302122E+01 
       780  2.950314294E+02  0.000000000E+00  1.035694929E+01 
       781  2.953086088E+02  0.000000000E+00  1.039410900E+01 
       782  2.955813021E+02  0.000000000E+00  1.043475270E+01 
       783  2.958495817E+02  0.000000000E+00  1.047914825E+01 
       784  2.961135192E+02  0.000000000E+00  1.052757978E+01 
       785  2.963731847E+02  0.000000000E+00  1.058034862E+01 
       786  2.966286475E+02  0.000000000E+00  1.063777427E+01 
       787  2.968799755E+02  0.000000000E+00  1.070019544E+01 
       788  2.971272358E+02  0.000000000E+00  1.076797124E+01 
       789  2.973704940E+02  0.000000000E+00  1.084148247E+01 
       790  2.976098151E+02  0.000000000E+00  1.092113305E+01 
       791  2.978452626E+02  0.000000000E+00  1.100735158E+01 
       792  2.980768994E+02  0.000000000E+00  1.110059311E+01 
       793  2.983047871E+02  0.000000000E+00  1.120134115E+01 
       794  2.985289863E+02  0.000000000E+00  1.131010973E+01 
       795  2.987495568E+02  0.000000000E+00  1.122305324E+01 
       796  2.989665574E+02  0.000000000E+00  1.112823547E+01 
       797  2.991800457E+02  0.000000000E+00  1.122273935E+01 
       798  2.993900786E+02  0.000000000E+00  1.132431816E+01 
       799  2.995967121E+02  0.000000000E+00  1.143347681E+01 
       800  2.998000012E+02  0.000000000E+00  1.155158774E+01 
       801  3.000000000E+02  0.000000000E+00  1.131690805E+01 
       802  3.002500000E+02  0.000000000E+00  1.095249865E+01 
       803  3.005000000E+02  0.000000000E+00  1.095616146E+01 
       804  3.007500000E+02  0.000000000E+00  1.094980680E+01 
       805  3.010000000E+02  0.000000000E+00  1.093811276E+01 
       806  3.012500000E+02  0.000000000E+00  1.092275653E+01 
       807  3.015000000E+02  0.000000000E+00  1.090482330E+01 
       808  3.017500000E+02  0.000000000E+00  1.088506619E+01 
       809  3.020000000E+02  0.000000000E+00  1.086403209E+01 
       810  3.022500000E+02  0.000000000E+00  1.084213014E+01 
       811  3.025000000E+02  0.000000000E+00  1.081967261E+01 
       812  3.027500000E+02  0.000000000E+00  1.079690108E+01 
       813  3.030000000E+02  0.000000000E+00  1.077400399E+01 
       814  3.032500000E+02  0.000000000E+00  1.075112914E+01 
       815  3.035000000E+02  0.000000000E+00  1.072839259E+01 
       816  3.037500000E+02  0.000000000E+00  1.070588542E+01 
       817  3.040000000E+02  0.000000000E+00  1.068367882E+01 
       818  3.042500000E+02  0.000000000E+00  1.066182802E+01 
       819  3.045000000E+02  0.000000000E+00  1.064037537E+01 
       820  3.047500000E+02  0.000000000E+00  1.061935286E+01 
       821  3.050000000E+02  0.000000000E+00  1.059878401E+01 
       822  3.052500000E+02  0.000000000E+00  1.057868549E+01 
       823  3.055000000E+02  0.000000000E+00  1.055906843E+01 
       824  3.057500000E+02  0.000000000E+00  1.053993943E+01 
       825  3.060000000E+02  0.000000000E+00  1.052130145E+01 
       826  3.062500000E+02  0.000000000E+00  1.050315453E+01 
       827  3.065000000E+02  0.000000000E+00  1.048549634E+01 
       828  3.067500000E+02  0.000000000E+00  1.046832269E+01 
       829  3.070000000E+02  0.000000000E+00  1.045162790E+01 
       830  3.072500000E+02  0.000000000E+00  1.043540515E+01 
       831  3.075000000E+02  0.000000000E+00  1.041964677E+01 
       832  3.077500000E+02  0.000000000E+00  1.040434439E+01 
       833  3.080000000E+02  0.000000000E+00  1.038948920E+01 
       834  3.082500000E+02  0.000000000E+00  1.037507204E+01 
       835  3.085000000E+02  0.000000000E+00  1.036108355E+01 
       836  3.087500000E+02  0.000000000E+00  1.034751427E+01 
       837  3.090000000E+02  0.000000000E+00  1.033435470E+01 
       838  3.092500000E+02  0.000000000E+00  1.032159536E+01 
       839  3.095000000E+02  0.000000000E+00  1.030922686E+01 
       840  3.097500000E+02  0.000000000E+00  1.029723991E+01 
       841  3.100000000E+02  0.000000000E+00  1.028562536E+01 
       842  3.102500000E+02  0.000000000E+00  1.027437421E+01 
       843  3.105000000E+02  0.000000000E+00  1.026347766E+01 
       844  3.107500000E+02  0.000000000E+00  1.025292706E+01 
       845  3.110000000E+02  0.000000000E+00  1.024271395E+01 
       846  3.112500000E+02  0.000000000E+00  1.023283006E+01 
       847  3.115000000E+02  0.000000000E+00  1.022326730E+01 
       848  3.117500000E+02  0.000000000E+00  1.021401777E+01 
       849  3.120000000E+02  0.000000000E+00  1.020507371E+01 
       850  3.122500000E+02  0.000000000E+00  1.019642758E+01 
       851  3.125000000E+02  0.000000000E+00  1.018807195E+01 
       852  3.127500000E+02  0.000000000E+00  1.017999959E+01 
       853  3.130000000E+02  0.000000000E+00  1.017220339E+01 
       854  3.132500000E+02  0.000000000E+00  1.016467638E+01 
       855  3.135000000E+02  0.000000000E+00  1.015741175E+01 
       856  3.137500000E+02  0.000000000E+00  1.015040278E+01 
       857  3.140000000E+02  0.000000000E+00  1.014364292E+01 
       858  3.142500000E+02  0.000000000E+00  1.013712568E+01 
       859  3.145000000E+02  0.000000000E+00  1.013084472E+01 
       860  3.147500000E+02  0.000000000E+00  1.012479379E+01 
       861  3.150000000E+02  0.000000000E+00  1.011896675E+01 
       862  3.152500000E+02  0.000000000E+00  1.011335754E+01 
       863  3.155000000E+02  0.000000000E+00  1.010796022E+01 
       864  3.157500000E+02  0.000000000E+00  1.010276891E+01 
       865  3.160000000E+02  0.000000000E+00  1.009777785E+01 
       866  3.162500000E+02  0.000000000E+00  1.009298134E+01 
       867  3.165000000E+02  0.000000000E+00  1.008837380E+01 
       868  3.167500000E+02  0.000000000E+00  1.008394969E+01 
       869  3.170000000E+02  0.000000000E+00  1.007970358E+01 
       870  3.172500000E+02  0.000000000E+00  1.007563014E+01 
       871  3.175000000E+02  0.000000000E+00  1.007172409E+01 
       872  3.177500000E+02  0.000000000E+00  1.006798025E+01 
       873  3.180000000E+02  0.000000000E+00  1.006439352E+01 
       874  3.182500000E+02  0.000000000E+00  1.006095890E+01 
       875  3.185000000E+02  0.000000000E+00  1.005767146E+01 
       876  3.187500000E+02  0.000000000E+00  1.005452635E+01 
       877  3.190000000E+02  0.000000000E+00  1.005151882E+01 
       878  3.192500000E+02  0.000000000E+00  1.004864421E+01 
       879  3.195000000E+02  0.000000000E+00  1.004589795E+01 
       880  3.197500000E+02  0.000000000E+00  1.004327554E+01 
       881  3.200000000E+02  0.000000000E+00  1.004077259E+01 
       882  3.202500000E+02  0.000000000E+00  1.003838480E+01 
       883  3.205000000E+02  0.000000000E+00  1.003610796E+01 
       884  3.207500000E+02  0.000000000E+00  1.003393796E+01 
       885  3.210000000E+02  0.000000000E+00  1.003187076E+01 
       886  3.212500000E+02  0.000000000E+00  1.002990246E+01 
       887  3.215000000E+02  0.000000000E+00  1.002802920E+01 
       888  3.217500000E+02  0.000000000E+00  1.002624727E+01 
       889  3.220000000E+02  0.000000000E+00  1.002455302E+01 
       890  3.222500000E+02  0.000000000E+00  1.002294291E+01 
       891  3.225000000E+02  0.000000000E+00  1.002141349E+01 
       892  3.227500000E+02  0.000000000E+00  1.001996142E+01 
       893  3.230000000E+02  0.000000000E+00  1.001858343E+01 
       894  3.232500000E+02  0.000000000E+00  1.001727639E+01 
       895  3.235000000E+02  0.000000000E+00  1.001603722E+01 
       896  3.237500000E+02  0.000000000E+00  1.001486295E+01 
       897  3.240000000E+02  0.000000000E+00  1.001375072E+01 
       898  3.242500000E+02  0.000000000E+00  1.001269774E+01 
       899  3.245000000E+02  0.000000000E+00  1.001170133E+01 
       900  3.247500000E+02  0.000000000E+00  1.001075889E+01 
       901  3.250000000E+02  0.000000000E+00  1.000986792E+01 
       902  3.252500000E+02  0.000000000E+00  1.000902599E+01 
       903  3.255000000E+02  0.000000000E+00  1.000823077E+01 
       904  3.257500000E+02  0.000000000E+00  1.000748003E+01 
       905  3.260000000E+02  0.000000000E+00  1.000677159E+01 
       906  3.262500000E+02  0.000000000E+00  1.000610339E+01 
       907  3.265000000E+02  0.000000000E+00  1.000547342E+01 
       908  3.267500000E+02  0.000000000E+00  1.000487977E+01 
       909  3.270000000E+02  0.000000000E+00  1.000432059E+01 
       910  3.272500000E+02  0.000000000E+00  1.000379412E+01 
       911  3.275000000E+02  0.000000000E+00  1.000329867E+01 
       912  3.277500000E+02  0.000000000E+00  1.000283262E+01 
       913  3.280000000E+02  0.000000000E+00  1.000239442E+01 
       914  3.282500000E+02  0.000000000E+00  1.000198258E+01 
       915  3.285000000E+02  0.000000000E+00  1.000159569E+01 
       916  3.287500000E+02  0.000000000E+00  1.000123240E+01 
       917  3.290000000E+02  0.000000000E+00  1.000089141E+01 
       918  3.292500000E+02  0.000000000E+00  1.000057149E+01 
       919  3.295000000E+02  0.000000000E+00  1.000027146E+01 
       920  3.297500000E+02  0.000000000E+00  9.999990220E+00 
       921  3.300000000E+02  0.000000000E+00  9.999726692E+00 
       922  3.302500000E+02  0.000000000E+00  9.999479866E+00 
       923  3.305000000E+02  0.000000000E+00  9.999248780E+00 
       924  3.307500000E+02  0.000000000E+00  9.999032520E+00 
       925  3.310000000E+02  0.000000000E+00  9.998830218E+00 
       926  3.312500000E+02  0.000000000E+00  9.998641049E+00 
       927  3.315000000E+02  0.000000000E+00  9.998464234E+00 
       928  3.317500000E+02  0.000000000E+00  9.998299031E+00 
       929  3.320000000E+02  0.000000000E+00  9.998144739E+00 
       930  3.322500000E+02  0.000000000E+00  9.998000696E+00 
       931  3.325000000E+02  0.000000000E+00  9.997866272E+00 
       932  3.327500000E+02  0.000000000E+00  9.997740875E+00 
       933  3.330000000E+02  0.000000000E+00  9.997623944E+00 
       934  3.332500000E+02  0.000000000E+00  9.997514949E+00 
       935  3.335000000E+02  0.000000000E+00  9.997413390E+00 
       936  3.337500000E+02  0.000000000E+00  9.997318796E+00 
       937  3.340000000E+02  0.000000000E+00  9.997230722E+00 
       938  3.342500000E+02  0.000000000E+00  9.997148750E+00 
       939  3.345000000E+02  0.000000000E+00  9.997072484E+00 
       940  3.347500000E+02  0.000000000E+00  9.997001555E+00 
       941  3.350000000E+02  0.000000000E+00  9.996935611E+00 
       942  3.352500000E+02  0.000000000E+00  9.996874326E+00 
       943  3.355000000E+02  0.000000000E+00  9.996817389E+00 
       944  3.357500000E+02  0.000000000E+00  9.996764513E+00 
       945  3.360000000E+02  0.000000000E+00  9.996715424E+00 
       946  3.362500000E+02  0.000000000E+00  9.996669867E+00 
       947  3.365000000E+02  0.000000000E+00  9.996627602E+00 
       948  3.367500000E+02  0.000000000E+00  9.996588406E+00 
       949  3.370000000E+02  0.000000000E+00  9.996552067E+00 
       950  3.372500000E+02  0.000000000E+00  9.996518390E+00 
       951  3.375000000E+02  0.000000000E+00  9.996487189E+00 
       952  3.377500000E+02  0.000000000E+00  9.996458293E+00 
       953  3.380000000E+02  0.000000000E+00  9.996431540E+00 
       954  3.382500000E+02  0.000000000E+00  9.996406778E+00 
       955  3.385000000E+02  0.000000000E+00  9.996383869E+00 
       956  3.387500000E+02  0.000000000E+00  9.996362679E+00 
       957  3.390000000E+02  0.000000000E+00  9.996343087E+00 
       958  3.392500000E+02  0.000000000E+00  9.996324977E+00 
       959  3.395000000E+02  0.000000000E+00  9.996308243E+00 
       960  3.397500000E+02  0.000000000E+00  9.996292786E+00 
       961  3.400000000E+02  0.000000000E+00  9.996278513E+00 
       962  3.402500000E+02  0.000000000E+00  9.996265337E+00 
       963  3.405000000E+02  0.000000000E+00  9.996253178E+00 
       964  3.407500000E+02  0.000000000E+00  9.996241962E+00 
       965  3.410000000E+02  0.000000000E+00  9.996231618E+00 
       966  3.412500000E+02  0.000000000E+00  9.996222083E+00 
       967  3.415000000E+02  0.000000000E+00  9.996213295E+00 
       968  3.417500000E+02  0.000000000E+00  9.996205200E+00 
       969  3.420000000E+02  0.000000000E+00  9.996197746E+00 
       970  3.422500000E+02  0.000000000E+00  9.996190884E+00 
       971  3.425000000E+02  0.000000000E+00  9.996184569E+00 
       972  3.427500000E+02  0.000000000E+00  9.996178762E+00 
       973  3.430000000E+02  0.000000000E+00  9.996173423E+00 
       974  3.432500000E+02  0.000000000E+00  9.996168517E+00 
       975  3.435000000E+02  0.000000000E+00  9.996164012E+00 
       976  3.437500000E+02  0.000000000E+00  9.996159876E+00 
       977  3.440000000E+02  0.000000000E+00  9.996156082E+00 
       978  3.442500000E+02  0.000000000E+00  9.996152605E+00 
       979  3.445000000E+02  0.000000000E+00  9.996149420E+00 
       980  3.447500000E+02  0.000000000E+00  9.996146506E+00 
       981  3.450000000E+02  0.000000000E+00  9.996143842E+00 
       982  3.452500000E+02  0.000000000E+00  9.996141410E+00 
       983  3.455000000E+02  0.000000000E+00  9.996139192E+00 
       984  3.457500000E+02  0.000000000E+00  9.996137174E+00 
       985  3.460000000E+02  0.000000000E+00  9.996135340E+00 
       986  3.462500000E+02  0.000000000E+00  9.996133678E+00 
       987  3.465000000E+02  0.000000000E+00  9.996132175E+00 
       988  3.467500000E+02  0.000000000E+00  9.996130822E+00 
       989  3.470000000E+02  0.000000000E+00  9.996129608E+00 
       990  3.472500000E+02  0.000000000E+00  9.996128525E+00 
       991  3.475000000E+02  0.000000000E+00  9.996127564E+00 
       992  3.477500000E+02  0.000000000E+00  9.996126719E+00 
       993  3.480000000E+02  0.000000000E+00  9.996125983E+00 
       994  3.482500000E+02  0.000000000E+00  9.996125352E+00 
       995  3.485000000E+02  0.000000000E+00  9.996124820E+00 
       996  3.487500000E+02  0.000000000E+00  9.996124384E+00 
       997  3.490000000E+02  0.000000000E+00  9.996124040E+00 
       998  3.492500000E+02  0.000000000E+00  9.996123785E+00 
       999  3.495000000E+02  0.000000000E+00  9.996123619E+00 
      1000  3.497500000E+02  0.000000000E+00  9.996123540E+00 
      1001  3.500000000E+02  0.000000000E+00  9.996123547E+00 
      1002  3.502500000E+02  0.000000000E+00  9.996123640E+00 
      1003  3.505000000E+02  0.000000000E+00  9.996123821E+00 
      1004  3.507500000E+02  0.000000000E+00  9.996124090E+00 
      1005  3.510000000E+02  0.000000000E+00  9.996124449E+00 
      1006  3.512500000E+02  0.000000000E+00  9.996124902E+00 
      1007  3.515000000E+02  0.000000000E+00  9.996125452E+00 
      1008  3.517500000E+02  0.000000000E+00  9.996126103E+00 
      1009  3.520000000E+02  0.000000000E+00  9.996126859E+00 
      1010  3.522500000E+02  0.000000000E+00  9.996127727E+00 
      1011  3.525000000E+02  0.000000000E+00  9.996128713E+00 
      1012  3.527500000E+02  0.000000000E+00  9.996129824E+00 
      1013  3.530000000E+02  0.000000000E+00  9.996131068E+00 
      1014  3.532500000E+02  0.000000000E+00  9.996132455E+00 
      1015  3.535000000E+02  0.000000000E+00  9.996133994E+00 
      1016  3.537500000E+02  0.000000000E+00  9.996135698E+00 
      1017  3.540000000E+02  0.000000000E+00  9.996137578E+00 
      1018  3.542500000E+02  0.000000000E+00  9.996139648E+00 
      1019  3.545000000E+02  0.000000000E+00  9.996141923E+00 
      1020  3.547500000E+02  0.000000000E+00  9.996144420E+00 
      1021  3.550000000E+02  0.000000000E+00  9.996147155E+00 
      1022  3.552500000E+02  0.000000000E+00  9.996150148E+00 
      1023  3.555000000E+02  0.000000000E+00  9.996153421E+00 
      1024  3.557500000E+02  0.000000000E+00  9.996156996E+00 
      1025  3.560000000E+02  0.000000000E+00  9.996160899E+00 
      1026  3.562500000E+02  0.000000000E+00  9.996165156E+00 
      1027  3.565000000E+02  0.000000000E+00  9.996169796E+00 
      1028  3.567500000E+02  0.000000000E+00  9.996174852E+00 
      1029  3.570000000E+02  0.000000000E+00  9.996180357E+00 
      1030  3.572500000E+02  0.000000000E+00  9.996186349E+00 
      1031  3.575000000E+02  0.000000000E+00  9.996192868E+00 
      1032  3.577500000E+02  0.000000000E+00  9.996199957E+00 
      1033  3.580000000E+02  0.000000000E+00  9.996207664E+00 
      1034  3.582500000E+02  0.000000000E+00  9.996216037E+00 
      1035  3.585000000E+02  0.000000000E+00  9.996225134E+00 
      1036  3.587500000E+02  0.000000000E+00  9.996235011E+00 
      1037  3.590000000E+02  0.000000000E+00  9.996245733E+00 
      1038  3.592500000E+02  0.000000000E+00  9.996257367E+00 
      1039  3.595000000E+02  0.000000000E+00  9.996269988E+00 
      1040  3.597500000E+02  0.000000000E+00  9.996283674E+00 
      1041  3.600000000E+02  0.000000000E+00  9.996298511E+00 
      1042  3.602500000E+02  0.000000000E+00  9.996314591E+00 
      1043  3.605000000E+02  0.000000000E+00  9.996332010E+00 
      1044  3.607500000E+02  0.000000000E+00  9.996350877E+00 
      1045  3.610000000E+02  0.000000000E+00  9.996371303E+00 
      1046  3.612500000E+02  0.000000000E+00  9.996393411E+00 
      1047  3.615000000E+02  0.000000000E+00  9.996417333E+00 
      1048  3.617500000E+02  0.000000000E+00  9.996443207E+00 
      1049  3.620000000E+02  0.000000000E+00  9.996471185E+00 
      1050  3.622500000E+02  0.000000000E+00  9.996501428E+00 
      1051  3.625000000E+02  0.000000000E+00  9.996534109E+00 
      1052  3.627500000E+02  0.000000000E+00  9.996569412E+00 
      1053  3.630000000E+02  0.000000000E+00  9.996607535E+00 
      1054  3.632500000E+02  0.000000000E+00  9.996648690E+00 
      1055  3.635000000E+02  0.000000000E+00  9.996693103E+00 
      1056  3.637500000E+02  0.000000000E+00  9.996741016E+00 
      1057  3.640000000E+02  0.000000000E+00  9.996792687E+00 
      1058  3.642500000E+02  0.000000000E+00  9.996848392E+00 
      1059  3.645000000E+02  0.000000000E+00  9.996908425E+00 
      1060  3.647500000E+02  0.000000000E+00  9.996973098E+00 
      1061  3.650000000E+02  0.000000000E+00  9.997042748E+00 
      1062  3.652500000E+02  0.000000000E+00  9.997117730E+00 
      1063  3.655000000E+02  0.000000000E+00  9.997198423E+00 
      1064  3.657500000E+02  0.000000000E+00  9.997285230E+00 
      1065  3.660000000E+02  0.000000000E+00  9.997378583E+00 
      1066  3.662500000E+02  0.000000000E+00  9.997478936E+00 
      1067  3.665000000E+02  0.000000000E+00  9.997586776E+00 
      1068  3.667500000E+02  0.000000000E+00  9.997702617E+00 
      1069  3.670000000E+02  0.000000000E+00  9.997827007E+00 
      1070  3.672500000E+02  0.000000000E+00  9.997960525E+00 
      1071  3.675000000E+02  0.000000000E+00  9.998103787E+00 
      1072  3.677500000E+02  0.000000000E+00  9.998257445E+00 
      1073  3.680000000E+02  0.000000000E+00  9.998422189E+00 
      1074  3.682500000E+02  0.000000000E+00  9.998598750E+00 
      1075  3.685000000E+02  0.000000000E+00  9.998787901E+00 
      1076  3.687500000E+02  0.000000000E+00  9.998990458E+00 
      1077  3.690000000E+02  0.000000000E+00  9.999207287E+00 
      1078  3.692500000E+02  0.000000000E+00  9.999439296E+00 
      1079  3.695000000E+02  0.000000000E+00  9.999687450E+00 
      1080  3.697500000E+02  0.000000000E+00  9.999952762E+00 
      1081  3.700000000E+02  0.000000000E+00  1.000023630E+01 
      1082  3.702500000E+02  0.000000000E+00  1.000053919E+01 
      1083  3.705000000E+02  0.000000000E+00  1.000086262E+01 
      1084  3.707500000E+02  0.000000000E+00  1.000120784E+01 
      1085  3.710000000E+02  0.000000000E+00  1.000157615E+01 
      1086  3.712500000E+02  0.000000000E+00  1.000196893E+01 
      1087  3.715000000E+02  0.000000000E+00  1.000238762E+01 
      1088  3.717500000E+02  0.000000000E+00  1.000283375E+01 
      1089  3.720000000E+02  0.000000000E+00  1.000330889E+01 
      1090  3.722500000E+02  0.000000000E+00  1.000381472E+01 
      1091  3.725000000E+02  0.000000000E+00  1.000435297E+01 
      1092  3.727500000E+02  0.000000000E+00  1.000492546E+01 
      1093  3.730000000E+02  0.000000000E+00  1.000553410E+01 
      1094  3.732500000E+02  0.000000000E+00  1.000618088E+01 
      1095  3.735000000E+02  0.000000000E+00  1.000686786E+01 
      1096  3.737500000E+02  0.000000000E+00  1.000759722E+01 
      1097  3.740000000E+02  0.000000000E+00  1.000837119E+01 
      1098  3.742500000E+02  0.000000000E+00  1.000919214E+01 
      1099  3.745000000E+02  0.000000000E+00  1.001006250E+01 
      1100  3.747500000E+02  0.000000000E+00  1.001098480E+01 
      1101  3.750000000E+02  0.000000000E+00  1.001196167E+01 
      1102  3.752500000E+02  0.000000000E+00  1.001299585E+01 
      1103  3.755000000E+02  0.000000000E+00  1.001409017E+01 
      1104  3.757500000E+02  0.000000000E+00  1.001524756E+01 
      1105  3.760000000E+02  0.000000000E+00  1.001647104E+01 
      1106  3.762500000E+02  0.000000000E+00  1.001776377E+01 
      1107  3.765000000E+02  0.000000000E+00  1.001912896E+01 
      1108  3.767500000E+02  0.000000000E+00  1.002056997E+01 
      1109  3.770000000E+02  0.000000000E+00  1.002209024E+01 
      1110  3.772500000E+02  0.000000000E+00  1.002369331E+01 
      1111  3.775000000E+02  0.000000000E+00  1.002538282E+01 
      1112  3.777500000E+02  0.000000000E+00  1.002716253E+01 
      1113  3.780000000E+02  0.000000000E+00  1.002903627E+01 
      1114  3.782500000E+02  0.000000000E+00  1.003100798E+01 
      1115  3.785000000E+02  0.000000000E+00  1.003308170E+01 
      1116  3.787500000E+02  0.000000000E+00  1.003526156E+01 
      1117  3.790000000E+02  0.000000000E+00  1.003755177E+01 
      1118  3.792500000E+02  0.000000000E+00  1.003995663E+01 
      1119  3.795000000E+02  0.000000000E+00  1.004248052E+01 
      1120  3.797500000E+02  0.000000000E+00  1.004512790E+01 
      1121  3.800000000E+02  0.000000000E+00  1.004790330E+01 
      1122  3.802500000E+02  0.000000000E+00  1.005081132E+01 
      1123  3.805000000E+02  0.000000000E+00  1.005385661E+01 
      1124  3.807500000E+02  0.000000000E+00  1.005704388E+01 
      1125  3.810000000E+02  0.000000000E+00  1.006037790E+01 
      1126  3.812500000E+02  0.000000000E+00  1.006386345E+01 
      1127  3.815000000E+02  0.000000000E+00  1.006750537E+01 
      1128  3.817500000E+02  0.000000000E+00  1.007130852E+01 
      1129  3.820000000E+02  0.000000000E+00  1.007527775E+01 
      1130  3.822500000E+02  0.000000000E+00  1.007941793E+01 
      1131  3.825000000E+02  0.000000000E+00  1.008373394E+01 
      1132  3.827500000E+02  0.000000000E+00  1.008823061E+01 
      1133  3.830000000E+02  0.000000000E+00  1.009291275E+01 
      1134  3.832500000E+02  0.000000000E+00  1.009778516E+01 
      1135  3.835000000E+02  0.000000000E+00  1.010285254E+01 
      1136  3.837500000E+02  0.000000000E+00  1.010811955E+01 
      1137  3.840000000E+02  0.000000000E+00  1.011359077E+01 
      1138  3.842500000E+02  0.000000000E+00  1.011927068E+01 
      1139  3.845000000E+02  0.000000000E+00  1.012516364E+01 
      1140  3.847500000E+02  0.000000000E+00  1.013127391E+01 
      1141  3.850000000E+02  0.000000000E+00  1.013760558E+01 
      1142  3.852500000E+02  0.000000000E+00  1.014416261E+01 
      1143  3.855000000E+02  0.000000000E+00  1.015094878E+01 
      1144  3.857500000E+02  0.000000000E+00  1.015796766E+01 
      1145  3.860000000E+02  0.000000000E+00  1.016522264E+01 
      1146  3.862500000E+02  0.000000000E+00  1.017271686E+01 
      1147  3.865000000E+02  0.000000000E+00  1.018045324E+01 
      1148  3.867500000E+02  0.000000000E+00  1.018843441E+01 
      1149  3.870000000E+02  0.000000000E+00  1.019666274E+01 
      1150  3.872500000E+02  0.000000000E+00  1.020514029E+01 
      1151  3.875000000E+02  0.000000000E+00  1.021386880E+01 
      1152  3.877500000E+02  0.000000000E+00  1.022284965E+01 
      1153  3.880000000E+02  0.000000000E+00  1.023208389E+01 
      1154  3.882500000E+02  0.000000000E+00  1.024157215E+01 
      1155  3.885000000E+02  0.000000000E+00  1.025131469E+01 
      1156  3.887500000E+02  0.000000000E+00  1.026131130E+01 
      1157  3.890000000E+02  0.000000000E+00  1.027156135E+01 
      1158  3.892500000E+02  0.000000000E+00  1.028206371E+01 
      1159  3.895000000E+02  0.000000000E+00  1.029281676E+01 
      1160  3.897500000E+02  0.000000000E+00  1.030381835E+01 
      1161  3.900000000E+02  0.000000000E+00  1.031506576E+01 
      1162  3.902500000E+02  0.000000000E+00  1.032655568E+01 
      1163  3.905000000E+02  0.000000000E+00  1.033828420E+01 
      1164  3.907500000E+02  0.000000000E+00  1.035024672E+01 
      1165  3.910000000E+02  0.000000000E+00  1.036243797E+01 
      1166  3.912500000E+02  0.000000000E+00  1.037485193E+01 
      1167  3.915000000E+02  0.000000000E+00  1.038748180E+01 
      1168  3.917500000E+02  0.000000000E+00  1.040031992E+01 
      1169  3.920000000E+02  0.000000000E+00  1.041335776E+01 
      1170  3.922500000E+02  0.000000000E+00  1.042658580E+01 
      1171  3.925000000E+02  0.000000000E+00  1.043999349E+01 
      1172  3.927500000E+02  0.000000000E+00  1.045356913E+01 
      1173  3.930000000E+02  0.000000000E+00  1.046729979E+01 
      1174  3.932500000E+02  0.000000000E+00  1.048117118E+01 
      1175  3.935000000E+02  0.000000000E+00  1.049516751E+01 
      1176  3.937500000E+02  0.000000000E+00  1.050927132E+01 
      1177  3.940000000E+02  0.000000000E+00  1.052346329E+01 
      1178  3.942500000E+02  0.000000000E+00  1.053772201E+01 
      1179  3.945000000E+02  0.000000000E+00  1.055202373E+01 
      1180  3.947500000E+02  0.000000000E+00  1.056634197E+01 
      1181  3.950000000E+02  0.000000000E+00  1.058064720E+01 
      1182  3.952500000E+02  0.000000000E+00  1.059490633E+01 
      1183  3.955000000E+02  0.000000000E+00  1.060908215E+01 
      1184  3.957500000E+02  0.000000000E+00  1.062313265E+01 
      1185  3.960000000E+02  0.000000000E+00  1.063701015E+01 
      1186  3.962500000E+02  0.000000000E+00  1.065066026E+01 
      1187  3.965000000E+02  0.000000000E+00  1.066402056E+01 
      1188  3.967500000E+02  0.000000000E+00  1.067701895E+01 
      1189  3.970000000E+02  0.000000000E+00  1.068957153E+01 
      1190  3.972500000E+02  0.000000000E+00  1.070157988E+01 
      1191  3.975000000E+02  0.000000000E+00  1.071292739E+01 
      1192  3.977500000E+02  0.000000000E+00  1.072347438E+01 
      1193  3.980000000E+02  0.000000000E+00  1.073305132E+01 
      1194  3.982500000E+02  0.000000000E+00  1.074144906E+01 
      1195  3.985000000E+02  0.000000000E+00  1.074840427E+01 
      1196  3.987500000E+02  0.000000000E+00  1.075357641E+01 
      1197  3.990000000E+02  0.000000000E+00  1.075650887E+01 
      1198  3.992500000E+02  0.000000000E+00  1.075655681E+01 
      1199  3.995000000E+02  0.000000000E+00  1.075273747E+01 
      1200  3.997500000E+02  0.000000000E+00  1.074230580E+01 
      1201  4.000000000E+02  0.000000000E+00  1.105546263E+01 
      1202  4.002000034E+02  0.000000000E+00  1.126805860E+01 
      1203  4.004016387E+02  0.000000000E+00  1.118311802E+01 
      1204  4.006049192E+02  0.000000000E+00  1.110383611E+01 
      1205  4.008098583E+02  0.000000000E+00  1.102942041E+01 
      1206  4.010164696E+02  0.000000000E+00  1.095957104E+01 
      1207  4.012247666E+02  0.000000000E+00  1.089400928E+01 
      1208  4.014347631E+02  0.000000000E+00  1.083247548E+01 
      1209  4.016464731E+02  0.000000000E+00  1.077472730E+01 
      1210  4.018599104E+02  0.000000000E+00  1.072053820E+01 
      1211  4.020750892E+02  0.000000000E+00  1.066969608E+01 
      1212  4.022920237E+02  0.000000000E+00  1.062200229E+01 
      1213  4.025107282E+02  0.000000000E+00  1.057402049E+01 
      1214  4.027312172E+02  0.000000000E+00  1.052904720E+01 
      1215  4.029535052E+02  0.000000000E+00  1.049020560E+01 
      1216  4.031776069E+02  0.000000000E+00  1.045379804E+01 
      1217  4.034035370E+02  0.000000000E+00  1.041968125E+01 
      1218  4.036313106E+02  0.000000000E+00  1.038772041E+01 
      1219  4.038609426E+02  0.000000000E+00  1.035778854E+01 
      1220  4.040924483E+02  0.000000000E+00  1.032976613E+01 
      1221  4.043258428E+02  0.000000000E+00  1.030170854E+01 
      1222  4.045611417E+02  0.000000000E+00  1.027547490E+01 
      1223  4.047983604E+02  0.000000000E+00  1.025281668E+01 
      1224  4.050375146E+02  0.000000000E+00  1.023163203E+01 
      1225  4.052786201E+02  0.000000000E+00  1.021183334E+01 
      1226  4.055216929E+02  0.000000000E+00  1.019205498E+01 
      1227  4.057667489E+02  0.000000000E+00  1.017099836E+01 
      1228  4.060138044E+02  0.000000000E+00  1.014854004E+01 
      1229  4.062628756E+02  0.000000000E+00  1.012892693E+01 
      1230  4.065139791E+02  0.000000000E+00  1.011361567E+01 
      1231  4.067671314E+02  0.000000000E+00  1.009833567E+01 
      1232  4.070223492E+02  0.000000000E+00  1.008435531E+01 
      1233  4.072796494E+02  0.000000000E+00  1.007125998E+01 
      1234  4.075390490E+02  0.000000000E+00  1.005987599E+01 
      1235  4.078005650E+02  0.000000000E+00  1.005160105E+01 
      1236  4.080642148E+02  0.000000000E+00  1.004370388E+01 
      1237  4.083300158E+02  0.000000000E+00  1.003639787E+01 
      1238  4.085979855E+02  0.000000000E+00  1.002971871E+01 
      1239  4.088681416E+02  0.000000000E+00  1.003926720E+01 
      1240  4.091405020E+02  0.000000000E+00  1.004850230E+01 
      1241  4.094150846E+02  0.000000000E+00  1.004130620E+01 
      1242  4.096919076E+02  0.000000000E+00  1.003465961E+01 
      1243  4.099709892E+02  0.000000000E+00  1.002852479E+01 
      1244  4.102523480E+02  0.000000000E+00  1.002286623E+01 
      1245  4.105360024E+02  0.000000000E+00  1.001765051E+01 
      1246  4.108219711E+02  0.000000000E+00  1.001284619E+01 
      1247  4.111102732E+02  0.000000000E+00  1.000842374E+01 
      1248  4.114009276E+02  0.000000000E+00  1.000435539E+01 
      1249  4.116939535E+02  0.000000000E+00  1.000061505E+01 
      1250  4.119893702E+02  0.000000000E+00  9.997178254E+00 
      1251  4.122871973E+02  0.000000000E+00  9.994022024E+00 
      1252  4.125874544E+02  0.000000000E+00  9.991124828E+00 
      1253  4.128901614E+02  0.000000000E+00  9.988466490E+00 
      1254  4.131953383E+02  0.000000000E+00  9.986028124E+00 
      1255  4.135030051E+02  0.000000000E+00  9.983792059E+00 
      1256  4.138131823E+02  0.000000000E+00  9.981741785E+00 
      1257  4.141258902E+02  0.000000000E+00  9.979861886E+00 
      1258  4.144411496E+02  0.000000000E+00  9.978137987E+00 
      1259  4.147589813E+02  0.000000000E+00  9.976556695E+00 
      1260  4.150794062E+02  0.000000000E+00  9.975105554E+00 
      1261  4.154024455E+02  0.000000000E+00  9.973772992E+00 
      1262  4.157281206E+02  0.000000000E+00  9.972548274E+00 
      1263  4.160564529E+02  0.000000000E+00  9.971421460E+00 
      1264  4.163874641E+02  0.000000000E+00  9.970383365E+00 
      1265  4.167211762E+02  0.000000000E+00  9.969425511E+00 
      1266  4.170576110E+02  0.000000000E+00  9.968540098E+00 
      1267  4.173967909E+02  0.000000000E+00  9.967719961E+00 
      1268  4.177387382E+02  0.000000000E+00  9.966958534E+00 
      1269  4.180834756E+02  0.000000000E+00  9.966249821E+00 
      1270  4.184310257E+02  0.000000000E+00  9.965588358E+00 
      1271  4.187814116E+02  0.000000000E+00  9.964969186E+00 
      1272  4.191346563E+02  0.000000000E+00  9.964387816E+00 
      1273  4.194907832E+02  0.000000000E+00  9.963840202E+00 
      1274  4.198498158E+02  0.000000000E+00  9.963322712E+00 
      1275  4.202117779E+02  0.000000000E+00  9.962832103E+00 
      1276  4.205766933E+02  0.000000000E+00  9.962365488E+00 
      1277  4.209445860E+02  0.000000000E+00  9.961920318E+00 
      1278  4.213154806E+02  0.000000000E+00  9.961494350E+00 
      1279  4.216894013E+02  0.000000000E+00  9.961085629E+00 
      1280  4.220663728E+02  0.000000000E+00  9.960692462E+00 
      1281  4.224464202E+02  0.000000000E+00  9.960313395E+00 
      1282  4.228295685E+02  0.000000000E+00  9.959947193E+00 
      1283  4.232158429E+02  0.000000000E+00  9.959592822E+00 
      1284  4.236052691E+02  0.000000000E+00  9.959249423E+00 
      1285  4.239978726E+02  0.000000000E+00  9.958916302E+00 
      1286  4.243936795E+02  0.000000000E+00  9.958592904E+00 
      1287  4.247927158E+02  0.000000000E+00  9.958278804E+00 
      1288  4.251950080E+02  0.000000000E+00  9.957973688E+00 
      1289  4.256005825E+02  0.000000000E+00  9.957677337E+00 
      1290  4.260094662E+02  0.000000000E+00  9.957389617E+00 
      1291  4.264216861E+02  0.000000000E+00  9.957110464E+00 
      1292  4.268372694E+02  0.000000000E+00  9.956839877E+00 
      1293  4.272562434E+02  0.000000000E+00  9.956577902E+00 
      1294  4.276786360E+02  0.000000000E+00  9.956324625E+00 
      1295  4.281044750E+02  0.000000000E+00  9.956080166E+00 
      1296  4.285337884E+02  0.000000000E+00  9.955844669E+00 
      1297  4.289666047E+02  0.000000000E+00  9.955618296E+00 
      1298  4.294029525E+02  0.000000000E+00  9.955401223E+00 
      1299  4.298428605E+02  0.000000000E+00  9.955193632E+00 
      1300  4.302863578E+02  0.000000000E+00  9.954995711E+00 
      1301  4.307334737E+02  0.000000000E+00  9.954807647E+00 
      1302  4.311842377E+02  0.000000000E+00  9.954629628E+00 
      1303  4.316386795E+02  0.000000000E+00  9.954461834E+00 
      1304  4.320968293E+02  0.000000000E+00  9.954304442E+00 
      1305  4.325587172E+02  0.000000000E+00  9.954157623E+00 
      1306  4.330243737E+02  0.000000000E+00  9.954021537E+00 
      1307  4.334938296E+02  0.000000000E+00  9.953896341E+00 
      1308  4.339671159E+02  0.000000000E+00  9.953782181E+00 
      1309  4.344442638E+02  0.000000000E+00  9.953679196E+00 
      1310  4.349253049E+02  0.000000000E+00  9.953587517E+00 
      1311  4.354102708E+02  0.000000000E+00  9.953507270E+00 
      1312  4.358991937E+02  0.000000000E+00  9.953438574E+00 
      1313  4.363921059E+02  0.000000000E+00  9.953381540E+00 
      1314  4.368890398E+02  0.000000000E+00  9.953336277E+00 
      1315  4.373900283E+02  0.000000000E+00  9.953302887E+00 
      1316  4.378951044E+02  0.000000000E+00  9.953281470E+00 
      1317  4.384043016E+02  0.000000000E+00  9.953272123E+00 
      1318  4.389176534E+02  0.000000000E+00  9.953274939E+00 
      1319  4.394351937E+02  0.000000000E+00  9.953290010E+00 
      1320  4.399569568E+02  0.000000000E+00  9.953317424E+00 
      1321  4.404829770E+02  0.000000000E+00  9.953357272E+00 
      1322  4.410132892E+02  0.000000000E+00  9.953409639E+00 
      1323  4.415479282E+02  0.000000000E+00  9.953474613E+00 
      1324  4.420869295E+02  0.000000000E+00  9.953552280E+00 
      1325  4.426303286E+02  0.000000000E+00  9.953642725E+00 
      1326  4.431781614E+02  0.000000000E+00  9.953746034E+00 
      1327  4.437304641E+02  0.000000000E+00  9.953862291E+00 
      1328  4.442872731E+02  0.000000000E+00  9.953991582E+00 
      1329  4.448486253E+02  0.000000000E+00  9.954133989E+00 
      1330  4.454145576E+02  0.000000000E+00  9.954289597E+00 
      1331  4.459851075E+02  0.000000000E+00  9.954458489E+00 
      1332  4.465603126E+02  0.000000000E+00  9.954640747E+00 
      1333  4.471402109E+02  0.000000000E+00  9.954836451E+00 
      1334  4.477248408E+02  0.000000000E+00  9.955045683E+00 
      1335  4.483142407E+02  0.000000000E+00  9.955268519E+00 
      1336  4.489084497E+02  0.000000000E+00  9.955505039E+00 
      1337  4.495075070E+02  0.000000000E+00  9.955755316E+00 
      1338  4.501114521E+02  0.000000000E+00  9.956019425E+00 
      1339  4.507203248E+02  0.000000000E+00  9.956297435E+00 
      1340  4.513341655E+02  0.000000000E+00  9.956589417E+00 
      1341  4.519530147E+02  0.000000000E+00  9.956895435E+00 
      1342  4.525769132E+02  0.000000000E+00  9.957215553E+00 
      1343  4.532059021E+02  0.000000000E+00  9.957549831E+00 
      1344  4.538400232E+02  0.000000000E+00  9.957898324E+00 
      1345  4.544793181E+02  0.000000000E+00  9.958261086E+00 
      1346  4.551238292E+02  0.000000000E+00  9.958638165E+00 
      1347  4.557735990E+02  0.000000000E+00  9.959029606E+00 
      1348  4.564286703E+02  0.000000000E+00  9.959435448E+00 
      1349  4.570890866E+02  0.000000000E+00  9.959855726E+00 
      1350  4.577548913E+02  0.000000000E+00  9.960290472E+00 
      1351  4.584261284E+02  0.000000000E+00  9.960739710E+00 
      1352  4.591028423E+02  0.000000000E+00  9.961203460E+00 
      1353  4.597850777E+02  0.000000000E+00  9.961681735E+00 
      1354  4.604728795E+02  0.000000000E+00  9.962174542E+00 
      1355  4.611662932E+02  0.000000000E+00  9.962681884E+00 
      1356  4.618653647E+02  0.000000000E+00  9.963203754E+00 
      1357  4.625701400E+02  0.000000000E+00  9.963740141E+00 
      1358  4.632806657E+02  0.000000000E+00  9.964291023E+00 
      1359  4.639969887E+02  0.000000000E+00  9.964856375E+00 
      1360  4.647191564E+02  0.000000000E+00  9.965436160E+00 
      1361  4.654472164E+02  0.000000000E+00  9.966030335E+00 
      1362  4.661812167E+02  0.000000000E+00  9.966638848E+00 
      1363  4.669212059E+02  0.000000000E+00  9.967261639E+00 
      1364  4.676672328E+02  0.000000000E+00  9.967898635E+00 
      1365  4.684193468E+02  0.000000000E+00  9.968549758E+00 
      1366  4.691775973E+02  0.000000000E+00  9.969214917E+00 
      1367  4.699420346E+02  0.000000000E+00  9.969894010E+00 
      1368  4.707127091E+02  0.000000000E+00  9.970586925E+00 
      1369  4.714896716E+02  0.000000000E+00  9.971293536E+00 
      1370  4.722729736E+02  0.000000000E+00  9.972013705E+00 
      1371  4.730626666E+02  0.000000000E+00  9.972747278E+00 
      1372  4.738588030E+02  0.000000000E+00  9.973494082E+00 
      1373  4.746614352E+02  0.000000000E+00  9.974253924E+00 
      1374  4.754706162E+02  0.000000000E+00  9.975026585E+00 
      1375  4.762863994E+02  0.000000000E+00  9.975811810E+00 
      1376  4.771088389E+02  0.000000000E+00  9.976609298E+00 
      1377  4.779379887E+02  0.000000000E+00  9.977418681E+00 
      1378  4.787739038E+02  0.000000000E+00  9.978239499E+00 
      1379  4.796166392E+02  0.000000000E+00  9.979071153E+00 
      1380  4.804662507E+02  0.000000000E+00  9.979912842E+00 
      1381  4.813227944E+02  0.000000000E+00  9.980763462E+00 
      1382  4.821863268E+02  0.000000000E+00  9.981621453E+00 
      1383  4.830569049E+02  0.000000000E+00  9.982484578E+00 
      1384  4.839345862E+02  0.000000000E+00  9.983349573E+00 
      1385  4.848194287E+02  0.000000000E+00  9.984211640E+00 
      1386  4.857114908E+02  0.000000000E+00  9.985063684E+00 
      1387  4.866108314E+02  0.000000000E+00  9.985895182E+00 
      1388  4.875175099E+02  0.000000000E+00  9.986690502E+00 
      1389  4.884315862E+02  0.000000000E+00  9.987426445E+00 
      1390  4.893531206E+02  0.000000000E+00  9.988068618E+00 
      1391  4.902821741E+02  0.000000000E+00  9.988566046E+00 
      1392  4.912188078E+02  0.000000000E+00  9.988844045E+00 
      1393  4.921630837E+02  0.000000000E+00  9.988792868E+00 
      1394  4.931150642E+02  0.000000000E+00  9.988250829E+00 
      1395  4.940748120E+02  0.000000000E+00  9.986982293E+00 
      1396  4.950423907E+02  0.000000000E+00  9.984645356E+00 
      1397  4.960178639E+02  0.000000000E+00  9.980744981E+00 
      1398  4.970012963E+02  0.000000000E+00  9.974592403E+00 
      1399  4.979927527E+02  0.000000000E+00  9.959880503E+00 
      1400  4.989922986E+02  0.000000000E+00  9.939219360E+00 
      1401  5.000000000E+02  0.000000000E+00  9.929524310E+00 
