nodenumber     x-coordinate     y-coordinate           udm-11 
         1  0.000000000E+00  0.000000000E+00  1.000275190E+01 
         2  1.007701384E+00  0.000000000E+00  1.000263630E+01 
         3  2.007247274E+00  0.000000000E+00  1.000107700E+01 
         4  2.998703673E+00  0.000000000E+00  9.999688391E+00 
         5  3.982136051E+00  0.000000000E+00  9.999755442E+00 
         6  4.957609346E+00  0.000000000E+00  9.999793522E+00 
         7  5.925187975E+00  0.000000000E+00  9.999818122E+00 
         8  6.884935829E+00  0.000000000E+00  9.999832976E+00 
         9  7.836916284E+00  0.000000000E+00  9.999840796E+00 
        10  8.781192203E+00  0.000000000E+00  9.999843514E+00 
        11  9.717825941E+00  0.000000000E+00  9.999842512E+00 
        12  1.064687935E+01  0.000000000E+00  9.999838769E+00 
        13  1.156841377E+01  0.000000000E+00  9.999832989E+00 
        14  1.248249006E+01  0.000000000E+00  9.999825667E+00 
        15  1.338916858E+01  0.000000000E+00  9.999817156E+00 
        16  1.428850920E+01  0.000000000E+00  9.999807704E+00 
        17  1.518057130E+01  0.000000000E+00  9.999797479E+00 
        18  1.606541380E+01  0.000000000E+00  9.999786598E+00 
        19  1.694309512E+01  0.000000000E+00  9.999775134E+00 
        20  1.781367322E+01  0.000000000E+00  9.999763134E+00 
        21  1.867720559E+01  0.000000000E+00  9.999750619E+00 
        22  1.953374925E+01  0.000000000E+00  9.999737596E+00 
        23  2.038336076E+01  0.000000000E+00  9.999724056E+00 
        24  2.122609622E+01  0.000000000E+00  9.999709984E+00 
        25  2.206201128E+01  0.000000000E+00  9.999695351E+00 
        26  2.289116114E+01  0.000000000E+00  9.999680125E+00 
        27  2.371360056E+01  0.000000000E+00  9.999664266E+00 
        28  2.452938383E+01  0.000000000E+00  9.999647728E+00 
        29  2.533856484E+01  0.000000000E+00  9.999630458E+00 
        30  2.614119701E+01  0.000000000E+00  9.999612398E+00 
        31  2.693733335E+01  0.000000000E+00  9.999593485E+00 
        32  2.772702642E+01  0.000000000E+00  9.999573648E+00 
        33  2.851032837E+01  0.000000000E+00  9.999552811E+00 
        34  2.928729093E+01  0.000000000E+00  9.999530891E+00 
        35  3.005796541E+01  0.000000000E+00  9.999507799E+00 
        36  3.082240268E+01  0.000000000E+00  9.999483437E+00 
        37  3.158065324E+01  0.000000000E+00  9.999457701E+00 
        38  3.233276716E+01  0.000000000E+00  9.999430478E+00 
        39  3.307879409E+01  0.000000000E+00  9.999401648E+00 
        40  3.381878330E+01  0.000000000E+00  9.999371081E+00 
        41  3.455278365E+01  0.000000000E+00  9.999338638E+00 
        42  3.528084362E+01  0.000000000E+00  9.999304173E+00 
        43  3.600301127E+01  0.000000000E+00  9.999267527E+00 
        44  3.671933431E+01  0.000000000E+00  9.999228534E+00 
        45  3.742986002E+01  0.000000000E+00  9.999187016E+00 
        46  3.813463533E+01  0.000000000E+00  9.999142785E+00 
        47  3.883370678E+01  0.000000000E+00  9.999095642E+00 
        48  3.952712052E+01  0.000000000E+00  9.999045377E+00 
        49  4.021492235E+01  0.000000000E+00  9.998991769E+00 
        50  4.089715769E+01  0.000000000E+00  9.998934585E+00 
        51  4.157387159E+01  0.000000000E+00  9.998873580E+00 
        52  4.224510872E+01  0.000000000E+00  9.998808497E+00 
        53  4.291091342E+01  0.000000000E+00  9.998739070E+00 
        54  4.357132966E+01  0.000000000E+00  9.998665016E+00 
        55  4.422640104E+01  0.000000000E+00  9.998586043E+00 
        56  4.487617081E+01  0.000000000E+00  9.998501845E+00 
        57  4.552068189E+01  0.000000000E+00  9.998412107E+00 
        58  4.615997684E+01  0.000000000E+00  9.998316498E+00 
        59  4.679409786E+01  0.000000000E+00  9.998214677E+00 
        60  4.742308684E+01  0.000000000E+00  9.998106291E+00 
        61  4.804698530E+01  0.000000000E+00  9.997990973E+00 
        62  4.866583446E+01  0.000000000E+00  9.997868347E+00 
        63  4.927967516E+01  0.000000000E+00  9.997738024E+00 
        64  4.988854795E+01  0.000000000E+00  9.997599605E+00 
        65  5.049249303E+01  0.000000000E+00  9.997452678E+00 
        66  5.109155028E+01  0.000000000E+00  9.997296823E+00 
        67  5.168575926E+01  0.000000000E+00  9.997131608E+00 
        68  5.227515921E+01  0.000000000E+00  9.996956590E+00 
        69  5.285978905E+01  0.000000000E+00  9.996771320E+00 
        70  5.343968738E+01  0.000000000E+00  9.996575337E+00 
        71  5.401489250E+01  0.000000000E+00  9.996368171E+00 
        72  5.458544238E+01  0.000000000E+00  9.996149347E+00 
        73  5.515137472E+01  0.000000000E+00  9.995918380E+00 
        74  5.571272686E+01  0.000000000E+00  9.995674777E+00 
        75  5.626953590E+01  0.000000000E+00  9.995418039E+00 
        76  5.682183858E+01  0.000000000E+00  9.995147662E+00 
        77  5.736967139E+01  0.000000000E+00  9.994863135E+00 
        78  5.791307049E+01  0.000000000E+00  9.994563941E+00 
        79  5.845207178E+01  0.000000000E+00  9.994249557E+00 
        80  5.898671083E+01  0.000000000E+00  9.993919458E+00 
        81  5.951702297E+01  0.000000000E+00  9.993573112E+00 
        82  6.004304320E+01  0.000000000E+00  9.993209983E+00 
        83  6.056480627E+01  0.000000000E+00  9.992829532E+00 
        84  6.108234661E+01  0.000000000E+00  9.992431215E+00 
        85  6.159569842E+01  0.000000000E+00  9.992014482E+00 
        86  6.210489559E+01  0.000000000E+00  9.991578781E+00 
        87  6.260997174E+01  0.000000000E+00  9.991123553E+00 
        88  6.311096022E+01  0.000000000E+00  9.990648236E+00 
        89  6.360789412E+01  0.000000000E+00  9.990152260E+00 
        90  6.410080625E+01  0.000000000E+00  9.989635047E+00 
        91  6.458972916E+01  0.000000000E+00  9.989096014E+00 
        92  6.507469514E+01  0.000000000E+00  9.988534566E+00 
        93  6.555573621E+01  0.000000000E+00  9.987950098E+00 
        94  6.603288413E+01  0.000000000E+00  9.987341992E+00 
        95  6.650617042E+01  0.000000000E+00  9.986709614E+00 
        96  6.697562632E+01  0.000000000E+00  9.986052313E+00 
        97  6.744128283E+01  0.000000000E+00  9.985369415E+00 
        98  6.790317071E+01  0.000000000E+00  9.984660225E+00 
        99  6.836132046E+01  0.000000000E+00  9.983924017E+00 
       100  6.881576232E+01  0.000000000E+00  9.983160032E+00 
       101  6.926652631E+01  0.000000000E+00  9.982367474E+00 
       102  6.971364219E+01  0.000000000E+00  9.981545502E+00 
       103  7.015713949E+01  0.000000000E+00  9.980693227E+00 
       104  7.059704749E+01  0.000000000E+00  9.979809701E+00 
       105  7.103339524E+01  0.000000000E+00  9.978893911E+00 
       106  7.146621156E+01  0.000000000E+00  9.977944769E+00 
       107  7.189552503E+01  0.000000000E+00  9.976961104E+00 
       108  7.232136399E+01  0.000000000E+00  9.975941648E+00 
       109  7.274375656E+01  0.000000000E+00  9.974885029E+00 
       110  7.316273064E+01  0.000000000E+00  9.973789751E+00 
       111  7.357831389E+01  0.000000000E+00  9.972654186E+00 
       112  7.399053376E+01  0.000000000E+00  9.971476551E+00 
       113  7.439941746E+01  0.000000000E+00  9.970254897E+00 
       114  7.480499201E+01  0.000000000E+00  9.968987085E+00 
       115  7.520728416E+01  0.000000000E+00  9.967670767E+00 
       116  7.560632051E+01  0.000000000E+00  9.966303361E+00 
       117  7.600212738E+01  0.000000000E+00  9.964882029E+00 
       118  7.639473092E+01  0.000000000E+00  9.963403646E+00 
       119  7.678415706E+01  0.000000000E+00  9.961864771E+00 
       120  7.717043151E+01  0.000000000E+00  9.960261616E+00 
       121  7.755357977E+01  0.000000000E+00  9.958590008E+00 
       122  7.793362715E+01  0.000000000E+00  9.956845357E+00 
       123  7.831059875E+01  0.000000000E+00  9.955022604E+00 
       124  7.868451945E+01  0.000000000E+00  9.953116187E+00 
       125  7.905541395E+01  0.000000000E+00  9.951119988E+00 
       126  7.942330674E+01  0.000000000E+00  9.949027281E+00 
       127  7.978822211E+01  0.000000000E+00  9.946830676E+00 
       128  8.015018416E+01  0.000000000E+00  9.944522063E+00 
       129  8.050921679E+01  0.000000000E+00  9.942092542E+00 
       130  8.086534371E+01  0.000000000E+00  9.939532357E+00 
       131  8.121858844E+01  0.000000000E+00  9.936830825E+00 
       132  8.156897429E+01  0.000000000E+00  9.933976251E+00 
       133  8.191652442E+01  0.000000000E+00  9.930955850E+00 
       134  8.226126177E+01  0.000000000E+00  9.927755652E+00 
       135  8.260320909E+01  0.000000000E+00  9.924360414E+00 
       136  8.294238899E+01  0.000000000E+00  9.920753509E+00 
       137  8.327882384E+01  0.000000000E+00  9.916916830E+00 
       138  8.361253587E+01  0.000000000E+00  9.912830667E+00 
       139  8.394354712E+01  0.000000000E+00  9.908473591E+00 
       140  8.427187943E+01  0.000000000E+00  9.903822330E+00 
       141  8.459755450E+01  0.000000000E+00  9.898851629E+00 
       142  8.492059382E+01  0.000000000E+00  9.893534117E+00 
       143  8.524101873E+01  0.000000000E+00  9.887840156E+00 
       144  8.555885039E+01  0.000000000E+00  9.881737688E+00 
       145  8.587410979E+01  0.000000000E+00  9.875192075E+00 
       146  8.618681774E+01  0.000000000E+00  9.868165934E+00 
       147  8.649699489E+01  0.000000000E+00  9.860618960E+00 
       148  8.680466173E+01  0.000000000E+00  9.852507748E+00 
       149  8.710983857E+01  0.000000000E+00  9.843785608E+00 
       150  8.741254556E+01  0.000000000E+00  9.834402375E+00 
       151  8.771280270E+01  0.000000000E+00  9.824304213E+00 
       152  8.801062980E+01  0.000000000E+00  9.813433413E+00 
       153  8.830604654E+01  0.000000000E+00  9.801728195E+00 
       154  8.859907242E+01  0.000000000E+00  9.789122501E+00 
       155  8.888972679E+01  0.000000000E+00  9.775545790E+00 
       156  8.917802885E+01  0.000000000E+00  9.760922833E+00 
       157  8.946399764E+01  0.000000000E+00  9.745173510E+00 
       158  8.974765203E+01  0.000000000E+00  9.728212612E+00 
       159  9.002901076E+01  0.000000000E+00  9.709949649E+00 
       160  9.030809241E+01  0.000000000E+00  9.690288665E+00 
       161  9.058491540E+01  0.000000000E+00  9.669128067E+00 
       162  9.085949802E+01  0.000000000E+00  9.646360468E+00 
       163  9.113185839E+01  0.000000000E+00  9.621872549E+00 
       164  9.140201451E+01  0.000000000E+00  9.595544938E+00 
       165  9.166998421E+01  0.000000000E+00  9.567252125E+00 
       166  9.193578518E+01  0.000000000E+00  9.536862397E+00 
       167  9.219943499E+01  0.000000000E+00  9.504237820E+00 
       168  9.246095103E+01  0.000000000E+00  9.469234251E+00 
       169  9.272035058E+01  0.000000000E+00  9.431701279E+00 
       170  9.297765077E+01  0.000000000E+00  9.391483239E+00 
       171  9.323286858E+01  0.000000000E+00  9.348418686E+00 
       172  9.348602087E+01  0.000000000E+00  9.302338839E+00 
       173  9.373712436E+01  0.000000000E+00  9.252137518E+00 
       174  9.398619563E+01  0.000000000E+00  9.198285648E+00 
       175  9.423325112E+01  0.000000000E+00  9.141416229E+00 
       176  9.447830715E+01  0.000000000E+00  9.126232472E+00 
       177  9.472137990E+01  0.000000000E+00  9.107565002E+00 
       178  9.496248543E+01  0.000000000E+00  9.043620835E+00 
       179  9.520163964E+01  0.000000000E+00  8.972057415E+00 
       180  9.543885834E+01  0.000000000E+00  8.884804087E+00 
       181  9.567415720E+01  0.000000000E+00  8.796160887E+00 
       182  9.590755173E+01  0.000000000E+00  8.712978050E+00 
       183  9.613905737E+01  0.000000000E+00  8.627231716E+00 
       184  9.636868940E+01  0.000000000E+00  8.536525200E+00 
       185  9.659646297E+01  0.000000000E+00  8.440685968E+00 
       186  9.682239314E+01  0.000000000E+00  8.339549072E+00 
       187  9.704649481E+01  0.000000000E+00  8.229565501E+00 
       188  9.726878279E+01  0.000000000E+00  8.113782319E+00 
       189  9.748927176E+01  0.000000000E+00  7.991839747E+00 
       190  9.770797628E+01  0.000000000E+00  7.863834842E+00 
       191  9.792491078E+01  0.000000000E+00  7.729448704E+00 
       192  9.814008960E+01  0.000000000E+00  7.588816109E+00 
       193  9.835352693E+01  0.000000000E+00  7.445539643E+00 
       194  9.856523689E+01  0.000000000E+00  7.296126493E+00 
       195  9.877523344E+01  0.000000000E+00  7.145259012E+00 
       196  9.898353045E+01  0.000000000E+00  6.988525740E+00 
       197  9.919014168E+01  0.000000000E+00  6.821413396E+00 
       198  9.939508077E+01  0.000000000E+00  6.648430370E+00 
       199  9.959836126E+01  0.000000000E+00  6.469746998E+00 
       200  9.979999657E+01  0.000000000E+00  6.285997372E+00 
       201  1.000000000E+02  0.000000000E+00  6.810021759E+00 
       202  1.002500000E+02  0.000000000E+00  7.560504862E+00 
       203  1.005000000E+02  0.000000000E+00  7.530662040E+00 
       204  1.007500000E+02  0.000000000E+00  7.517233659E+00 
       205  1.010000000E+02  0.000000000E+00  7.513521875E+00 
       206  1.012500000E+02  0.000000000E+00  7.517012429E+00 
       207  1.015000000E+02  0.000000000E+00  7.526037753E+00 
       208  1.017500000E+02  0.000000000E+00  7.539411165E+00 
       209  1.020000000E+02  0.000000000E+00  7.556247720E+00 
       210  1.022500000E+02  0.000000000E+00  7.575865957E+00 
       211  1.025000000E+02  0.000000000E+00  7.597728922E+00 
       212  1.027500000E+02  0.000000000E+00  7.621406247E+00 
       213  1.030000000E+02  0.000000000E+00  7.646548472E+00 
       214  1.032500000E+02  0.000000000E+00  7.672868925E+00 
       215  1.035000000E+02  0.000000000E+00  7.700130529E+00 
       216  1.037500000E+02  0.000000000E+00  7.728135931E+00 
       217  1.040000000E+02  0.000000000E+00  7.756719979E+00 
       218  1.042500000E+02  0.000000000E+00  7.785743870E+00 
       219  1.045000000E+02  0.000000000E+00  7.815090537E+00 
       220  1.047500000E+02  0.000000000E+00  7.844660968E+00 
       221  1.050000000E+02  0.000000000E+00  7.874371239E+00 
       222  1.052500000E+02  0.000000000E+00  7.904150095E+00 
       223  1.055000000E+02  0.000000000E+00  7.933936964E+00 
       224  1.057500000E+02  0.000000000E+00  7.963680318E+00 
       225  1.060000000E+02  0.000000000E+00  7.993336308E+00 
       226  1.062500000E+02  0.000000000E+00  8.022867623E+00 
       227  1.065000000E+02  0.000000000E+00  8.052242538E+00 
       228  1.067500000E+02  0.000000000E+00  8.081434102E+00 
       229  1.070000000E+02  0.000000000E+00  8.110419456E+00 
       230  1.072500000E+02  0.000000000E+00  8.139179251E+00 
       231  1.075000000E+02  0.000000000E+00  8.167697162E+00 
       232  1.077500000E+02  0.000000000E+00  8.195959458E+00 
       233  1.080000000E+02  0.000000000E+00  8.223954647E+00 
       234  1.082500000E+02  0.000000000E+00  8.251673166E+00 
       235  1.085000000E+02  0.000000000E+00  8.279107116E+00 
       236  1.087500000E+02  0.000000000E+00  8.306250037E+00 
       237  1.090000000E+02  0.000000000E+00  8.333096710E+00 
       238  1.092500000E+02  0.000000000E+00  8.359642987E+00 
       239  1.095000000E+02  0.000000000E+00  8.385885651E+00 
       240  1.097500000E+02  0.000000000E+00  8.411822286E+00 
       241  1.100000000E+02  0.000000000E+00  8.437451169E+00 
       242  1.102500000E+02  0.000000000E+00  8.462771180E+00 
       243  1.105000000E+02  0.000000000E+00  8.487781716E+00 
       244  1.107500000E+02  0.000000000E+00  8.512482626E+00 
       245  1.110000000E+02  0.000000000E+00  8.536874146E+00 
       246  1.112500000E+02  0.000000000E+00  8.560956851E+00 
       247  1.115000000E+02  0.000000000E+00  8.584731604E+00 
       248  1.117500000E+02  0.000000000E+00  8.608199521E+00 
       249  1.120000000E+02  0.000000000E+00  8.631361936E+00 
       250  1.122500000E+02  0.000000000E+00  8.654220369E+00 
       251  1.125000000E+02  0.000000000E+00  8.676776503E+00 
       252  1.127500000E+02  0.000000000E+00  8.699032159E+00 
       253  1.130000000E+02  0.000000000E+00  8.720989281E+00 
       254  1.132500000E+02  0.000000000E+00  8.742649912E+00 
       255  1.135000000E+02  0.000000000E+00  8.764016187E+00 
       256  1.137500000E+02  0.000000000E+00  8.785090315E+00 
       257  1.140000000E+02  0.000000000E+00  8.805874568E+00 
       258  1.142500000E+02  0.000000000E+00  8.826371275E+00 
       259  1.145000000E+02  0.000000000E+00  8.846582810E+00 
       260  1.147500000E+02  0.000000000E+00  8.866511587E+00 
       261  1.150000000E+02  0.000000000E+00  8.886160050E+00 
       262  1.152500000E+02  0.000000000E+00  8.905530673E+00 
       263  1.155000000E+02  0.000000000E+00  8.924625949E+00 
       264  1.157500000E+02  0.000000000E+00  8.943448390E+00 
       265  1.160000000E+02  0.000000000E+00  8.962000521E+00 
       266  1.162500000E+02  0.000000000E+00  8.980284879E+00 
       267  1.165000000E+02  0.000000000E+00  8.998304006E+00 
       268  1.167500000E+02  0.000000000E+00  9.016060451E+00 
       269  1.170000000E+02  0.000000000E+00  9.033556764E+00 
       270  1.172500000E+02  0.000000000E+00  9.050795497E+00 
       271  1.175000000E+02  0.000000000E+00  9.067779200E+00 
       272  1.177500000E+02  0.000000000E+00  9.084510421E+00 
       273  1.180000000E+02  0.000000000E+00  9.100991703E+00 
       274  1.182500000E+02  0.000000000E+00  9.117225584E+00 
       275  1.185000000E+02  0.000000000E+00  9.133214596E+00 
       276  1.187500000E+02  0.000000000E+00  9.148961262E+00 
       277  1.190000000E+02  0.000000000E+00  9.164468099E+00 
       278  1.192500000E+02  0.000000000E+00  9.179737612E+00 
       279  1.195000000E+02  0.000000000E+00  9.194772297E+00 
       280  1.197500000E+02  0.000000000E+00  9.209574642E+00 
       281  1.200000000E+02  0.000000000E+00  9.224147119E+00 
       282  1.202500000E+02  0.000000000E+00  9.238492192E+00 
       283  1.205000000E+02  0.000000000E+00  9.252612311E+00 
       284  1.207500000E+02  0.000000000E+00  9.266509913E+00 
       285  1.210000000E+02  0.000000000E+00  9.280187422E+00 
       286  1.212500000E+02  0.000000000E+00  9.293647249E+00 
       287  1.215000000E+02  0.000000000E+00  9.306891790E+00 
       288  1.217500000E+02  0.000000000E+00  9.319923427E+00 
       289  1.220000000E+02  0.000000000E+00  9.332744527E+00 
       290  1.222500000E+02  0.000000000E+00  9.345357442E+00 
       291  1.225000000E+02  0.000000000E+00  9.357764509E+00 
       292  1.227500000E+02  0.000000000E+00  9.369968047E+00 
       293  1.230000000E+02  0.000000000E+00  9.381970361E+00 
       294  1.232500000E+02  0.000000000E+00  9.393773741E+00 
       295  1.235000000E+02  0.000000000E+00  9.405380458E+00 
       296  1.237500000E+02  0.000000000E+00  9.416792765E+00 
       297  1.240000000E+02  0.000000000E+00  9.428012903E+00 
       298  1.242500000E+02  0.000000000E+00  9.439043090E+00 
       299  1.245000000E+02  0.000000000E+00  9.449885529E+00 
       300  1.247500000E+02  0.000000000E+00  9.460542406E+00 
       301  1.250000000E+02  0.000000000E+00  9.471015888E+00 
       302  1.252500000E+02  0.000000000E+00  9.481308123E+00 
       303  1.255000000E+02  0.000000000E+00  9.491421242E+00 
       304  1.257500000E+02  0.000000000E+00  9.501357357E+00 
       305  1.260000000E+02  0.000000000E+00  9.511118559E+00 
       306  1.262500000E+02  0.000000000E+00  9.520706923E+00 
       307  1.265000000E+02  0.000000000E+00  9.530124503E+00 
       308  1.267500000E+02  0.000000000E+00  9.539373333E+00 
       309  1.270000000E+02  0.000000000E+00  9.548455429E+00 
       310  1.272500000E+02  0.000000000E+00  9.557372786E+00 
       311  1.275000000E+02  0.000000000E+00  9.566127378E+00 
       312  1.277500000E+02  0.000000000E+00  9.574721162E+00 
       313  1.280000000E+02  0.000000000E+00  9.583156070E+00 
       314  1.282500000E+02  0.000000000E+00  9.591434016E+00 
       315  1.285000000E+02  0.000000000E+00  9.599556894E+00 
       316  1.287500000E+02  0.000000000E+00  9.607526574E+00 
       317  1.290000000E+02  0.000000000E+00  9.615344908E+00 
       318  1.292500000E+02  0.000000000E+00  9.623013724E+00 
       319  1.295000000E+02  0.000000000E+00  9.630534830E+00 
       320  1.297500000E+02  0.000000000E+00  9.637910012E+00 
       321  1.300000000E+02  0.000000000E+00  9.645141033E+00 
       322  1.302500000E+02  0.000000000E+00  9.652229635E+00 
       323  1.305000000E+02  0.000000000E+00  9.659177539E+00 
       324  1.307500000E+02  0.000000000E+00  9.665986439E+00 
       325  1.310000000E+02  0.000000000E+00  9.672658012E+00 
       326  1.312500000E+02  0.000000000E+00  9.679193909E+00 
       327  1.315000000E+02  0.000000000E+00  9.685595759E+00 
       328  1.317500000E+02  0.000000000E+00  9.691865167E+00 
       329  1.320000000E+02  0.000000000E+00  9.698003715E+00 
       330  1.322500000E+02  0.000000000E+00  9.704012964E+00 
       331  1.325000000E+02  0.000000000E+00  9.709894447E+00 
       332  1.327500000E+02  0.000000000E+00  9.715649678E+00 
       333  1.330000000E+02  0.000000000E+00  9.721280143E+00 
       334  1.332500000E+02  0.000000000E+00  9.726787308E+00 
       335  1.335000000E+02  0.000000000E+00  9.732172611E+00 
       336  1.337500000E+02  0.000000000E+00  9.737437468E+00 
       337  1.340000000E+02  0.000000000E+00  9.742583271E+00 
       338  1.342500000E+02  0.000000000E+00  9.747611385E+00 
       339  1.345000000E+02  0.000000000E+00  9.752523152E+00 
       340  1.347500000E+02  0.000000000E+00  9.757319891E+00 
       341  1.350000000E+02  0.000000000E+00  9.762002891E+00 
       342  1.352500000E+02  0.000000000E+00  9.766573421E+00 
       343  1.355000000E+02  0.000000000E+00  9.771032722E+00 
       344  1.357500000E+02  0.000000000E+00  9.775382010E+00 
       345  1.360000000E+02  0.000000000E+00  9.779622477E+00 
       346  1.362500000E+02  0.000000000E+00  9.783755286E+00 
       347  1.365000000E+02  0.000000000E+00  9.787781578E+00 
       348  1.367500000E+02  0.000000000E+00  9.791702467E+00 
       349  1.370000000E+02  0.000000000E+00  9.795519039E+00 
       350  1.372500000E+02  0.000000000E+00  9.799232358E+00 
       351  1.375000000E+02  0.000000000E+00  9.802843457E+00 
       352  1.377500000E+02  0.000000000E+00  9.806353346E+00 
       353  1.380000000E+02  0.000000000E+00  9.809763009E+00 
       354  1.382500000E+02  0.000000000E+00  9.813073401E+00 
       355  1.385000000E+02  0.000000000E+00  9.816285452E+00 
       356  1.387500000E+02  0.000000000E+00  9.819400064E+00 
       357  1.390000000E+02  0.000000000E+00  9.822418116E+00 
       358  1.392500000E+02  0.000000000E+00  9.825340454E+00 
       359  1.395000000E+02  0.000000000E+00  9.828167903E+00 
       360  1.397500000E+02  0.000000000E+00  9.830901257E+00 
       361  1.400000000E+02  0.000000000E+00  9.833541285E+00 
       362  1.402500000E+02  0.000000000E+00  9.836088727E+00 
       363  1.405000000E+02  0.000000000E+00  9.838544297E+00 
       364  1.407500000E+02  0.000000000E+00  9.840908682E+00 
       365  1.410000000E+02  0.000000000E+00  9.843182540E+00 
       366  1.412500000E+02  0.000000000E+00  9.845366502E+00 
       367  1.415000000E+02  0.000000000E+00  9.847461173E+00 
       368  1.417500000E+02  0.000000000E+00  9.849467128E+00 
       369  1.420000000E+02  0.000000000E+00  9.851384915E+00 
       370  1.422500000E+02  0.000000000E+00  9.853215055E+00 
       371  1.425000000E+02  0.000000000E+00  9.854958041E+00 
       372  1.427500000E+02  0.000000000E+00  9.856614337E+00 
       373  1.430000000E+02  0.000000000E+00  9.858184381E+00 
       374  1.432500000E+02  0.000000000E+00  9.859668579E+00 
       375  1.435000000E+02  0.000000000E+00  9.861067314E+00 
       376  1.437500000E+02  0.000000000E+00  9.862380938E+00 
       377  1.440000000E+02  0.000000000E+00  9.863609774E+00 
       378  1.442500000E+02  0.000000000E+00  9.864754119E+00 
       379  1.445000000E+02  0.000000000E+00  9.865814241E+00 
       380  1.447500000E+02  0.000000000E+00  9.866790380E+00 
       381  1.450000000E+02  0.000000000E+00  9.867682745E+00 
       382  1.452500000E+02  0.000000000E+00  9.868491520E+00 
       383  1.455000000E+02  0.000000000E+00  9.869216859E+00 
       384  1.457500000E+02  0.000000000E+00  9.869858889E+00 
       385  1.460000000E+02  0.000000000E+00  9.870417706E+00 
       386  1.462500000E+02  0.000000000E+00  9.870893379E+00 
       387  1.465000000E+02  0.000000000E+00  9.871285949E+00 
       388  1.467500000E+02  0.000000000E+00  9.871595428E+00 
       389  1.470000000E+02  0.000000000E+00  9.871821799E+00 
       390  1.472500000E+02  0.000000000E+00  9.871965016E+00 
       391  1.475000000E+02  0.000000000E+00  9.872025006E+00 
       392  1.477500000E+02  0.000000000E+00  9.872001666E+00 
       393  1.480000000E+02  0.000000000E+00  9.871894866E+00 
       394  1.482500000E+02  0.000000000E+00  9.871704445E+00 
       395  1.485000000E+02  0.000000000E+00  9.871430216E+00 
       396  1.487500000E+02  0.000000000E+00  9.871071962E+00 
       397  1.490000000E+02  0.000000000E+00  9.870629437E+00 
       398  1.492500000E+02  0.000000000E+00  9.870102368E+00 
       399  1.495000000E+02  0.000000000E+00  9.869490452E+00 
       400  1.497500000E+02  0.000000000E+00  9.868793357E+00 
       401  1.500000000E+02  0.000000000E+00  9.868010725E+00 
       402  1.502500000E+02  0.000000000E+00  9.867142168E+00 
       403  1.505000000E+02  0.000000000E+00  9.866187268E+00 
       404  1.507500000E+02  0.000000000E+00  9.865145580E+00 
       405  1.510000000E+02  0.000000000E+00  9.864016632E+00 
       406  1.512500000E+02  0.000000000E+00  9.862799921E+00 
       407  1.515000000E+02  0.000000000E+00  9.861494917E+00 
       408  1.517500000E+02  0.000000000E+00  9.860101061E+00 
       409  1.520000000E+02  0.000000000E+00  9.858617767E+00 
       410  1.522500000E+02  0.000000000E+00  9.857044420E+00 
       411  1.525000000E+02  0.000000000E+00  9.855380376E+00 
       412  1.527500000E+02  0.000000000E+00  9.853624963E+00 
       413  1.530000000E+02  0.000000000E+00  9.851777482E+00 
       414  1.532500000E+02  0.000000000E+00  9.849837207E+00 
       415  1.535000000E+02  0.000000000E+00  9.847803380E+00 
       416  1.537500000E+02  0.000000000E+00  9.845675220E+00 
       417  1.540000000E+02  0.000000000E+00  9.843451914E+00 
       418  1.542500000E+02  0.000000000E+00  9.841132624E+00 
       419  1.545000000E+02  0.000000000E+00  9.838716483E+00 
       420  1.547500000E+02  0.000000000E+00  9.836202597E+00 
       421  1.550000000E+02  0.000000000E+00  9.833590044E+00 
       422  1.552500000E+02  0.000000000E+00  9.830877876E+00 
       423  1.555000000E+02  0.000000000E+00  9.828065115E+00 
       424  1.557500000E+02  0.000000000E+00  9.825150758E+00 
       425  1.560000000E+02  0.000000000E+00  9.822133776E+00 
       426  1.562500000E+02  0.000000000E+00  9.819013108E+00 
       427  1.565000000E+02  0.000000000E+00  9.815787672E+00 
       428  1.567500000E+02  0.000000000E+00  9.812456356E+00 
       429  1.570000000E+02  0.000000000E+00  9.809018021E+00 
       430  1.572500000E+02  0.000000000E+00  9.805471503E+00 
       431  1.575000000E+02  0.000000000E+00  9.801815612E+00 
       432  1.577500000E+02  0.000000000E+00  9.798049129E+00 
       433  1.580000000E+02  0.000000000E+00  9.794170811E+00 
       434  1.582500000E+02  0.000000000E+00  9.790179389E+00 
       435  1.585000000E+02  0.000000000E+00  9.786073568E+00 
       436  1.587500000E+02  0.000000000E+00  9.781852026E+00 
       437  1.590000000E+02  0.000000000E+00  9.777513417E+00 
       438  1.592500000E+02  0.000000000E+00  9.773056369E+00 
       439  1.595000000E+02  0.000000000E+00  9.768479484E+00 
       440  1.597500000E+02  0.000000000E+00  9.763781342E+00 
       441  1.600000000E+02  0.000000000E+00  9.758960493E+00 
       442  1.602500000E+02  0.000000000E+00  9.754015468E+00 
       443  1.605000000E+02  0.000000000E+00  9.748944768E+00 
       444  1.607500000E+02  0.000000000E+00  9.743746874E+00 
       445  1.610000000E+02  0.000000000E+00  9.738420241E+00 
       446  1.612500000E+02  0.000000000E+00  9.732963300E+00 
       447  1.615000000E+02  0.000000000E+00  9.727374458E+00 
       448  1.617500000E+02  0.000000000E+00  9.721652100E+00 
       449  1.620000000E+02  0.000000000E+00  9.715794585E+00 
       450  1.622500000E+02  0.000000000E+00  9.709800253E+00 
       451  1.625000000E+02  0.000000000E+00  9.703667416E+00 
       452  1.627500000E+02  0.000000000E+00  9.697394368E+00 
       453  1.630000000E+02  0.000000000E+00  9.690979377E+00 
       454  1.632500000E+02  0.000000000E+00  9.684420691E+00 
       455  1.635000000E+02  0.000000000E+00  9.677716537E+00 
       456  1.637500000E+02  0.000000000E+00  9.670865116E+00 
       457  1.640000000E+02  0.000000000E+00  9.663864612E+00 
       458  1.642500000E+02  0.000000000E+00  9.656713186E+00 
       459  1.645000000E+02  0.000000000E+00  9.649408979E+00 
       460  1.647500000E+02  0.000000000E+00  9.641950108E+00 
       461  1.650000000E+02  0.000000000E+00  9.634334675E+00 
       462  1.652500000E+02  0.000000000E+00  9.626560757E+00 
       463  1.655000000E+02  0.000000000E+00  9.618626415E+00 
       464  1.657500000E+02  0.000000000E+00  9.610529688E+00 
       465  1.660000000E+02  0.000000000E+00  9.602268596E+00 
       466  1.662500000E+02  0.000000000E+00  9.593841141E+00 
       467  1.665000000E+02  0.000000000E+00  9.585245306E+00 
       468  1.667500000E+02  0.000000000E+00  9.576479056E+00 
       469  1.670000000E+02  0.000000000E+00  9.567540337E+00 
       470  1.672500000E+02  0.000000000E+00  9.558427077E+00 
       471  1.675000000E+02  0.000000000E+00  9.549137190E+00 
       472  1.677500000E+02  0.000000000E+00  9.539668568E+00 
       473  1.680000000E+02  0.000000000E+00  9.530019090E+00 
       474  1.682500000E+02  0.000000000E+00  9.520186617E+00 
       475  1.685000000E+02  0.000000000E+00  9.510168994E+00 
       476  1.687500000E+02  0.000000000E+00  9.499964052E+00 
       477  1.690000000E+02  0.000000000E+00  9.489569604E+00 
       478  1.692500000E+02  0.000000000E+00  9.478983449E+00 
       479  1.695000000E+02  0.000000000E+00  9.468203373E+00 
       480  1.697500000E+02  0.000000000E+00  9.457227145E+00 
       481  1.700000000E+02  0.000000000E+00  9.446052523E+00 
       482  1.702500000E+02  0.000000000E+00  9.434677249E+00 
       483  1.705000000E+02  0.000000000E+00  9.423099053E+00 
       484  1.707500000E+02  0.000000000E+00  9.411315653E+00 
       485  1.710000000E+02  0.000000000E+00  9.399324753E+00 
       486  1.712500000E+02  0.000000000E+00  9.387124046E+00 
       487  1.715000000E+02  0.000000000E+00  9.374711214E+00 
       488  1.717500000E+02  0.000000000E+00  9.362083926E+00 
       489  1.720000000E+02  0.000000000E+00  9.349239842E+00 
       490  1.722500000E+02  0.000000000E+00  9.336176612E+00 
       491  1.725000000E+02  0.000000000E+00  9.322891874E+00 
       492  1.727500000E+02  0.000000000E+00  9.309383258E+00 
       493  1.730000000E+02  0.000000000E+00  9.295648385E+00 
       494  1.732500000E+02  0.000000000E+00  9.281684867E+00 
       495  1.735000000E+02  0.000000000E+00  9.267490308E+00 
       496  1.737500000E+02  0.000000000E+00  9.253062305E+00 
       497  1.740000000E+02  0.000000000E+00  9.238398446E+00 
       498  1.742500000E+02  0.000000000E+00  9.223496314E+00 
       499  1.745000000E+02  0.000000000E+00  9.208353484E+00 
       500  1.747500000E+02  0.000000000E+00  9.192967527E+00 
       501  1.750000000E+02  0.000000000E+00  9.177336008E+00 
       502  1.752500000E+02  0.000000000E+00  9.161456486E+00 
       503  1.755000000E+02  0.000000000E+00  9.145326516E+00 
       504  1.757500000E+02  0.000000000E+00  9.128943652E+00 
       505  1.760000000E+02  0.000000000E+00  9.112305441E+00 
       506  1.762500000E+02  0.000000000E+00  9.095409428E+00 
       507  1.765000000E+02  0.000000000E+00  9.078253157E+00 
       508  1.767500000E+02  0.000000000E+00  9.060834169E+00 
       509  1.770000000E+02  0.000000000E+00  9.043150005E+00 
       510  1.772500000E+02  0.000000000E+00  9.025198204E+00 
       511  1.775000000E+02  0.000000000E+00  9.006976306E+00 
       512  1.777500000E+02  0.000000000E+00  8.988481852E+00 
       513  1.780000000E+02  0.000000000E+00  8.969712383E+00 
       514  1.782500000E+02  0.000000000E+00  8.950665441E+00 
       515  1.785000000E+02  0.000000000E+00  8.931338574E+00 
       516  1.787500000E+02  0.000000000E+00  8.911729330E+00 
       517  1.790000000E+02  0.000000000E+00  8.891835262E+00 
       518  1.792500000E+02  0.000000000E+00  8.871653928E+00 
       519  1.795000000E+02  0.000000000E+00  8.851182889E+00 
       520  1.797500000E+02  0.000000000E+00  8.830419715E+00 
       521  1.800000000E+02  0.000000000E+00  8.809361982E+00 
       522  1.802500000E+02  0.000000000E+00  8.788007274E+00 
       523  1.805000000E+02  0.000000000E+00  8.766353183E+00 
       524  1.807500000E+02  0.000000000E+00  8.744397311E+00 
       525  1.810000000E+02  0.000000000E+00  8.722137272E+00 
       526  1.812500000E+02  0.000000000E+00  8.699570689E+00 
       527  1.815000000E+02  0.000000000E+00  8.676695202E+00 
       528  1.817500000E+02  0.000000000E+00  8.653508462E+00 
       529  1.820000000E+02  0.000000000E+00  8.630008138E+00 
       530  1.822500000E+02  0.000000000E+00  8.606191914E+00 
       531  1.825000000E+02  0.000000000E+00  8.582057496E+00 
       532  1.827500000E+02  0.000000000E+00  8.557602607E+00 
       533  1.830000000E+02  0.000000000E+00  8.532824995E+00 
       534  1.832500000E+02  0.000000000E+00  8.507722433E+00 
       535  1.835000000E+02  0.000000000E+00  8.482292720E+00 
       536  1.837500000E+02  0.000000000E+00  8.456533685E+00 
       537  1.840000000E+02  0.000000000E+00  8.430443190E+00 
       538  1.842500000E+02  0.000000000E+00  8.404019134E+00 
       539  1.845000000E+02  0.000000000E+00  8.377259455E+00 
       540  1.847500000E+02  0.000000000E+00  8.350162133E+00 
       541  1.850000000E+02  0.000000000E+00  8.322725201E+00 
       542  1.852500000E+02  0.000000000E+00  8.294946743E+00 
       543  1.855000000E+02  0.000000000E+00  8.266824904E+00 
       544  1.857500000E+02  0.000000000E+00  8.238357895E+00 
       545  1.860000000E+02  0.000000000E+00  8.209544001E+00 
       546  1.862500000E+02  0.000000000E+00  8.180381593E+00 
       547  1.865000000E+02  0.000000000E+00  8.150869133E+00 
       548  1.867500000E+02  0.000000000E+00  8.121005187E+00 
       549  1.870000000E+02  0.000000000E+00  8.090788441E+00 
       550  1.872500000E+02  0.000000000E+00  8.060217713E+00 
       551  1.875000000E+02  0.000000000E+00  8.029291968E+00 
       552  1.877500000E+02  0.000000000E+00  7.998010343E+00 
       553  1.880000000E+02  0.000000000E+00  7.966372166E+00 
       554  1.882500000E+02  0.000000000E+00  7.934376981E+00 
       555  1.885000000E+02  0.000000000E+00  7.902024580E+00 
       556  1.887500000E+02  0.000000000E+00  7.869315035E+00 
       557  1.890000000E+02  0.000000000E+00  7.836248735E+00 
       558  1.892500000E+02  0.000000000E+00  7.802826437E+00 
       559  1.895000000E+02  0.000000000E+00  7.769049310E+00 
       560  1.897500000E+02  0.000000000E+00  7.734919000E+00 
       561  1.900000000E+02  0.000000000E+00  7.700437694E+00 
       562  1.902500000E+02  0.000000000E+00  7.665608202E+00 
       563  1.905000000E+02  0.000000000E+00  7.630434046E+00 
       564  1.907500000E+02  0.000000000E+00  7.594919564E+00 
       565  1.910000000E+02  0.000000000E+00  7.559070035E+00 
       566  1.912500000E+02  0.000000000E+00  7.522891810E+00 
       567  1.915000000E+02  0.000000000E+00  7.486392484E+00 
       568  1.917500000E+02  0.000000000E+00  7.449581076E+00 
       569  1.920000000E+02  0.000000000E+00  7.412468246E+00 
       570  1.922500000E+02  0.000000000E+00  7.375066549E+00 
       571  1.925000000E+02  0.000000000E+00  7.337390723E+00 
       572  1.927500000E+02  0.000000000E+00  7.299458031E+00 
       573  1.930000000E+02  0.000000000E+00  7.261288651E+00 
       574  1.932500000E+02  0.000000000E+00  7.222906141E+00 
       575  1.935000000E+02  0.000000000E+00  7.184337969E+00 
       576  1.937500000E+02  0.000000000E+00  7.145616150E+00 
       577  1.940000000E+02  0.000000000E+00  7.106777977E+00 
       578  1.942500000E+02  0.000000000E+00  7.067866894E+00 
       579  1.945000000E+02  0.000000000E+00  7.028933520E+00 
       580  1.947500000E+02  0.000000000E+00  6.990036866E+00 
       581  1.950000000E+02  0.000000000E+00  6.951245778E+00 
       582  1.952500000E+02  0.000000000E+00  6.912640672E+00 
       583  1.955000000E+02  0.000000000E+00  6.874315610E+00 
       584  1.957500000E+02  0.000000000E+00  6.836380818E+00 
       585  1.960000000E+02  0.000000000E+00  6.798965750E+00 
       586  1.962500000E+02  0.000000000E+00  6.762222849E+00 
       587  1.965000000E+02  0.000000000E+00  6.726332204E+00 
       588  1.967500000E+02  0.000000000E+00  6.691507388E+00 
       589  1.970000000E+02  0.000000000E+00  6.658002865E+00 
       590  1.972500000E+02  0.000000000E+00  6.626123491E+00 
       591  1.975000000E+02  0.000000000E+00  6.596236977E+00 
       592  1.977500000E+02  0.000000000E+00  6.568790529E+00 
       593  1.980000000E+02  0.000000000E+00  6.544333635E+00 
       594  1.982500000E+02  0.000000000E+00  6.523550303E+00 
       595  1.985000000E+02  0.000000000E+00  6.507306524E+00 
       596  1.987500000E+02  0.000000000E+00  6.496723817E+00 
       597  1.990000000E+02  0.000000000E+00  6.493301225E+00 
       598  1.992500000E+02  0.000000000E+00  6.499136766E+00 
       599  1.995000000E+02  0.000000000E+00  6.517377586E+00 
       600  1.997500000E+02  0.000000000E+00  6.556254874E+00 
       601  2.000000000E+02  0.000000000E+00  5.639765148E+00 
       602  2.001999988E+02  0.000000000E+00  4.993327405E+00 
       603  2.004032879E+02  0.000000000E+00  5.210836618E+00 
       604  2.006099214E+02  0.000000000E+00  5.427564622E+00 
       605  2.008199543E+02  0.000000000E+00  5.641656209E+00 
       606  2.010334426E+02  0.000000000E+00  5.852474292E+00 
       607  2.012504431E+02  0.000000000E+00  6.059443714E+00 
       608  2.014710137E+02  0.000000000E+00  6.262038088E+00 
       609  2.016952129E+02  0.000000000E+00  6.459780559E+00 
       610  2.019231006E+02  0.000000000E+00  6.652244694E+00 
       611  2.021547374E+02  0.000000000E+00  6.839055042E+00 
       612  2.023901849E+02  0.000000000E+00  7.019887399E+00 
       613  2.026295060E+02  0.000000000E+00  7.194468576E+00 
       614  2.028727642E+02  0.000000000E+00  7.362575785E+00 
       615  2.031200245E+02  0.000000000E+00  7.527312158E+00 
       616  2.033713525E+02  0.000000000E+00  7.688398946E+00 
       617  2.036268153E+02  0.000000000E+00  7.782211087E+00 
       618  2.038864808E+02  0.000000000E+00  7.869673596E+00 
       619  2.041504183E+02  0.000000000E+00  8.015577576E+00 
       620  2.044186979E+02  0.000000000E+00  8.153186000E+00 
       621  2.046913911E+02  0.000000000E+00  8.279741697E+00 
       622  2.049685706E+02  0.000000000E+00  8.399322889E+00 
       623  2.052503101E+02  0.000000000E+00  8.512062031E+00 
       624  2.055366847E+02  0.000000000E+00  8.618119245E+00 
       625  2.058277705E+02  0.000000000E+00  8.717678849E+00 
       626  2.061236452E+02  0.000000000E+00  8.810945939E+00 
       627  2.064243875E+02  0.000000000E+00  8.898142988E+00 
       628  2.067300774E+02  0.000000000E+00  8.979506622E+00 
       629  2.070407965E+02  0.000000000E+00  9.055284526E+00 
       630  2.073566273E+02  0.000000000E+00  9.125732533E+00 
       631  2.076776540E+02  0.000000000E+00  9.191111917E+00 
       632  2.080039622E+02  0.000000000E+00  9.251686894E+00 
       633  2.083356386E+02  0.000000000E+00  9.307722332E+00 
       634  2.086727716E+02  0.000000000E+00  9.359481709E+00 
       635  2.090154510E+02  0.000000000E+00  9.407225273E+00 
       636  2.093637679E+02  0.000000000E+00  9.451208446E+00 
       637  2.097178153E+02  0.000000000E+00  9.491680422E+00 
       638  2.100776872E+02  0.000000000E+00  9.528882993E+00 
       639  2.104434797E+02  0.000000000E+00  9.563049560E+00 
       640  2.108152899E+02  0.000000000E+00  9.594404334E+00 
       641  2.111932170E+02  0.000000000E+00  9.623161709E+00 
       642  2.115773617E+02  0.000000000E+00  9.649525795E+00 
       643  2.119678260E+02  0.000000000E+00  9.673690097E+00 
       644  2.123647142E+02  0.000000000E+00  9.695837322E+00 
       645  2.127681317E+02  0.000000000E+00  9.716139304E+00 
       646  2.131781861E+02  0.000000000E+00  9.734757040E+00 
       647  2.135949866E+02  0.000000000E+00  9.751840806E+00 
       648  2.140186441E+02  0.000000000E+00  9.767530356E+00 
       649  2.144492713E+02  0.000000000E+00  9.781955195E+00 
       650  2.148869831E+02  0.000000000E+00  9.795234893E+00 
       651  2.153318959E+02  0.000000000E+00  9.807479457E+00 
       652  2.157841282E+02  0.000000000E+00  9.818789736E+00 
       653  2.162438005E+02  0.000000000E+00  9.829257850E+00 
       654  2.167110350E+02  0.000000000E+00  9.838967646E+00 
       655  2.171859563E+02  0.000000000E+00  9.847995158E+00 
       656  2.176686908E+02  0.000000000E+00  9.856409089E+00 
       657  2.181593671E+02  0.000000000E+00  9.864271279E+00 
       658  2.186581157E+02  0.000000000E+00  9.871637178E+00 
       659  2.191650695E+02  0.000000000E+00  9.878556316E+00 
       660  2.196803635E+02  0.000000000E+00  9.885072750E+00 
       661  2.202041348E+02  0.000000000E+00  9.891225512E+00 
       662  2.207365230E+02  0.000000000E+00  9.897049037E+00 
       663  2.212776699E+02  0.000000000E+00  9.902573564E+00 
       664  2.218277194E+02  0.000000000E+00  9.907825537E+00 
       665  2.223868182E+02  0.000000000E+00  9.912827966E+00 
       666  2.229551149E+02  0.000000000E+00  9.917600784E+00 
       667  2.235327610E+02  0.000000000E+00  9.922161170E+00 
       668  2.241199103E+02  0.000000000E+00  9.926523861E+00 
       669  2.247167191E+02  0.000000000E+00  9.930701434E+00 
       670  2.253233464E+02  0.000000000E+00  9.934704574E+00 
       671  2.259399536E+02  0.000000000E+00  9.938542316E+00 
       672  2.265667050E+02  0.000000000E+00  9.942222270E+00 
       673  2.272037674E+02  0.000000000E+00  9.945750827E+00 
       674  2.278513104E+02  0.000000000E+00  9.949133340E+00 
       675  2.285095066E+02  0.000000000E+00  9.952374298E+00 
       676  2.291785311E+02  0.000000000E+00  9.955477471E+00 
       677  2.298585621E+02  0.000000000E+00  9.958446046E+00 
       678  2.305497807E+02  0.000000000E+00  9.961282747E+00 
       679  2.312523708E+02  0.000000000E+00  9.963989932E+00 
       680  2.319665197E+02  0.000000000E+00  9.966569692E+00 
       681  2.326924175E+02  0.000000000E+00  9.969023918E+00 
       682  2.334302574E+02  0.000000000E+00  9.971354371E+00 
       683  2.341802359E+02  0.000000000E+00  9.973562728E+00 
       684  2.349425527E+02  0.000000000E+00  9.975650628E+00 
       685  2.357174108E+02  0.000000000E+00  9.977619696E+00 
       686  2.365050165E+02  0.000000000E+00  9.979471568E+00 
       687  2.373055796E+02  0.000000000E+00  9.981207894E+00 
       688  2.381193132E+02  0.000000000E+00  9.982830343E+00 
       689  2.389464340E+02  0.000000000E+00  9.984340591E+00 
       690  2.397871622E+02  0.000000000E+00  9.985740302E+00 
       691  2.406417216E+02  0.000000000E+00  9.987031101E+00 
       692  2.415103399E+02  0.000000000E+00  9.988214537E+00 
       693  2.423932484E+02  0.000000000E+00  9.989292038E+00 
       694  2.432906820E+02  0.000000000E+00  9.990264853E+00 
       695  2.442028798E+02  0.000000000E+00  9.991133994E+00 
       696  2.451300847E+02  0.000000000E+00  9.991900153E+00 
       697  2.460725436E+02  0.000000000E+00  9.992563627E+00 
       698  2.470305073E+02  0.000000000E+00  9.993124219E+00 
       699  2.480042311E+02  0.000000000E+00  9.993581138E+00 
       700  2.489939742E+02  0.000000000E+00  9.993932883E+00 
       701  2.500000000E+02  0.000000000E+00  9.994177126E+00 
       702  2.510060258E+02  0.000000000E+00  9.994309307E+00 
       703  2.519957689E+02  0.000000000E+00  9.994331048E+00 
       704  2.529694927E+02  0.000000000E+00  9.994247662E+00 
       705  2.539274564E+02  0.000000000E+00  9.994063230E+00 
       706  2.548699153E+02  0.000000000E+00  9.993780819E+00 
       707  2.557971202E+02  0.000000000E+00  9.993402742E+00 
       708  2.567093180E+02  0.000000000E+00  9.992930608E+00 
       709  2.576067516E+02  0.000000000E+00  9.992365473E+00 
       710  2.584896601E+02  0.000000000E+00  9.991707943E+00 
       711  2.593582784E+02  0.000000000E+00  9.990958286E+00 
       712  2.602128379E+02  0.000000000E+00  9.990116519E+00 
       713  2.610535660E+02  0.000000000E+00  9.989182500E+00 
       714  2.618806868E+02  0.000000000E+00  9.988155998E+00 
       715  2.626944204E+02  0.000000000E+00  9.987036775E+00 
       716  2.634949835E+02  0.000000000E+00  9.985824651E+00 
       717  2.642825892E+02  0.000000000E+00  9.984519571E+00 
       718  2.650574473E+02  0.000000000E+00  9.983121670E+00 
       719  2.658197641E+02  0.000000000E+00  9.981631333E+00 
       720  2.665697426E+02  0.000000000E+00  9.980049262E+00 
       721  2.673075825E+02  0.000000000E+00  9.978376534E+00 
       722  2.680334803E+02  0.000000000E+00  9.976614675E+00 
       723  2.687476292E+02  0.000000000E+00  9.974765720E+00 
       724  2.694502193E+02  0.000000000E+00  9.972832293E+00 
       725  2.701414379E+02  0.000000000E+00  9.970817685E+00 
       726  2.708214689E+02  0.000000000E+00  9.968725939E+00 
       727  2.714904934E+02  0.000000000E+00  9.966561944E+00 
       728  2.721486896E+02  0.000000000E+00  9.964331540E+00 
       729  2.727962326E+02  0.000000000E+00  9.962041634E+00 
       730  2.734332950E+02  0.000000000E+00  9.959700322E+00 
       731  2.740600464E+02  0.000000000E+00  9.957317036E+00 
       732  2.746766536E+02  0.000000000E+00  9.954902695E+00 
       733  2.752832808E+02  0.000000000E+00  9.952469877E+00 
       734  2.758800897E+02  0.000000000E+00  9.950033010E+00 
       735  2.764672390E+02  0.000000000E+00  9.947608580E+00 
       736  2.770448851E+02  0.000000000E+00  9.945215359E+00 
       737  2.776131818E+02  0.000000000E+00  9.942874656E+00 
       738  2.781722806E+02  0.000000000E+00  9.940610587E+00 
       739  2.787223301E+02  0.000000000E+00  9.938450375E+00 
       740  2.792634769E+02  0.000000000E+00  9.936424667E+00 
       741  2.797958652E+02  0.000000000E+00  9.934567884E+00 
       742  2.803196365E+02  0.000000000E+00  9.932918591E+00 
       743  2.808349305E+02  0.000000000E+00  9.931519895E+00 
       744  2.813418843E+02  0.000000000E+00  9.930419879E+00 
       745  2.818406329E+02  0.000000000E+00  9.929672053E+00 
       746  2.823313092E+02  0.000000000E+00  9.929335904E+00 
       747  2.828140437E+02  0.000000000E+00  9.929477093E+00 
       748  2.832889650E+02  0.000000000E+00  9.930168388E+00 
       749  2.837561995E+02  0.000000000E+00  9.931490316E+00 
       750  2.842158718E+02  0.000000000E+00  9.933531333E+00 
       751  2.846681041E+02  0.000000000E+00  9.936388682E+00 
       752  2.851130169E+02  0.000000000E+00  9.940169066E+00 
       753  2.855507287E+02  0.000000000E+00  9.944989342E+00 
       754  2.859813560E+02  0.000000000E+00  9.950977256E+00 
       755  2.864050134E+02  0.000000000E+00  9.958272223E+00 
       756  2.868218139E+02  0.000000000E+00  9.967026143E+00 
       757  2.872318683E+02  0.000000000E+00  9.977404269E+00 
       758  2.876352858E+02  0.000000000E+00  9.989586119E+00 
       759  2.880321740E+02  0.000000000E+00  1.000376645E+01 
       760  2.884226383E+02  0.000000000E+00  1.002015628E+01 
       761  2.888067830E+02  0.000000000E+00  1.003898400E+01 
       762  2.891847101E+02  0.000000000E+00  1.006049658E+01 
       763  2.895565204E+02  0.000000000E+00  1.008496081E+01 
       764  2.899223128E+02  0.000000000E+00  1.011266469E+01 
       765  2.902821847E+02  0.000000000E+00  1.014391897E+01 
       766  2.906362321E+02  0.000000000E+00  1.017905875E+01 
       767  2.909845490E+02  0.000000000E+00  1.021844533E+01 
       768  2.913272284E+02  0.000000000E+00  1.026246821E+01 
       769  2.916643614E+02  0.000000000E+00  1.031154727E+01 
       770  2.919960378E+02  0.000000000E+00  1.036613526E+01 
       771  2.923223460E+02  0.000000000E+00  1.042672059E+01 
       772  2.926433727E+02  0.000000000E+00  1.049383036E+01 
       773  2.929592035E+02  0.000000000E+00  1.056803386E+01 
       774  2.932699226E+02  0.000000000E+00  1.064994651E+01 
       775  2.935756125E+02  0.000000000E+00  1.074023425E+01 
       776  2.938763548E+02  0.000000000E+00  1.083961854E+01 
       777  2.941722295E+02  0.000000000E+00  1.094888211E+01 
       778  2.944633153E+02  0.000000000E+00  1.106887532E+01 
       779  2.947496899E+02  0.000000000E+00  1.120052359E+01 
       780  2.950314294E+02  0.000000000E+00  1.134483578E+01 
       781  2.953086088E+02  0.000000000E+00  1.150291374E+01 
       782  2.955813021E+02  0.000000000E+00  1.167596334E+01 
       783  2.958495817E+02  0.000000000E+00  1.186530701E+01 
       784  2.961135192E+02  0.000000000E+00  1.207239820E+01 
       785  2.963731847E+02  0.000000000E+00  1.229883806E+01 
       786  2.966286475E+02  0.000000000E+00  1.254639461E+01 
       787  2.968799755E+02  0.000000000E+00  1.281702496E+01 
       788  2.971272358E+02  0.000000000E+00  1.311290102E+01 
       789  2.973704940E+02  0.000000000E+00  1.343643939E+01 
       790  2.976098151E+02  0.000000000E+00  1.379033624E+01 
       791  2.978452626E+02  0.000000000E+00  1.417760791E+01 
       792  2.980768994E+02  0.000000000E+00  1.460163872E+01 
       793  2.983047871E+02  0.000000000E+00  1.506623703E+01 
       794  2.985289863E+02  0.000000000E+00  1.557570144E+01 
       795  2.987495568E+02  0.000000000E+00  1.533947789E+01 
       796  2.989665574E+02  0.000000000E+00  1.508170646E+01 
       797  2.991800457E+02  0.000000000E+00  1.556975381E+01 
       798  2.993900786E+02  0.000000000E+00  1.610550876E+01 
       799  2.995967121E+02  0.000000000E+00  1.669498129E+01 
       800  2.998000012E+02  0.000000000E+00  1.735018008E+01 
       801  3.000000000E+02  0.000000000E+00  1.641566327E+01 
       802  3.002500000E+02  0.000000000E+00  1.490056649E+01 
       803  3.005000000E+02  0.000000000E+00  1.502812388E+01 
       804  3.007500000E+02  0.000000000E+00  1.510146292E+01 
       805  3.010000000E+02  0.000000000E+00  1.514459766E+01 
       806  3.012500000E+02  0.000000000E+00  1.516570028E+01 
       807  3.015000000E+02  0.000000000E+00  1.517003357E+01 
       808  3.017500000E+02  0.000000000E+00  1.516125778E+01 
       809  3.020000000E+02  0.000000000E+00  1.514205521E+01 
       810  3.022500000E+02  0.000000000E+00  1.511446376E+01 
       811  3.025000000E+02  0.000000000E+00  1.508007224E+01 
       812  3.027500000E+02  0.000000000E+00  1.504014316E+01 
       813  3.030000000E+02  0.000000000E+00  1.499569445E+01 
       814  3.032500000E+02  0.000000000E+00  1.494755613E+01 
       815  3.035000000E+02  0.000000000E+00  1.489641103E+01 
       816  3.037500000E+02  0.000000000E+00  1.484282493E+01 
       817  3.040000000E+02  0.000000000E+00  1.478726939E+01 
       818  3.042500000E+02  0.000000000E+00  1.473013923E+01 
       819  3.045000000E+02  0.000000000E+00  1.467176642E+01 
       820  3.047500000E+02  0.000000000E+00  1.461243091E+01 
       821  3.050000000E+02  0.000000000E+00  1.455236944E+01 
       822  3.052500000E+02  0.000000000E+00  1.449178268E+01 
       823  3.055000000E+02  0.000000000E+00  1.443084101E+01 
       824  3.057500000E+02  0.000000000E+00  1.436968933E+01 
       825  3.060000000E+02  0.000000000E+00  1.430845104E+01 
       826  3.062500000E+02  0.000000000E+00  1.424723130E+01 
       827  3.065000000E+02  0.000000000E+00  1.418611981E+01 
       828  3.067500000E+02  0.000000000E+00  1.412519313E+01 
       829  3.070000000E+02  0.000000000E+00  1.406451661E+01 
       830  3.072500000E+02  0.000000000E+00  1.400414604E+01 
       831  3.075000000E+02  0.000000000E+00  1.394412907E+01 
       832  3.077500000E+02  0.000000000E+00  1.388450632E+01 
       833  3.080000000E+02  0.000000000E+00  1.382531245E+01 
       834  3.082500000E+02  0.000000000E+00  1.376657698E+01 
       835  3.085000000E+02  0.000000000E+00  1.370832500E+01 
       836  3.087500000E+02  0.000000000E+00  1.365057784E+01 
       837  3.090000000E+02  0.000000000E+00  1.359335353E+01 
       838  3.092500000E+02  0.000000000E+00  1.353666731E+01 
       839  3.095000000E+02  0.000000000E+00  1.348053198E+01 
       840  3.097500000E+02  0.000000000E+00  1.342495824E+01 
       841  3.100000000E+02  0.000000000E+00  1.336995500E+01 
       842  3.102500000E+02  0.000000000E+00  1.331552957E+01 
       843  3.105000000E+02  0.000000000E+00  1.326168792E+01 
       844  3.107500000E+02  0.000000000E+00  1.320843481E+01 
       845  3.110000000E+02  0.000000000E+00  1.315577400E+01 
       846  3.112500000E+02  0.000000000E+00  1.310370832E+01 
       847  3.115000000E+02  0.000000000E+00  1.305223985E+01 
       848  3.117500000E+02  0.000000000E+00  1.300136996E+01 
       849  3.120000000E+02  0.000000000E+00  1.295109940E+01 
       850  3.122500000E+02  0.000000000E+00  1.290142844E+01 
       851  3.125000000E+02  0.000000000E+00  1.285235682E+01 
       852  3.127500000E+02  0.000000000E+00  1.280388392E+01 
       853  3.130000000E+02  0.000000000E+00  1.275600872E+01 
       854  3.132500000E+02  0.000000000E+00  1.270872989E+01 
       855  3.135000000E+02  0.000000000E+00  1.266204579E+01 
       856  3.137500000E+02  0.000000000E+00  1.261595454E+01 
       857  3.140000000E+02  0.000000000E+00  1.257045400E+01 
       858  3.142500000E+02  0.000000000E+00  1.252554184E+01 
       859  3.145000000E+02  0.000000000E+00  1.248121554E+01 
       860  3.147500000E+02  0.000000000E+00  1.243747237E+01 
       861  3.150000000E+02  0.000000000E+00  1.239430948E+01 
       862  3.152500000E+02  0.000000000E+00  1.235172387E+01 
       863  3.155000000E+02  0.000000000E+00  1.230971238E+01 
       864  3.157500000E+02  0.000000000E+00  1.226827175E+01 
       865  3.160000000E+02  0.000000000E+00  1.222739860E+01 
       866  3.162500000E+02  0.000000000E+00  1.218708944E+01 
       867  3.165000000E+02  0.000000000E+00  1.214734070E+01 
       868  3.167500000E+02  0.000000000E+00  1.210814870E+01 
       869  3.170000000E+02  0.000000000E+00  1.206950967E+01 
       870  3.172500000E+02  0.000000000E+00  1.203141979E+01 
       871  3.175000000E+02  0.000000000E+00  1.199387514E+01 
       872  3.177500000E+02  0.000000000E+00  1.195687175E+01 
       873  3.180000000E+02  0.000000000E+00  1.192040555E+01 
       874  3.182500000E+02  0.000000000E+00  1.188447246E+01 
       875  3.185000000E+02  0.000000000E+00  1.184906830E+01 
       876  3.187500000E+02  0.000000000E+00  1.181418886E+01 
       877  3.190000000E+02  0.000000000E+00  1.177982986E+01 
       878  3.192500000E+02  0.000000000E+00  1.174598700E+01 
       879  3.195000000E+02  0.000000000E+00  1.171265591E+01 
       880  3.197500000E+02  0.000000000E+00  1.167983219E+01 
       881  3.200000000E+02  0.000000000E+00  1.164751141E+01 
       882  3.202500000E+02  0.000000000E+00  1.161568909E+01 
       883  3.205000000E+02  0.000000000E+00  1.158436071E+01 
       884  3.207500000E+02  0.000000000E+00  1.155352174E+01 
       885  3.210000000E+02  0.000000000E+00  1.152316761E+01 
       886  3.212500000E+02  0.000000000E+00  1.149329373E+01 
       887  3.215000000E+02  0.000000000E+00  1.146389547E+01 
       888  3.217500000E+02  0.000000000E+00  1.143496820E+01 
       889  3.220000000E+02  0.000000000E+00  1.140650725E+01 
       890  3.222500000E+02  0.000000000E+00  1.137850795E+01 
       891  3.225000000E+02  0.000000000E+00  1.135096561E+01 
       892  3.227500000E+02  0.000000000E+00  1.132387551E+01 
       893  3.230000000E+02  0.000000000E+00  1.129723294E+01 
       894  3.232500000E+02  0.000000000E+00  1.127103316E+01 
       895  3.235000000E+02  0.000000000E+00  1.124527146E+01 
       896  3.237500000E+02  0.000000000E+00  1.121994307E+01 
       897  3.240000000E+02  0.000000000E+00  1.119504326E+01 
       898  3.242500000E+02  0.000000000E+00  1.117056727E+01 
       899  3.245000000E+02  0.000000000E+00  1.114651036E+01 
       900  3.247500000E+02  0.000000000E+00  1.112286778E+01 
       901  3.250000000E+02  0.000000000E+00  1.109963479E+01 
       902  3.252500000E+02  0.000000000E+00  1.107680663E+01 
       903  3.255000000E+02  0.000000000E+00  1.105437859E+01 
       904  3.257500000E+02  0.000000000E+00  1.103234593E+01 
       905  3.260000000E+02  0.000000000E+00  1.101070393E+01 
       906  3.262500000E+02  0.000000000E+00  1.098944789E+01 
       907  3.265000000E+02  0.000000000E+00  1.096857311E+01 
       908  3.267500000E+02  0.000000000E+00  1.094807491E+01 
       909  3.270000000E+02  0.000000000E+00  1.092794862E+01 
       910  3.272500000E+02  0.000000000E+00  1.090818959E+01 
       911  3.275000000E+02  0.000000000E+00  1.088879319E+01 
       912  3.277500000E+02  0.000000000E+00  1.086975481E+01 
       913  3.280000000E+02  0.000000000E+00  1.085106985E+01 
       914  3.282500000E+02  0.000000000E+00  1.083273374E+01 
       915  3.285000000E+02  0.000000000E+00  1.081474193E+01 
       916  3.287500000E+02  0.000000000E+00  1.079708989E+01 
       917  3.290000000E+02  0.000000000E+00  1.077977314E+01 
       918  3.292500000E+02  0.000000000E+00  1.076278718E+01 
       919  3.295000000E+02  0.000000000E+00  1.074612758E+01 
       920  3.297500000E+02  0.000000000E+00  1.072978991E+01 
       921  3.300000000E+02  0.000000000E+00  1.071376979E+01 
       922  3.302500000E+02  0.000000000E+00  1.069806286E+01 
       923  3.305000000E+02  0.000000000E+00  1.068266479E+01 
       924  3.307500000E+02  0.000000000E+00  1.066757128E+01 
       925  3.310000000E+02  0.000000000E+00  1.065277807E+01 
       926  3.312500000E+02  0.000000000E+00  1.063828094E+01 
       927  3.315000000E+02  0.000000000E+00  1.062407569E+01 
       928  3.317500000E+02  0.000000000E+00  1.061015817E+01 
       929  3.320000000E+02  0.000000000E+00  1.059652424E+01 
       930  3.322500000E+02  0.000000000E+00  1.058316983E+01 
       931  3.325000000E+02  0.000000000E+00  1.057009090E+01 
       932  3.327500000E+02  0.000000000E+00  1.055728342E+01 
       933  3.330000000E+02  0.000000000E+00  1.054474344E+01 
       934  3.332500000E+02  0.000000000E+00  1.053246703E+01 
       935  3.335000000E+02  0.000000000E+00  1.052045029E+01 
       936  3.337500000E+02  0.000000000E+00  1.050868938E+01 
       937  3.340000000E+02  0.000000000E+00  1.049718050E+01 
       938  3.342500000E+02  0.000000000E+00  1.048591987E+01 
       939  3.345000000E+02  0.000000000E+00  1.047490379E+01 
       940  3.347500000E+02  0.000000000E+00  1.046412857E+01 
       941  3.350000000E+02  0.000000000E+00  1.045359058E+01 
       942  3.352500000E+02  0.000000000E+00  1.044328623E+01 
       943  3.355000000E+02  0.000000000E+00  1.043321197E+01 
       944  3.357500000E+02  0.000000000E+00  1.042336431E+01 
       945  3.360000000E+02  0.000000000E+00  1.041373978E+01 
       946  3.362500000E+02  0.000000000E+00  1.040433499E+01 
       947  3.365000000E+02  0.000000000E+00  1.039514656E+01 
       948  3.367500000E+02  0.000000000E+00  1.038617117E+01 
       949  3.370000000E+02  0.000000000E+00  1.037740557E+01 
       950  3.372500000E+02  0.000000000E+00  1.036884651E+01 
       951  3.375000000E+02  0.000000000E+00  1.036049084E+01 
       952  3.377500000E+02  0.000000000E+00  1.035233541E+01 
       953  3.380000000E+02  0.000000000E+00  1.034437714E+01 
       954  3.382500000E+02  0.000000000E+00  1.033661300E+01 
       955  3.385000000E+02  0.000000000E+00  1.032904001E+01 
       956  3.387500000E+02  0.000000000E+00  1.032165522E+01 
       957  3.390000000E+02  0.000000000E+00  1.031445574E+01 
       958  3.392500000E+02  0.000000000E+00  1.030743873E+01 
       959  3.395000000E+02  0.000000000E+00  1.030060141E+01 
       960  3.397500000E+02  0.000000000E+00  1.029394101E+01 
       961  3.400000000E+02  0.000000000E+00  1.028745485E+01 
       962  3.402500000E+02  0.000000000E+00  1.028114028E+01 
       963  3.405000000E+02  0.000000000E+00  1.027499469E+01 
       964  3.407500000E+02  0.000000000E+00  1.026901555E+01 
       965  3.410000000E+02  0.000000000E+00  1.026320033E+01 
       966  3.412500000E+02  0.000000000E+00  1.025754661E+01 
       967  3.415000000E+02  0.000000000E+00  1.025205196E+01 
       968  3.417500000E+02  0.000000000E+00  1.024671403E+01 
       969  3.420000000E+02  0.000000000E+00  1.024153053E+01 
       970  3.422500000E+02  0.000000000E+00  1.023649918E+01 
       971  3.425000000E+02  0.000000000E+00  1.023161779E+01 
       972  3.427500000E+02  0.000000000E+00  1.022688418E+01 
       973  3.430000000E+02  0.000000000E+00  1.022229626E+01 
       974  3.432500000E+02  0.000000000E+00  1.021785196E+01 
       975  3.435000000E+02  0.000000000E+00  1.021354926E+01 
       976  3.437500000E+02  0.000000000E+00  1.020938620E+01 
       977  3.440000000E+02  0.000000000E+00  1.020536086E+01 
       978  3.442500000E+02  0.000000000E+00  1.020147138E+01 
       979  3.445000000E+02  0.000000000E+00  1.019771593E+01 
       980  3.447500000E+02  0.000000000E+00  1.019409275E+01 
       981  3.450000000E+02  0.000000000E+00  1.019060011E+01 
       982  3.452500000E+02  0.000000000E+00  1.018723632E+01 
       983  3.455000000E+02  0.000000000E+00  1.018399978E+01 
       984  3.457500000E+02  0.000000000E+00  1.018088889E+01 
       985  3.460000000E+02  0.000000000E+00  1.017790213E+01 
       986  3.462500000E+02  0.000000000E+00  1.017503801E+01 
       987  3.465000000E+02  0.000000000E+00  1.017229509E+01 
       988  3.467500000E+02  0.000000000E+00  1.016967199E+01 
       989  3.470000000E+02  0.000000000E+00  1.016716736E+01 
       990  3.472500000E+02  0.000000000E+00  1.016477991E+01 
       991  3.475000000E+02  0.000000000E+00  1.016250839E+01 
       992  3.477500000E+02  0.000000000E+00  1.016035160E+01 
       993  3.480000000E+02  0.000000000E+00  1.015830839E+01 
       994  3.482500000E+02  0.000000000E+00  1.015637765E+01 
       995  3.485000000E+02  0.000000000E+00  1.015455831E+01 
       996  3.487500000E+02  0.000000000E+00  1.015284937E+01 
       997  3.490000000E+02  0.000000000E+00  1.015124985E+01 
       998  3.492500000E+02  0.000000000E+00  1.014975884E+01 
       999  3.495000000E+02  0.000000000E+00  1.014837546E+01 
      1000  3.497500000E+02  0.000000000E+00  1.014709887E+01 
      1001  3.500000000E+02  0.000000000E+00  1.014592831E+01 
      1002  3.502500000E+02  0.000000000E+00  1.014486301E+01 
      1003  3.505000000E+02  0.000000000E+00  1.014390230E+01 
      1004  3.507500000E+02  0.000000000E+00  1.014304553E+01 
      1005  3.510000000E+02  0.000000000E+00  1.014229209E+01 
      1006  3.512500000E+02  0.000000000E+00  1.014164143E+01 
      1007  3.515000000E+02  0.000000000E+00  1.014109304E+01 
      1008  3.517500000E+02  0.000000000E+00  1.014064645E+01 
      1009  3.520000000E+02  0.000000000E+00  1.014030123E+01 
      1010  3.522500000E+02  0.000000000E+00  1.014005701E+01 
      1011  3.525000000E+02  0.000000000E+00  1.013991346E+01 
      1012  3.527500000E+02  0.000000000E+00  1.013987029E+01 
      1013  3.530000000E+02  0.000000000E+00  1.013992726E+01 
      1014  3.532500000E+02  0.000000000E+00  1.014008417E+01 
      1015  3.535000000E+02  0.000000000E+00  1.014034085E+01 
      1016  3.537500000E+02  0.000000000E+00  1.014069721E+01 
      1017  3.540000000E+02  0.000000000E+00  1.014115317E+01 
      1018  3.542500000E+02  0.000000000E+00  1.014170870E+01 
      1019  3.545000000E+02  0.000000000E+00  1.014236385E+01 
      1020  3.547500000E+02  0.000000000E+00  1.014311865E+01 
      1021  3.550000000E+02  0.000000000E+00  1.014397323E+01 
      1022  3.552500000E+02  0.000000000E+00  1.014492773E+01 
      1023  3.555000000E+02  0.000000000E+00  1.014598236E+01 
      1024  3.557500000E+02  0.000000000E+00  1.014713734E+01 
      1025  3.560000000E+02  0.000000000E+00  1.014839296E+01 
      1026  3.562500000E+02  0.000000000E+00  1.014974955E+01 
      1027  3.565000000E+02  0.000000000E+00  1.015120747E+01 
      1028  3.567500000E+02  0.000000000E+00  1.015276713E+01 
      1029  3.570000000E+02  0.000000000E+00  1.015442899E+01 
      1030  3.572500000E+02  0.000000000E+00  1.015619355E+01 
      1031  3.575000000E+02  0.000000000E+00  1.015806134E+01 
      1032  3.577500000E+02  0.000000000E+00  1.016003294E+01 
      1033  3.580000000E+02  0.000000000E+00  1.016210899E+01 
      1034  3.582500000E+02  0.000000000E+00  1.016429015E+01 
      1035  3.585000000E+02  0.000000000E+00  1.016657713E+01 
      1036  3.587500000E+02  0.000000000E+00  1.016897068E+01 
      1037  3.590000000E+02  0.000000000E+00  1.017147160E+01 
      1038  3.592500000E+02  0.000000000E+00  1.017408072E+01 
      1039  3.595000000E+02  0.000000000E+00  1.017679894E+01 
      1040  3.597500000E+02  0.000000000E+00  1.017962716E+01 
      1041  3.600000000E+02  0.000000000E+00  1.018256635E+01 
      1042  3.602500000E+02  0.000000000E+00  1.018561753E+01 
      1043  3.605000000E+02  0.000000000E+00  1.018878173E+01 
      1044  3.607500000E+02  0.000000000E+00  1.019206005E+01 
      1045  3.610000000E+02  0.000000000E+00  1.019545363E+01 
      1046  3.612500000E+02  0.000000000E+00  1.019896363E+01 
      1047  3.615000000E+02  0.000000000E+00  1.020259127E+01 
      1048  3.617500000E+02  0.000000000E+00  1.020633781E+01 
      1049  3.620000000E+02  0.000000000E+00  1.021020456E+01 
      1050  3.622500000E+02  0.000000000E+00  1.021419284E+01 
      1051  3.625000000E+02  0.000000000E+00  1.021830405E+01 
      1052  3.627500000E+02  0.000000000E+00  1.022253961E+01 
      1053  3.630000000E+02  0.000000000E+00  1.022690099E+01 
      1054  3.632500000E+02  0.000000000E+00  1.023138968E+01 
      1055  3.635000000E+02  0.000000000E+00  1.023600725E+01 
      1056  3.637500000E+02  0.000000000E+00  1.024075528E+01 
      1057  3.640000000E+02  0.000000000E+00  1.024563540E+01 
      1058  3.642500000E+02  0.000000000E+00  1.025064929E+01 
      1059  3.645000000E+02  0.000000000E+00  1.025579865E+01 
      1060  3.647500000E+02  0.000000000E+00  1.026108524E+01 
      1061  3.650000000E+02  0.000000000E+00  1.026651085E+01 
      1062  3.652500000E+02  0.000000000E+00  1.027207733E+01 
      1063  3.655000000E+02  0.000000000E+00  1.027778654E+01 
      1064  3.657500000E+02  0.000000000E+00  1.028364040E+01 
      1065  3.660000000E+02  0.000000000E+00  1.028964087E+01 
      1066  3.662500000E+02  0.000000000E+00  1.029578994E+01 
      1067  3.665000000E+02  0.000000000E+00  1.030208966E+01 
      1068  3.667500000E+02  0.000000000E+00  1.030854209E+01 
      1069  3.670000000E+02  0.000000000E+00  1.031514936E+01 
      1070  3.672500000E+02  0.000000000E+00  1.032191362E+01 
      1071  3.675000000E+02  0.000000000E+00  1.032883707E+01 
      1072  3.677500000E+02  0.000000000E+00  1.033592194E+01 
      1073  3.680000000E+02  0.000000000E+00  1.034317050E+01 
      1074  3.682500000E+02  0.000000000E+00  1.035058508E+01 
      1075  3.685000000E+02  0.000000000E+00  1.035816803E+01 
      1076  3.687500000E+02  0.000000000E+00  1.036592173E+01 
      1077  3.690000000E+02  0.000000000E+00  1.037384862E+01 
      1078  3.692500000E+02  0.000000000E+00  1.038195116E+01 
      1079  3.695000000E+02  0.000000000E+00  1.039023187E+01 
      1080  3.697500000E+02  0.000000000E+00  1.039869329E+01 
      1081  3.700000000E+02  0.000000000E+00  1.040733799E+01 
      1082  3.702500000E+02  0.000000000E+00  1.041616861E+01 
      1083  3.705000000E+02  0.000000000E+00  1.042518780E+01 
      1084  3.707500000E+02  0.000000000E+00  1.043439825E+01 
      1085  3.710000000E+02  0.000000000E+00  1.044380270E+01 
      1086  3.712500000E+02  0.000000000E+00  1.045340392E+01 
      1087  3.715000000E+02  0.000000000E+00  1.046320471E+01 
      1088  3.717500000E+02  0.000000000E+00  1.047320791E+01 
      1089  3.720000000E+02  0.000000000E+00  1.048341640E+01 
      1090  3.722500000E+02  0.000000000E+00  1.049383310E+01 
      1091  3.725000000E+02  0.000000000E+00  1.050446095E+01 
      1092  3.727500000E+02  0.000000000E+00  1.051530293E+01 
      1093  3.730000000E+02  0.000000000E+00  1.052636206E+01 
      1094  3.732500000E+02  0.000000000E+00  1.053764141E+01 
      1095  3.735000000E+02  0.000000000E+00  1.054914404E+01 
      1096  3.737500000E+02  0.000000000E+00  1.056087308E+01 
      1097  3.740000000E+02  0.000000000E+00  1.057283169E+01 
      1098  3.742500000E+02  0.000000000E+00  1.058502305E+01 
      1099  3.745000000E+02  0.000000000E+00  1.059745038E+01 
      1100  3.747500000E+02  0.000000000E+00  1.061011693E+01 
      1101  3.750000000E+02  0.000000000E+00  1.062302599E+01 
      1102  3.752500000E+02  0.000000000E+00  1.063618086E+01 
      1103  3.755000000E+02  0.000000000E+00  1.064958490E+01 
      1104  3.757500000E+02  0.000000000E+00  1.066324147E+01 
      1105  3.760000000E+02  0.000000000E+00  1.067715398E+01 
      1106  3.762500000E+02  0.000000000E+00  1.069132587E+01 
      1107  3.765000000E+02  0.000000000E+00  1.070576060E+01 
      1108  3.767500000E+02  0.000000000E+00  1.072046166E+01 
      1109  3.770000000E+02  0.000000000E+00  1.073543258E+01 
      1110  3.772500000E+02  0.000000000E+00  1.075067689E+01 
      1111  3.775000000E+02  0.000000000E+00  1.076619817E+01 
      1112  3.777500000E+02  0.000000000E+00  1.078200002E+01 
      1113  3.780000000E+02  0.000000000E+00  1.079808607E+01 
      1114  3.782500000E+02  0.000000000E+00  1.081445997E+01 
      1115  3.785000000E+02  0.000000000E+00  1.083112538E+01 
      1116  3.787500000E+02  0.000000000E+00  1.084808602E+01 
      1117  3.790000000E+02  0.000000000E+00  1.086534559E+01 
      1118  3.792500000E+02  0.000000000E+00  1.088290783E+01 
      1119  3.795000000E+02  0.000000000E+00  1.090077652E+01 
      1120  3.797500000E+02  0.000000000E+00  1.091895544E+01 
      1121  3.800000000E+02  0.000000000E+00  1.093744838E+01 
      1122  3.802500000E+02  0.000000000E+00  1.095625916E+01 
      1123  3.805000000E+02  0.000000000E+00  1.097539163E+01 
      1124  3.807500000E+02  0.000000000E+00  1.099484964E+01 
      1125  3.810000000E+02  0.000000000E+00  1.101463705E+01 
      1126  3.812500000E+02  0.000000000E+00  1.103475776E+01 
      1127  3.815000000E+02  0.000000000E+00  1.105521564E+01 
      1128  3.817500000E+02  0.000000000E+00  1.107601462E+01 
      1129  3.820000000E+02  0.000000000E+00  1.109715859E+01 
      1130  3.822500000E+02  0.000000000E+00  1.111865150E+01 
      1131  3.825000000E+02  0.000000000E+00  1.114049726E+01 
      1132  3.827500000E+02  0.000000000E+00  1.116269981E+01 
      1133  3.830000000E+02  0.000000000E+00  1.118526308E+01 
      1134  3.832500000E+02  0.000000000E+00  1.120819101E+01 
      1135  3.835000000E+02  0.000000000E+00  1.123148752E+01 
      1136  3.837500000E+02  0.000000000E+00  1.125515654E+01 
      1137  3.840000000E+02  0.000000000E+00  1.127920199E+01 
      1138  3.842500000E+02  0.000000000E+00  1.130362776E+01 
      1139  3.845000000E+02  0.000000000E+00  1.132843774E+01 
      1140  3.847500000E+02  0.000000000E+00  1.135363580E+01 
      1141  3.850000000E+02  0.000000000E+00  1.137922576E+01 
      1142  3.852500000E+02  0.000000000E+00  1.140521143E+01 
      1143  3.855000000E+02  0.000000000E+00  1.143159657E+01 
      1144  3.857500000E+02  0.000000000E+00  1.145838490E+01 
      1145  3.860000000E+02  0.000000000E+00  1.148558007E+01 
      1146  3.862500000E+02  0.000000000E+00  1.151318569E+01 
      1147  3.865000000E+02  0.000000000E+00  1.154120527E+01 
      1148  3.867500000E+02  0.000000000E+00  1.156964223E+01 
      1149  3.870000000E+02  0.000000000E+00  1.159849992E+01 
      1150  3.872500000E+02  0.000000000E+00  1.162778152E+01 
      1151  3.875000000E+02  0.000000000E+00  1.165749012E+01 
      1152  3.877500000E+02  0.000000000E+00  1.168762861E+01 
      1153  3.880000000E+02  0.000000000E+00  1.171819971E+01 
      1154  3.882500000E+02  0.000000000E+00  1.174920594E+01 
      1155  3.885000000E+02  0.000000000E+00  1.178064953E+01 
      1156  3.887500000E+02  0.000000000E+00  1.181253245E+01 
      1157  3.890000000E+02  0.000000000E+00  1.184485635E+01 
      1158  3.892500000E+02  0.000000000E+00  1.187762245E+01 
      1159  3.895000000E+02  0.000000000E+00  1.191083156E+01 
      1160  3.897500000E+02  0.000000000E+00  1.194448395E+01 
      1161  3.900000000E+02  0.000000000E+00  1.197857932E+01 
      1162  3.902500000E+02  0.000000000E+00  1.201311666E+01 
      1163  3.905000000E+02  0.000000000E+00  1.204809414E+01 
      1164  3.907500000E+02  0.000000000E+00  1.208350904E+01 
      1165  3.910000000E+02  0.000000000E+00  1.211935753E+01 
      1166  3.912500000E+02  0.000000000E+00  1.215563455E+01 
      1167  3.915000000E+02  0.000000000E+00  1.219233357E+01 
      1168  3.917500000E+02  0.000000000E+00  1.222944639E+01 
      1169  3.920000000E+02  0.000000000E+00  1.226696285E+01 
      1170  3.922500000E+02  0.000000000E+00  1.230487051E+01 
      1171  3.925000000E+02  0.000000000E+00  1.234315427E+01 
      1172  3.927500000E+02  0.000000000E+00  1.238179596E+01 
      1173  3.930000000E+02  0.000000000E+00  1.242077379E+01 
      1174  3.932500000E+02  0.000000000E+00  1.246006179E+01 
      1175  3.935000000E+02  0.000000000E+00  1.249962906E+01 
      1176  3.937500000E+02  0.000000000E+00  1.253943898E+01 
      1177  3.940000000E+02  0.000000000E+00  1.257944820E+01 
      1178  3.942500000E+02  0.000000000E+00  1.261960546E+01 
      1179  3.945000000E+02  0.000000000E+00  1.265985027E+01 
      1180  3.947500000E+02  0.000000000E+00  1.270011121E+01 
      1181  3.950000000E+02  0.000000000E+00  1.274030397E+01 
      1182  3.952500000E+02  0.000000000E+00  1.278032902E+01 
      1183  3.955000000E+02  0.000000000E+00  1.282006873E+01 
      1184  3.957500000E+02  0.000000000E+00  1.285938393E+01 
      1185  3.960000000E+02  0.000000000E+00  1.289810970E+01 
      1186  3.962500000E+02  0.000000000E+00  1.293605012E+01 
      1187  3.965000000E+02  0.000000000E+00  1.297297181E+01 
      1188  3.967500000E+02  0.000000000E+00  1.300859583E+01 
      1189  3.970000000E+02  0.000000000E+00  1.304258723E+01 
      1190  3.972500000E+02  0.000000000E+00  1.307454163E+01 
      1191  3.975000000E+02  0.000000000E+00  1.310396751E+01 
      1192  3.977500000E+02  0.000000000E+00  1.313026224E+01 
      1193  3.980000000E+02  0.000000000E+00  1.315267890E+01 
      1194  3.982500000E+02  0.000000000E+00  1.317027865E+01 
      1195  3.985000000E+02  0.000000000E+00  1.318185930E+01 
      1196  3.987500000E+02  0.000000000E+00  1.318584237E+01 
      1197  3.990000000E+02  0.000000000E+00  1.318008107E+01 
      1198  3.992500000E+02  0.000000000E+00  1.316150271E+01 
      1199  3.995000000E+02  0.000000000E+00  1.312536306E+01 
      1200  3.997500000E+02  0.000000000E+00  1.305801234E+01 
      1201  4.000000000E+02  0.000000000E+00  1.437537331E+01 
      1202  4.002000034E+02  0.000000000E+00  1.524037292E+01 
      1203  4.004016387E+02  0.000000000E+00  1.481171238E+01 
      1204  4.006049192E+02  0.000000000E+00  1.442216298E+01 
      1205  4.008098583E+02  0.000000000E+00  1.406561158E+01 
      1206  4.010164696E+02  0.000000000E+00  1.373880856E+01 
      1207  4.012247666E+02  0.000000000E+00  1.343890567E+01 
      1208  4.014347631E+02  0.000000000E+00  1.316339195E+01 
      1209  4.016464731E+02  0.000000000E+00  1.291004336E+01 
      1210  4.018599104E+02  0.000000000E+00  1.267688222E+01 
      1211  4.020750892E+02  0.000000000E+00  1.246214356E+01 
      1212  4.022920237E+02  0.000000000E+00  1.226424695E+01 
      1213  4.025107282E+02  0.000000000E+00  1.207205571E+01 
      1214  4.027312172E+02  0.000000000E+00  1.189479384E+01 
      1215  4.029535052E+02  0.000000000E+00  1.174111482E+01 
      1216  4.031776069E+02  0.000000000E+00  1.159923667E+01 
      1217  4.034035370E+02  0.000000000E+00  1.146822373E+01 
      1218  4.036313106E+02  0.000000000E+00  1.134722498E+01 
      1219  4.038609426E+02  0.000000000E+00  1.123546471E+01 
      1220  4.040924483E+02  0.000000000E+00  1.113223437E+01 
      1221  4.043258428E+02  0.000000000E+00  1.103187837E+01 
      1222  4.045611417E+02  0.000000000E+00  1.093923567E+01 
      1223  4.047983604E+02  0.000000000E+00  1.085881271E+01 
      1224  4.050375146E+02  0.000000000E+00  1.078455180E+01 
      1225  4.052786201E+02  0.000000000E+00  1.071599776E+01 
      1226  4.055216929E+02  0.000000000E+00  1.064941444E+01 
      1227  4.057667489E+02  0.000000000E+00  1.058127029E+01 
      1228  4.060138044E+02  0.000000000E+00  1.051099568E+01 
      1229  4.062628756E+02  0.000000000E+00  1.044974884E+01 
      1230  4.065139791E+02  0.000000000E+00  1.040133597E+01 
      1231  4.067671314E+02  0.000000000E+00  1.035436368E+01 
      1232  4.070223492E+02  0.000000000E+00  1.031204071E+01 
      1233  4.072796494E+02  0.000000000E+00  1.027326824E+01 
      1234  4.075390490E+02  0.000000000E+00  1.023983411E+01 
      1235  4.078005650E+02  0.000000000E+00  1.021503092E+01 
      1236  4.080642148E+02  0.000000000E+00  1.019186470E+01 
      1237  4.083300158E+02  0.000000000E+00  1.017077149E+01 
      1238  4.085979855E+02  0.000000000E+00  1.015178581E+01 
      1239  4.088681416E+02  0.000000000E+00  1.016421497E+01 
      1240  4.091405020E+02  0.000000000E+00  1.017555810E+01 
      1241  4.094150846E+02  0.000000000E+00  1.015533660E+01 
      1242  4.096919076E+02  0.000000000E+00  1.013689426E+01 
      1243  4.099709892E+02  0.000000000E+00  1.012009472E+01 
      1244  4.102523480E+02  0.000000000E+00  1.010481127E+01 
      1245  4.105360024E+02  0.000000000E+00  1.009092618E+01 
      1246  4.108219711E+02  0.000000000E+00  1.007833004E+01 
      1247  4.111102732E+02  0.000000000E+00  1.006692124E+01 
      1248  4.114009276E+02  0.000000000E+00  1.005660539E+01 
      1249  4.116939535E+02  0.000000000E+00  1.004729488E+01 
      1250  4.119893702E+02  0.000000000E+00  1.003890841E+01 
      1251  4.122871973E+02  0.000000000E+00  1.003137053E+01 
      1252  4.125874544E+02  0.000000000E+00  1.002461129E+01 
      1253  4.128901614E+02  0.000000000E+00  1.001856586E+01 
      1254  4.131953383E+02  0.000000000E+00  1.001317417E+01 
      1255  4.135030051E+02  0.000000000E+00  1.000838061E+01 
      1256  4.138131823E+02  0.000000000E+00  1.000413372E+01 
      1257  4.141258902E+02  0.000000000E+00  1.000038589E+01 
      1258  4.144411496E+02  0.000000000E+00  9.997093153E+00 
      1259  4.147589813E+02  0.000000000E+00  9.994214868E+00 
      1260  4.150794062E+02  0.000000000E+00  9.991713542E+00 
      1261  4.154024455E+02  0.000000000E+00  9.989554594E+00 
      1262  4.157281206E+02  0.000000000E+00  9.987706152E+00 
      1263  4.160564529E+02  0.000000000E+00  9.986138867E+00 
      1264  4.163874641E+02  0.000000000E+00  9.984825735E+00 
      1265  4.167211762E+02  0.000000000E+00  9.983741929E+00 
      1266  4.170576110E+02  0.000000000E+00  9.982864642E+00 
      1267  4.173967909E+02  0.000000000E+00  9.982172946E+00 
      1268  4.177387382E+02  0.000000000E+00  9.981647651E+00 
      1269  4.180834756E+02  0.000000000E+00  9.981271177E+00 
      1270  4.184310257E+02  0.000000000E+00  9.981027439E+00 
      1271  4.187814116E+02  0.000000000E+00  9.980901730E+00 
      1272  4.191346563E+02  0.000000000E+00  9.980880595E+00 
      1273  4.194907832E+02  0.000000000E+00  9.980951786E+00 
      1274  4.198498158E+02  0.000000000E+00  9.981104156E+00 
      1275  4.202117779E+02  0.000000000E+00  9.981327531E+00 
      1276  4.205766933E+02  0.000000000E+00  9.981612668E+00 
      1277  4.209445860E+02  0.000000000E+00  9.981951175E+00 
      1278  4.213154806E+02  0.000000000E+00  9.982335443E+00 
      1279  4.216894013E+02  0.000000000E+00  9.982758581E+00 
      1280  4.220663728E+02  0.000000000E+00  9.983214357E+00 
      1281  4.224464202E+02  0.000000000E+00  9.983697146E+00 
      1282  4.228295685E+02  0.000000000E+00  9.984201875E+00 
      1283  4.232158429E+02  0.000000000E+00  9.984723983E+00 
      1284  4.236052691E+02  0.000000000E+00  9.985259370E+00 
      1285  4.239978726E+02  0.000000000E+00  9.985804362E+00 
      1286  4.243936795E+02  0.000000000E+00  9.986355675E+00 
      1287  4.247927158E+02  0.000000000E+00  9.986910376E+00 
      1288  4.251950080E+02  0.000000000E+00  9.987465857E+00 
      1289  4.256005825E+02  0.000000000E+00  9.988019804E+00 
      1290  4.260094662E+02  0.000000000E+00  9.988570168E+00 
      1291  4.264216861E+02  0.000000000E+00  9.989115147E+00 
      1292  4.268372694E+02  0.000000000E+00  9.989653159E+00 
      1293  4.272562434E+02  0.000000000E+00  9.990182821E+00 
      1294  4.276786360E+02  0.000000000E+00  9.990702935E+00 
      1295  4.281044750E+02  0.000000000E+00  9.991212467E+00 
      1296  4.285337884E+02  0.000000000E+00  9.991710531E+00 
      1297  4.289666047E+02  0.000000000E+00  9.992196378E+00 
      1298  4.294029525E+02  0.000000000E+00  9.992669382E+00 
      1299  4.298428605E+02  0.000000000E+00  9.993129027E+00 
      1300  4.302863578E+02  0.000000000E+00  9.993574895E+00 
      1301  4.307334737E+02  0.000000000E+00  9.994006661E+00 
      1302  4.311842377E+02  0.000000000E+00  9.994424079E+00 
      1303  4.316386795E+02  0.000000000E+00  9.994826976E+00 
      1304  4.320968293E+02  0.000000000E+00  9.995215248E+00 
      1305  4.325587172E+02  0.000000000E+00  9.995588845E+00 
      1306  4.330243737E+02  0.000000000E+00  9.995947774E+00 
      1307  4.334938296E+02  0.000000000E+00  9.996292087E+00 
      1308  4.339671159E+02  0.000000000E+00  9.996621880E+00 
      1309  4.344442638E+02  0.000000000E+00  9.996937286E+00 
      1310  4.349253049E+02  0.000000000E+00  9.997238473E+00 
      1311  4.354102708E+02  0.000000000E+00  9.997525637E+00 
      1312  4.358991937E+02  0.000000000E+00  9.997799002E+00 
      1313  4.363921059E+02  0.000000000E+00  9.998058815E+00 
      1314  4.368890398E+02  0.000000000E+00  9.998305343E+00 
      1315  4.373900283E+02  0.000000000E+00  9.998538874E+00 
      1316  4.378951044E+02  0.000000000E+00  9.998759707E+00 
      1317  4.384043016E+02  0.000000000E+00  9.998968157E+00 
      1318  4.389176534E+02  0.000000000E+00  9.999164551E+00 
      1319  4.394351937E+02  0.000000000E+00  9.999349224E+00 
      1320  4.399569568E+02  0.000000000E+00  9.999522520E+00 
      1321  4.404829770E+02  0.000000000E+00  9.999684789E+00 
      1322  4.410132892E+02  0.000000000E+00  9.999836384E+00 
      1323  4.415479282E+02  0.000000000E+00  9.999977664E+00 
      1324  4.420869295E+02  0.000000000E+00  1.000010899E+01 
      1325  4.426303286E+02  0.000000000E+00  1.000023072E+01 
      1326  4.431781614E+02  0.000000000E+00  1.000034322E+01 
      1327  4.437304641E+02  0.000000000E+00  1.000044685E+01 
      1328  4.442872731E+02  0.000000000E+00  1.000054196E+01 
      1329  4.448486253E+02  0.000000000E+00  1.000062891E+01 
      1330  4.454145576E+02  0.000000000E+00  1.000070805E+01 
      1331  4.459851075E+02  0.000000000E+00  1.000077974E+01 
      1332  4.465603126E+02  0.000000000E+00  1.000084430E+01 
      1333  4.471402109E+02  0.000000000E+00  1.000090208E+01 
      1334  4.477248408E+02  0.000000000E+00  1.000095340E+01 
      1335  4.483142407E+02  0.000000000E+00  1.000099859E+01 
      1336  4.489084497E+02  0.000000000E+00  1.000103797E+01 
      1337  4.495075070E+02  0.000000000E+00  1.000107183E+01 
      1338  4.501114521E+02  0.000000000E+00  1.000110049E+01 
      1339  4.507203248E+02  0.000000000E+00  1.000112422E+01 
      1340  4.513341655E+02  0.000000000E+00  1.000114331E+01 
      1341  4.519530147E+02  0.000000000E+00  1.000115803E+01 
      1342  4.525769132E+02  0.000000000E+00  1.000116865E+01 
      1343  4.532059021E+02  0.000000000E+00  1.000117540E+01 
      1344  4.538400232E+02  0.000000000E+00  1.000117855E+01 
      1345  4.544793181E+02  0.000000000E+00  1.000117832E+01 
      1346  4.551238292E+02  0.000000000E+00  1.000117493E+01 
      1347  4.557735990E+02  0.000000000E+00  1.000116860E+01 
      1348  4.564286703E+02  0.000000000E+00  1.000115952E+01 
      1349  4.570890866E+02  0.000000000E+00  1.000114790E+01 
      1350  4.577548913E+02  0.000000000E+00  1.000113391E+01 
      1351  4.584261284E+02  0.000000000E+00  1.000111773E+01 
      1352  4.591028423E+02  0.000000000E+00  1.000109952E+01 
      1353  4.597850777E+02  0.000000000E+00  1.000107943E+01 
      1354  4.604728795E+02  0.000000000E+00  1.000105762E+01 
      1355  4.611662932E+02  0.000000000E+00  1.000103421E+01 
      1356  4.618653647E+02  0.000000000E+00  1.000100934E+01 
      1357  4.625701400E+02  0.000000000E+00  1.000098313E+01 
      1358  4.632806657E+02  0.000000000E+00  1.000095568E+01 
      1359  4.639969887E+02  0.000000000E+00  1.000092710E+01 
      1360  4.647191564E+02  0.000000000E+00  1.000089750E+01 
      1361  4.654472164E+02  0.000000000E+00  1.000086694E+01 
      1362  4.661812167E+02  0.000000000E+00  1.000083553E+01 
      1363  4.669212059E+02  0.000000000E+00  1.000080334E+01 
      1364  4.676672328E+02  0.000000000E+00  1.000077043E+01 
      1365  4.684193468E+02  0.000000000E+00  1.000073686E+01 
      1366  4.691775973E+02  0.000000000E+00  1.000070271E+01 
      1367  4.699420346E+02  0.000000000E+00  1.000066801E+01 
      1368  4.707127091E+02  0.000000000E+00  1.000063280E+01 
      1369  4.714896716E+02  0.000000000E+00  1.000059713E+01 
      1370  4.722729736E+02  0.000000000E+00  1.000056102E+01 
      1371  4.730626666E+02  0.000000000E+00  1.000052447E+01 
      1372  4.738588030E+02  0.000000000E+00  1.000048750E+01 
      1373  4.746614352E+02  0.000000000E+00  1.000045007E+01 
      1374  4.754706162E+02  0.000000000E+00  1.000041215E+01 
      1375  4.762863994E+02  0.000000000E+00  1.000037364E+01 
      1376  4.771088389E+02  0.000000000E+00  1.000033444E+01 
      1377  4.779379887E+02  0.000000000E+00  1.000029436E+01 
      1378  4.787739038E+02  0.000000000E+00  1.000025314E+01 
      1379  4.796166392E+02  0.000000000E+00  1.000021039E+01 
      1380  4.804662507E+02  0.000000000E+00  1.000016560E+01 
      1381  4.813227944E+02  0.000000000E+00  1.000011803E+01 
      1382  4.821863268E+02  0.000000000E+00  1.000006669E+01 
      1383  4.830569049E+02  0.000000000E+00  1.000001017E+01 
      1384  4.839345862E+02  0.000000000E+00  9.999946563E+00 
      1385  4.848194287E+02  0.000000000E+00  9.999873234E+00 
      1386  4.857114908E+02  0.000000000E+00  9.999786562E+00 
      1387  4.866108314E+02  0.000000000E+00  9.999681565E+00 
      1388  4.875175099E+02  0.000000000E+00  9.999551386E+00 
      1389  4.884315862E+02  0.000000000E+00  9.999386575E+00 
      1390  4.893531206E+02  0.000000000E+00  9.999174092E+00 
      1391  4.902821741E+02  0.000000000E+00  9.998895907E+00 
      1392  4.912188078E+02  0.000000000E+00  9.998527054E+00 
      1393  4.921630837E+02  0.000000000E+00  9.998032885E+00 
      1394  4.931150642E+02  0.000000000E+00  9.997365224E+00 
      1395  4.940748120E+02  0.000000000E+00  9.996456933E+00 
      1396  4.950423907E+02  0.000000000E+00  9.995214245E+00 
      1397  4.960178639E+02  0.000000000E+00  9.993505841E+00 
      1398  4.970012963E+02  0.000000000E+00  9.991157997E+00 
      1399  4.979927527E+02  0.000000000E+00  9.986178299E+00 
      1400  4.989922986E+02  0.000000000E+00  9.979544217E+00 
      1401  5.000000000E+02  0.000000000E+00  9.976530514E+00 
