nodenumber     x-coordinate     y-coordinate           udm-11 
         1  0.000000000E+00  0.000000000E+00  1.000365226E+01 
         2  1.007701384E+00  0.000000000E+00  1.000348401E+01 
         3  2.007247274E+00  0.000000000E+00  1.000137855E+01 
         4  2.998703673E+00  0.000000000E+00  9.999498089E+00 
         5  3.982136051E+00  0.000000000E+00  9.999555361E+00 
         6  4.957609346E+00  0.000000000E+00  9.999575798E+00 
         7  5.925187975E+00  0.000000000E+00  9.999579313E+00 
         8  6.884935829E+00  0.000000000E+00  9.999570437E+00 
         9  7.836916284E+00  0.000000000E+00  9.999552496E+00 
        10  8.781192203E+00  0.000000000E+00  9.999527914E+00 
        11  9.717825941E+00  0.000000000E+00  9.999498448E+00 
        12  1.064687935E+01  0.000000000E+00  9.999465380E+00 
        13  1.156841377E+01  0.000000000E+00  9.999429649E+00 
        14  1.248249006E+01  0.000000000E+00  9.999391944E+00 
        15  1.338916858E+01  0.000000000E+00  9.999352774E+00 
        16  1.428850920E+01  0.000000000E+00  9.999312514E+00 
        17  1.518057130E+01  0.000000000E+00  9.999271443E+00 
        18  1.606541380E+01  0.000000000E+00  9.999229768E+00 
        19  1.694309512E+01  0.000000000E+00  9.999187644E+00 
        20  1.781367322E+01  0.000000000E+00  9.999145187E+00 
        21  1.867720559E+01  0.000000000E+00  9.999102486E+00 
        22  1.953374925E+01  0.000000000E+00  9.999059605E+00 
        23  2.038336076E+01  0.000000000E+00  9.999016594E+00 
        24  2.122609622E+01  0.000000000E+00  9.998973492E+00 
        25  2.206201128E+01  0.000000000E+00  9.998930326E+00 
        26  2.289116114E+01  0.000000000E+00  9.998887118E+00 
        27  2.371360056E+01  0.000000000E+00  9.998843882E+00 
        28  2.452938383E+01  0.000000000E+00  9.998800630E+00 
        29  2.533856484E+01  0.000000000E+00  9.998757369E+00 
        30  2.614119701E+01  0.000000000E+00  9.998714101E+00 
        31  2.693733335E+01  0.000000000E+00  9.998670826E+00 
        32  2.772702642E+01  0.000000000E+00  9.998627542E+00 
        33  2.851032837E+01  0.000000000E+00  9.998584240E+00 
        34  2.928729093E+01  0.000000000E+00  9.998540912E+00 
        35  3.005796541E+01  0.000000000E+00  9.998497544E+00 
        36  3.082240268E+01  0.000000000E+00  9.998454119E+00 
        37  3.158065324E+01  0.000000000E+00  9.998410615E+00 
        38  3.233276716E+01  0.000000000E+00  9.998367008E+00 
        39  3.307879409E+01  0.000000000E+00  9.998323267E+00 
        40  3.381878330E+01  0.000000000E+00  9.998279357E+00 
        41  3.455278365E+01  0.000000000E+00  9.998235241E+00 
        42  3.528084362E+01  0.000000000E+00  9.998190872E+00 
        43  3.600301127E+01  0.000000000E+00  9.998146200E+00 
        44  3.671933431E+01  0.000000000E+00  9.998101168E+00 
        45  3.742986002E+01  0.000000000E+00  9.998055716E+00 
        46  3.813463533E+01  0.000000000E+00  9.998009773E+00 
        47  3.883370678E+01  0.000000000E+00  9.997963264E+00 
        48  3.952712052E+01  0.000000000E+00  9.997916108E+00 
        49  4.021492235E+01  0.000000000E+00  9.997868215E+00 
        50  4.089715769E+01  0.000000000E+00  9.997819490E+00 
        51  4.157387159E+01  0.000000000E+00  9.997769827E+00 
        52  4.224510872E+01  0.000000000E+00  9.997719116E+00 
        53  4.291091342E+01  0.000000000E+00  9.997667238E+00 
        54  4.357132966E+01  0.000000000E+00  9.997614065E+00 
        55  4.422640104E+01  0.000000000E+00  9.997559462E+00 
        56  4.487617081E+01  0.000000000E+00  9.997503286E+00 
        57  4.552068189E+01  0.000000000E+00  9.997445385E+00 
        58  4.615997684E+01  0.000000000E+00  9.997385596E+00 
        59  4.679409786E+01  0.000000000E+00  9.997323752E+00 
        60  4.742308684E+01  0.000000000E+00  9.997259673E+00 
        61  4.804698530E+01  0.000000000E+00  9.997193171E+00 
        62  4.866583446E+01  0.000000000E+00  9.997124049E+00 
        63  4.927967516E+01  0.000000000E+00  9.997052101E+00 
        64  4.988854795E+01  0.000000000E+00  9.996977108E+00 
        65  5.049249303E+01  0.000000000E+00  9.996898845E+00 
        66  5.109155028E+01  0.000000000E+00  9.996817075E+00 
        67  5.168575926E+01  0.000000000E+00  9.996731550E+00 
        68  5.227515921E+01  0.000000000E+00  9.996642012E+00 
        69  5.285978905E+01  0.000000000E+00  9.996548191E+00 
        70  5.343968738E+01  0.000000000E+00  9.996449808E+00 
        71  5.401489250E+01  0.000000000E+00  9.996346569E+00 
        72  5.458544238E+01  0.000000000E+00  9.996238171E+00 
        73  5.515137472E+01  0.000000000E+00  9.996124298E+00 
        74  5.571272686E+01  0.000000000E+00  9.996004621E+00 
        75  5.626953590E+01  0.000000000E+00  9.995878799E+00 
        76  5.682183858E+01  0.000000000E+00  9.995746477E+00 
        77  5.736967139E+01  0.000000000E+00  9.995607287E+00 
        78  5.791307049E+01  0.000000000E+00  9.995460848E+00 
        79  5.845207178E+01  0.000000000E+00  9.995306763E+00 
        80  5.898671083E+01  0.000000000E+00  9.995144622E+00 
        81  5.951702297E+01  0.000000000E+00  9.994973999E+00 
        82  6.004304320E+01  0.000000000E+00  9.994794454E+00 
        83  6.056480627E+01  0.000000000E+00  9.994605530E+00 
        84  6.108234661E+01  0.000000000E+00  9.994406755E+00 
        85  6.159569842E+01  0.000000000E+00  9.994197640E+00 
        86  6.210489559E+01  0.000000000E+00  9.993977678E+00 
        87  6.260997174E+01  0.000000000E+00  9.993746347E+00 
        88  6.311096022E+01  0.000000000E+00  9.993503104E+00 
        89  6.360789412E+01  0.000000000E+00  9.993247389E+00 
        90  6.410080625E+01  0.000000000E+00  9.992978622E+00 
        91  6.458972916E+01  0.000000000E+00  9.992696204E+00 
        92  6.507469514E+01  0.000000000E+00  9.992399513E+00 
        93  6.555573621E+01  0.000000000E+00  9.992087907E+00 
        94  6.603288413E+01  0.000000000E+00  9.991760720E+00 
        95  6.650617042E+01  0.000000000E+00  9.991417262E+00 
        96  6.697562632E+01  0.000000000E+00  9.991056815E+00 
        97  6.744128283E+01  0.000000000E+00  9.990678637E+00 
        98  6.790317071E+01  0.000000000E+00  9.990281953E+00 
        99  6.836132046E+01  0.000000000E+00  9.989865959E+00 
       100  6.881576232E+01  0.000000000E+00  9.989429815E+00 
       101  6.926652631E+01  0.000000000E+00  9.988972644E+00 
       102  6.971364219E+01  0.000000000E+00  9.988493528E+00 
       103  7.015713949E+01  0.000000000E+00  9.987991504E+00 
       104  7.059704749E+01  0.000000000E+00  9.987465560E+00 
       105  7.103339524E+01  0.000000000E+00  9.986914631E+00 
       106  7.146621156E+01  0.000000000E+00  9.986337591E+00 
       107  7.189552503E+01  0.000000000E+00  9.985733248E+00 
       108  7.232136399E+01  0.000000000E+00  9.985100336E+00 
       109  7.274375656E+01  0.000000000E+00  9.984437509E+00 
       110  7.316273064E+01  0.000000000E+00  9.983743328E+00 
       111  7.357831389E+01  0.000000000E+00  9.983016256E+00 
       112  7.399053376E+01  0.000000000E+00  9.982254643E+00 
       113  7.439941746E+01  0.000000000E+00  9.981456712E+00 
       114  7.480499201E+01  0.000000000E+00  9.980620552E+00 
       115  7.520728416E+01  0.000000000E+00  9.979744095E+00 
       116  7.560632051E+01  0.000000000E+00  9.978825102E+00 
       117  7.600212738E+01  0.000000000E+00  9.977861148E+00 
       118  7.639473092E+01  0.000000000E+00  9.976849594E+00 
       119  7.678415706E+01  0.000000000E+00  9.975787571E+00 
       120  7.717043151E+01  0.000000000E+00  9.974671954E+00 
       121  7.755357977E+01  0.000000000E+00  9.973499332E+00 
       122  7.793362715E+01  0.000000000E+00  9.972265983E+00 
       123  7.831059875E+01  0.000000000E+00  9.970967838E+00 
       124  7.868451945E+01  0.000000000E+00  9.969600453E+00 
       125  7.905541395E+01  0.000000000E+00  9.968158963E+00 
       126  7.942330674E+01  0.000000000E+00  9.966638048E+00 
       127  7.978822211E+01  0.000000000E+00  9.965031888E+00 
       128  8.015018416E+01  0.000000000E+00  9.963334114E+00 
       129  8.050921679E+01  0.000000000E+00  9.961537759E+00 
       130  8.086534371E+01  0.000000000E+00  9.959635203E+00 
       131  8.121858844E+01  0.000000000E+00  9.957618114E+00 
       132  8.156897429E+01  0.000000000E+00  9.955477386E+00 
       133  8.191652442E+01  0.000000000E+00  9.953203072E+00 
       134  8.226126177E+01  0.000000000E+00  9.950784312E+00 
       135  8.260320909E+01  0.000000000E+00  9.948209256E+00 
       136  8.294238899E+01  0.000000000E+00  9.945464984E+00 
       137  8.327882384E+01  0.000000000E+00  9.942537421E+00 
       138  8.361253587E+01  0.000000000E+00  9.939411238E+00 
       139  8.394354712E+01  0.000000000E+00  9.936069766E+00 
       140  8.427187943E+01  0.000000000E+00  9.932494884E+00 
       141  8.459755450E+01  0.000000000E+00  9.928666913E+00 
       142  8.492059382E+01  0.000000000E+00  9.924564505E+00 
       143  8.524101873E+01  0.000000000E+00  9.920164519E+00 
       144  8.555885039E+01  0.000000000E+00  9.915441894E+00 
       145  8.587410979E+01  0.000000000E+00  9.910369520E+00 
       146  8.618681774E+01  0.000000000E+00  9.904918098E+00 
       147  8.649699489E+01  0.000000000E+00  9.899055993E+00 
       148  8.680466173E+01  0.000000000E+00  9.892749088E+00 
       149  8.710983857E+01  0.000000000E+00  9.885960626E+00 
       150  8.741254556E+01  0.000000000E+00  9.878651045E+00 
       151  8.771280270E+01  0.000000000E+00  9.870777817E+00 
       152  8.801062980E+01  0.000000000E+00  9.862295273E+00 
       153  8.830604654E+01  0.000000000E+00  9.853154427E+00 
       154  8.859907242E+01  0.000000000E+00  9.843302795E+00 
       155  8.888972679E+01  0.000000000E+00  9.832684216E+00 
       156  8.917802885E+01  0.000000000E+00  9.821238661E+00 
       157  8.946399764E+01  0.000000000E+00  9.808902053E+00 
       158  8.974765203E+01  0.000000000E+00  9.795606075E+00 
       159  9.002901076E+01  0.000000000E+00  9.781277987E+00 
       160  9.030809241E+01  0.000000000E+00  9.765840443E+00 
       161  9.058491540E+01  0.000000000E+00  9.749211315E+00 
       162  9.085949802E+01  0.000000000E+00  9.731303521E+00 
       163  9.113185839E+01  0.000000000E+00  9.712024864E+00 
       164  9.140201451E+01  0.000000000E+00  9.691277881E+00 
       165  9.166998421E+01  0.000000000E+00  9.668959709E+00 
       166  9.193578518E+01  0.000000000E+00  9.644961966E+00 
       167  9.219943499E+01  0.000000000E+00  9.619170660E+00 
       168  9.246095103E+01  0.000000000E+00  9.591466111E+00 
       169  9.272035058E+01  0.000000000E+00  9.561722743E+00 
       170  9.297765077E+01  0.000000000E+00  9.529810267E+00 
       171  9.323286858E+01  0.000000000E+00  9.495592776E+00 
       172  9.348602087E+01  0.000000000E+00  9.458926420E+00 
       173  9.373712436E+01  0.000000000E+00  9.418836642E+00 
       174  9.398619563E+01  0.000000000E+00  9.375745783E+00 
       175  9.423325112E+01  0.000000000E+00  9.330219820E+00 
       176  9.447830715E+01  0.000000000E+00  9.321455750E+00 
       177  9.472137990E+01  0.000000000E+00  9.309920549E+00 
       178  9.496248543E+01  0.000000000E+00  9.258874729E+00 
       179  9.520163964E+01  0.000000000E+00  9.201416002E+00 
       180  9.543885834E+01  0.000000000E+00  9.130556836E+00 
       181  9.567415720E+01  0.000000000E+00  9.058536020E+00 
       182  9.590755173E+01  0.000000000E+00  8.991321462E+00 
       183  9.613905737E+01  0.000000000E+00  8.921998204E+00 
       184  9.636868940E+01  0.000000000E+00  8.848462634E+00 
       185  9.659646297E+01  0.000000000E+00  8.770540355E+00 
       186  9.682239314E+01  0.000000000E+00  8.688059357E+00 
       187  9.704649481E+01  0.000000000E+00  8.597862855E+00 
       188  9.726878279E+01  0.000000000E+00  8.502590759E+00 
       189  9.748927176E+01  0.000000000E+00  8.401862915E+00 
       190  9.770797628E+01  0.000000000E+00  8.295732498E+00 
       191  9.792491078E+01  0.000000000E+00  8.183839268E+00 
       192  9.814008960E+01  0.000000000E+00  8.066259472E+00 
       193  9.835352693E+01  0.000000000E+00  7.946137484E+00 
       194  9.856523689E+01  0.000000000E+00  7.820289672E+00 
       195  9.877523344E+01  0.000000000E+00  7.692859480E+00 
       196  9.898353045E+01  0.000000000E+00  7.559788085E+00 
       197  9.919014168E+01  0.000000000E+00  7.416903735E+00 
       198  9.939508077E+01  0.000000000E+00  7.268155434E+00 
       199  9.959836126E+01  0.000000000E+00  7.113577995E+00 
       200  9.979999657E+01  0.000000000E+00  6.953371871E+00 
       201  1.000000000E+02  0.000000000E+00  7.417875840E+00 
       202  1.002500000E+02  0.000000000E+00  8.084883076E+00 
       203  1.005000000E+02  0.000000000E+00  8.063922935E+00 
       204  1.007500000E+02  0.000000000E+00  8.056728794E+00 
       205  1.010000000E+02  0.000000000E+00  8.057595594E+00 
       206  1.012500000E+02  0.000000000E+00  8.064399329E+00 
       207  1.015000000E+02  0.000000000E+00  8.075734303E+00 
       208  1.017500000E+02  0.000000000E+00  8.090602031E+00 
       209  1.020000000E+02  0.000000000E+00  8.108259087E+00 
       210  1.022500000E+02  0.000000000E+00  8.128133796E+00 
       211  1.025000000E+02  0.000000000E+00  8.149776301E+00 
       212  1.027500000E+02  0.000000000E+00  8.172826517E+00 
       213  1.030000000E+02  0.000000000E+00  8.196992444E+00 
       214  1.032500000E+02  0.000000000E+00  8.222034885E+00 
       215  1.035000000E+02  0.000000000E+00  8.247756320E+00 
       216  1.037500000E+02  0.000000000E+00  8.273992606E+00 
       217  1.040000000E+02  0.000000000E+00  8.300606627E+00 
       218  1.042500000E+02  0.000000000E+00  8.327483381E+00 
       219  1.045000000E+02  0.000000000E+00  8.354526100E+00 
       220  1.047500000E+02  0.000000000E+00  8.381653153E+00 
       221  1.050000000E+02  0.000000000E+00  8.408795551E+00 
       222  1.052500000E+02  0.000000000E+00  8.435894918E+00 
       223  1.055000000E+02  0.000000000E+00  8.462901823E+00 
       224  1.057500000E+02  0.000000000E+00  8.489774402E+00 
       225  1.060000000E+02  0.000000000E+00  8.516477220E+00 
       226  1.062500000E+02  0.000000000E+00  8.542980306E+00 
       227  1.065000000E+02  0.000000000E+00  8.569258360E+00 
       228  1.067500000E+02  0.000000000E+00  8.595290070E+00 
       229  1.070000000E+02  0.000000000E+00  8.621057547E+00 
       230  1.072500000E+02  0.000000000E+00  8.646545836E+00 
       231  1.075000000E+02  0.000000000E+00  8.671742503E+00 
       232  1.077500000E+02  0.000000000E+00  8.696637288E+00 
       233  1.080000000E+02  0.000000000E+00  8.721221801E+00 
       234  1.082500000E+02  0.000000000E+00  8.745489267E+00 
       235  1.085000000E+02  0.000000000E+00  8.769434302E+00 
       236  1.087500000E+02  0.000000000E+00  8.793052730E+00 
       237  1.090000000E+02  0.000000000E+00  8.816341414E+00 
       238  1.092500000E+02  0.000000000E+00  8.839298120E+00 
       239  1.095000000E+02  0.000000000E+00  8.861921395E+00 
       240  1.097500000E+02  0.000000000E+00  8.884210462E+00 
       241  1.100000000E+02  0.000000000E+00  8.906165131E+00 
       242  1.102500000E+02  0.000000000E+00  8.927785724E+00 
       243  1.105000000E+02  0.000000000E+00  8.949073001E+00 
       244  1.107500000E+02  0.000000000E+00  8.970028109E+00 
       245  1.110000000E+02  0.000000000E+00  8.990652528E+00 
       246  1.112500000E+02  0.000000000E+00  9.010948025E+00 
       247  1.115000000E+02  0.000000000E+00  9.030916623E+00 
       248  1.117500000E+02  0.000000000E+00  9.050560561E+00 
       249  1.120000000E+02  0.000000000E+00  9.069882269E+00 
       250  1.122500000E+02  0.000000000E+00  9.088884343E+00 
       251  1.125000000E+02  0.000000000E+00  9.107569520E+00 
       252  1.127500000E+02  0.000000000E+00  9.125940664E+00 
       253  1.130000000E+02  0.000000000E+00  9.144000745E+00 
       254  1.132500000E+02  0.000000000E+00  9.161752828E+00 
       255  1.135000000E+02  0.000000000E+00  9.179200056E+00 
       256  1.137500000E+02  0.000000000E+00  9.196345642E+00 
       257  1.140000000E+02  0.000000000E+00  9.213192860E+00 
       258  1.142500000E+02  0.000000000E+00  9.229745032E+00 
       259  1.145000000E+02  0.000000000E+00  9.246005524E+00 
       260  1.147500000E+02  0.000000000E+00  9.261977739E+00 
       261  1.150000000E+02  0.000000000E+00  9.277665108E+00 
       262  1.152500000E+02  0.000000000E+00  9.293071088E+00 
       263  1.155000000E+02  0.000000000E+00  9.308199154E+00 
       264  1.157500000E+02  0.000000000E+00  9.323052797E+00 
       265  1.160000000E+02  0.000000000E+00  9.337635520E+00 
       266  1.162500000E+02  0.000000000E+00  9.351950832E+00 
       267  1.165000000E+02  0.000000000E+00  9.366002248E+00 
       268  1.167500000E+02  0.000000000E+00  9.379793284E+00 
       269  1.170000000E+02  0.000000000E+00  9.393327455E+00 
       270  1.172500000E+02  0.000000000E+00  9.406608271E+00 
       271  1.175000000E+02  0.000000000E+00  9.419639238E+00 
       272  1.177500000E+02  0.000000000E+00  9.432423852E+00 
       273  1.180000000E+02  0.000000000E+00  9.444965602E+00 
       274  1.182500000E+02  0.000000000E+00  9.457267961E+00 
       275  1.185000000E+02  0.000000000E+00  9.469334393E+00 
       276  1.187500000E+02  0.000000000E+00  9.481168344E+00 
       277  1.190000000E+02  0.000000000E+00  9.492773244E+00 
       278  1.192500000E+02  0.000000000E+00  9.504152505E+00 
       279  1.195000000E+02  0.000000000E+00  9.515309522E+00 
       280  1.197500000E+02  0.000000000E+00  9.526247666E+00 
       281  1.200000000E+02  0.000000000E+00  9.536970290E+00 
       282  1.202500000E+02  0.000000000E+00  9.547480722E+00 
       283  1.205000000E+02  0.000000000E+00  9.557782268E+00 
       284  1.207500000E+02  0.000000000E+00  9.567878207E+00 
       285  1.210000000E+02  0.000000000E+00  9.577771794E+00 
       286  1.212500000E+02  0.000000000E+00  9.587466259E+00 
       287  1.215000000E+02  0.000000000E+00  9.596964803E+00 
       288  1.217500000E+02  0.000000000E+00  9.606270599E+00 
       289  1.220000000E+02  0.000000000E+00  9.615386791E+00 
       290  1.222500000E+02  0.000000000E+00  9.624316495E+00 
       291  1.225000000E+02  0.000000000E+00  9.633062796E+00 
       292  1.227500000E+02  0.000000000E+00  9.641628749E+00 
       293  1.230000000E+02  0.000000000E+00  9.650017378E+00 
       294  1.232500000E+02  0.000000000E+00  9.658231673E+00 
       295  1.235000000E+02  0.000000000E+00  9.666274594E+00 
       296  1.237500000E+02  0.000000000E+00  9.674149069E+00 
       297  1.240000000E+02  0.000000000E+00  9.681857990E+00 
       298  1.242500000E+02  0.000000000E+00  9.689404217E+00 
       299  1.245000000E+02  0.000000000E+00  9.696790577E+00 
       300  1.247500000E+02  0.000000000E+00  9.704019862E+00 
       301  1.250000000E+02  0.000000000E+00  9.711094828E+00 
       302  1.252500000E+02  0.000000000E+00  9.718018199E+00 
       303  1.255000000E+02  0.000000000E+00  9.724792661E+00 
       304  1.257500000E+02  0.000000000E+00  9.731420867E+00 
       305  1.260000000E+02  0.000000000E+00  9.737905433E+00 
       306  1.262500000E+02  0.000000000E+00  9.744248940E+00 
       307  1.265000000E+02  0.000000000E+00  9.750453934E+00 
       308  1.267500000E+02  0.000000000E+00  9.756522922E+00 
       309  1.270000000E+02  0.000000000E+00  9.762458379E+00 
       310  1.272500000E+02  0.000000000E+00  9.768262741E+00 
       311  1.275000000E+02  0.000000000E+00  9.773938408E+00 
       312  1.277500000E+02  0.000000000E+00  9.779487744E+00 
       313  1.280000000E+02  0.000000000E+00  9.784913079E+00 
       314  1.282500000E+02  0.000000000E+00  9.790216703E+00 
       315  1.285000000E+02  0.000000000E+00  9.795400873E+00 
       316  1.287500000E+02  0.000000000E+00  9.800467807E+00 
       317  1.290000000E+02  0.000000000E+00  9.805419688E+00 
       318  1.292500000E+02  0.000000000E+00  9.810258664E+00 
       319  1.295000000E+02  0.000000000E+00  9.814986845E+00 
       320  1.297500000E+02  0.000000000E+00  9.819606307E+00 
       321  1.300000000E+02  0.000000000E+00  9.824119088E+00 
       322  1.302500000E+02  0.000000000E+00  9.828527192E+00 
       323  1.305000000E+02  0.000000000E+00  9.832832588E+00 
       324  1.307500000E+02  0.000000000E+00  9.837037207E+00 
       325  1.310000000E+02  0.000000000E+00  9.841142946E+00 
       326  1.312500000E+02  0.000000000E+00  9.845151669E+00 
       327  1.315000000E+02  0.000000000E+00  9.849065201E+00 
       328  1.317500000E+02  0.000000000E+00  9.852885337E+00 
       329  1.320000000E+02  0.000000000E+00  9.856613832E+00 
       330  1.322500000E+02  0.000000000E+00  9.860252412E+00 
       331  1.325000000E+02  0.000000000E+00  9.863802765E+00 
       332  1.327500000E+02  0.000000000E+00  9.867266546E+00 
       333  1.330000000E+02  0.000000000E+00  9.870645379E+00 
       334  1.332500000E+02  0.000000000E+00  9.873940850E+00 
       335  1.335000000E+02  0.000000000E+00  9.877154516E+00 
       336  1.337500000E+02  0.000000000E+00  9.880287897E+00 
       337  1.340000000E+02  0.000000000E+00  9.883342483E+00 
       338  1.342500000E+02  0.000000000E+00  9.886319731E+00 
       339  1.345000000E+02  0.000000000E+00  9.889221065E+00 
       340  1.347500000E+02  0.000000000E+00  9.892047877E+00 
       341  1.350000000E+02  0.000000000E+00  9.894801527E+00 
       342  1.352500000E+02  0.000000000E+00  9.897483344E+00 
       343  1.355000000E+02  0.000000000E+00  9.900094625E+00 
       344  1.357500000E+02  0.000000000E+00  9.902636636E+00 
       345  1.360000000E+02  0.000000000E+00  9.905110613E+00 
       346  1.362500000E+02  0.000000000E+00  9.907517759E+00 
       347  1.365000000E+02  0.000000000E+00  9.909859249E+00 
       348  1.367500000E+02  0.000000000E+00  9.912136227E+00 
       349  1.370000000E+02  0.000000000E+00  9.914349806E+00 
       350  1.372500000E+02  0.000000000E+00  9.916501070E+00 
       351  1.375000000E+02  0.000000000E+00  9.918591074E+00 
       352  1.377500000E+02  0.000000000E+00  9.920620842E+00 
       353  1.380000000E+02  0.000000000E+00  9.922591372E+00 
       354  1.382500000E+02  0.000000000E+00  9.924503628E+00 
       355  1.385000000E+02  0.000000000E+00  9.926358551E+00 
       356  1.387500000E+02  0.000000000E+00  9.928157049E+00 
       357  1.390000000E+02  0.000000000E+00  9.929900003E+00 
       358  1.392500000E+02  0.000000000E+00  9.931588268E+00 
       359  1.395000000E+02  0.000000000E+00  9.933222667E+00 
       360  1.397500000E+02  0.000000000E+00  9.934803999E+00 
       361  1.400000000E+02  0.000000000E+00  9.936333033E+00 
       362  1.402500000E+02  0.000000000E+00  9.937810511E+00 
       363  1.405000000E+02  0.000000000E+00  9.939237148E+00 
       364  1.407500000E+02  0.000000000E+00  9.940613631E+00 
       365  1.410000000E+02  0.000000000E+00  9.941940622E+00 
       366  1.412500000E+02  0.000000000E+00  9.943218753E+00 
       367  1.415000000E+02  0.000000000E+00  9.944448631E+00 
       368  1.417500000E+02  0.000000000E+00  9.945630837E+00 
       369  1.420000000E+02  0.000000000E+00  9.946765924E+00 
       370  1.422500000E+02  0.000000000E+00  9.947854419E+00 
       371  1.425000000E+02  0.000000000E+00  9.948896822E+00 
       372  1.427500000E+02  0.000000000E+00  9.949893608E+00 
       373  1.430000000E+02  0.000000000E+00  9.950845225E+00 
       374  1.432500000E+02  0.000000000E+00  9.951752095E+00 
       375  1.435000000E+02  0.000000000E+00  9.952614613E+00 
       376  1.437500000E+02  0.000000000E+00  9.953433150E+00 
       377  1.440000000E+02  0.000000000E+00  9.954208048E+00 
       378  1.442500000E+02  0.000000000E+00  9.954939626E+00 
       379  1.445000000E+02  0.000000000E+00  9.955628176E+00 
       380  1.447500000E+02  0.000000000E+00  9.956273963E+00 
       381  1.450000000E+02  0.000000000E+00  9.956877228E+00 
       382  1.452500000E+02  0.000000000E+00  9.957438184E+00 
       383  1.455000000E+02  0.000000000E+00  9.957957019E+00 
       384  1.457500000E+02  0.000000000E+00  9.958433897E+00 
       385  1.460000000E+02  0.000000000E+00  9.958868953E+00 
       386  1.462500000E+02  0.000000000E+00  9.959262298E+00 
       387  1.465000000E+02  0.000000000E+00  9.959614016E+00 
       388  1.467500000E+02  0.000000000E+00  9.959924165E+00 
       389  1.470000000E+02  0.000000000E+00  9.960192779E+00 
       390  1.472500000E+02  0.000000000E+00  9.960419863E+00 
       391  1.475000000E+02  0.000000000E+00  9.960605397E+00 
       392  1.477500000E+02  0.000000000E+00  9.960749335E+00 
       393  1.480000000E+02  0.000000000E+00  9.960851604E+00 
       394  1.482500000E+02  0.000000000E+00  9.960912106E+00 
       395  1.485000000E+02  0.000000000E+00  9.960930716E+00 
       396  1.487500000E+02  0.000000000E+00  9.960907280E+00 
       397  1.490000000E+02  0.000000000E+00  9.960841621E+00 
       398  1.492500000E+02  0.000000000E+00  9.960733532E+00 
       399  1.495000000E+02  0.000000000E+00  9.960582782E+00 
       400  1.497500000E+02  0.000000000E+00  9.960389111E+00 
       401  1.500000000E+02  0.000000000E+00  9.960152233E+00 
       402  1.502500000E+02  0.000000000E+00  9.959871832E+00 
       403  1.505000000E+02  0.000000000E+00  9.959547569E+00 
       404  1.507500000E+02  0.000000000E+00  9.959179073E+00 
       405  1.510000000E+02  0.000000000E+00  9.958765949E+00 
       406  1.512500000E+02  0.000000000E+00  9.958307771E+00 
       407  1.515000000E+02  0.000000000E+00  9.957804088E+00 
       408  1.517500000E+02  0.000000000E+00  9.957254418E+00 
       409  1.520000000E+02  0.000000000E+00  9.956658252E+00 
       410  1.522500000E+02  0.000000000E+00  9.956015053E+00 
       411  1.525000000E+02  0.000000000E+00  9.955324254E+00 
       412  1.527500000E+02  0.000000000E+00  9.954585259E+00 
       413  1.530000000E+02  0.000000000E+00  9.953797445E+00 
       414  1.532500000E+02  0.000000000E+00  9.952960158E+00 
       415  1.535000000E+02  0.000000000E+00  9.952072715E+00 
       416  1.537500000E+02  0.000000000E+00  9.951134403E+00 
       417  1.540000000E+02  0.000000000E+00  9.950144479E+00 
       418  1.542500000E+02  0.000000000E+00  9.949102171E+00 
       419  1.545000000E+02  0.000000000E+00  9.948006677E+00 
       420  1.547500000E+02  0.000000000E+00  9.946857162E+00 
       421  1.550000000E+02  0.000000000E+00  9.945652764E+00 
       422  1.552500000E+02  0.000000000E+00  9.944392588E+00 
       423  1.555000000E+02  0.000000000E+00  9.943075707E+00 
       424  1.557500000E+02  0.000000000E+00  9.941701165E+00 
       425  1.560000000E+02  0.000000000E+00  9.940267974E+00 
       426  1.562500000E+02  0.000000000E+00  9.938775113E+00 
       427  1.565000000E+02  0.000000000E+00  9.937221531E+00 
       428  1.567500000E+02  0.000000000E+00  9.935606143E+00 
       429  1.570000000E+02  0.000000000E+00  9.933927834E+00 
       430  1.572500000E+02  0.000000000E+00  9.932185455E+00 
       431  1.575000000E+02  0.000000000E+00  9.930377823E+00 
       432  1.577500000E+02  0.000000000E+00  9.928503726E+00 
       433  1.580000000E+02  0.000000000E+00  9.926561915E+00 
       434  1.582500000E+02  0.000000000E+00  9.924551110E+00 
       435  1.585000000E+02  0.000000000E+00  9.922469997E+00 
       436  1.587500000E+02  0.000000000E+00  9.920317228E+00 
       437  1.590000000E+02  0.000000000E+00  9.918091421E+00 
       438  1.592500000E+02  0.000000000E+00  9.915791160E+00 
       439  1.595000000E+02  0.000000000E+00  9.913414995E+00 
       440  1.597500000E+02  0.000000000E+00  9.910961442E+00 
       441  1.600000000E+02  0.000000000E+00  9.908428981E+00 
       442  1.602500000E+02  0.000000000E+00  9.905816060E+00 
       443  1.605000000E+02  0.000000000E+00  9.903121087E+00 
       444  1.607500000E+02  0.000000000E+00  9.900342441E+00 
       445  1.610000000E+02  0.000000000E+00  9.897478460E+00 
       446  1.612500000E+02  0.000000000E+00  9.894527451E+00 
       447  1.615000000E+02  0.000000000E+00  9.891487684E+00 
       448  1.617500000E+02  0.000000000E+00  9.888357391E+00 
       449  1.620000000E+02  0.000000000E+00  9.885134770E+00 
       450  1.622500000E+02  0.000000000E+00  9.881817985E+00 
       451  1.625000000E+02  0.000000000E+00  9.878405160E+00 
       452  1.627500000E+02  0.000000000E+00  9.874894385E+00 
       453  1.630000000E+02  0.000000000E+00  9.871283713E+00 
       454  1.632500000E+02  0.000000000E+00  9.867571161E+00 
       455  1.635000000E+02  0.000000000E+00  9.863754708E+00 
       456  1.637500000E+02  0.000000000E+00  9.859832298E+00 
       457  1.640000000E+02  0.000000000E+00  9.855801838E+00 
       458  1.642500000E+02  0.000000000E+00  9.851661196E+00 
       459  1.645000000E+02  0.000000000E+00  9.847408207E+00 
       460  1.647500000E+02  0.000000000E+00  9.843040666E+00 
       461  1.650000000E+02  0.000000000E+00  9.838556331E+00 
       462  1.652500000E+02  0.000000000E+00  9.833952925E+00 
       463  1.655000000E+02  0.000000000E+00  9.829228133E+00 
       464  1.657500000E+02  0.000000000E+00  9.824379601E+00 
       465  1.660000000E+02  0.000000000E+00  9.819404941E+00 
       466  1.662500000E+02  0.000000000E+00  9.814301726E+00 
       467  1.665000000E+02  0.000000000E+00  9.809067493E+00 
       468  1.667500000E+02  0.000000000E+00  9.803699740E+00 
       469  1.670000000E+02  0.000000000E+00  9.798195931E+00 
       470  1.672500000E+02  0.000000000E+00  9.792553491E+00 
       471  1.675000000E+02  0.000000000E+00  9.786769808E+00 
       472  1.677500000E+02  0.000000000E+00  9.780842234E+00 
       473  1.680000000E+02  0.000000000E+00  9.774768084E+00 
       474  1.682500000E+02  0.000000000E+00  9.768544637E+00 
       475  1.685000000E+02  0.000000000E+00  9.762169133E+00 
       476  1.687500000E+02  0.000000000E+00  9.755638779E+00 
       477  1.690000000E+02  0.000000000E+00  9.748950744E+00 
       478  1.692500000E+02  0.000000000E+00  9.742102160E+00 
       479  1.695000000E+02  0.000000000E+00  9.735090124E+00 
       480  1.697500000E+02  0.000000000E+00  9.727911697E+00 
       481  1.700000000E+02  0.000000000E+00  9.720563906E+00 
       482  1.702500000E+02  0.000000000E+00  9.713043739E+00 
       483  1.705000000E+02  0.000000000E+00  9.705348153E+00 
       484  1.707500000E+02  0.000000000E+00  9.697474066E+00 
       485  1.710000000E+02  0.000000000E+00  9.689418363E+00 
       486  1.712500000E+02  0.000000000E+00  9.681177896E+00 
       487  1.715000000E+02  0.000000000E+00  9.672749480E+00 
       488  1.717500000E+02  0.000000000E+00  9.664129898E+00 
       489  1.720000000E+02  0.000000000E+00  9.655315898E+00 
       490  1.722500000E+02  0.000000000E+00  9.646304196E+00 
       491  1.725000000E+02  0.000000000E+00  9.637091474E+00 
       492  1.727500000E+02  0.000000000E+00  9.627674382E+00 
       493  1.730000000E+02  0.000000000E+00  9.618049536E+00 
       494  1.732500000E+02  0.000000000E+00  9.608213522E+00 
       495  1.735000000E+02  0.000000000E+00  9.598162894E+00 
       496  1.737500000E+02  0.000000000E+00  9.587894173E+00 
       497  1.740000000E+02  0.000000000E+00  9.577403852E+00 
       498  1.742500000E+02  0.000000000E+00  9.566688391E+00 
       499  1.745000000E+02  0.000000000E+00  9.555744221E+00 
       500  1.747500000E+02  0.000000000E+00  9.544567746E+00 
       501  1.750000000E+02  0.000000000E+00  9.533155336E+00 
       502  1.752500000E+02  0.000000000E+00  9.521503337E+00 
       503  1.755000000E+02  0.000000000E+00  9.509608065E+00 
       504  1.757500000E+02  0.000000000E+00  9.497465808E+00 
       505  1.760000000E+02  0.000000000E+00  9.485072828E+00 
       506  1.762500000E+02  0.000000000E+00  9.472425361E+00 
       507  1.765000000E+02  0.000000000E+00  9.459519616E+00 
       508  1.767500000E+02  0.000000000E+00  9.446351777E+00 
       509  1.770000000E+02  0.000000000E+00  9.432918005E+00 
       510  1.772500000E+02  0.000000000E+00  9.419214434E+00 
       511  1.775000000E+02  0.000000000E+00  9.405237178E+00 
       512  1.777500000E+02  0.000000000E+00  9.390982326E+00 
       513  1.780000000E+02  0.000000000E+00  9.376445946E+00 
       514  1.782500000E+02  0.000000000E+00  9.361624084E+00 
       515  1.785000000E+02  0.000000000E+00  9.346512767E+00 
       516  1.787500000E+02  0.000000000E+00  9.331108001E+00 
       517  1.790000000E+02  0.000000000E+00  9.315405773E+00 
       518  1.792500000E+02  0.000000000E+00  9.299402054E+00 
       519  1.795000000E+02  0.000000000E+00  9.283092795E+00 
       520  1.797500000E+02  0.000000000E+00  9.266473933E+00 
       521  1.800000000E+02  0.000000000E+00  9.249541389E+00 
       522  1.802500000E+02  0.000000000E+00  9.232291068E+00 
       523  1.805000000E+02  0.000000000E+00  9.214718865E+00 
       524  1.807500000E+02  0.000000000E+00  9.196820661E+00 
       525  1.810000000E+02  0.000000000E+00  9.178592326E+00 
       526  1.812500000E+02  0.000000000E+00  9.160029721E+00 
       527  1.815000000E+02  0.000000000E+00  9.141128698E+00 
       528  1.817500000E+02  0.000000000E+00  9.121885102E+00 
       529  1.820000000E+02  0.000000000E+00  9.102294775E+00 
       530  1.822500000E+02  0.000000000E+00  9.082353551E+00 
       531  1.825000000E+02  0.000000000E+00  9.062057267E+00 
       532  1.827500000E+02  0.000000000E+00  9.041401755E+00 
       533  1.830000000E+02  0.000000000E+00  9.020382853E+00 
       534  1.832500000E+02  0.000000000E+00  8.998996401E+00 
       535  1.835000000E+02  0.000000000E+00  8.977238247E+00 
       536  1.837500000E+02  0.000000000E+00  8.955104248E+00 
       537  1.840000000E+02  0.000000000E+00  8.932590275E+00 
       538  1.842500000E+02  0.000000000E+00  8.909692212E+00 
       539  1.845000000E+02  0.000000000E+00  8.886405967E+00 
       540  1.847500000E+02  0.000000000E+00  8.862727468E+00 
       541  1.850000000E+02  0.000000000E+00  8.838652674E+00 
       542  1.852500000E+02  0.000000000E+00  8.814177578E+00 
       543  1.855000000E+02  0.000000000E+00  8.789298210E+00 
       544  1.857500000E+02  0.000000000E+00  8.764010650E+00 
       545  1.860000000E+02  0.000000000E+00  8.738311029E+00 
       546  1.862500000E+02  0.000000000E+00  8.712195543E+00 
       547  1.865000000E+02  0.000000000E+00  8.685660459E+00 
       548  1.867500000E+02  0.000000000E+00  8.658702125E+00 
       549  1.870000000E+02  0.000000000E+00  8.631316987E+00 
       550  1.872500000E+02  0.000000000E+00  8.603501600E+00 
       551  1.875000000E+02  0.000000000E+00  8.575252644E+00 
       552  1.877500000E+02  0.000000000E+00  8.546566944E+00 
       553  1.880000000E+02  0.000000000E+00  8.517441491E+00 
       554  1.882500000E+02  0.000000000E+00  8.487873465E+00 
       555  1.885000000E+02  0.000000000E+00  8.457860262E+00 
       556  1.887500000E+02  0.000000000E+00  8.427399530E+00 
       557  1.890000000E+02  0.000000000E+00  8.396489200E+00 
       558  1.892500000E+02  0.000000000E+00  8.365127533E+00 
       559  1.895000000E+02  0.000000000E+00  8.333313163E+00 
       560  1.897500000E+02  0.000000000E+00  8.301045158E+00 
       561  1.900000000E+02  0.000000000E+00  8.268323080E+00 
       562  1.902500000E+02  0.000000000E+00  8.235147058E+00 
       563  1.905000000E+02  0.000000000E+00  8.201517876E+00 
       564  1.907500000E+02  0.000000000E+00  8.167437068E+00 
       565  1.910000000E+02  0.000000000E+00  8.132907031E+00 
       566  1.912500000E+02  0.000000000E+00  8.097931154E+00 
       567  1.915000000E+02  0.000000000E+00  8.062513973E+00 
       568  1.917500000E+02  0.000000000E+00  8.026661338E+00 
       569  1.920000000E+02  0.000000000E+00  7.990380619E+00 
       570  1.922500000E+02  0.000000000E+00  7.953680938E+00 
       571  1.925000000E+02  0.000000000E+00  7.916573440E+00 
       572  1.927500000E+02  0.000000000E+00  7.879071607E+00 
       573  1.930000000E+02  0.000000000E+00  7.841191624E+00 
       574  1.932500000E+02  0.000000000E+00  7.802952808E+00 
       575  1.935000000E+02  0.000000000E+00  7.764378102E+00 
       576  1.937500000E+02  0.000000000E+00  7.725494662E+00 
       577  1.940000000E+02  0.000000000E+00  7.686334540E+00 
       578  1.942500000E+02  0.000000000E+00  7.646935492E+00 
       579  1.945000000E+02  0.000000000E+00  7.607341923E+00 
       580  1.947500000E+02  0.000000000E+00  7.567606020E+00 
       581  1.950000000E+02  0.000000000E+00  7.527789084E+00 
       582  1.952500000E+02  0.000000000E+00  7.487963138E+00 
       583  1.955000000E+02  0.000000000E+00  7.448212850E+00 
       584  1.957500000E+02  0.000000000E+00  7.408637859E+00 
       585  1.960000000E+02  0.000000000E+00  7.369355607E+00 
       586  1.962500000E+02  0.000000000E+00  7.330504814E+00 
       587  1.965000000E+02  0.000000000E+00  7.292249786E+00 
       588  1.967500000E+02  0.000000000E+00  7.254785805E+00 
       589  1.970000000E+02  0.000000000E+00  7.218345962E+00 
       590  1.972500000E+02  0.000000000E+00  7.183209941E+00 
       591  1.975000000E+02  0.000000000E+00  7.149715527E+00 
       592  1.977500000E+02  0.000000000E+00  7.118273968E+00 
       593  1.980000000E+02  0.000000000E+00  7.089391048E+00 
       594  1.982500000E+02  0.000000000E+00  7.063696902E+00 
       595  1.985000000E+02  0.000000000E+00  7.041989942E+00 
       596  1.987500000E+02  0.000000000E+00  7.025305042E+00 
       597  1.990000000E+02  0.000000000E+00  7.015026809E+00 
       598  1.992500000E+02  0.000000000E+00  7.013095479E+00 
       599  1.995000000E+02  0.000000000E+00  7.022426064E+00 
       600  1.997500000E+02  0.000000000E+00  7.050708710E+00 
       601  2.000000000E+02  0.000000000E+00  6.147166738E+00 
       602  2.001999988E+02  0.000000000E+00  5.510790044E+00 
       603  2.004032879E+02  0.000000000E+00  5.717405042E+00 
       604  2.006099214E+02  0.000000000E+00  5.921798962E+00 
       605  2.008199543E+02  0.000000000E+00  6.122583598E+00 
       606  2.010334426E+02  0.000000000E+00  6.319254164E+00 
       607  2.012504431E+02  0.000000000E+00  6.511362582E+00 
       608  2.014710137E+02  0.000000000E+00  6.698508424E+00 
       609  2.016952129E+02  0.000000000E+00  6.880338255E+00 
       610  2.019231006E+02  0.000000000E+00  7.056545606E+00 
       611  2.021547374E+02  0.000000000E+00  7.226870495E+00 
       612  2.023901849E+02  0.000000000E+00  7.391098705E+00 
       613  2.026295060E+02  0.000000000E+00  7.549060704E+00 
       614  2.028727642E+02  0.000000000E+00  7.700630358E+00 
       615  2.031200245E+02  0.000000000E+00  7.848978788E+00 
       616  2.033713525E+02  0.000000000E+00  7.993897827E+00 
       617  2.036268153E+02  0.000000000E+00  8.070923678E+00 
       618  2.038864808E+02  0.000000000E+00  8.141996768E+00 
       619  2.041504183E+02  0.000000000E+00  8.272908528E+00 
       620  2.044186979E+02  0.000000000E+00  8.395980778E+00 
       621  2.046913911E+02  0.000000000E+00  8.508511765E+00 
       622  2.049685706E+02  0.000000000E+00  8.614626413E+00 
       623  2.052503101E+02  0.000000000E+00  8.714484807E+00 
       624  2.055366847E+02  0.000000000E+00  8.808267289E+00 
       625  2.058277705E+02  0.000000000E+00  8.896171480E+00 
       626  2.061236452E+02  0.000000000E+00  8.978409393E+00 
       627  2.064243875E+02  0.000000000E+00  9.055204590E+00 
       628  2.067300774E+02  0.000000000E+00  9.126789533E+00 
       629  2.070407965E+02  0.000000000E+00  9.193403077E+00 
       630  2.073566273E+02  0.000000000E+00  9.255288138E+00 
       631  2.076776540E+02  0.000000000E+00  9.312689547E+00 
       632  2.080039622E+02  0.000000000E+00  9.365852100E+00 
       633  2.083356386E+02  0.000000000E+00  9.415018783E+00 
       634  2.086727716E+02  0.000000000E+00  9.460429219E+00 
       635  2.090154510E+02  0.000000000E+00  9.502318275E+00 
       636  2.093637679E+02  0.000000000E+00  9.540914888E+00 
       637  2.097178153E+02  0.000000000E+00  9.576441035E+00 
       638  2.100776872E+02  0.000000000E+00  9.609110902E+00 
       639  2.104434797E+02  0.000000000E+00  9.639130197E+00 
       640  2.108152899E+02  0.000000000E+00  9.666695612E+00 
       641  2.111932170E+02  0.000000000E+00  9.691994437E+00 
       642  2.115773617E+02  0.000000000E+00  9.715204280E+00 
       643  2.119678260E+02  0.000000000E+00  9.736492918E+00 
       644  2.123647142E+02  0.000000000E+00  9.756018240E+00 
       645  2.127681317E+02  0.000000000E+00  9.773928286E+00 
       646  2.131781861E+02  0.000000000E+00  9.790361366E+00 
       647  2.135949866E+02  0.000000000E+00  9.805446243E+00 
       648  2.140186441E+02  0.000000000E+00  9.819302384E+00 
       649  2.144492713E+02  0.000000000E+00  9.832040253E+00 
       650  2.148869831E+02  0.000000000E+00  9.843761647E+00 
       651  2.153318959E+02  0.000000000E+00  9.854560068E+00 
       652  2.157841282E+02  0.000000000E+00  9.864521116E+00 
       653  2.162438005E+02  0.000000000E+00  9.873722903E+00 
       654  2.167110350E+02  0.000000000E+00  9.882236477E+00 
       655  2.171859563E+02  0.000000000E+00  9.890126257E+00 
       656  2.176686908E+02  0.000000000E+00  9.897450470E+00 
       657  2.181593671E+02  0.000000000E+00  9.904261579E+00 
       658  2.186581157E+02  0.000000000E+00  9.910606709E+00 
       659  2.191650695E+02  0.000000000E+00  9.916528066E+00 
       660  2.196803635E+02  0.000000000E+00  9.922063344E+00 
       661  2.202041348E+02  0.000000000E+00  9.927246111E+00 
       662  2.207365230E+02  0.000000000E+00  9.932106186E+00 
       663  2.212776699E+02  0.000000000E+00  9.936670000E+00 
       664  2.218277194E+02  0.000000000E+00  9.940960930E+00 
       665  2.223868182E+02  0.000000000E+00  9.944999621E+00 
       666  2.229551149E+02  0.000000000E+00  9.948804284E+00 
       667  2.235327610E+02  0.000000000E+00  9.952390976E+00 
       668  2.241199103E+02  0.000000000E+00  9.955773859E+00 
       669  2.247167191E+02  0.000000000E+00  9.958965436E+00 
       670  2.253233464E+02  0.000000000E+00  9.961976776E+00 
       671  2.259399536E+02  0.000000000E+00  9.964817705E+00 
       672  2.265667050E+02  0.000000000E+00  9.967496994E+00 
       673  2.272037674E+02  0.000000000E+00  9.970022518E+00 
       674  2.278513104E+02  0.000000000E+00  9.972401401E+00 
       675  2.285095066E+02  0.000000000E+00  9.974640146E+00 
       676  2.291785311E+02  0.000000000E+00  9.976744746E+00 
       677  2.298585621E+02  0.000000000E+00  9.978720782E+00 
       678  2.305497807E+02  0.000000000E+00  9.980573509E+00 
       679  2.312523708E+02  0.000000000E+00  9.982307927E+00 
       680  2.319665197E+02  0.000000000E+00  9.983928837E+00 
       681  2.326924175E+02  0.000000000E+00  9.985440890E+00 
       682  2.334302574E+02  0.000000000E+00  9.986848628E+00 
       683  2.341802359E+02  0.000000000E+00  9.988156505E+00 
       684  2.349425527E+02  0.000000000E+00  9.989368913E+00 
       685  2.357174108E+02  0.000000000E+00  9.990490191E+00 
       686  2.365050165E+02  0.000000000E+00  9.991524627E+00 
       687  2.373055796E+02  0.000000000E+00  9.992476459E+00 
       688  2.381193132E+02  0.000000000E+00  9.993349865E+00 
       689  2.389464340E+02  0.000000000E+00  9.994148951E+00 
       690  2.397871622E+02  0.000000000E+00  9.994877729E+00 
       691  2.406417216E+02  0.000000000E+00  9.995540097E+00 
       692  2.415103399E+02  0.000000000E+00  9.996139809E+00 
       693  2.423932484E+02  0.000000000E+00  9.996680446E+00 
       694  2.432906820E+02  0.000000000E+00  9.997165376E+00 
       695  2.442028798E+02  0.000000000E+00  9.997597715E+00 
       696  2.451300847E+02  0.000000000E+00  9.997980281E+00 
       697  2.460725436E+02  0.000000000E+00  9.998315546E+00 
       698  2.470305073E+02  0.000000000E+00  9.998605581E+00 
       699  2.480042311E+02  0.000000000E+00  9.998851995E+00 
       700  2.489939742E+02  0.000000000E+00  9.999055870E+00 
       701  2.500000000E+02  0.000000000E+00  9.999217703E+00 
       702  2.510060258E+02  0.000000000E+00  9.999335710E+00 
       703  2.519957689E+02  0.000000000E+00  9.999410064E+00 
       704  2.529694927E+02  0.000000000E+00  9.999442917E+00 
       705  2.539274564E+02  0.000000000E+00  9.999435541E+00 
       706  2.548699153E+02  0.000000000E+00  9.999388425E+00 
       707  2.557971202E+02  0.000000000E+00  9.999301373E+00 
       708  2.567093180E+02  0.000000000E+00  9.999173685E+00 
       709  2.576067516E+02  0.000000000E+00  9.999004210E+00 
       710  2.584896601E+02  0.000000000E+00  9.998791427E+00 
       711  2.593582784E+02  0.000000000E+00  9.998533514E+00 
       712  2.602128379E+02  0.000000000E+00  9.998228412E+00 
       713  2.610535660E+02  0.000000000E+00  9.997873888E+00 
       714  2.618806868E+02  0.000000000E+00  9.997467587E+00 
       715  2.626944204E+02  0.000000000E+00  9.997007088E+00 
       716  2.634949835E+02  0.000000000E+00  9.996489956E+00 
       717  2.642825892E+02  0.000000000E+00  9.995913796E+00 
       718  2.650574473E+02  0.000000000E+00  9.995276305E+00 
       719  2.658197641E+02  0.000000000E+00  9.994575325E+00 
       720  2.665697426E+02  0.000000000E+00  9.993808902E+00 
       721  2.673075825E+02  0.000000000E+00  9.992975344E+00 
       722  2.680334803E+02  0.000000000E+00  9.992073282E+00 
       723  2.687476292E+02  0.000000000E+00  9.991101737E+00 
       724  2.694502193E+02  0.000000000E+00  9.990060194E+00 
       725  2.701414379E+02  0.000000000E+00  9.988948677E+00 
       726  2.708214689E+02  0.000000000E+00  9.987767831E+00 
       727  2.714904934E+02  0.000000000E+00  9.986519018E+00 
       728  2.721486896E+02  0.000000000E+00  9.985204413E+00 
       729  2.727962326E+02  0.000000000E+00  9.983827116E+00 
       730  2.734332950E+02  0.000000000E+00  9.982391267E+00 
       731  2.740600464E+02  0.000000000E+00  9.980902185E+00 
       732  2.746766536E+02  0.000000000E+00  9.979366502E+00 
       733  2.752832808E+02  0.000000000E+00  9.977792330E+00 
       734  2.758800897E+02  0.000000000E+00  9.976189427E+00 
       735  2.764672390E+02  0.000000000E+00  9.974569389E+00 
       736  2.770448851E+02  0.000000000E+00  9.972945850E+00 
       737  2.776131818E+02  0.000000000E+00  9.971334713E+00 
       738  2.781722806E+02  0.000000000E+00  9.969754386E+00 
       739  2.787223301E+02  0.000000000E+00  9.968226047E+00 
       740  2.792634769E+02  0.000000000E+00  9.966773925E+00 
       741  2.797958652E+02  0.000000000E+00  9.965425609E+00 
       742  2.803196365E+02  0.000000000E+00  9.964212370E+00 
       743  2.808349305E+02  0.000000000E+00  9.963169513E+00 
       744  2.813418843E+02  0.000000000E+00  9.962336753E+00 
       745  2.818406329E+02  0.000000000E+00  9.961758612E+00 
       746  2.823313092E+02  0.000000000E+00  9.961484896E+00 
       747  2.828140437E+02  0.000000000E+00  9.961570864E+00 
       748  2.832889650E+02  0.000000000E+00  9.962078035E+00 
       749  2.837561995E+02  0.000000000E+00  9.963074782E+00 
       750  2.842158718E+02  0.000000000E+00  9.964636463E+00 
       751  2.846681041E+02  0.000000000E+00  9.966846129E+00 
       752  2.851130169E+02  0.000000000E+00  9.969795140E+00 
       753  2.855507287E+02  0.000000000E+00  9.973583752E+00 
       754  2.859813560E+02  0.000000000E+00  9.978321741E+00 
       755  2.864050134E+02  0.000000000E+00  9.984129071E+00 
       756  2.868218139E+02  0.000000000E+00  9.991136581E+00 
       757  2.872318683E+02  0.000000000E+00  9.999486715E+00 
       758  2.876352858E+02  0.000000000E+00  1.000933428E+01 
       759  2.880321740E+02  0.000000000E+00  1.002084726E+01 
       760  2.884226383E+02  0.000000000E+00  1.003420767E+01 
       761  2.888067830E+02  0.000000000E+00  1.004961241E+01 
       762  2.891847101E+02  0.000000000E+00  1.006727431E+01 
       763  2.895565204E+02  0.000000000E+00  1.008742305E+01 
       764  2.899223128E+02  0.000000000E+00  1.011030636E+01 
       765  2.902821847E+02  0.000000000E+00  1.013619111E+01 
       766  2.906362321E+02  0.000000000E+00  1.016536465E+01 
       767  2.909845490E+02  0.000000000E+00  1.019813620E+01 
       768  2.913272284E+02  0.000000000E+00  1.023483835E+01 
       769  2.916643614E+02  0.000000000E+00  1.027582878E+01 
       770  2.919960378E+02  0.000000000E+00  1.032149209E+01 
       771  2.923223460E+02  0.000000000E+00  1.037224183E+01 
       772  2.926433727E+02  0.000000000E+00  1.042852284E+01 
       773  2.929592035E+02  0.000000000E+00  1.049081377E+01 
       774  2.932699226E+02  0.000000000E+00  1.055962996E+01 
       775  2.935756125E+02  0.000000000E+00  1.063552660E+01 
       776  2.938763548E+02  0.000000000E+00  1.071910241E+01 
       777  2.941722295E+02  0.000000000E+00  1.081100366E+01 
       778  2.944633153E+02  0.000000000E+00  1.091192878E+01 
       779  2.947496899E+02  0.000000000E+00  1.102263359E+01 
       780  2.950314294E+02  0.000000000E+00  1.114393718E+01 
       781  2.953086088E+02  0.000000000E+00  1.127672862E+01 
       782  2.955813021E+02  0.000000000E+00  1.142197457E+01 
       783  2.958495817E+02  0.000000000E+00  1.158072801E+01 
       784  2.961135192E+02  0.000000000E+00  1.175413807E+01 
       785  2.963731847E+02  0.000000000E+00  1.194346137E+01 
       786  2.966286475E+02  0.000000000E+00  1.215007501E+01 
       787  2.968799755E+02  0.000000000E+00  1.237549135E+01 
       788  2.971272358E+02  0.000000000E+00  1.262137511E+01 
       789  2.973704940E+02  0.000000000E+00  1.288956295E+01 
       790  2.976098151E+02  0.000000000E+00  1.318208616E+01 
       791  2.978452626E+02  0.000000000E+00  1.350119682E+01 
       792  2.980768994E+02  0.000000000E+00  1.384939815E+01 
       793  2.983047871E+02  0.000000000E+00  1.422947984E+01 
       794  2.985289863E+02  0.000000000E+00  1.464455911E+01 
       795  2.987495568E+02  0.000000000E+00  1.442004811E+01 
       796  2.989665574E+02  0.000000000E+00  1.417476837E+01 
       797  2.991800457E+02  0.000000000E+00  1.456264789E+01 
       798  2.993900786E+02  0.000000000E+00  1.498604862E+01 
       799  2.995967121E+02  0.000000000E+00  1.544903302E+01 
       800  2.998000012E+02  0.000000000E+00  1.596010365E+01 
       801  3.000000000E+02  0.000000000E+00  1.517844048E+01 
       802  3.002500000E+02  0.000000000E+00  1.392523176E+01 
       803  3.005000000E+02  0.000000000E+00  1.401129555E+01 
       804  3.007500000E+02  0.000000000E+00  1.405476634E+01 
       805  3.010000000E+02  0.000000000E+00  1.407447647E+01 
       806  3.012500000E+02  0.000000000E+00  1.407692095E+01 
       807  3.015000000E+02  0.000000000E+00  1.406629209E+01 
       808  3.017500000E+02  0.000000000E+00  1.404551116E+01 
       809  3.020000000E+02  0.000000000E+00  1.401672155E+01 
       810  3.022500000E+02  0.000000000E+00  1.398155278E+01 
       811  3.025000000E+02  0.000000000E+00  1.394127556E+01 
       812  3.027500000E+02  0.000000000E+00  1.389689953E+01 
       813  3.030000000E+02  0.000000000E+00  1.384923834E+01 
       814  3.032500000E+02  0.000000000E+00  1.379895497E+01 
       815  3.035000000E+02  0.000000000E+00  1.374659432E+01 
       816  3.037500000E+02  0.000000000E+00  1.369260733E+01 
       817  3.040000000E+02  0.000000000E+00  1.363736925E+01 
       818  3.042500000E+02  0.000000000E+00  1.358119377E+01 
       819  3.045000000E+02  0.000000000E+00  1.352434401E+01 
       820  3.047500000E+02  0.000000000E+00  1.346704132E+01 
       821  3.050000000E+02  0.000000000E+00  1.340947234E+01 
       822  3.052500000E+02  0.000000000E+00  1.335179469E+01 
       823  3.055000000E+02  0.000000000E+00  1.329414167E+01 
       824  3.057500000E+02  0.000000000E+00  1.323662606E+01 
       825  3.060000000E+02  0.000000000E+00  1.317934336E+01 
       826  3.062500000E+02  0.000000000E+00  1.312237439E+01 
       827  3.065000000E+02  0.000000000E+00  1.306578752E+01 
       828  3.067500000E+02  0.000000000E+00  1.300964054E+01 
       829  3.070000000E+02  0.000000000E+00  1.295398220E+01 
       830  3.072500000E+02  0.000000000E+00  1.289885356E+01 
       831  3.075000000E+02  0.000000000E+00  1.284428906E+01 
       832  3.077500000E+02  0.000000000E+00  1.279031752E+01 
       833  3.080000000E+02  0.000000000E+00  1.273696290E+01 
       834  3.082500000E+02  0.000000000E+00  1.268424500E+01 
       835  3.085000000E+02  0.000000000E+00  1.263218005E+01 
       836  3.087500000E+02  0.000000000E+00  1.258078121E+01 
       837  3.090000000E+02  0.000000000E+00  1.253005898E+01 
       838  3.092500000E+02  0.000000000E+00  1.248002156E+01 
       839  3.095000000E+02  0.000000000E+00  1.243067519E+01 
       840  3.097500000E+02  0.000000000E+00  1.238202439E+01 
       841  3.100000000E+02  0.000000000E+00  1.233407220E+01 
       842  3.102500000E+02  0.000000000E+00  1.228682038E+01 
       843  3.105000000E+02  0.000000000E+00  1.224026957E+01 
       844  3.107500000E+02  0.000000000E+00  1.219441944E+01 
       845  3.110000000E+02  0.000000000E+00  1.214926880E+01 
       846  3.112500000E+02  0.000000000E+00  1.210481576E+01 
       847  3.115000000E+02  0.000000000E+00  1.206105776E+01 
       848  3.117500000E+02  0.000000000E+00  1.201799169E+01 
       849  3.120000000E+02  0.000000000E+00  1.197561393E+01 
       850  3.122500000E+02  0.000000000E+00  1.193392044E+01 
       851  3.125000000E+02  0.000000000E+00  1.189290681E+01 
       852  3.127500000E+02  0.000000000E+00  1.185256828E+01 
       853  3.130000000E+02  0.000000000E+00  1.181289980E+01 
       854  3.132500000E+02  0.000000000E+00  1.177389607E+01 
       855  3.135000000E+02  0.000000000E+00  1.173555156E+01 
       856  3.137500000E+02  0.000000000E+00  1.169786051E+01 
       857  3.140000000E+02  0.000000000E+00  1.166081702E+01 
       858  3.142500000E+02  0.000000000E+00  1.162441501E+01 
       859  3.145000000E+02  0.000000000E+00  1.158864826E+01 
       860  3.147500000E+02  0.000000000E+00  1.155351043E+01 
       861  3.150000000E+02  0.000000000E+00  1.151899507E+01 
       862  3.152500000E+02  0.000000000E+00  1.148509564E+01 
       863  3.155000000E+02  0.000000000E+00  1.145180551E+01 
       864  3.157500000E+02  0.000000000E+00  1.141911796E+01 
       865  3.160000000E+02  0.000000000E+00  1.138702622E+01 
       866  3.162500000E+02  0.000000000E+00  1.135552347E+01 
       867  3.165000000E+02  0.000000000E+00  1.132460282E+01 
       868  3.167500000E+02  0.000000000E+00  1.129425736E+01 
       869  3.170000000E+02  0.000000000E+00  1.126448012E+01 
       870  3.172500000E+02  0.000000000E+00  1.123526413E+01 
       871  3.175000000E+02  0.000000000E+00  1.120660236E+01 
       872  3.177500000E+02  0.000000000E+00  1.117848780E+01 
       873  3.180000000E+02  0.000000000E+00  1.115091340E+01 
       874  3.182500000E+02  0.000000000E+00  1.112387210E+01 
       875  3.185000000E+02  0.000000000E+00  1.109735686E+01 
       876  3.187500000E+02  0.000000000E+00  1.107136060E+01 
       877  3.190000000E+02  0.000000000E+00  1.104587628E+01 
       878  3.192500000E+02  0.000000000E+00  1.102089684E+01 
       879  3.195000000E+02  0.000000000E+00  1.099641525E+01 
       880  3.197500000E+02  0.000000000E+00  1.097242448E+01 
       881  3.200000000E+02  0.000000000E+00  1.094891752E+01 
       882  3.202500000E+02  0.000000000E+00  1.092588737E+01 
       883  3.205000000E+02  0.000000000E+00  1.090332708E+01 
       884  3.207500000E+02  0.000000000E+00  1.088122969E+01 
       885  3.210000000E+02  0.000000000E+00  1.085958828E+01 
       886  3.212500000E+02  0.000000000E+00  1.083839598E+01 
       887  3.215000000E+02  0.000000000E+00  1.081764592E+01 
       888  3.217500000E+02  0.000000000E+00  1.079733129E+01 
       889  3.220000000E+02  0.000000000E+00  1.077744530E+01 
       890  3.222500000E+02  0.000000000E+00  1.075798120E+01 
       891  3.225000000E+02  0.000000000E+00  1.073893230E+01 
       892  3.227500000E+02  0.000000000E+00  1.072029194E+01 
       893  3.230000000E+02  0.000000000E+00  1.070205349E+01 
       894  3.232500000E+02  0.000000000E+00  1.068421039E+01 
       895  3.235000000E+02  0.000000000E+00  1.066675612E+01 
       896  3.237500000E+02  0.000000000E+00  1.064968421E+01 
       897  3.240000000E+02  0.000000000E+00  1.063298823E+01 
       898  3.242500000E+02  0.000000000E+00  1.061666182E+01 
       899  3.245000000E+02  0.000000000E+00  1.060069867E+01 
       900  3.247500000E+02  0.000000000E+00  1.058509252E+01 
       901  3.250000000E+02  0.000000000E+00  1.056983717E+01 
       902  3.252500000E+02  0.000000000E+00  1.055492648E+01 
       903  3.255000000E+02  0.000000000E+00  1.054035436E+01 
       904  3.257500000E+02  0.000000000E+00  1.052611480E+01 
       905  3.260000000E+02  0.000000000E+00  1.051220183E+01 
       906  3.262500000E+02  0.000000000E+00  1.049860955E+01 
       907  3.265000000E+02  0.000000000E+00  1.048533214E+01 
       908  3.267500000E+02  0.000000000E+00  1.047236381E+01 
       909  3.270000000E+02  0.000000000E+00  1.045969886E+01 
       910  3.272500000E+02  0.000000000E+00  1.044733165E+01 
       911  3.275000000E+02  0.000000000E+00  1.043525660E+01 
       912  3.277500000E+02  0.000000000E+00  1.042346822E+01 
       913  3.280000000E+02  0.000000000E+00  1.041196105E+01 
       914  3.282500000E+02  0.000000000E+00  1.040072972E+01 
       915  3.285000000E+02  0.000000000E+00  1.038976893E+01 
       916  3.287500000E+02  0.000000000E+00  1.037907345E+01 
       917  3.290000000E+02  0.000000000E+00  1.036863811E+01 
       918  3.292500000E+02  0.000000000E+00  1.035845781E+01 
       919  3.295000000E+02  0.000000000E+00  1.034852752E+01 
       920  3.297500000E+02  0.000000000E+00  1.033884229E+01 
       921  3.300000000E+02  0.000000000E+00  1.032939723E+01 
       922  3.302500000E+02  0.000000000E+00  1.032018753E+01 
       923  3.305000000E+02  0.000000000E+00  1.031120843E+01 
       924  3.307500000E+02  0.000000000E+00  1.030245526E+01 
       925  3.310000000E+02  0.000000000E+00  1.029392341E+01 
       926  3.312500000E+02  0.000000000E+00  1.028560836E+01 
       927  3.315000000E+02  0.000000000E+00  1.027750563E+01 
       928  3.317500000E+02  0.000000000E+00  1.026961083E+01 
       929  3.320000000E+02  0.000000000E+00  1.026191964E+01 
       930  3.322500000E+02  0.000000000E+00  1.025442780E+01 
       931  3.325000000E+02  0.000000000E+00  1.024713113E+01 
       932  3.327500000E+02  0.000000000E+00  1.024002551E+01 
       933  3.330000000E+02  0.000000000E+00  1.023310691E+01 
       934  3.332500000E+02  0.000000000E+00  1.022637134E+01 
       935  3.335000000E+02  0.000000000E+00  1.021981489E+01 
       936  3.337500000E+02  0.000000000E+00  1.021343374E+01 
       937  3.340000000E+02  0.000000000E+00  1.020722410E+01 
       938  3.342500000E+02  0.000000000E+00  1.020118228E+01 
       939  3.345000000E+02  0.000000000E+00  1.019530465E+01 
       940  3.347500000E+02  0.000000000E+00  1.018958763E+01 
       941  3.350000000E+02  0.000000000E+00  1.018402772E+01 
       942  3.352500000E+02  0.000000000E+00  1.017862150E+01 
       943  3.355000000E+02  0.000000000E+00  1.017336559E+01 
       944  3.357500000E+02  0.000000000E+00  1.016825670E+01 
       945  3.360000000E+02  0.000000000E+00  1.016329157E+01 
       946  3.362500000E+02  0.000000000E+00  1.015846705E+01 
       947  3.365000000E+02  0.000000000E+00  1.015378001E+01 
       948  3.367500000E+02  0.000000000E+00  1.014922743E+01 
       949  3.370000000E+02  0.000000000E+00  1.014480630E+01 
       950  3.372500000E+02  0.000000000E+00  1.014051372E+01 
       951  3.375000000E+02  0.000000000E+00  1.013634681E+01 
       952  3.377500000E+02  0.000000000E+00  1.013230280E+01 
       953  3.380000000E+02  0.000000000E+00  1.012837893E+01 
       954  3.382500000E+02  0.000000000E+00  1.012457253E+01 
       955  3.385000000E+02  0.000000000E+00  1.012088098E+01 
       956  3.387500000E+02  0.000000000E+00  1.011730173E+01 
       957  3.390000000E+02  0.000000000E+00  1.011383228E+01 
       958  3.392500000E+02  0.000000000E+00  1.011047018E+01 
       959  3.395000000E+02  0.000000000E+00  1.010721305E+01 
       960  3.397500000E+02  0.000000000E+00  1.010405855E+01 
       961  3.400000000E+02  0.000000000E+00  1.010100443E+01 
       962  3.402500000E+02  0.000000000E+00  1.009804845E+01 
       963  3.405000000E+02  0.000000000E+00  1.009518846E+01 
       964  3.407500000E+02  0.000000000E+00  1.009242235E+01 
       965  3.410000000E+02  0.000000000E+00  1.008974806E+01 
       966  3.412500000E+02  0.000000000E+00  1.008716360E+01 
       967  3.415000000E+02  0.000000000E+00  1.008466700E+01 
       968  3.417500000E+02  0.000000000E+00  1.008225638E+01 
       969  3.420000000E+02  0.000000000E+00  1.007992989E+01 
       970  3.422500000E+02  0.000000000E+00  1.007768572E+01 
       971  3.425000000E+02  0.000000000E+00  1.007552214E+01 
       972  3.427500000E+02  0.000000000E+00  1.007343744E+01 
       973  3.430000000E+02  0.000000000E+00  1.007142999E+01 
       974  3.432500000E+02  0.000000000E+00  1.006949816E+01 
       975  3.435000000E+02  0.000000000E+00  1.006764043E+01 
       976  3.437500000E+02  0.000000000E+00  1.006585527E+01 
       977  3.440000000E+02  0.000000000E+00  1.006414123E+01 
       978  3.442500000E+02  0.000000000E+00  1.006249689E+01 
       979  3.445000000E+02  0.000000000E+00  1.006092090E+01 
       980  3.447500000E+02  0.000000000E+00  1.005941191E+01 
       981  3.450000000E+02  0.000000000E+00  1.005796866E+01 
       982  3.452500000E+02  0.000000000E+00  1.005658991E+01 
       983  3.455000000E+02  0.000000000E+00  1.005527447E+01 
       984  3.457500000E+02  0.000000000E+00  1.005402118E+01 
       985  3.460000000E+02  0.000000000E+00  1.005282894E+01 
       986  3.462500000E+02  0.000000000E+00  1.005169669E+01 
       987  3.465000000E+02  0.000000000E+00  1.005062339E+01 
       988  3.467500000E+02  0.000000000E+00  1.004960808E+01 
       989  3.470000000E+02  0.000000000E+00  1.004864979E+01 
       990  3.472500000E+02  0.000000000E+00  1.004774763E+01 
       991  3.475000000E+02  0.000000000E+00  1.004690074E+01 
       992  3.477500000E+02  0.000000000E+00  1.004610828E+01 
       993  3.480000000E+02  0.000000000E+00  1.004536948E+01 
       994  3.482500000E+02  0.000000000E+00  1.004468358E+01 
       995  3.485000000E+02  0.000000000E+00  1.004404987E+01 
       996  3.487500000E+02  0.000000000E+00  1.004346769E+01 
       997  3.490000000E+02  0.000000000E+00  1.004293638E+01 
       998  3.492500000E+02  0.000000000E+00  1.004245536E+01 
       999  3.495000000E+02  0.000000000E+00  1.004202405E+01 
      1000  3.497500000E+02  0.000000000E+00  1.004164193E+01 
      1001  3.500000000E+02  0.000000000E+00  1.004130852E+01 
      1002  3.502500000E+02  0.000000000E+00  1.004102334E+01 
      1003  3.505000000E+02  0.000000000E+00  1.004078598E+01 
      1004  3.507500000E+02  0.000000000E+00  1.004059605E+01 
      1005  3.510000000E+02  0.000000000E+00  1.004045320E+01 
      1006  3.512500000E+02  0.000000000E+00  1.004035710E+01 
      1007  3.515000000E+02  0.000000000E+00  1.004030748E+01 
      1008  3.517500000E+02  0.000000000E+00  1.004030409E+01 
      1009  3.520000000E+02  0.000000000E+00  1.004034669E+01 
      1010  3.522500000E+02  0.000000000E+00  1.004043512E+01 
      1011  3.525000000E+02  0.000000000E+00  1.004056921E+01 
      1012  3.527500000E+02  0.000000000E+00  1.004074885E+01 
      1013  3.530000000E+02  0.000000000E+00  1.004097395E+01 
      1014  3.532500000E+02  0.000000000E+00  1.004124446E+01 
      1015  3.535000000E+02  0.000000000E+00  1.004156035E+01 
      1016  3.537500000E+02  0.000000000E+00  1.004192164E+01 
      1017  3.540000000E+02  0.000000000E+00  1.004232837E+01 
      1018  3.542500000E+02  0.000000000E+00  1.004278062E+01 
      1019  3.545000000E+02  0.000000000E+00  1.004327848E+01 
      1020  3.547500000E+02  0.000000000E+00  1.004382211E+01 
      1021  3.550000000E+02  0.000000000E+00  1.004441167E+01 
      1022  3.552500000E+02  0.000000000E+00  1.004504736E+01 
      1023  3.555000000E+02  0.000000000E+00  1.004572942E+01 
      1024  3.557500000E+02  0.000000000E+00  1.004645811E+01 
      1025  3.560000000E+02  0.000000000E+00  1.004723373E+01 
      1026  3.562500000E+02  0.000000000E+00  1.004805662E+01 
      1027  3.565000000E+02  0.000000000E+00  1.004892712E+01 
      1028  3.567500000E+02  0.000000000E+00  1.004984565E+01 
      1029  3.570000000E+02  0.000000000E+00  1.005081261E+01 
      1030  3.572500000E+02  0.000000000E+00  1.005182847E+01 
      1031  3.575000000E+02  0.000000000E+00  1.005289373E+01 
      1032  3.577500000E+02  0.000000000E+00  1.005400889E+01 
      1033  3.580000000E+02  0.000000000E+00  1.005517452E+01 
      1034  3.582500000E+02  0.000000000E+00  1.005639120E+01 
      1035  3.585000000E+02  0.000000000E+00  1.005765955E+01 
      1036  3.587500000E+02  0.000000000E+00  1.005898022E+01 
      1037  3.590000000E+02  0.000000000E+00  1.006035390E+01 
      1038  3.592500000E+02  0.000000000E+00  1.006178132E+01 
      1039  3.595000000E+02  0.000000000E+00  1.006326321E+01 
      1040  3.597500000E+02  0.000000000E+00  1.006480037E+01 
      1041  3.600000000E+02  0.000000000E+00  1.006639361E+01 
      1042  3.602500000E+02  0.000000000E+00  1.006804380E+01 
      1043  3.605000000E+02  0.000000000E+00  1.006975182E+01 
      1044  3.607500000E+02  0.000000000E+00  1.007151859E+01 
      1045  3.610000000E+02  0.000000000E+00  1.007334507E+01 
      1046  3.612500000E+02  0.000000000E+00  1.007523226E+01 
      1047  3.615000000E+02  0.000000000E+00  1.007718119E+01 
      1048  3.617500000E+02  0.000000000E+00  1.007919292E+01 
      1049  3.620000000E+02  0.000000000E+00  1.008126855E+01 
      1050  3.622500000E+02  0.000000000E+00  1.008340923E+01 
      1051  3.625000000E+02  0.000000000E+00  1.008561612E+01 
      1052  3.627500000E+02  0.000000000E+00  1.008789046E+01 
      1053  3.630000000E+02  0.000000000E+00  1.009023348E+01 
      1054  3.632500000E+02  0.000000000E+00  1.009264648E+01 
      1055  3.635000000E+02  0.000000000E+00  1.009513078E+01 
      1056  3.637500000E+02  0.000000000E+00  1.009768776E+01 
      1057  3.640000000E+02  0.000000000E+00  1.010031883E+01 
      1058  3.642500000E+02  0.000000000E+00  1.010302543E+01 
      1059  3.645000000E+02  0.000000000E+00  1.010580905E+01 
      1060  3.647500000E+02  0.000000000E+00  1.010867122E+01 
      1061  3.650000000E+02  0.000000000E+00  1.011161352E+01 
      1062  3.652500000E+02  0.000000000E+00  1.011463756E+01 
      1063  3.655000000E+02  0.000000000E+00  1.011774499E+01 
      1064  3.657500000E+02  0.000000000E+00  1.012093752E+01 
      1065  3.660000000E+02  0.000000000E+00  1.012421689E+01 
      1066  3.662500000E+02  0.000000000E+00  1.012758488E+01 
      1067  3.665000000E+02  0.000000000E+00  1.013104333E+01 
      1068  3.667500000E+02  0.000000000E+00  1.013459412E+01 
      1069  3.670000000E+02  0.000000000E+00  1.013823916E+01 
      1070  3.672500000E+02  0.000000000E+00  1.014198043E+01 
      1071  3.675000000E+02  0.000000000E+00  1.014581995E+01 
      1072  3.677500000E+02  0.000000000E+00  1.014975976E+01 
      1073  3.680000000E+02  0.000000000E+00  1.015380200E+01 
      1074  3.682500000E+02  0.000000000E+00  1.015794880E+01 
      1075  3.685000000E+02  0.000000000E+00  1.016220239E+01 
      1076  3.687500000E+02  0.000000000E+00  1.016656501E+01 
      1077  3.690000000E+02  0.000000000E+00  1.017103897E+01 
      1078  3.692500000E+02  0.000000000E+00  1.017562663E+01 
      1079  3.695000000E+02  0.000000000E+00  1.018033039E+01 
      1080  3.697500000E+02  0.000000000E+00  1.018515271E+01 
      1081  3.700000000E+02  0.000000000E+00  1.019009611E+01 
      1082  3.702500000E+02  0.000000000E+00  1.019516313E+01 
      1083  3.705000000E+02  0.000000000E+00  1.020035640E+01 
      1084  3.707500000E+02  0.000000000E+00  1.020567857E+01 
      1085  3.710000000E+02  0.000000000E+00  1.021113237E+01 
      1086  3.712500000E+02  0.000000000E+00  1.021672057E+01 
      1087  3.715000000E+02  0.000000000E+00  1.022244600E+01 
      1088  3.717500000E+02  0.000000000E+00  1.022831152E+01 
      1089  3.720000000E+02  0.000000000E+00  1.023432009E+01 
      1090  3.722500000E+02  0.000000000E+00  1.024047468E+01 
      1091  3.725000000E+02  0.000000000E+00  1.024677834E+01 
      1092  3.727500000E+02  0.000000000E+00  1.025323416E+01 
      1093  3.730000000E+02  0.000000000E+00  1.025984530E+01 
      1094  3.732500000E+02  0.000000000E+00  1.026661498E+01 
      1095  3.735000000E+02  0.000000000E+00  1.027354644E+01 
      1096  3.737500000E+02  0.000000000E+00  1.028064302E+01 
      1097  3.740000000E+02  0.000000000E+00  1.028790808E+01 
      1098  3.742500000E+02  0.000000000E+00  1.029534505E+01 
      1099  3.745000000E+02  0.000000000E+00  1.030295743E+01 
      1100  3.747500000E+02  0.000000000E+00  1.031074875E+01 
      1101  3.750000000E+02  0.000000000E+00  1.031872260E+01 
      1102  3.752500000E+02  0.000000000E+00  1.032688264E+01 
      1103  3.755000000E+02  0.000000000E+00  1.033523257E+01 
      1104  3.757500000E+02  0.000000000E+00  1.034377615E+01 
      1105  3.760000000E+02  0.000000000E+00  1.035251720E+01 
      1106  3.762500000E+02  0.000000000E+00  1.036145957E+01 
      1107  3.765000000E+02  0.000000000E+00  1.037060720E+01 
      1108  3.767500000E+02  0.000000000E+00  1.037996404E+01 
      1109  3.770000000E+02  0.000000000E+00  1.038953413E+01 
      1110  3.772500000E+02  0.000000000E+00  1.039932154E+01 
      1111  3.775000000E+02  0.000000000E+00  1.040933040E+01 
      1112  3.777500000E+02  0.000000000E+00  1.041956487E+01 
      1113  3.780000000E+02  0.000000000E+00  1.043002919E+01 
      1114  3.782500000E+02  0.000000000E+00  1.044072763E+01 
      1115  3.785000000E+02  0.000000000E+00  1.045166450E+01 
      1116  3.787500000E+02  0.000000000E+00  1.046284417E+01 
      1117  3.790000000E+02  0.000000000E+00  1.047427105E+01 
      1118  3.792500000E+02  0.000000000E+00  1.048594958E+01 
      1119  3.795000000E+02  0.000000000E+00  1.049788428E+01 
      1120  3.797500000E+02  0.000000000E+00  1.051007967E+01 
      1121  3.800000000E+02  0.000000000E+00  1.052254032E+01 
      1122  3.802500000E+02  0.000000000E+00  1.053527085E+01 
      1123  3.805000000E+02  0.000000000E+00  1.054827591E+01 
      1124  3.807500000E+02  0.000000000E+00  1.056156018E+01 
      1125  3.810000000E+02  0.000000000E+00  1.057512837E+01 
      1126  3.812500000E+02  0.000000000E+00  1.058898523E+01 
      1127  3.815000000E+02  0.000000000E+00  1.060313553E+01 
      1128  3.817500000E+02  0.000000000E+00  1.061758408E+01 
      1129  3.820000000E+02  0.000000000E+00  1.063233569E+01 
      1130  3.822500000E+02  0.000000000E+00  1.064739522E+01 
      1131  3.825000000E+02  0.000000000E+00  1.066276751E+01 
      1132  3.827500000E+02  0.000000000E+00  1.067845746E+01 
      1133  3.830000000E+02  0.000000000E+00  1.069446995E+01 
      1134  3.832500000E+02  0.000000000E+00  1.071080989E+01 
      1135  3.835000000E+02  0.000000000E+00  1.072748219E+01 
      1136  3.837500000E+02  0.000000000E+00  1.074449175E+01 
      1137  3.840000000E+02  0.000000000E+00  1.076184349E+01 
      1138  3.842500000E+02  0.000000000E+00  1.077954230E+01 
      1139  3.845000000E+02  0.000000000E+00  1.079759310E+01 
      1140  3.847500000E+02  0.000000000E+00  1.081600075E+01 
      1141  3.850000000E+02  0.000000000E+00  1.083477011E+01 
      1142  3.852500000E+02  0.000000000E+00  1.085390603E+01 
      1143  3.855000000E+02  0.000000000E+00  1.087341331E+01 
      1144  3.857500000E+02  0.000000000E+00  1.089329670E+01 
      1145  3.860000000E+02  0.000000000E+00  1.091356094E+01 
      1146  3.862500000E+02  0.000000000E+00  1.093421067E+01 
      1147  3.865000000E+02  0.000000000E+00  1.095525050E+01 
      1148  3.867500000E+02  0.000000000E+00  1.097668496E+01 
      1149  3.870000000E+02  0.000000000E+00  1.099851847E+01 
      1150  3.872500000E+02  0.000000000E+00  1.102075536E+01 
      1151  3.875000000E+02  0.000000000E+00  1.104339987E+01 
      1152  3.877500000E+02  0.000000000E+00  1.106645607E+01 
      1153  3.880000000E+02  0.000000000E+00  1.108992789E+01 
      1154  3.882500000E+02  0.000000000E+00  1.111381909E+01 
      1155  3.885000000E+02  0.000000000E+00  1.113813321E+01 
      1156  3.887500000E+02  0.000000000E+00  1.116287358E+01 
      1157  3.890000000E+02  0.000000000E+00  1.118804326E+01 
      1158  3.892500000E+02  0.000000000E+00  1.121364500E+01 
      1159  3.895000000E+02  0.000000000E+00  1.123968119E+01 
      1160  3.897500000E+02  0.000000000E+00  1.126615383E+01 
      1161  3.900000000E+02  0.000000000E+00  1.129306447E+01 
      1162  3.902500000E+02  0.000000000E+00  1.132041411E+01 
      1163  3.905000000E+02  0.000000000E+00  1.134820315E+01 
      1164  3.907500000E+02  0.000000000E+00  1.137643126E+01 
      1165  3.910000000E+02  0.000000000E+00  1.140509733E+01 
      1166  3.912500000E+02  0.000000000E+00  1.143419928E+01 
      1167  3.915000000E+02  0.000000000E+00  1.146373396E+01 
      1168  3.917500000E+02  0.000000000E+00  1.149369695E+01 
      1169  3.920000000E+02  0.000000000E+00  1.152408236E+01 
      1170  3.922500000E+02  0.000000000E+00  1.155488263E+01 
      1171  3.925000000E+02  0.000000000E+00  1.158608822E+01 
      1172  3.927500000E+02  0.000000000E+00  1.161768729E+01 
      1173  3.930000000E+02  0.000000000E+00  1.164966536E+01 
      1174  3.932500000E+02  0.000000000E+00  1.168200481E+01 
      1175  3.935000000E+02  0.000000000E+00  1.171468444E+01 
      1176  3.937500000E+02  0.000000000E+00  1.174767879E+01 
      1177  3.940000000E+02  0.000000000E+00  1.178095745E+01 
      1178  3.942500000E+02  0.000000000E+00  1.181448420E+01 
      1179  3.945000000E+02  0.000000000E+00  1.184821601E+01 
      1180  3.947500000E+02  0.000000000E+00  1.188210181E+01 
      1181  3.950000000E+02  0.000000000E+00  1.191608104E+01 
      1182  3.952500000E+02  0.000000000E+00  1.195008194E+01 
      1183  3.955000000E+02  0.000000000E+00  1.198401946E+01 
      1184  3.957500000E+02  0.000000000E+00  1.201779267E+01 
      1185  3.960000000E+02  0.000000000E+00  1.205128169E+01 
      1186  3.962500000E+02  0.000000000E+00  1.208434387E+01 
      1187  3.965000000E+02  0.000000000E+00  1.211680897E+01 
      1188  3.967500000E+02  0.000000000E+00  1.214847319E+01 
      1189  3.970000000E+02  0.000000000E+00  1.217909156E+01 
      1190  3.972500000E+02  0.000000000E+00  1.220836800E+01 
      1191  3.975000000E+02  0.000000000E+00  1.223594232E+01 
      1192  3.977500000E+02  0.000000000E+00  1.226137263E+01 
      1193  3.980000000E+02  0.000000000E+00  1.228411102E+01 
      1194  3.982500000E+02  0.000000000E+00  1.230346865E+01 
      1195  3.985000000E+02  0.000000000E+00  1.231856362E+01 
      1196  3.987500000E+02  0.000000000E+00  1.232823864E+01 
      1197  3.990000000E+02  0.000000000E+00  1.233092145E+01 
      1198  3.992500000E+02  0.000000000E+00  1.232436573E+01 
      1199  3.995000000E+02  0.000000000E+00  1.230511145E+01 
      1200  3.997500000E+02  0.000000000E+00  1.226331393E+01 
      1201  4.000000000E+02  0.000000000E+00  1.325811933E+01 
      1202  4.002000034E+02  0.000000000E+00  1.391666973E+01 
      1203  4.004016387E+02  0.000000000E+00  1.360967266E+01 
      1204  4.006049192E+02  0.000000000E+00  1.332887294E+01 
      1205  4.008098583E+02  0.000000000E+00  1.307034099E+01 
      1206  4.010164696E+02  0.000000000E+00  1.283208769E+01 
      1207  4.012247666E+02  0.000000000E+00  1.261234496E+01 
      1208  4.014347631E+02  0.000000000E+00  1.240953355E+01 
      1209  4.016464731E+02  0.000000000E+00  1.222223696E+01 
      1210  4.018599104E+02  0.000000000E+00  1.204918038E+01 
      1211  4.020750892E+02  0.000000000E+00  1.188921302E+01 
      1212  4.022920237E+02  0.000000000E+00  1.174129309E+01 
      1213  4.025107282E+02  0.000000000E+00  1.159680033E+01 
      1214  4.027312172E+02  0.000000000E+00  1.146315897E+01 
      1215  4.029535052E+02  0.000000000E+00  1.134733455E+01 
      1216  4.031776069E+02  0.000000000E+00  1.124014423E+01 
      1217  4.034035370E+02  0.000000000E+00  1.114094152E+01 
      1218  4.036313106E+02  0.000000000E+00  1.104913357E+01 
      1219  4.038609426E+02  0.000000000E+00  1.096417575E+01 
      1220  4.040924483E+02  0.000000000E+00  1.088556688E+01 
      1221  4.043258428E+02  0.000000000E+00  1.080886743E+01 
      1222  4.045611417E+02  0.000000000E+00  1.073796739E+01 
      1223  4.047983604E+02  0.000000000E+00  1.067648713E+01 
      1224  4.050375146E+02  0.000000000E+00  1.061964945E+01 
      1225  4.052786201E+02  0.000000000E+00  1.056712228E+01 
      1226  4.055216929E+02  0.000000000E+00  1.051597071E+01 
      1227  4.057667489E+02  0.000000000E+00  1.046343431E+01 
      1228  4.060138044E+02  0.000000000E+00  1.040913164E+01 
      1229  4.062628756E+02  0.000000000E+00  1.036188100E+01 
      1230  4.065139791E+02  0.000000000E+00  1.032466915E+01 
      1231  4.067671314E+02  0.000000000E+00  1.028856957E+01 
      1232  4.070223492E+02  0.000000000E+00  1.025608292E+01 
      1233  4.072796494E+02  0.000000000E+00  1.022637692E+01 
      1234  4.075390490E+02  0.000000000E+00  1.020078567E+01 
      1235  4.078005650E+02  0.000000000E+00  1.018182714E+01 
      1236  4.080642148E+02  0.000000000E+00  1.016411703E+01 
      1237  4.083300158E+02  0.000000000E+00  1.014798940E+01 
      1238  4.085979855E+02  0.000000000E+00  1.013347181E+01 
      1239  4.088681416E+02  0.000000000E+00  1.014239892E+01 
      1240  4.091405020E+02  0.000000000E+00  1.015035818E+01 
      1241  4.094150846E+02  0.000000000E+00  1.013463860E+01 
      1242  4.096919076E+02  0.000000000E+00  1.012029788E+01 
      1243  4.099709892E+02  0.000000000E+00  1.010723042E+01 
      1244  4.102523480E+02  0.000000000E+00  1.009533795E+01 
      1245  4.105360024E+02  0.000000000E+00  1.008452907E+01 
      1246  4.108219711E+02  0.000000000E+00  1.007471879E+01 
      1247  4.111102732E+02  0.000000000E+00  1.006582810E+01 
      1248  4.114009276E+02  0.000000000E+00  1.005778356E+01 
      1249  4.116939535E+02  0.000000000E+00  1.005051699E+01 
      1250  4.119893702E+02  0.000000000E+00  1.004396506E+01 
      1251  4.122871973E+02  0.000000000E+00  1.003806900E+01 
      1252  4.125874544E+02  0.000000000E+00  1.003277430E+01 
      1253  4.128901614E+02  0.000000000E+00  1.002803045E+01 
      1254  4.131953383E+02  0.000000000E+00  1.002379061E+01 
      1255  4.135030051E+02  0.000000000E+00  1.002001145E+01 
      1256  4.138131823E+02  0.000000000E+00  1.001665286E+01 
      1257  4.141258902E+02  0.000000000E+00  1.001367775E+01 
      1258  4.144411496E+02  0.000000000E+00  1.001105184E+01 
      1259  4.147589813E+02  0.000000000E+00  1.000874349E+01 
      1260  4.150794062E+02  0.000000000E+00  1.000672350E+01 
      1261  4.154024455E+02  0.000000000E+00  1.000496496E+01 
      1262  4.157281206E+02  0.000000000E+00  1.000344306E+01 
      1263  4.160564529E+02  0.000000000E+00  1.000213500E+01 
      1264  4.163874641E+02  0.000000000E+00  1.000101978E+01 
      1265  4.167211762E+02  0.000000000E+00  1.000007813E+01 
      1266  4.170576110E+02  0.000000000E+00  9.999292345E+00 
      1267  4.173967909E+02  0.000000000E+00  9.998646215E+00 
      1268  4.177387382E+02  0.000000000E+00  9.998124876E+00 
      1269  4.180834756E+02  0.000000000E+00  9.997714735E+00 
      1270  4.184310257E+02  0.000000000E+00  9.997403367E+00 
      1271  4.187814116E+02  0.000000000E+00  9.997179432E+00 
      1272  4.191346563E+02  0.000000000E+00  9.997032594E+00 
      1273  4.194907832E+02  0.000000000E+00  9.996953443E+00 
      1274  4.198498158E+02  0.000000000E+00  9.996933405E+00 
      1275  4.202117779E+02  0.000000000E+00  9.996964711E+00 
      1276  4.205766933E+02  0.000000000E+00  9.997040337E+00 
      1277  4.209445860E+02  0.000000000E+00  9.997153902E+00 
      1278  4.213154806E+02  0.000000000E+00  9.997299650E+00 
      1279  4.216894013E+02  0.000000000E+00  9.997472389E+00 
      1280  4.220663728E+02  0.000000000E+00  9.997667450E+00 
      1281  4.224464202E+02  0.000000000E+00  9.997880641E+00 
      1282  4.228295685E+02  0.000000000E+00  9.998108207E+00 
      1283  4.232158429E+02  0.000000000E+00  9.998346794E+00 
      1284  4.236052691E+02  0.000000000E+00  9.998593417E+00 
      1285  4.239978726E+02  0.000000000E+00  9.998845424E+00 
      1286  4.243936795E+02  0.000000000E+00  9.999100470E+00 
      1287  4.247927158E+02  0.000000000E+00  9.999356492E+00 
      1288  4.251950080E+02  0.000000000E+00  9.999611677E+00 
      1289  4.256005825E+02  0.000000000E+00  9.999864448E+00 
      1290  4.260094662E+02  0.000000000E+00  1.000011343E+01 
      1291  4.264216861E+02  0.000000000E+00  1.000035746E+01 
      1292  4.268372694E+02  0.000000000E+00  1.000059552E+01 
      1293  4.272562434E+02  0.000000000E+00  1.000082676E+01 
      1294  4.276786360E+02  0.000000000E+00  1.000105047E+01 
      1295  4.281044750E+02  0.000000000E+00  1.000126609E+01 
      1296  4.285337884E+02  0.000000000E+00  1.000147313E+01 
      1297  4.289666047E+02  0.000000000E+00  1.000167123E+01 
      1298  4.294029525E+02  0.000000000E+00  1.000186013E+01 
      1299  4.298428605E+02  0.000000000E+00  1.000203963E+01 
      1300  4.302863578E+02  0.000000000E+00  1.000220961E+01 
      1301  4.307334737E+02  0.000000000E+00  1.000237003E+01 
      1302  4.311842377E+02  0.000000000E+00  1.000252087E+01 
      1303  4.316386795E+02  0.000000000E+00  1.000266220E+01 
      1304  4.320968293E+02  0.000000000E+00  1.000279411E+01 
      1305  4.325587172E+02  0.000000000E+00  1.000291674E+01 
      1306  4.330243737E+02  0.000000000E+00  1.000303025E+01 
      1307  4.334938296E+02  0.000000000E+00  1.000313484E+01 
      1308  4.339671159E+02  0.000000000E+00  1.000323072E+01 
      1309  4.344442638E+02  0.000000000E+00  1.000331813E+01 
      1310  4.349253049E+02  0.000000000E+00  1.000339732E+01 
      1311  4.354102708E+02  0.000000000E+00  1.000346857E+01 
      1312  4.358991937E+02  0.000000000E+00  1.000353215E+01 
      1313  4.363921059E+02  0.000000000E+00  1.000358833E+01 
      1314  4.368890398E+02  0.000000000E+00  1.000363741E+01 
      1315  4.373900283E+02  0.000000000E+00  1.000367968E+01 
      1316  4.378951044E+02  0.000000000E+00  1.000371544E+01 
      1317  4.384043016E+02  0.000000000E+00  1.000374497E+01 
      1318  4.389176534E+02  0.000000000E+00  1.000376856E+01 
      1319  4.394351937E+02  0.000000000E+00  1.000378651E+01 
      1320  4.399569568E+02  0.000000000E+00  1.000379909E+01 
      1321  4.404829770E+02  0.000000000E+00  1.000380658E+01 
      1322  4.410132892E+02  0.000000000E+00  1.000380926E+01 
      1323  4.415479282E+02  0.000000000E+00  1.000380738E+01 
      1324  4.420869295E+02  0.000000000E+00  1.000380122E+01 
      1325  4.426303286E+02  0.000000000E+00  1.000379101E+01 
      1326  4.431781614E+02  0.000000000E+00  1.000377701E+01 
      1327  4.437304641E+02  0.000000000E+00  1.000375943E+01 
      1328  4.442872731E+02  0.000000000E+00  1.000373852E+01 
      1329  4.448486253E+02  0.000000000E+00  1.000371447E+01 
      1330  4.454145576E+02  0.000000000E+00  1.000368751E+01 
      1331  4.459851075E+02  0.000000000E+00  1.000365783E+01 
      1332  4.465603126E+02  0.000000000E+00  1.000362562E+01 
      1333  4.471402109E+02  0.000000000E+00  1.000359106E+01 
      1334  4.477248408E+02  0.000000000E+00  1.000355431E+01 
      1335  4.483142407E+02  0.000000000E+00  1.000351554E+01 
      1336  4.489084497E+02  0.000000000E+00  1.000347491E+01 
      1337  4.495075070E+02  0.000000000E+00  1.000343254E+01 
      1338  4.501114521E+02  0.000000000E+00  1.000338859E+01 
      1339  4.507203248E+02  0.000000000E+00  1.000334318E+01 
      1340  4.513341655E+02  0.000000000E+00  1.000329642E+01 
      1341  4.519530147E+02  0.000000000E+00  1.000324842E+01 
      1342  4.525769132E+02  0.000000000E+00  1.000319928E+01 
      1343  4.532059021E+02  0.000000000E+00  1.000314909E+01 
      1344  4.538400232E+02  0.000000000E+00  1.000309795E+01 
      1345  4.544793181E+02  0.000000000E+00  1.000304592E+01 
      1346  4.551238292E+02  0.000000000E+00  1.000299308E+01 
      1347  4.557735990E+02  0.000000000E+00  1.000293948E+01 
      1348  4.564286703E+02  0.000000000E+00  1.000288518E+01 
      1349  4.570890866E+02  0.000000000E+00  1.000283024E+01 
      1350  4.577548913E+02  0.000000000E+00  1.000277468E+01 
      1351  4.584261284E+02  0.000000000E+00  1.000271855E+01 
      1352  4.591028423E+02  0.000000000E+00  1.000266187E+01 
      1353  4.597850777E+02  0.000000000E+00  1.000260467E+01 
      1354  4.604728795E+02  0.000000000E+00  1.000254696E+01 
      1355  4.611662932E+02  0.000000000E+00  1.000248876E+01 
      1356  4.618653647E+02  0.000000000E+00  1.000243006E+01 
      1357  4.625701400E+02  0.000000000E+00  1.000237088E+01 
      1358  4.632806657E+02  0.000000000E+00  1.000231122E+01 
      1359  4.639969887E+02  0.000000000E+00  1.000225106E+01 
      1360  4.647191564E+02  0.000000000E+00  1.000219040E+01 
      1361  4.654472164E+02  0.000000000E+00  1.000212922E+01 
      1362  4.661812167E+02  0.000000000E+00  1.000206752E+01 
      1363  4.669212059E+02  0.000000000E+00  1.000200528E+01 
      1364  4.676672328E+02  0.000000000E+00  1.000194247E+01 
      1365  4.684193468E+02  0.000000000E+00  1.000187907E+01 
      1366  4.691775973E+02  0.000000000E+00  1.000181507E+01 
      1367  4.699420346E+02  0.000000000E+00  1.000175043E+01 
      1368  4.707127091E+02  0.000000000E+00  1.000168511E+01 
      1369  4.714896716E+02  0.000000000E+00  1.000161909E+01 
      1370  4.722729736E+02  0.000000000E+00  1.000155231E+01 
      1371  4.730626666E+02  0.000000000E+00  1.000148472E+01 
      1372  4.738588030E+02  0.000000000E+00  1.000141625E+01 
      1373  4.746614352E+02  0.000000000E+00  1.000134679E+01 
      1374  4.754706162E+02  0.000000000E+00  1.000127622E+01 
      1375  4.762863994E+02  0.000000000E+00  1.000120437E+01 
      1376  4.771088389E+02  0.000000000E+00  1.000113100E+01 
      1377  4.779379887E+02  0.000000000E+00  1.000105580E+01 
      1378  4.787739038E+02  0.000000000E+00  1.000097834E+01 
      1379  4.796166392E+02  0.000000000E+00  1.000089803E+01 
      1380  4.804662507E+02  0.000000000E+00  1.000081409E+01 
      1381  4.813227944E+02  0.000000000E+00  1.000072544E+01 
      1382  4.821863268E+02  0.000000000E+00  1.000063059E+01 
      1383  4.830569049E+02  0.000000000E+00  1.000052756E+01 
      1384  4.839345862E+02  0.000000000E+00  1.000041360E+01 
      1385  4.848194287E+02  0.000000000E+00  1.000028502E+01 
      1386  4.857114908E+02  0.000000000E+00  1.000013673E+01 
      1387  4.866108314E+02  0.000000000E+00  9.999961818E+00 
      1388  4.875175099E+02  0.000000000E+00  9.999750823E+00 
      1389  4.884315862E+02  0.000000000E+00  9.999490789E+00 
      1390  4.893531206E+02  0.000000000E+00  9.999163950E+00 
      1391  4.902821741E+02  0.000000000E+00  9.998745903E+00 
      1392  4.912188078E+02  0.000000000E+00  9.998203063E+00 
      1393  4.921630837E+02  0.000000000E+00  9.997489130E+00 
      1394  4.931150642E+02  0.000000000E+00  9.996540153E+00 
      1395  4.940748120E+02  0.000000000E+00  9.995267637E+00 
      1396  4.950423907E+02  0.000000000E+00  9.993548886E+00 
      1397  4.960178639E+02  0.000000000E+00  9.991213393E+00 
      1398  4.970012963E+02  0.000000000E+00  9.988037212E+00 
      1399  4.979927527E+02  0.000000000E+00  9.981383319E+00 
      1400  4.989922986E+02  0.000000000E+00  9.972594645E+00 
      1401  5.000000000E+02  0.000000000E+00  9.968629061E+00 
