nodenumber     x-coordinate     y-coordinate           udm-11 
         1  0.000000000E+00  0.000000000E+00  1.000240322E+01 
         2  1.007701384E+00  0.000000000E+00  1.000229872E+01 
         3  2.007247274E+00  0.000000000E+00  1.000092673E+01 
         4  2.998703673E+00  0.000000000E+00  9.999701919E+00 
         5  3.982136051E+00  0.000000000E+00  9.999749819E+00 
         6  4.957609346E+00  0.000000000E+00  9.999772795E+00 
         7  5.925187975E+00  0.000000000E+00  9.999784226E+00 
         8  6.884935829E+00  0.000000000E+00  9.999787271E+00 
         9  7.836916284E+00  0.000000000E+00  9.999784228E+00 
        10  8.781192203E+00  0.000000000E+00  9.999776728E+00 
        11  9.717825941E+00  0.000000000E+00  9.999765944E+00 
        12  1.064687935E+01  0.000000000E+00  9.999752709E+00 
        13  1.156841377E+01  0.000000000E+00  9.999737614E+00 
        14  1.248249006E+01  0.000000000E+00  9.999721076E+00 
        15  1.338916858E+01  0.000000000E+00  9.999703385E+00 
        16  1.428850920E+01  0.000000000E+00  9.999684739E+00 
        17  1.518057130E+01  0.000000000E+00  9.999665266E+00 
        18  1.606541380E+01  0.000000000E+00  9.999645044E+00 
        19  1.694309512E+01  0.000000000E+00  9.999624113E+00 
        20  1.781367322E+01  0.000000000E+00  9.999602484E+00 
        21  1.867720559E+01  0.000000000E+00  9.999580145E+00 
        22  1.953374925E+01  0.000000000E+00  9.999557064E+00 
        23  2.038336076E+01  0.000000000E+00  9.999533196E+00 
        24  2.122609622E+01  0.000000000E+00  9.999508481E+00 
        25  2.206201128E+01  0.000000000E+00  9.999482851E+00 
        26  2.289116114E+01  0.000000000E+00  9.999456223E+00 
        27  2.371360056E+01  0.000000000E+00  9.999428508E+00 
        28  2.452938383E+01  0.000000000E+00  9.999399605E+00 
        29  2.533856484E+01  0.000000000E+00  9.999369407E+00 
        30  2.614119701E+01  0.000000000E+00  9.999337794E+00 
        31  2.693733335E+01  0.000000000E+00  9.999304639E+00 
        32  2.772702642E+01  0.000000000E+00  9.999269805E+00 
        33  2.851032837E+01  0.000000000E+00  9.999233146E+00 
        34  2.928729093E+01  0.000000000E+00  9.999194506E+00 
        35  3.005796541E+01  0.000000000E+00  9.999153719E+00 
        36  3.082240268E+01  0.000000000E+00  9.999110607E+00 
        37  3.158065324E+01  0.000000000E+00  9.999064985E+00 
        38  3.233276716E+01  0.000000000E+00  9.999016653E+00 
        39  3.307879409E+01  0.000000000E+00  9.998965403E+00 
        40  3.381878330E+01  0.000000000E+00  9.998911016E+00 
        41  3.455278365E+01  0.000000000E+00  9.998853258E+00 
        42  3.528084362E+01  0.000000000E+00  9.998791889E+00 
        43  3.600301127E+01  0.000000000E+00  9.998726651E+00 
        44  3.671933431E+01  0.000000000E+00  9.998657280E+00 
        45  3.742986002E+01  0.000000000E+00  9.998583496E+00 
        46  3.813463533E+01  0.000000000E+00  9.998505008E+00 
        47  3.883370678E+01  0.000000000E+00  9.998421514E+00 
        48  3.952712052E+01  0.000000000E+00  9.998332699E+00 
        49  4.021492235E+01  0.000000000E+00  9.998238237E+00 
        50  4.089715769E+01  0.000000000E+00  9.998137790E+00 
        51  4.157387159E+01  0.000000000E+00  9.998031007E+00 
        52  4.224510872E+01  0.000000000E+00  9.997917526E+00 
        53  4.291091342E+01  0.000000000E+00  9.997796976E+00 
        54  4.357132966E+01  0.000000000E+00  9.997668971E+00 
        55  4.422640104E+01  0.000000000E+00  9.997533117E+00 
        56  4.487617081E+01  0.000000000E+00  9.997389008E+00 
        57  4.552068189E+01  0.000000000E+00  9.997236229E+00 
        58  4.615997684E+01  0.000000000E+00  9.997074354E+00 
        59  4.679409786E+01  0.000000000E+00  9.996902948E+00 
        60  4.742308684E+01  0.000000000E+00  9.996721569E+00 
        61  4.804698530E+01  0.000000000E+00  9.996529762E+00 
        62  4.866583446E+01  0.000000000E+00  9.996327068E+00 
        63  4.927967516E+01  0.000000000E+00  9.996113019E+00 
        64  4.988854795E+01  0.000000000E+00  9.995887141E+00 
        65  5.049249303E+01  0.000000000E+00  9.995648951E+00 
        66  5.109155028E+01  0.000000000E+00  9.995397962E+00 
        67  5.168575926E+01  0.000000000E+00  9.995133683E+00 
        68  5.227515921E+01  0.000000000E+00  9.994855616E+00 
        69  5.285978905E+01  0.000000000E+00  9.994563259E+00 
        70  5.343968738E+01  0.000000000E+00  9.994256108E+00 
        71  5.401489250E+01  0.000000000E+00  9.993933655E+00 
        72  5.458544238E+01  0.000000000E+00  9.993595390E+00 
        73  5.515137472E+01  0.000000000E+00  9.993240801E+00 
        74  5.571272686E+01  0.000000000E+00  9.992869374E+00 
        75  5.626953590E+01  0.000000000E+00  9.992480595E+00 
        76  5.682183858E+01  0.000000000E+00  9.992073950E+00 
        77  5.736967139E+01  0.000000000E+00  9.991648924E+00 
        78  5.791307049E+01  0.000000000E+00  9.991205004E+00 
        79  5.845207178E+01  0.000000000E+00  9.990741676E+00 
        80  5.898671083E+01  0.000000000E+00  9.990258428E+00 
        81  5.951702297E+01  0.000000000E+00  9.989754750E+00 
        82  6.004304320E+01  0.000000000E+00  9.989230133E+00 
        83  6.056480627E+01  0.000000000E+00  9.988684067E+00 
        84  6.108234661E+01  0.000000000E+00  9.988116046E+00 
        85  6.159569842E+01  0.000000000E+00  9.987525564E+00 
        86  6.210489559E+01  0.000000000E+00  9.986912115E+00 
        87  6.260997174E+01  0.000000000E+00  9.986275194E+00 
        88  6.311096022E+01  0.000000000E+00  9.985614295E+00 
        89  6.360789412E+01  0.000000000E+00  9.984928908E+00 
        90  6.410080625E+01  0.000000000E+00  9.984218523E+00 
        91  6.458972916E+01  0.000000000E+00  9.983482624E+00 
        92  6.507469514E+01  0.000000000E+00  9.982720690E+00 
        93  6.555573621E+01  0.000000000E+00  9.981932190E+00 
        94  6.603288413E+01  0.000000000E+00  9.981116585E+00 
        95  6.650617042E+01  0.000000000E+00  9.980273320E+00 
        96  6.697562632E+01  0.000000000E+00  9.979401825E+00 
        97  6.744128283E+01  0.000000000E+00  9.978501511E+00 
        98  6.790317071E+01  0.000000000E+00  9.977571762E+00 
        99  6.836132046E+01  0.000000000E+00  9.976611936E+00 
       100  6.881576232E+01  0.000000000E+00  9.975621355E+00 
       101  6.926652631E+01  0.000000000E+00  9.974599301E+00 
       102  6.971364219E+01  0.000000000E+00  9.973545010E+00 
       103  7.015713949E+01  0.000000000E+00  9.972457663E+00 
       104  7.059704749E+01  0.000000000E+00  9.971336377E+00 
       105  7.103339524E+01  0.000000000E+00  9.970180201E+00 
       106  7.146621156E+01  0.000000000E+00  9.968988098E+00 
       107  7.189552503E+01  0.000000000E+00  9.967758937E+00 
       108  7.232136399E+01  0.000000000E+00  9.966491484E+00 
       109  7.274375656E+01  0.000000000E+00  9.965184382E+00 
       110  7.316273064E+01  0.000000000E+00  9.963836138E+00 
       111  7.357831389E+01  0.000000000E+00  9.962445108E+00 
       112  7.399053376E+01  0.000000000E+00  9.961009477E+00 
       113  7.439941746E+01  0.000000000E+00  9.959527236E+00 
       114  7.480499201E+01  0.000000000E+00  9.957996165E+00 
       115  7.520728416E+01  0.000000000E+00  9.956413804E+00 
       116  7.560632051E+01  0.000000000E+00  9.954777430E+00 
       117  7.600212738E+01  0.000000000E+00  9.953084024E+00 
       118  7.639473092E+01  0.000000000E+00  9.951330244E+00 
       119  7.678415706E+01  0.000000000E+00  9.949512390E+00 
       120  7.717043151E+01  0.000000000E+00  9.947626362E+00 
       121  7.755357977E+01  0.000000000E+00  9.945667626E+00 
       122  7.793362715E+01  0.000000000E+00  9.943631170E+00 
       123  7.831059875E+01  0.000000000E+00  9.941511453E+00 
       124  7.868451945E+01  0.000000000E+00  9.939302356E+00 
       125  7.905541395E+01  0.000000000E+00  9.936997130E+00 
       126  7.942330674E+01  0.000000000E+00  9.934588336E+00 
       127  7.978822211E+01  0.000000000E+00  9.932067781E+00 
       128  8.015018416E+01  0.000000000E+00  9.929426449E+00 
       129  8.050921679E+01  0.000000000E+00  9.926654434E+00 
       130  8.086534371E+01  0.000000000E+00  9.923740855E+00 
       131  8.121858844E+01  0.000000000E+00  9.920673781E+00 
       132  8.156897429E+01  0.000000000E+00  9.917440137E+00 
       133  8.191652442E+01  0.000000000E+00  9.914025611E+00 
       134  8.226126177E+01  0.000000000E+00  9.910414555E+00 
       135  8.260320909E+01  0.000000000E+00  9.906589877E+00 
       136  8.294238899E+01  0.000000000E+00  9.902532933E+00 
       137  8.327882384E+01  0.000000000E+00  9.898223399E+00 
       138  8.361253587E+01  0.000000000E+00  9.893639153E+00 
       139  8.394354712E+01  0.000000000E+00  9.888756137E+00 
       140  8.427187943E+01  0.000000000E+00  9.883548220E+00 
       141  8.459755450E+01  0.000000000E+00  9.877987049E+00 
       142  8.492059382E+01  0.000000000E+00  9.872041893E+00 
       143  8.524101873E+01  0.000000000E+00  9.865679485E+00 
       144  8.555885039E+01  0.000000000E+00  9.858863853E+00 
       145  8.587410979E+01  0.000000000E+00  9.851556142E+00 
       146  8.618681774E+01  0.000000000E+00  9.843714433E+00 
       147  8.649699489E+01  0.000000000E+00  9.835293557E+00 
       148  8.680466173E+01  0.000000000E+00  9.826244896E+00 
       149  8.710983857E+01  0.000000000E+00  9.816516186E+00 
       150  8.741254556E+01  0.000000000E+00  9.806051313E+00 
       151  8.771280270E+01  0.000000000E+00  9.794790101E+00 
       152  8.801062980E+01  0.000000000E+00  9.782668103E+00 
       153  8.830604654E+01  0.000000000E+00  9.769616385E+00 
       154  8.859907242E+01  0.000000000E+00  9.755561314E+00 
       155  8.888972679E+01  0.000000000E+00  9.740424342E+00 
       156  8.917802885E+01  0.000000000E+00  9.724121797E+00 
       157  8.946399764E+01  0.000000000E+00  9.706564676E+00 
       158  8.974765203E+01  0.000000000E+00  9.687658447E+00 
       159  9.002901076E+01  0.000000000E+00  9.667302862E+00 
       160  9.030809241E+01  0.000000000E+00  9.645391775E+00 
       161  9.058491540E+01  0.000000000E+00  9.621812991E+00 
       162  9.085949802E+01  0.000000000E+00  9.596448119E+00 
       163  9.113185839E+01  0.000000000E+00  9.569172461E+00 
       164  9.140201451E+01  0.000000000E+00  9.539854926E+00 
       165  9.166998421E+01  0.000000000E+00  9.508357976E+00 
       166  9.193578518E+01  0.000000000E+00  9.474537616E+00 
       167  9.219943499E+01  0.000000000E+00  9.438243426E+00 
       168  9.246095103E+01  0.000000000E+00  9.399318644E+00 
       169  9.272035058E+01  0.000000000E+00  9.357600203E+00 
       170  9.297765077E+01  0.000000000E+00  9.312919715E+00 
       171  9.323286858E+01  0.000000000E+00  9.265103147E+00 
       172  9.348602087E+01  0.000000000E+00  9.213969616E+00 
       173  9.373712436E+01  0.000000000E+00  9.158373683E+00 
       174  9.398619563E+01  0.000000000E+00  9.098792391E+00 
       175  9.423325112E+01  0.000000000E+00  9.035869353E+00 
       176  9.447830715E+01  0.000000000E+00  9.016051725E+00 
       177  9.472137990E+01  0.000000000E+00  8.992376248E+00 
       178  9.496248543E+01  0.000000000E+00  8.921500895E+00 
       179  9.520163964E+01  0.000000000E+00  8.842439331E+00 
       180  9.543885834E+01  0.000000000E+00  8.746699728E+00 
       181  9.567415720E+01  0.000000000E+00  8.649423108E+00 
       182  9.590755173E+01  0.000000000E+00  8.557789060E+00 
       183  9.613905737E+01  0.000000000E+00  8.463335436E+00 
       184  9.636868940E+01  0.000000000E+00  8.363560565E+00 
       185  9.659646297E+01  0.000000000E+00  8.258299485E+00 
       186  9.682239314E+01  0.000000000E+00  8.147398184E+00 
       187  9.704649481E+01  0.000000000E+00  8.027174907E+00 
       188  9.726878279E+01  0.000000000E+00  7.900837790E+00 
       189  9.748927176E+01  0.000000000E+00  7.768052842E+00 
       190  9.770797628E+01  0.000000000E+00  7.628944760E+00 
       191  9.792491078E+01  0.000000000E+00  7.483232626E+00 
       192  9.814008960E+01  0.000000000E+00  7.331087455E+00 
       193  9.835352693E+01  0.000000000E+00  7.176290501E+00 
       194  9.856523689E+01  0.000000000E+00  7.015267282E+00 
       195  9.877523344E+01  0.000000000E+00  6.852898440E+00 
       196  9.898353045E+01  0.000000000E+00  6.684689774E+00 
       197  9.919014168E+01  0.000000000E+00  6.506054575E+00 
       198  9.939508077E+01  0.000000000E+00  6.321716364E+00 
       199  9.959836126E+01  0.000000000E+00  6.131927727E+00 
       200  9.979999657E+01  0.000000000E+00  5.937592011E+00 
       201  1.000000000E+02  0.000000000E+00  6.483326465E+00 
       202  1.002500000E+02  0.000000000E+00  7.263993808E+00 
       203  1.005000000E+02  0.000000000E+00  7.228353611E+00 
       204  1.007500000E+02  0.000000000E+00  7.210428619E+00 
       205  1.010000000E+02  0.000000000E+00  7.203055412E+00 
       206  1.012500000E+02  0.000000000E+00  7.203532009E+00 
       207  1.015000000E+02  0.000000000E+00  7.210064497E+00 
       208  1.017500000E+02  0.000000000E+00  7.221375237E+00 
       209  1.020000000E+02  0.000000000E+00  7.236510815E+00 
       210  1.022500000E+02  0.000000000E+00  7.254736609E+00 
       211  1.025000000E+02  0.000000000E+00  7.275473454E+00 
       212  1.027500000E+02  0.000000000E+00  7.298256895E+00 
       213  1.030000000E+02  0.000000000E+00  7.322709555E+00 
       214  1.032500000E+02  0.000000000E+00  7.348521646E+00 
       215  1.035000000E+02  0.000000000E+00  7.375436767E+00 
       216  1.037500000E+02  0.000000000E+00  7.403241281E+00 
       217  1.040000000E+02  0.000000000E+00  7.431756206E+00 
       218  1.042500000E+02  0.000000000E+00  7.460830919E+00 
       219  1.045000000E+02  0.000000000E+00  7.490338191E+00 
       220  1.047500000E+02  0.000000000E+00  7.520170224E+00 
       221  1.050000000E+02  0.000000000E+00  7.550235450E+00 
       222  1.052500000E+02  0.000000000E+00  7.580455930E+00 
       223  1.055000000E+02  0.000000000E+00  7.610765222E+00 
       224  1.057500000E+02  0.000000000E+00  7.641106611E+00 
       225  1.060000000E+02  0.000000000E+00  7.671431647E+00 
       226  1.062500000E+02  0.000000000E+00  7.701698914E+00 
       227  1.065000000E+02  0.000000000E+00  7.731873002E+00 
       228  1.067500000E+02  0.000000000E+00  7.761923639E+00 
       229  1.070000000E+02  0.000000000E+00  7.791824958E+00 
       230  1.072500000E+02  0.000000000E+00  7.821554873E+00 
       231  1.075000000E+02  0.000000000E+00  7.851094547E+00 
       232  1.077500000E+02  0.000000000E+00  7.880427943E+00 
       233  1.080000000E+02  0.000000000E+00  7.909541434E+00 
       234  1.082500000E+02  0.000000000E+00  7.938423474E+00 
       235  1.085000000E+02  0.000000000E+00  7.967064313E+00 
       236  1.087500000E+02  0.000000000E+00  7.995455751E+00 
       237  1.090000000E+02  0.000000000E+00  8.023590931E+00 
       238  1.092500000E+02  0.000000000E+00  8.051464157E+00 
       239  1.095000000E+02  0.000000000E+00  8.079070738E+00 
       240  1.097500000E+02  0.000000000E+00  8.106406853E+00 
       241  1.100000000E+02  0.000000000E+00  8.133469436E+00 
       242  1.102500000E+02  0.000000000E+00  8.160256073E+00 
       243  1.105000000E+02  0.000000000E+00  8.186764920E+00 
       244  1.107500000E+02  0.000000000E+00  8.212994625E+00 
       245  1.110000000E+02  0.000000000E+00  8.238944261E+00 
       246  1.112500000E+02  0.000000000E+00  8.264613274E+00 
       247  1.115000000E+02  0.000000000E+00  8.290001433E+00 
       248  1.117500000E+02  0.000000000E+00  8.315108786E+00 
       249  1.120000000E+02  0.000000000E+00  8.339935625E+00 
       250  1.122500000E+02  0.000000000E+00  8.364482454E+00 
       251  1.125000000E+02  0.000000000E+00  8.388749961E+00 
       252  1.127500000E+02  0.000000000E+00  8.412738995E+00 
       253  1.130000000E+02  0.000000000E+00  8.436450544E+00 
       254  1.132500000E+02  0.000000000E+00  8.459885719E+00 
       255  1.135000000E+02  0.000000000E+00  8.483045735E+00 
       256  1.137500000E+02  0.000000000E+00  8.505931899E+00 
       257  1.140000000E+02  0.000000000E+00  8.528545601E+00 
       258  1.142500000E+02  0.000000000E+00  8.550888299E+00 
       259  1.145000000E+02  0.000000000E+00  8.572961511E+00 
       260  1.147500000E+02  0.000000000E+00  8.594766810E+00 
       261  1.150000000E+02  0.000000000E+00  8.616305814E+00 
       262  1.152500000E+02  0.000000000E+00  8.637580181E+00 
       263  1.155000000E+02  0.000000000E+00  8.658591605E+00 
       264  1.157500000E+02  0.000000000E+00  8.679341809E+00 
       265  1.160000000E+02  0.000000000E+00  8.699832541E+00 
       266  1.162500000E+02  0.000000000E+00  8.720065574E+00 
       267  1.165000000E+02  0.000000000E+00  8.740042698E+00 
       268  1.167500000E+02  0.000000000E+00  8.759765721E+00 
       269  1.170000000E+02  0.000000000E+00  8.779236465E+00 
       270  1.172500000E+02  0.000000000E+00  8.798456763E+00 
       271  1.175000000E+02  0.000000000E+00  8.817428458E+00 
       272  1.177500000E+02  0.000000000E+00  8.836153402E+00 
       273  1.180000000E+02  0.000000000E+00  8.854633452E+00 
       274  1.182500000E+02  0.000000000E+00  8.872870472E+00 
       275  1.185000000E+02  0.000000000E+00  8.890866329E+00 
       276  1.187500000E+02  0.000000000E+00  8.908622891E+00 
       277  1.190000000E+02  0.000000000E+00  8.926142031E+00 
       278  1.192500000E+02  0.000000000E+00  8.943425621E+00 
       279  1.195000000E+02  0.000000000E+00  8.960475531E+00 
       280  1.197500000E+02  0.000000000E+00  8.977293634E+00 
       281  1.200000000E+02  0.000000000E+00  8.993881798E+00 
       282  1.202500000E+02  0.000000000E+00  9.010241889E+00 
       283  1.205000000E+02  0.000000000E+00  9.026375772E+00 
       284  1.207500000E+02  0.000000000E+00  9.042285306E+00 
       285  1.210000000E+02  0.000000000E+00  9.057972348E+00 
       286  1.212500000E+02  0.000000000E+00  9.073438747E+00 
       287  1.215000000E+02  0.000000000E+00  9.088686349E+00 
       288  1.217500000E+02  0.000000000E+00  9.103716994E+00 
       289  1.220000000E+02  0.000000000E+00  9.118532516E+00 
       290  1.222500000E+02  0.000000000E+00  9.133134740E+00 
       291  1.225000000E+02  0.000000000E+00  9.147525488E+00 
       292  1.227500000E+02  0.000000000E+00  9.161706570E+00 
       293  1.230000000E+02  0.000000000E+00  9.175679791E+00 
       294  1.232500000E+02  0.000000000E+00  9.189446946E+00 
       295  1.235000000E+02  0.000000000E+00  9.203009823E+00 
       296  1.237500000E+02  0.000000000E+00  9.216370199E+00 
       297  1.240000000E+02  0.000000000E+00  9.229529843E+00 
       298  1.242500000E+02  0.000000000E+00  9.242490513E+00 
       299  1.245000000E+02  0.000000000E+00  9.255253958E+00 
       300  1.247500000E+02  0.000000000E+00  9.267821917E+00 
       301  1.250000000E+02  0.000000000E+00  9.280196115E+00 
       302  1.252500000E+02  0.000000000E+00  9.292378270E+00 
       303  1.255000000E+02  0.000000000E+00  9.304370086E+00 
       304  1.257500000E+02  0.000000000E+00  9.316173256E+00 
       305  1.260000000E+02  0.000000000E+00  9.327789461E+00 
       306  1.262500000E+02  0.000000000E+00  9.339220369E+00 
       307  1.265000000E+02  0.000000000E+00  9.350467638E+00 
       308  1.267500000E+02  0.000000000E+00  9.361532909E+00 
       309  1.270000000E+02  0.000000000E+00  9.372417813E+00 
       310  1.272500000E+02  0.000000000E+00  9.383123967E+00 
       311  1.275000000E+02  0.000000000E+00  9.393652972E+00 
       312  1.277500000E+02  0.000000000E+00  9.404006418E+00 
       313  1.280000000E+02  0.000000000E+00  9.414185880E+00 
       314  1.282500000E+02  0.000000000E+00  9.424192916E+00 
       315  1.285000000E+02  0.000000000E+00  9.434029072E+00 
       316  1.287500000E+02  0.000000000E+00  9.443695879E+00 
       317  1.290000000E+02  0.000000000E+00  9.453194851E+00 
       318  1.292500000E+02  0.000000000E+00  9.462527487E+00 
       319  1.295000000E+02  0.000000000E+00  9.471695270E+00 
       320  1.297500000E+02  0.000000000E+00  9.480699669E+00 
       321  1.300000000E+02  0.000000000E+00  9.489542133E+00 
       322  1.302500000E+02  0.000000000E+00  9.498224099E+00 
       323  1.305000000E+02  0.000000000E+00  9.506746982E+00 
       324  1.307500000E+02  0.000000000E+00  9.515112186E+00 
       325  1.310000000E+02  0.000000000E+00  9.523321092E+00 
       326  1.312500000E+02  0.000000000E+00  9.531375068E+00 
       327  1.315000000E+02  0.000000000E+00  9.539275463E+00 
       328  1.317500000E+02  0.000000000E+00  9.547023606E+00 
       329  1.320000000E+02  0.000000000E+00  9.554620811E+00 
       330  1.322500000E+02  0.000000000E+00  9.562068373E+00 
       331  1.325000000E+02  0.000000000E+00  9.569367568E+00 
       332  1.327500000E+02  0.000000000E+00  9.576519652E+00 
       333  1.330000000E+02  0.000000000E+00  9.583525865E+00 
       334  1.332500000E+02  0.000000000E+00  9.590387427E+00 
       335  1.335000000E+02  0.000000000E+00  9.597105536E+00 
       336  1.337500000E+02  0.000000000E+00  9.603681376E+00 
       337  1.340000000E+02  0.000000000E+00  9.610116106E+00 
       338  1.342500000E+02  0.000000000E+00  9.616410868E+00 
       339  1.345000000E+02  0.000000000E+00  9.622566784E+00 
       340  1.347500000E+02  0.000000000E+00  9.628584955E+00 
       341  1.350000000E+02  0.000000000E+00  9.634466462E+00 
       342  1.352500000E+02  0.000000000E+00  9.640212366E+00 
       343  1.355000000E+02  0.000000000E+00  9.645823707E+00 
       344  1.357500000E+02  0.000000000E+00  9.651301504E+00 
       345  1.360000000E+02  0.000000000E+00  9.656646755E+00 
       346  1.362500000E+02  0.000000000E+00  9.661860437E+00 
       347  1.365000000E+02  0.000000000E+00  9.666943506E+00 
       348  1.367500000E+02  0.000000000E+00  9.671896896E+00 
       349  1.370000000E+02  0.000000000E+00  9.676721520E+00 
       350  1.372500000E+02  0.000000000E+00  9.681418270E+00 
       351  1.375000000E+02  0.000000000E+00  9.685988014E+00 
       352  1.377500000E+02  0.000000000E+00  9.690431601E+00 
       353  1.380000000E+02  0.000000000E+00  9.694749854E+00 
       354  1.382500000E+02  0.000000000E+00  9.698943578E+00 
       355  1.385000000E+02  0.000000000E+00  9.703013553E+00 
       356  1.387500000E+02  0.000000000E+00  9.706960536E+00 
       357  1.390000000E+02  0.000000000E+00  9.710785265E+00 
       358  1.392500000E+02  0.000000000E+00  9.714488451E+00 
       359  1.395000000E+02  0.000000000E+00  9.718070785E+00 
       360  1.397500000E+02  0.000000000E+00  9.721532934E+00 
       361  1.400000000E+02  0.000000000E+00  9.724875542E+00 
       362  1.402500000E+02  0.000000000E+00  9.728099231E+00 
       363  1.405000000E+02  0.000000000E+00  9.731204598E+00 
       364  1.407500000E+02  0.000000000E+00  9.734192217E+00 
       365  1.410000000E+02  0.000000000E+00  9.737062641E+00 
       366  1.412500000E+02  0.000000000E+00  9.739816397E+00 
       367  1.415000000E+02  0.000000000E+00  9.742453988E+00 
       368  1.417500000E+02  0.000000000E+00  9.744975897E+00 
       369  1.420000000E+02  0.000000000E+00  9.747382579E+00 
       370  1.422500000E+02  0.000000000E+00  9.749674468E+00 
       371  1.425000000E+02  0.000000000E+00  9.751851974E+00 
       372  1.427500000E+02  0.000000000E+00  9.753915481E+00 
       373  1.430000000E+02  0.000000000E+00  9.755865352E+00 
       374  1.432500000E+02  0.000000000E+00  9.757701924E+00 
       375  1.435000000E+02  0.000000000E+00  9.759425510E+00 
       376  1.437500000E+02  0.000000000E+00  9.761036401E+00 
       377  1.440000000E+02  0.000000000E+00  9.762534861E+00 
       378  1.442500000E+02  0.000000000E+00  9.763921131E+00 
       379  1.445000000E+02  0.000000000E+00  9.765195430E+00 
       380  1.447500000E+02  0.000000000E+00  9.766357949E+00 
       381  1.450000000E+02  0.000000000E+00  9.767408857E+00 
       382  1.452500000E+02  0.000000000E+00  9.768348299E+00 
       383  1.455000000E+02  0.000000000E+00  9.769176394E+00 
       384  1.457500000E+02  0.000000000E+00  9.769893239E+00 
       385  1.460000000E+02  0.000000000E+00  9.770498906E+00 
       386  1.462500000E+02  0.000000000E+00  9.770993440E+00 
       387  1.465000000E+02  0.000000000E+00  9.771376866E+00 
       388  1.467500000E+02  0.000000000E+00  9.771649182E+00 
       389  1.470000000E+02  0.000000000E+00  9.771810362E+00 
       390  1.472500000E+02  0.000000000E+00  9.771860357E+00 
       391  1.475000000E+02  0.000000000E+00  9.771799092E+00 
       392  1.477500000E+02  0.000000000E+00  9.771626470E+00 
       393  1.480000000E+02  0.000000000E+00  9.771342367E+00 
       394  1.482500000E+02  0.000000000E+00  9.770946637E+00 
       395  1.485000000E+02  0.000000000E+00  9.770439111E+00 
       396  1.487500000E+02  0.000000000E+00  9.769819591E+00 
       397  1.490000000E+02  0.000000000E+00  9.769087861E+00 
       398  1.492500000E+02  0.000000000E+00  9.768243677E+00 
       399  1.495000000E+02  0.000000000E+00  9.767286772E+00 
       400  1.497500000E+02  0.000000000E+00  9.766216855E+00 
       401  1.500000000E+02  0.000000000E+00  9.765033613E+00 
       402  1.502500000E+02  0.000000000E+00  9.763736707E+00 
       403  1.505000000E+02  0.000000000E+00  9.762325775E+00 
       404  1.507500000E+02  0.000000000E+00  9.760800432E+00 
       405  1.510000000E+02  0.000000000E+00  9.759160268E+00 
       406  1.512500000E+02  0.000000000E+00  9.757404851E+00 
       407  1.515000000E+02  0.000000000E+00  9.755533726E+00 
       408  1.517500000E+02  0.000000000E+00  9.753546413E+00 
       409  1.520000000E+02  0.000000000E+00  9.751442409E+00 
       410  1.522500000E+02  0.000000000E+00  9.749221191E+00 
       411  1.525000000E+02  0.000000000E+00  9.746882208E+00 
       412  1.527500000E+02  0.000000000E+00  9.744424890E+00 
       413  1.530000000E+02  0.000000000E+00  9.741848644E+00 
       414  1.532500000E+02  0.000000000E+00  9.739152852E+00 
       415  1.535000000E+02  0.000000000E+00  9.736336876E+00 
       416  1.537500000E+02  0.000000000E+00  9.733400055E+00 
       417  1.540000000E+02  0.000000000E+00  9.730341703E+00 
       418  1.542500000E+02  0.000000000E+00  9.727161117E+00 
       419  1.545000000E+02  0.000000000E+00  9.723857567E+00 
       420  1.547500000E+02  0.000000000E+00  9.720430305E+00 
       421  1.550000000E+02  0.000000000E+00  9.716878560E+00 
       422  1.552500000E+02  0.000000000E+00  9.713201538E+00 
       423  1.555000000E+02  0.000000000E+00  9.709398425E+00 
       424  1.557500000E+02  0.000000000E+00  9.705468386E+00 
       425  1.560000000E+02  0.000000000E+00  9.701410565E+00 
       426  1.562500000E+02  0.000000000E+00  9.697224084E+00 
       427  1.565000000E+02  0.000000000E+00  9.692908045E+00 
       428  1.567500000E+02  0.000000000E+00  9.688461530E+00 
       429  1.570000000E+02  0.000000000E+00  9.683883600E+00 
       430  1.572500000E+02  0.000000000E+00  9.679173296E+00 
       431  1.575000000E+02  0.000000000E+00  9.674329639E+00 
       432  1.577500000E+02  0.000000000E+00  9.669351630E+00 
       433  1.580000000E+02  0.000000000E+00  9.664238251E+00 
       434  1.582500000E+02  0.000000000E+00  9.658988463E+00 
       435  1.585000000E+02  0.000000000E+00  9.653601210E+00 
       436  1.587500000E+02  0.000000000E+00  9.648075417E+00 
       437  1.590000000E+02  0.000000000E+00  9.642409987E+00 
       438  1.592500000E+02  0.000000000E+00  9.636603808E+00 
       439  1.595000000E+02  0.000000000E+00  9.630655749E+00 
       440  1.597500000E+02  0.000000000E+00  9.624564659E+00 
       441  1.600000000E+02  0.000000000E+00  9.618329371E+00 
       442  1.602500000E+02  0.000000000E+00  9.611948700E+00 
       443  1.605000000E+02  0.000000000E+00  9.605421443E+00 
       444  1.607500000E+02  0.000000000E+00  9.598746381E+00 
       445  1.610000000E+02  0.000000000E+00  9.591922275E+00 
       446  1.612500000E+02  0.000000000E+00  9.584947873E+00 
       447  1.615000000E+02  0.000000000E+00  9.577821905E+00 
       448  1.617500000E+02  0.000000000E+00  9.570543085E+00 
       449  1.620000000E+02  0.000000000E+00  9.563110110E+00 
       450  1.622500000E+02  0.000000000E+00  9.555521663E+00 
       451  1.625000000E+02  0.000000000E+00  9.547776410E+00 
       452  1.627500000E+02  0.000000000E+00  9.539873003E+00 
       453  1.630000000E+02  0.000000000E+00  9.531810079E+00 
       454  1.632500000E+02  0.000000000E+00  9.523586259E+00 
       455  1.635000000E+02  0.000000000E+00  9.515200151E+00 
       456  1.637500000E+02  0.000000000E+00  9.506650349E+00 
       457  1.640000000E+02  0.000000000E+00  9.497935432E+00 
       458  1.642500000E+02  0.000000000E+00  9.489053967E+00 
       459  1.645000000E+02  0.000000000E+00  9.480004506E+00 
       460  1.647500000E+02  0.000000000E+00  9.470785590E+00 
       461  1.650000000E+02  0.000000000E+00  9.461395745E+00 
       462  1.652500000E+02  0.000000000E+00  9.451833488E+00 
       463  1.655000000E+02  0.000000000E+00  9.442097319E+00 
       464  1.657500000E+02  0.000000000E+00  9.432185731E+00 
       465  1.660000000E+02  0.000000000E+00  9.422097204E+00 
       466  1.662500000E+02  0.000000000E+00  9.411830205E+00 
       467  1.665000000E+02  0.000000000E+00  9.401383191E+00 
       468  1.667500000E+02  0.000000000E+00  9.390754611E+00 
       469  1.670000000E+02  0.000000000E+00  9.379942900E+00 
       470  1.672500000E+02  0.000000000E+00  9.368946486E+00 
       471  1.675000000E+02  0.000000000E+00  9.357763785E+00 
       472  1.677500000E+02  0.000000000E+00  9.346393205E+00 
       473  1.680000000E+02  0.000000000E+00  9.334833145E+00 
       474  1.682500000E+02  0.000000000E+00  9.323081995E+00 
       475  1.685000000E+02  0.000000000E+00  9.311138137E+00 
       476  1.687500000E+02  0.000000000E+00  9.298999944E+00 
       477  1.690000000E+02  0.000000000E+00  9.286665784E+00 
       478  1.692500000E+02  0.000000000E+00  9.274134014E+00 
       479  1.695000000E+02  0.000000000E+00  9.261402986E+00 
       480  1.697500000E+02  0.000000000E+00  9.248471047E+00 
       481  1.700000000E+02  0.000000000E+00  9.235336533E+00 
       482  1.702500000E+02  0.000000000E+00  9.221997778E+00 
       483  1.705000000E+02  0.000000000E+00  9.208453110E+00 
       484  1.707500000E+02  0.000000000E+00  9.194700850E+00 
       485  1.710000000E+02  0.000000000E+00  9.180739316E+00 
       486  1.712500000E+02  0.000000000E+00  9.166566819E+00 
       487  1.715000000E+02  0.000000000E+00  9.152181668E+00 
       488  1.717500000E+02  0.000000000E+00  9.137582168E+00 
       489  1.720000000E+02  0.000000000E+00  9.122766619E+00 
       490  1.722500000E+02  0.000000000E+00  9.107733320E+00 
       491  1.725000000E+02  0.000000000E+00  9.092480564E+00 
       492  1.727500000E+02  0.000000000E+00  9.077006646E+00 
       493  1.730000000E+02  0.000000000E+00  9.061309856E+00 
       494  1.732500000E+02  0.000000000E+00  9.045388483E+00 
       495  1.735000000E+02  0.000000000E+00  9.029240816E+00 
       496  1.737500000E+02  0.000000000E+00  9.012865140E+00 
       497  1.740000000E+02  0.000000000E+00  8.996259744E+00 
       498  1.742500000E+02  0.000000000E+00  8.979422914E+00 
       499  1.745000000E+02  0.000000000E+00  8.962352938E+00 
       500  1.747500000E+02  0.000000000E+00  8.945048103E+00 
       501  1.750000000E+02  0.000000000E+00  8.927506698E+00 
       502  1.752500000E+02  0.000000000E+00  8.909727015E+00 
       503  1.755000000E+02  0.000000000E+00  8.891707346E+00 
       504  1.757500000E+02  0.000000000E+00  8.873445988E+00 
       505  1.760000000E+02  0.000000000E+00  8.854941239E+00 
       506  1.762500000E+02  0.000000000E+00  8.836191400E+00 
       507  1.765000000E+02  0.000000000E+00  8.817194777E+00 
       508  1.767500000E+02  0.000000000E+00  8.797949682E+00 
       509  1.770000000E+02  0.000000000E+00  8.778454428E+00 
       510  1.772500000E+02  0.000000000E+00  8.758707337E+00 
       511  1.775000000E+02  0.000000000E+00  8.738706734E+00 
       512  1.777500000E+02  0.000000000E+00  8.718450952E+00 
       513  1.780000000E+02  0.000000000E+00  8.697938332E+00 
       514  1.782500000E+02  0.000000000E+00  8.677167218E+00 
       515  1.785000000E+02  0.000000000E+00  8.656135968E+00 
       516  1.787500000E+02  0.000000000E+00  8.634842944E+00 
       517  1.790000000E+02  0.000000000E+00  8.613286519E+00 
       518  1.792500000E+02  0.000000000E+00  8.591465076E+00 
       519  1.795000000E+02  0.000000000E+00  8.569377009E+00 
       520  1.797500000E+02  0.000000000E+00  8.547020722E+00 
       521  1.800000000E+02  0.000000000E+00  8.524394631E+00 
       522  1.802500000E+02  0.000000000E+00  8.501497166E+00 
       523  1.805000000E+02  0.000000000E+00  8.478326769E+00 
       524  1.807500000E+02  0.000000000E+00  8.454881899E+00 
       525  1.810000000E+02  0.000000000E+00  8.431161029E+00 
       526  1.812500000E+02  0.000000000E+00  8.407162646E+00 
       527  1.815000000E+02  0.000000000E+00  8.382885260E+00 
       528  1.817500000E+02  0.000000000E+00  8.358327395E+00 
       529  1.820000000E+02  0.000000000E+00  8.333487596E+00 
       530  1.822500000E+02  0.000000000E+00  8.308364432E+00 
       531  1.825000000E+02  0.000000000E+00  8.282956493E+00 
       532  1.827500000E+02  0.000000000E+00  8.257262393E+00 
       533  1.830000000E+02  0.000000000E+00  8.231280774E+00 
       534  1.832500000E+02  0.000000000E+00  8.205010305E+00 
       535  1.835000000E+02  0.000000000E+00  8.178449689E+00 
       536  1.837500000E+02  0.000000000E+00  8.151597660E+00 
       537  1.840000000E+02  0.000000000E+00  8.124452988E+00 
       538  1.842500000E+02  0.000000000E+00  8.097014485E+00 
       539  1.845000000E+02  0.000000000E+00  8.069281004E+00 
       540  1.847500000E+02  0.000000000E+00  8.041251448E+00 
       541  1.850000000E+02  0.000000000E+00  8.012924769E+00 
       542  1.852500000E+02  0.000000000E+00  7.984299979E+00 
       543  1.855000000E+02  0.000000000E+00  7.955376152E+00 
       544  1.857500000E+02  0.000000000E+00  7.926152431E+00 
       545  1.860000000E+02  0.000000000E+00  7.896628039E+00 
       546  1.862500000E+02  0.000000000E+00  7.866802286E+00 
       547  1.865000000E+02  0.000000000E+00  7.836674575E+00 
       548  1.867500000E+02  0.000000000E+00  7.806244421E+00 
       549  1.870000000E+02  0.000000000E+00  7.775511458E+00 
       550  1.872500000E+02  0.000000000E+00  7.744475458E+00 
       551  1.875000000E+02  0.000000000E+00  7.713136345E+00 
       552  1.877500000E+02  0.000000000E+00  7.681494218E+00 
       553  1.880000000E+02  0.000000000E+00  7.649549370E+00 
       554  1.882500000E+02  0.000000000E+00  7.617302319E+00 
       555  1.885000000E+02  0.000000000E+00  7.584753832E+00 
       556  1.887500000E+02  0.000000000E+00  7.551904966E+00 
       557  1.890000000E+02  0.000000000E+00  7.518757100E+00 
       558  1.892500000E+02  0.000000000E+00  7.485311989E+00 
       559  1.895000000E+02  0.000000000E+00  7.451571810E+00 
       560  1.897500000E+02  0.000000000E+00  7.417539225E+00 
       561  1.900000000E+02  0.000000000E+00  7.383217452E+00 
       562  1.902500000E+02  0.000000000E+00  7.348610343E+00 
       563  1.905000000E+02  0.000000000E+00  7.313722478E+00 
       564  1.907500000E+02  0.000000000E+00  7.278559274E+00 
       565  1.910000000E+02  0.000000000E+00  7.243127104E+00 
       566  1.912500000E+02  0.000000000E+00  7.207433445E+00 
       567  1.915000000E+02  0.000000000E+00  7.171487043E+00 
       568  1.917500000E+02  0.000000000E+00  7.135298100E+00 
       569  1.920000000E+02  0.000000000E+00  7.098878504E+00 
       570  1.922500000E+02  0.000000000E+00  7.062242078E+00 
       571  1.925000000E+02  0.000000000E+00  7.025404887E+00 
       572  1.927500000E+02  0.000000000E+00  6.988385580E+00 
       573  1.930000000E+02  0.000000000E+00  6.951205801E+00 
       574  1.932500000E+02  0.000000000E+00  6.913890655E+00 
       575  1.935000000E+02  0.000000000E+00  6.876469266E+00 
       576  1.937500000E+02  0.000000000E+00  6.838975422E+00 
       577  1.940000000E+02  0.000000000E+00  6.801448334E+00 
       578  1.942500000E+02  0.000000000E+00  6.763933529E+00 
       579  1.945000000E+02  0.000000000E+00  6.726483914E+00 
       580  1.947500000E+02  0.000000000E+00  6.689161019E+00 
       581  1.950000000E+02  0.000000000E+00  6.652036498E+00 
       582  1.952500000E+02  0.000000000E+00  6.615193905E+00 
       583  1.955000000E+02  0.000000000E+00  6.578730848E+00 
       584  1.957500000E+02  0.000000000E+00  6.542761579E+00 
       585  1.960000000E+02  0.000000000E+00  6.507420154E+00 
       586  1.962500000E+02  0.000000000E+00  6.472864324E+00 
       587  1.965000000E+02  0.000000000E+00  6.439280345E+00 
       588  1.967500000E+02  0.000000000E+00  6.406889013E+00 
       589  1.970000000E+02  0.000000000E+00  6.375953298E+00 
       590  1.972500000E+02  0.000000000E+00  6.346788183E+00 
       591  1.975000000E+02  0.000000000E+00  6.319773535E+00 
       592  1.977500000E+02  0.000000000E+00  6.295371282E+00 
       593  1.980000000E+02  0.000000000E+00  6.274148962E+00 
       594  1.982500000E+02  0.000000000E+00  6.256813009E+00 
       595  1.985000000E+02  0.000000000E+00  6.244257719E+00 
       596  1.987500000E+02  0.000000000E+00  6.237641073E+00 
       597  1.990000000E+02  0.000000000E+00  6.238510438E+00 
       598  1.992500000E+02  0.000000000E+00  6.249030502E+00 
       599  1.995000000E+02  0.000000000E+00  6.272446264E+00 
       600  1.997500000E+02  0.000000000E+00  6.317205557E+00 
       601  2.000000000E+02  0.000000000E+00  5.404783897E+00 
       602  2.001999988E+02  0.000000000E+00  4.760962579E+00 
       603  2.004032879E+02  0.000000000E+00  4.982748300E+00 
       604  2.006099214E+02  0.000000000E+00  5.204501928E+00 
       605  2.008199543E+02  0.000000000E+00  5.424134392E+00 
       606  2.010334426E+02  0.000000000E+00  5.640946475E+00 
       607  2.012504431E+02  0.000000000E+00  5.854302999E+00 
       608  2.014710137E+02  0.000000000E+00  6.063617277E+00 
       609  2.016952129E+02  0.000000000E+00  6.268352608E+00 
       610  2.019231006E+02  0.000000000E+00  6.468023664E+00 
       611  2.021547374E+02  0.000000000E+00  6.662197675E+00 
       612  2.023901849E+02  0.000000000E+00  6.850495265E+00 
       613  2.026295060E+02  0.000000000E+00  7.032590706E+00 
       614  2.028727642E+02  0.000000000E+00  7.208211720E+00 
       615  2.031200245E+02  0.000000000E+00  7.380360284E+00 
       616  2.033713525E+02  0.000000000E+00  7.548723056E+00 
       617  2.036268153E+02  0.000000000E+00  7.652014507E+00 
       618  2.038864808E+02  0.000000000E+00  7.748790681E+00 
       619  2.041504183E+02  0.000000000E+00  7.901356644E+00 
       620  2.044186979E+02  0.000000000E+00  8.045463695E+00 
       621  2.046913911E+02  0.000000000E+00  8.178395339E+00 
       622  2.049685706E+02  0.000000000E+00  8.304099733E+00 
       623  2.052503101E+02  0.000000000E+00  8.422693599E+00 
       624  2.055366847E+02  0.000000000E+00  8.534325067E+00 
       625  2.058277705E+02  0.000000000E+00  8.639169980E+00 
       626  2.061236452E+02  0.000000000E+00  8.737428223E+00 
       627  2.064243875E+02  0.000000000E+00  8.829320066E+00 
       628  2.067300774E+02  0.000000000E+00  8.915082658E+00 
       629  2.070407965E+02  0.000000000E+00  8.994966645E+00 
       630  2.073566273E+02  0.000000000E+00  9.069232978E+00 
       631  2.076776540E+02  0.000000000E+00  9.138149917E+00 
       632  2.080039622E+02  0.000000000E+00  9.201990268E+00 
       633  2.083356386E+02  0.000000000E+00  9.261028826E+00 
       634  2.086727716E+02  0.000000000E+00  9.315540087E+00 
       635  2.090154510E+02  0.000000000E+00  9.365796181E+00 
       636  2.093637679E+02  0.000000000E+00  9.412065061E+00 
       637  2.097178153E+02  0.000000000E+00  9.454608906E+00 
       638  2.100776872E+02  0.000000000E+00  9.493682778E+00 
       639  2.104434797E+02  0.000000000E+00  9.529533473E+00 
       640  2.108152899E+02  0.000000000E+00  9.562398584E+00 
       641  2.111932170E+02  0.000000000E+00  9.592505762E+00 
       642  2.115773617E+02  0.000000000E+00  9.620072137E+00 
       643  2.119678260E+02  0.000000000E+00  9.645303914E+00 
       644  2.123647142E+02  0.000000000E+00  9.668396113E+00 
       645  2.127681317E+02  0.000000000E+00  9.689532429E+00 
       646  2.131781861E+02  0.000000000E+00  9.708885224E+00 
       647  2.135949866E+02  0.000000000E+00  9.726615607E+00 
       648  2.140186441E+02  0.000000000E+00  9.742873610E+00 
       649  2.144492713E+02  0.000000000E+00  9.757798439E+00 
       650  2.148869831E+02  0.000000000E+00  9.771518782E+00 
       651  2.153318959E+02  0.000000000E+00  9.784153176E+00 
       652  2.157841282E+02  0.000000000E+00  9.795810414E+00 
       653  2.162438005E+02  0.000000000E+00  9.806589982E+00 
       654  2.167110350E+02  0.000000000E+00  9.816582521E+00 
       655  2.171859563E+02  0.000000000E+00  9.825870306E+00 
       656  2.176686908E+02  0.000000000E+00  9.834527738E+00 
       657  2.181593671E+02  0.000000000E+00  9.842621833E+00 
       658  2.186581157E+02  0.000000000E+00  9.850212714E+00 
       659  2.191650695E+02  0.000000000E+00  9.857354095E+00 
       660  2.196803635E+02  0.000000000E+00  9.864093758E+00 
       661  2.202041348E+02  0.000000000E+00  9.870474012E+00 
       662  2.207365230E+02  0.000000000E+00  9.876532144E+00 
       663  2.212776699E+02  0.000000000E+00  9.882300847E+00 
       664  2.218277194E+02  0.000000000E+00  9.887808628E+00 
       665  2.223868182E+02  0.000000000E+00  9.893080201E+00 
       666  2.229551149E+02  0.000000000E+00  9.898136855E+00 
       667  2.235327610E+02  0.000000000E+00  9.902996799E+00 
       668  2.241199103E+02  0.000000000E+00  9.907675490E+00 
       669  2.247167191E+02  0.000000000E+00  9.912185934E+00 
       670  2.253233464E+02  0.000000000E+00  9.916538966E+00 
       671  2.259399536E+02  0.000000000E+00  9.920743515E+00 
       672  2.265667050E+02  0.000000000E+00  9.924806839E+00 
       673  2.272037674E+02  0.000000000E+00  9.928734745E+00 
       674  2.278513104E+02  0.000000000E+00  9.932531790E+00 
       675  2.285095066E+02  0.000000000E+00  9.936201464E+00 
       676  2.291785311E+02  0.000000000E+00  9.939746349E+00 
       677  2.298585621E+02  0.000000000E+00  9.943168272E+00 
       678  2.305497807E+02  0.000000000E+00  9.946468431E+00 
       679  2.312523708E+02  0.000000000E+00  9.949647514E+00 
       680  2.319665197E+02  0.000000000E+00  9.952705800E+00 
       681  2.326924175E+02  0.000000000E+00  9.955643247E+00 
       682  2.334302574E+02  0.000000000E+00  9.958459566E+00 
       683  2.341802359E+02  0.000000000E+00  9.961154288E+00 
       684  2.349425527E+02  0.000000000E+00  9.963726809E+00 
       685  2.357174108E+02  0.000000000E+00  9.966176438E+00 
       686  2.365050165E+02  0.000000000E+00  9.968502420E+00 
       687  2.373055796E+02  0.000000000E+00  9.970703958E+00 
       688  2.381193132E+02  0.000000000E+00  9.972780225E+00 
       689  2.389464340E+02  0.000000000E+00  9.974730357E+00 
       690  2.397871622E+02  0.000000000E+00  9.976553448E+00 
       691  2.406417216E+02  0.000000000E+00  9.978248528E+00 
       692  2.415103399E+02  0.000000000E+00  9.979814532E+00 
       693  2.423932484E+02  0.000000000E+00  9.981250262E+00 
       694  2.432906820E+02  0.000000000E+00  9.982554335E+00 
       695  2.442028798E+02  0.000000000E+00  9.983725128E+00 
       696  2.451300847E+02  0.000000000E+00  9.984760703E+00 
       697  2.460725436E+02  0.000000000E+00  9.985658733E+00 
       698  2.470305073E+02  0.000000000E+00  9.986416407E+00 
       699  2.480042311E+02  0.000000000E+00  9.987030334E+00 
       700  2.489939742E+02  0.000000000E+00  9.987496434E+00 
       701  2.500000000E+02  0.000000000E+00  9.987809821E+00 
       702  2.510060258E+02  0.000000000E+00  9.987963455E+00 
       703  2.519957689E+02  0.000000000E+00  9.987959743E+00 
       704  2.529694927E+02  0.000000000E+00  9.987806336E+00 
       705  2.539274564E+02  0.000000000E+00  9.987509710E+00 
       706  2.548699153E+02  0.000000000E+00  9.987075412E+00 
       707  2.557971202E+02  0.000000000E+00  9.986508219E+00 
       708  2.567093180E+02  0.000000000E+00  9.985812229E+00 
       709  2.576067516E+02  0.000000000E+00  9.984990989E+00 
       710  2.584896601E+02  0.000000000E+00  9.984047601E+00 
       711  2.593582784E+02  0.000000000E+00  9.982984825E+00 
       712  2.602128379E+02  0.000000000E+00  9.981805167E+00 
       713  2.610535660E+02  0.000000000E+00  9.980510960E+00 
       714  2.618806868E+02  0.000000000E+00  9.979104446E+00 
       715  2.626944204E+02  0.000000000E+00  9.977587838E+00 
       716  2.634949835E+02  0.000000000E+00  9.975963398E+00 
       717  2.642825892E+02  0.000000000E+00  9.974233489E+00 
       718  2.650574473E+02  0.000000000E+00  9.972400645E+00 
       719  2.658197641E+02  0.000000000E+00  9.970467626E+00 
       720  2.665697426E+02  0.000000000E+00  9.968437483E+00 
       721  2.673075825E+02  0.000000000E+00  9.966313614E+00 
       722  2.680334803E+02  0.000000000E+00  9.964099833E+00 
       723  2.687476292E+02  0.000000000E+00  9.961800437E+00 
       724  2.694502193E+02  0.000000000E+00  9.959420276E+00 
       725  2.701414379E+02  0.000000000E+00  9.956964838E+00 
       726  2.708214689E+02  0.000000000E+00  9.954440332E+00 
       727  2.714904934E+02  0.000000000E+00  9.951853786E+00 
       728  2.721486896E+02  0.000000000E+00  9.949213156E+00 
       729  2.727962326E+02  0.000000000E+00  9.946527441E+00 
       730  2.734332950E+02  0.000000000E+00  9.943806823E+00 
       731  2.740600464E+02  0.000000000E+00  9.941062808E+00 
       732  2.746766536E+02  0.000000000E+00  9.938308393E+00 
       733  2.752832808E+02  0.000000000E+00  9.935558250E+00 
       734  2.758800897E+02  0.000000000E+00  9.932828925E+00 
       735  2.764672390E+02  0.000000000E+00  9.930139063E+00 
       736  2.770448851E+02  0.000000000E+00  9.927509648E+00 
       737  2.776131818E+02  0.000000000E+00  9.924964275E+00 
       738  2.781722806E+02  0.000000000E+00  9.922529439E+00 
       739  2.787223301E+02  0.000000000E+00  9.920234851E+00 
       740  2.792634769E+02  0.000000000E+00  9.918113784E+00 
       741  2.797958652E+02  0.000000000E+00  9.916203444E+00 
       742  2.803196365E+02  0.000000000E+00  9.914545364E+00 
       743  2.808349305E+02  0.000000000E+00  9.913185839E+00 
       744  2.813418843E+02  0.000000000E+00  9.912176378E+00 
       745  2.818406329E+02  0.000000000E+00  9.911574206E+00 
       746  2.823313092E+02  0.000000000E+00  9.911442745E+00 
       747  2.828140437E+02  0.000000000E+00  9.911852098E+00 
       748  2.832889650E+02  0.000000000E+00  9.912879854E+00 
       749  2.837561995E+02  0.000000000E+00  9.914611617E+00 
       750  2.842158718E+02  0.000000000E+00  9.917141483E+00 
       751  2.846681041E+02  0.000000000E+00  9.920572863E+00 
       752  2.851130169E+02  0.000000000E+00  9.925019187E+00 
       753  2.855507287E+02  0.000000000E+00  9.930604654E+00 
       754  2.859813560E+02  0.000000000E+00  9.937465032E+00 
       755  2.864050134E+02  0.000000000E+00  9.945748490E+00 
       756  2.868218139E+02  0.000000000E+00  9.955616491E+00 
       757  2.872318683E+02  0.000000000E+00  9.967244726E+00 
       758  2.876352858E+02  0.000000000E+00  9.980824112E+00 
       759  2.880321740E+02  0.000000000E+00  9.996561849E+00 
       760  2.884226383E+02  0.000000000E+00  1.001468255E+01 
       761  2.888067830E+02  0.000000000E+00  1.003542946E+01 
       762  2.891847101E+02  0.000000000E+00  1.005906576E+01 
       763  2.895565204E+02  0.000000000E+00  1.008587597E+01 
       764  2.899223128E+02  0.000000000E+00  1.011616752E+01 
       765  2.902821847E+02  0.000000000E+00  1.015027239E+01 
       766  2.906362321E+02  0.000000000E+00  1.018854899E+01 
       767  2.909845490E+02  0.000000000E+00  1.023138419E+01 
       768  2.913272284E+02  0.000000000E+00  1.027919555E+01 
       769  2.916643614E+02  0.000000000E+00  1.033243389E+01 
       770  2.919960378E+02  0.000000000E+00  1.039158602E+01 
       771  2.923223460E+02  0.000000000E+00  1.045717794E+01 
       772  2.926433727E+02  0.000000000E+00  1.052977836E+01 
       773  2.929592035E+02  0.000000000E+00  1.061000266E+01 
       774  2.932699226E+02  0.000000000E+00  1.069851743E+01 
       775  2.935756125E+02  0.000000000E+00  1.079604554E+01 
       776  2.938763548E+02  0.000000000E+00  1.090337193E+01 
       777  2.941722295E+02  0.000000000E+00  1.102135024E+01 
       778  2.944633153E+02  0.000000000E+00  1.115091026E+01 
       779  2.947496899E+02  0.000000000E+00  1.129306655E+01 
       780  2.950314294E+02  0.000000000E+00  1.144892826E+01 
       781  2.953086088E+02  0.000000000E+00  1.161971030E+01 
       782  2.955813021E+02  0.000000000E+00  1.180674636E+01 
       783  2.958495817E+02  0.000000000E+00  1.201150370E+01 
       784  2.961135192E+02  0.000000000E+00  1.223560024E+01 
       785  2.963731847E+02  0.000000000E+00  1.248082446E+01 
       786  2.966286475E+02  0.000000000E+00  1.274915821E+01 
       787  2.968799755E+02  0.000000000E+00  1.304280336E+01 
       788  2.971272358E+02  0.000000000E+00  1.336421277E+01 
       789  2.973704940E+02  0.000000000E+00  1.371612640E+01 
       790  2.976098151E+02  0.000000000E+00  1.410161364E+01 
       791  2.978452626E+02  0.000000000E+00  1.452412298E+01 
       792  2.980768994E+02  0.000000000E+00  1.498754058E+01 
       793  2.983047871E+02  0.000000000E+00  1.549625954E+01 
       794  2.985289863E+02  0.000000000E+00  1.605526204E+01 
       795  2.987495568E+02  0.000000000E+00  1.582108480E+01 
       796  2.989665574E+02  0.000000000E+00  1.556588672E+01 
       797  2.991800457E+02  0.000000000E+00  1.610908933E+01 
       798  2.993900786E+02  0.000000000E+00  1.670713967E+01 
       799  2.995967121E+02  0.000000000E+00  1.736726818E+01 
       800  2.998000012E+02  0.000000000E+00  1.810363936E+01 
       801  3.000000000E+02  0.000000000E+00  1.709076681E+01 
       802  3.002500000E+02  0.000000000E+00  1.543860746E+01 
       803  3.005000000E+02  0.000000000E+00  1.559147778E+01 
       804  3.007500000E+02  0.000000000E+00  1.568358122E+01 
       805  3.010000000E+02  0.000000000E+00  1.574188021E+01 
       806  3.012500000E+02  0.000000000E+00  1.577548595E+01 
       807  3.015000000E+02  0.000000000E+00  1.579025929E+01 
       808  3.017500000E+02  0.000000000E+00  1.579027256E+01 
       809  3.020000000E+02  0.000000000E+00  1.577850811E+01 
       810  3.022500000E+02  0.000000000E+00  1.575723088E+01 
       811  3.025000000E+02  0.000000000E+00  1.572820634E+01 
       812  3.027500000E+02  0.000000000E+00  1.569283733E+01 
       813  3.030000000E+02  0.000000000E+00  1.565225493E+01 
       814  3.032500000E+02  0.000000000E+00  1.560738158E+01 
       815  3.035000000E+02  0.000000000E+00  1.555897636E+01 
       816  3.037500000E+02  0.000000000E+00  1.550766841E+01 
       817  3.040000000E+02  0.000000000E+00  1.545398231E+01 
       818  3.042500000E+02  0.000000000E+00  1.539835752E+01 
       819  3.045000000E+02  0.000000000E+00  1.534116369E+01 
       820  3.047500000E+02  0.000000000E+00  1.528271281E+01 
       821  3.050000000E+02  0.000000000E+00  1.522326893E+01 
       822  3.052500000E+02  0.000000000E+00  1.516305605E+01 
       823  3.055000000E+02  0.000000000E+00  1.510226462E+01 
       824  3.057500000E+02  0.000000000E+00  1.504105679E+01 
       825  3.060000000E+02  0.000000000E+00  1.497957085E+01 
       826  3.062500000E+02  0.000000000E+00  1.491792490E+01 
       827  3.065000000E+02  0.000000000E+00  1.485621991E+01 
       828  3.067500000E+02  0.000000000E+00  1.479454225E+01 
       829  3.070000000E+02  0.000000000E+00  1.473296590E+01 
       830  3.072500000E+02  0.000000000E+00  1.467155425E+01 
       831  3.075000000E+02  0.000000000E+00  1.461036166E+01 
       832  3.077500000E+02  0.000000000E+00  1.454943473E+01 
       833  3.080000000E+02  0.000000000E+00  1.448881347E+01 
       834  3.082500000E+02  0.000000000E+00  1.442853220E+01 
       835  3.085000000E+02  0.000000000E+00  1.436862037E+01 
       836  3.087500000E+02  0.000000000E+00  1.430910324E+01 
       837  3.090000000E+02  0.000000000E+00  1.425000250E+01 
       838  3.092500000E+02  0.000000000E+00  1.419133672E+01 
       839  3.095000000E+02  0.000000000E+00  1.413312180E+01 
       840  3.097500000E+02  0.000000000E+00  1.407537137E+01 
       841  3.100000000E+02  0.000000000E+00  1.401809703E+01 
       842  3.102500000E+02  0.000000000E+00  1.396130869E+01 
       843  3.105000000E+02  0.000000000E+00  1.390501477E+01 
       844  3.107500000E+02  0.000000000E+00  1.384922240E+01 
       845  3.110000000E+02  0.000000000E+00  1.379393757E+01 
       846  3.112500000E+02  0.000000000E+00  1.373916533E+01 
       847  3.115000000E+02  0.000000000E+00  1.368490985E+01 
       848  3.117500000E+02  0.000000000E+00  1.363117458E+01 
       849  3.120000000E+02  0.000000000E+00  1.357796230E+01 
       850  3.122500000E+02  0.000000000E+00  1.352527524E+01 
       851  3.125000000E+02  0.000000000E+00  1.347311513E+01 
       852  3.127500000E+02  0.000000000E+00  1.342148324E+01 
       853  3.130000000E+02  0.000000000E+00  1.337038046E+01 
       854  3.132500000E+02  0.000000000E+00  1.331980733E+01 
       855  3.135000000E+02  0.000000000E+00  1.326976410E+01 
       856  3.137500000E+02  0.000000000E+00  1.322025070E+01 
       857  3.140000000E+02  0.000000000E+00  1.317126686E+01 
       858  3.142500000E+02  0.000000000E+00  1.312281205E+01 
       859  3.145000000E+02  0.000000000E+00  1.307488556E+01 
       860  3.147500000E+02  0.000000000E+00  1.302748648E+01 
       861  3.150000000E+02  0.000000000E+00  1.298061375E+01 
       862  3.152500000E+02  0.000000000E+00  1.293426615E+01 
       863  3.155000000E+02  0.000000000E+00  1.288844230E+01 
       864  3.157500000E+02  0.000000000E+00  1.284314071E+01 
       865  3.160000000E+02  0.000000000E+00  1.279835976E+01 
       866  3.162500000E+02  0.000000000E+00  1.275409773E+01 
       867  3.165000000E+02  0.000000000E+00  1.271035277E+01 
       868  3.167500000E+02  0.000000000E+00  1.266712294E+01 
       869  3.170000000E+02  0.000000000E+00  1.262440623E+01 
       870  3.172500000E+02  0.000000000E+00  1.258220051E+01 
       871  3.175000000E+02  0.000000000E+00  1.254050358E+01 
       872  3.177500000E+02  0.000000000E+00  1.249931316E+01 
       873  3.180000000E+02  0.000000000E+00  1.245862689E+01 
       874  3.182500000E+02  0.000000000E+00  1.241844236E+01 
       875  3.185000000E+02  0.000000000E+00  1.237875705E+01 
       876  3.187500000E+02  0.000000000E+00  1.233956841E+01 
       877  3.190000000E+02  0.000000000E+00  1.230087382E+01 
       878  3.192500000E+02  0.000000000E+00  1.226267060E+01 
       879  3.195000000E+02  0.000000000E+00  1.222495599E+01 
       880  3.197500000E+02  0.000000000E+00  1.218772721E+01 
       881  3.200000000E+02  0.000000000E+00  1.215098140E+01 
       882  3.202500000E+02  0.000000000E+00  1.211471568E+01 
       883  3.205000000E+02  0.000000000E+00  1.207892707E+01 
       884  3.207500000E+02  0.000000000E+00  1.204361261E+01 
       885  3.210000000E+02  0.000000000E+00  1.200876923E+01 
       886  3.212500000E+02  0.000000000E+00  1.197439387E+01 
       887  3.215000000E+02  0.000000000E+00  1.194048340E+01 
       888  3.217500000E+02  0.000000000E+00  1.190703465E+01 
       889  3.220000000E+02  0.000000000E+00  1.187404443E+01 
       890  3.222500000E+02  0.000000000E+00  1.184150950E+01 
       891  3.225000000E+02  0.000000000E+00  1.180942659E+01 
       892  3.227500000E+02  0.000000000E+00  1.177779240E+01 
       893  3.230000000E+02  0.000000000E+00  1.174660360E+01 
       894  3.232500000E+02  0.000000000E+00  1.171585683E+01 
       895  3.235000000E+02  0.000000000E+00  1.168554869E+01 
       896  3.237500000E+02  0.000000000E+00  1.165567578E+01 
       897  3.240000000E+02  0.000000000E+00  1.162623466E+01 
       898  3.242500000E+02  0.000000000E+00  1.159722186E+01 
       899  3.245000000E+02  0.000000000E+00  1.156863390E+01 
       900  3.247500000E+02  0.000000000E+00  1.154046728E+01 
       901  3.250000000E+02  0.000000000E+00  1.151271847E+01 
       902  3.252500000E+02  0.000000000E+00  1.148538395E+01 
       903  3.255000000E+02  0.000000000E+00  1.145846016E+01 
       904  3.257500000E+02  0.000000000E+00  1.143194352E+01 
       905  3.260000000E+02  0.000000000E+00  1.140583047E+01 
       906  3.262500000E+02  0.000000000E+00  1.138011741E+01 
       907  3.265000000E+02  0.000000000E+00  1.135480074E+01 
       908  3.267500000E+02  0.000000000E+00  1.132987686E+01 
       909  3.270000000E+02  0.000000000E+00  1.130534215E+01 
       910  3.272500000E+02  0.000000000E+00  1.128119298E+01 
       911  3.275000000E+02  0.000000000E+00  1.125742574E+01 
       912  3.277500000E+02  0.000000000E+00  1.123403680E+01 
       913  3.280000000E+02  0.000000000E+00  1.121102252E+01 
       914  3.282500000E+02  0.000000000E+00  1.118837928E+01 
       915  3.285000000E+02  0.000000000E+00  1.116610345E+01 
       916  3.287500000E+02  0.000000000E+00  1.114419140E+01 
       917  3.290000000E+02  0.000000000E+00  1.112263952E+01 
       918  3.292500000E+02  0.000000000E+00  1.110144417E+01 
       919  3.295000000E+02  0.000000000E+00  1.108060175E+01 
       920  3.297500000E+02  0.000000000E+00  1.106010865E+01 
       921  3.300000000E+02  0.000000000E+00  1.103996127E+01 
       922  3.302500000E+02  0.000000000E+00  1.102015602E+01 
       923  3.305000000E+02  0.000000000E+00  1.100068934E+01 
       924  3.307500000E+02  0.000000000E+00  1.098155763E+01 
       925  3.310000000E+02  0.000000000E+00  1.096275737E+01 
       926  3.312500000E+02  0.000000000E+00  1.094428499E+01 
       927  3.315000000E+02  0.000000000E+00  1.092613697E+01 
       928  3.317500000E+02  0.000000000E+00  1.090830981E+01 
       929  3.320000000E+02  0.000000000E+00  1.089080001E+01 
       930  3.322500000E+02  0.000000000E+00  1.087360408E+01 
       931  3.325000000E+02  0.000000000E+00  1.085671858E+01 
       932  3.327500000E+02  0.000000000E+00  1.084014006E+01 
       933  3.330000000E+02  0.000000000E+00  1.082386509E+01 
       934  3.332500000E+02  0.000000000E+00  1.080789029E+01 
       935  3.335000000E+02  0.000000000E+00  1.079221227E+01 
       936  3.337500000E+02  0.000000000E+00  1.077682768E+01 
       937  3.340000000E+02  0.000000000E+00  1.076173319E+01 
       938  3.342500000E+02  0.000000000E+00  1.074692550E+01 
       939  3.345000000E+02  0.000000000E+00  1.073240131E+01 
       940  3.347500000E+02  0.000000000E+00  1.071815739E+01 
       941  3.350000000E+02  0.000000000E+00  1.070419050E+01 
       942  3.352500000E+02  0.000000000E+00  1.069049744E+01 
       943  3.355000000E+02  0.000000000E+00  1.067707504E+01 
       944  3.357500000E+02  0.000000000E+00  1.066392015E+01 
       945  3.360000000E+02  0.000000000E+00  1.065102967E+01 
       946  3.362500000E+02  0.000000000E+00  1.063840050E+01 
       947  3.365000000E+02  0.000000000E+00  1.062602960E+01 
       948  3.367500000E+02  0.000000000E+00  1.061391394E+01 
       949  3.370000000E+02  0.000000000E+00  1.060205053E+01 
       950  3.372500000E+02  0.000000000E+00  1.059043643E+01 
       951  3.375000000E+02  0.000000000E+00  1.057906870E+01 
       952  3.377500000E+02  0.000000000E+00  1.056794446E+01 
       953  3.380000000E+02  0.000000000E+00  1.055706084E+01 
       954  3.382500000E+02  0.000000000E+00  1.054641504E+01 
       955  3.385000000E+02  0.000000000E+00  1.053600426E+01 
       956  3.387500000E+02  0.000000000E+00  1.052582576E+01 
       957  3.390000000E+02  0.000000000E+00  1.051587683E+01 
       958  3.392500000E+02  0.000000000E+00  1.050615478E+01 
       959  3.395000000E+02  0.000000000E+00  1.049665698E+01 
       960  3.397500000E+02  0.000000000E+00  1.048738082E+01 
       961  3.400000000E+02  0.000000000E+00  1.047832375E+01 
       962  3.402500000E+02  0.000000000E+00  1.046948324E+01 
       963  3.405000000E+02  0.000000000E+00  1.046085681E+01 
       964  3.407500000E+02  0.000000000E+00  1.045244199E+01 
       965  3.410000000E+02  0.000000000E+00  1.044423640E+01 
       966  3.412500000E+02  0.000000000E+00  1.043623765E+01 
       967  3.415000000E+02  0.000000000E+00  1.042844343E+01 
       968  3.417500000E+02  0.000000000E+00  1.042085144E+01 
       969  3.420000000E+02  0.000000000E+00  1.041345944E+01 
       970  3.422500000E+02  0.000000000E+00  1.040626523E+01 
       971  3.425000000E+02  0.000000000E+00  1.039926663E+01 
       972  3.427500000E+02  0.000000000E+00  1.039246152E+01 
       973  3.430000000E+02  0.000000000E+00  1.038584783E+01 
       974  3.432500000E+02  0.000000000E+00  1.037942351E+01 
       975  3.435000000E+02  0.000000000E+00  1.037318657E+01 
       976  3.437500000E+02  0.000000000E+00  1.036713505E+01 
       977  3.440000000E+02  0.000000000E+00  1.036126703E+01 
       978  3.442500000E+02  0.000000000E+00  1.035558067E+01 
       979  3.445000000E+02  0.000000000E+00  1.035007411E+01 
       980  3.447500000E+02  0.000000000E+00  1.034474558E+01 
       981  3.450000000E+02  0.000000000E+00  1.033959335E+01 
       982  3.452500000E+02  0.000000000E+00  1.033461571E+01 
       983  3.455000000E+02  0.000000000E+00  1.032981101E+01 
       984  3.457500000E+02  0.000000000E+00  1.032517764E+01 
       985  3.460000000E+02  0.000000000E+00  1.032071404E+01 
       986  3.462500000E+02  0.000000000E+00  1.031641869E+01 
       987  3.465000000E+02  0.000000000E+00  1.031229010E+01 
       988  3.467500000E+02  0.000000000E+00  1.030832684E+01 
       989  3.470000000E+02  0.000000000E+00  1.030452753E+01 
       990  3.472500000E+02  0.000000000E+00  1.030089082E+01 
       991  3.475000000E+02  0.000000000E+00  1.029741541E+01 
       992  3.477500000E+02  0.000000000E+00  1.029410004E+01 
       993  3.480000000E+02  0.000000000E+00  1.029094350E+01 
       994  3.482500000E+02  0.000000000E+00  1.028794463E+01 
       995  3.485000000E+02  0.000000000E+00  1.028510230E+01 
       996  3.487500000E+02  0.000000000E+00  1.028241543E+01 
       997  3.490000000E+02  0.000000000E+00  1.027988299E+01 
       998  3.492500000E+02  0.000000000E+00  1.027750399E+01 
       999  3.495000000E+02  0.000000000E+00  1.027527750E+01 
      1000  3.497500000E+02  0.000000000E+00  1.027320260E+01 
      1001  3.500000000E+02  0.000000000E+00  1.027127844E+01 
      1002  3.502500000E+02  0.000000000E+00  1.026950422E+01 
      1003  3.505000000E+02  0.000000000E+00  1.026787917E+01 
      1004  3.507500000E+02  0.000000000E+00  1.026640257E+01 
      1005  3.510000000E+02  0.000000000E+00  1.026507374E+01 
      1006  3.512500000E+02  0.000000000E+00  1.026389206E+01 
      1007  3.515000000E+02  0.000000000E+00  1.026285693E+01 
      1008  3.517500000E+02  0.000000000E+00  1.026196782E+01 
      1009  3.520000000E+02  0.000000000E+00  1.026122422E+01 
      1010  3.522500000E+02  0.000000000E+00  1.026062569E+01 
      1011  3.525000000E+02  0.000000000E+00  1.026017183E+01 
      1012  3.527500000E+02  0.000000000E+00  1.025986225E+01 
      1013  3.530000000E+02  0.000000000E+00  1.025969666E+01 
      1014  3.532500000E+02  0.000000000E+00  1.025967476E+01 
      1015  3.535000000E+02  0.000000000E+00  1.025979634E+01 
      1016  3.537500000E+02  0.000000000E+00  1.026006120E+01 
      1017  3.540000000E+02  0.000000000E+00  1.026046921E+01 
      1018  3.542500000E+02  0.000000000E+00  1.026102027E+01 
      1019  3.545000000E+02  0.000000000E+00  1.026171432E+01 
      1020  3.547500000E+02  0.000000000E+00  1.026255136E+01 
      1021  3.550000000E+02  0.000000000E+00  1.026353142E+01 
      1022  3.552500000E+02  0.000000000E+00  1.026465458E+01 
      1023  3.555000000E+02  0.000000000E+00  1.026592096E+01 
      1024  3.557500000E+02  0.000000000E+00  1.026733073E+01 
      1025  3.560000000E+02  0.000000000E+00  1.026888410E+01 
      1026  3.562500000E+02  0.000000000E+00  1.027058131E+01 
      1027  3.565000000E+02  0.000000000E+00  1.027242268E+01 
      1028  3.567500000E+02  0.000000000E+00  1.027440854E+01 
      1029  3.570000000E+02  0.000000000E+00  1.027653927E+01 
      1030  3.572500000E+02  0.000000000E+00  1.027881530E+01 
      1031  3.575000000E+02  0.000000000E+00  1.028123710E+01 
      1032  3.577500000E+02  0.000000000E+00  1.028380518E+01 
      1033  3.580000000E+02  0.000000000E+00  1.028652010E+01 
      1034  3.582500000E+02  0.000000000E+00  1.028938245E+01 
      1035  3.585000000E+02  0.000000000E+00  1.029239288E+01 
      1036  3.587500000E+02  0.000000000E+00  1.029555208E+01 
      1037  3.590000000E+02  0.000000000E+00  1.029886075E+01 
      1038  3.592500000E+02  0.000000000E+00  1.030231969E+01 
      1039  3.595000000E+02  0.000000000E+00  1.030592968E+01 
      1040  3.597500000E+02  0.000000000E+00  1.030969159E+01 
      1041  3.600000000E+02  0.000000000E+00  1.031360631E+01 
      1042  3.602500000E+02  0.000000000E+00  1.031767478E+01 
      1043  3.605000000E+02  0.000000000E+00  1.032189796E+01 
      1044  3.607500000E+02  0.000000000E+00  1.032627689E+01 
      1045  3.610000000E+02  0.000000000E+00  1.033081261E+01 
      1046  3.612500000E+02  0.000000000E+00  1.033550623E+01 
      1047  3.615000000E+02  0.000000000E+00  1.034035889E+01 
      1048  3.617500000E+02  0.000000000E+00  1.034537177E+01 
      1049  3.620000000E+02  0.000000000E+00  1.035054610E+01 
      1050  3.622500000E+02  0.000000000E+00  1.035588313E+01 
      1051  3.625000000E+02  0.000000000E+00  1.036138417E+01 
      1052  3.627500000E+02  0.000000000E+00  1.036705056E+01 
      1053  3.630000000E+02  0.000000000E+00  1.037288368E+01 
      1054  3.632500000E+02  0.000000000E+00  1.037888495E+01 
      1055  3.635000000E+02  0.000000000E+00  1.038505584E+01 
      1056  3.637500000E+02  0.000000000E+00  1.039139785E+01 
      1057  3.640000000E+02  0.000000000E+00  1.039791250E+01 
      1058  3.642500000E+02  0.000000000E+00  1.040460139E+01 
      1059  3.645000000E+02  0.000000000E+00  1.041146613E+01 
      1060  3.647500000E+02  0.000000000E+00  1.041850836E+01 
      1061  3.650000000E+02  0.000000000E+00  1.042572978E+01 
      1062  3.652500000E+02  0.000000000E+00  1.043313213E+01 
      1063  3.655000000E+02  0.000000000E+00  1.044071716E+01 
      1064  3.657500000E+02  0.000000000E+00  1.044848669E+01 
      1065  3.660000000E+02  0.000000000E+00  1.045644255E+01 
      1066  3.662500000E+02  0.000000000E+00  1.046458661E+01 
      1067  3.665000000E+02  0.000000000E+00  1.047292080E+01 
      1068  3.667500000E+02  0.000000000E+00  1.048144706E+01 
      1069  3.670000000E+02  0.000000000E+00  1.049016737E+01 
      1070  3.672500000E+02  0.000000000E+00  1.049908376E+01 
      1071  3.675000000E+02  0.000000000E+00  1.050819828E+01 
      1072  3.677500000E+02  0.000000000E+00  1.051751302E+01 
      1073  3.680000000E+02  0.000000000E+00  1.052703011E+01 
      1074  3.682500000E+02  0.000000000E+00  1.053675170E+01 
      1075  3.685000000E+02  0.000000000E+00  1.054667998E+01 
      1076  3.687500000E+02  0.000000000E+00  1.055681717E+01 
      1077  3.690000000E+02  0.000000000E+00  1.056716555E+01 
      1078  3.692500000E+02  0.000000000E+00  1.057772738E+01 
      1079  3.695000000E+02  0.000000000E+00  1.058850500E+01 
      1080  3.697500000E+02  0.000000000E+00  1.059950077E+01 
      1081  3.700000000E+02  0.000000000E+00  1.061071705E+01 
      1082  3.702500000E+02  0.000000000E+00  1.062215628E+01 
      1083  3.705000000E+02  0.000000000E+00  1.063382088E+01 
      1084  3.707500000E+02  0.000000000E+00  1.064571335E+01 
      1085  3.710000000E+02  0.000000000E+00  1.065783618E+01 
      1086  3.712500000E+02  0.000000000E+00  1.067019190E+01 
      1087  3.715000000E+02  0.000000000E+00  1.068278308E+01 
      1088  3.717500000E+02  0.000000000E+00  1.069561231E+01 
      1089  3.720000000E+02  0.000000000E+00  1.070868220E+01 
      1090  3.722500000E+02  0.000000000E+00  1.072199539E+01 
      1091  3.725000000E+02  0.000000000E+00  1.073555456E+01 
      1092  3.727500000E+02  0.000000000E+00  1.074936240E+01 
      1093  3.730000000E+02  0.000000000E+00  1.076342163E+01 
      1094  3.732500000E+02  0.000000000E+00  1.077773500E+01 
      1095  3.735000000E+02  0.000000000E+00  1.079230526E+01 
      1096  3.737500000E+02  0.000000000E+00  1.080713522E+01 
      1097  3.740000000E+02  0.000000000E+00  1.082222769E+01 
      1098  3.742500000E+02  0.000000000E+00  1.083758550E+01 
      1099  3.745000000E+02  0.000000000E+00  1.085321152E+01 
      1100  3.747500000E+02  0.000000000E+00  1.086910861E+01 
      1101  3.750000000E+02  0.000000000E+00  1.088527967E+01 
      1102  3.752500000E+02  0.000000000E+00  1.090172763E+01 
      1103  3.755000000E+02  0.000000000E+00  1.091845542E+01 
      1104  3.757500000E+02  0.000000000E+00  1.093546599E+01 
      1105  3.760000000E+02  0.000000000E+00  1.095276231E+01 
      1106  3.762500000E+02  0.000000000E+00  1.097034737E+01 
      1107  3.765000000E+02  0.000000000E+00  1.098822416E+01 
      1108  3.767500000E+02  0.000000000E+00  1.100639571E+01 
      1109  3.770000000E+02  0.000000000E+00  1.102486504E+01 
      1110  3.772500000E+02  0.000000000E+00  1.104363519E+01 
      1111  3.775000000E+02  0.000000000E+00  1.106270923E+01 
      1112  3.777500000E+02  0.000000000E+00  1.108209021E+01 
      1113  3.780000000E+02  0.000000000E+00  1.110178121E+01 
      1114  3.782500000E+02  0.000000000E+00  1.112178531E+01 
      1115  3.785000000E+02  0.000000000E+00  1.114210561E+01 
      1116  3.787500000E+02  0.000000000E+00  1.116274521E+01 
      1117  3.790000000E+02  0.000000000E+00  1.118370721E+01 
      1118  3.792500000E+02  0.000000000E+00  1.120499472E+01 
      1119  3.795000000E+02  0.000000000E+00  1.122661087E+01 
      1120  3.797500000E+02  0.000000000E+00  1.124855875E+01 
      1121  3.800000000E+02  0.000000000E+00  1.127084151E+01 
      1122  3.802500000E+02  0.000000000E+00  1.129346225E+01 
      1123  3.805000000E+02  0.000000000E+00  1.131642409E+01 
      1124  3.807500000E+02  0.000000000E+00  1.133973015E+01 
      1125  3.810000000E+02  0.000000000E+00  1.136338354E+01 
      1126  3.812500000E+02  0.000000000E+00  1.138738738E+01 
      1127  3.815000000E+02  0.000000000E+00  1.141174475E+01 
      1128  3.817500000E+02  0.000000000E+00  1.143645875E+01 
      1129  3.820000000E+02  0.000000000E+00  1.146153247E+01 
      1130  3.822500000E+02  0.000000000E+00  1.148696897E+01 
      1131  3.825000000E+02  0.000000000E+00  1.151277131E+01 
      1132  3.827500000E+02  0.000000000E+00  1.153894252E+01 
      1133  3.830000000E+02  0.000000000E+00  1.156548563E+01 
      1134  3.832500000E+02  0.000000000E+00  1.159240362E+01 
      1135  3.835000000E+02  0.000000000E+00  1.161969948E+01 
      1136  3.837500000E+02  0.000000000E+00  1.164737615E+01 
      1137  3.840000000E+02  0.000000000E+00  1.167543654E+01 
      1138  3.842500000E+02  0.000000000E+00  1.170388352E+01 
      1139  3.845000000E+02  0.000000000E+00  1.173271994E+01 
      1140  3.847500000E+02  0.000000000E+00  1.176194858E+01 
      1141  3.850000000E+02  0.000000000E+00  1.179157218E+01 
      1142  3.852500000E+02  0.000000000E+00  1.182159343E+01 
      1143  3.855000000E+02  0.000000000E+00  1.185201494E+01 
      1144  3.857500000E+02  0.000000000E+00  1.188283926E+01 
      1145  3.860000000E+02  0.000000000E+00  1.191406886E+01 
      1146  3.862500000E+02  0.000000000E+00  1.194570609E+01 
      1147  3.865000000E+02  0.000000000E+00  1.197775323E+01 
      1148  3.867500000E+02  0.000000000E+00  1.201021242E+01 
      1149  3.870000000E+02  0.000000000E+00  1.204308566E+01 
      1150  3.872500000E+02  0.000000000E+00  1.207637481E+01 
      1151  3.875000000E+02  0.000000000E+00  1.211008155E+01 
      1152  3.877500000E+02  0.000000000E+00  1.214420735E+01 
      1153  3.880000000E+02  0.000000000E+00  1.217875346E+01 
      1154  3.882500000E+02  0.000000000E+00  1.221372086E+01 
      1155  3.885000000E+02  0.000000000E+00  1.224911023E+01 
      1156  3.887500000E+02  0.000000000E+00  1.228492191E+01 
      1157  3.890000000E+02  0.000000000E+00  1.232115583E+01 
      1158  3.892500000E+02  0.000000000E+00  1.235781149E+01 
      1159  3.895000000E+02  0.000000000E+00  1.239488782E+01 
      1160  3.897500000E+02  0.000000000E+00  1.243238319E+01 
      1161  3.900000000E+02  0.000000000E+00  1.247029524E+01 
      1162  3.902500000E+02  0.000000000E+00  1.250862080E+01 
      1163  3.905000000E+02  0.000000000E+00  1.254735578E+01 
      1164  3.907500000E+02  0.000000000E+00  1.258649500E+01 
      1165  3.910000000E+02  0.000000000E+00  1.262603203E+01 
      1166  3.912500000E+02  0.000000000E+00  1.266595897E+01 
      1167  3.915000000E+02  0.000000000E+00  1.270626627E+01 
      1168  3.917500000E+02  0.000000000E+00  1.274694238E+01 
      1169  3.920000000E+02  0.000000000E+00  1.278797350E+01 
      1170  3.922500000E+02  0.000000000E+00  1.282934318E+01 
      1171  3.925000000E+02  0.000000000E+00  1.287103190E+01 
      1172  3.927500000E+02  0.000000000E+00  1.291301654E+01 
      1173  3.930000000E+02  0.000000000E+00  1.295526980E+01 
      1174  3.932500000E+02  0.000000000E+00  1.299775951E+01 
      1175  3.935000000E+02  0.000000000E+00  1.304044779E+01 
      1176  3.937500000E+02  0.000000000E+00  1.308329008E+01 
      1177  3.940000000E+02  0.000000000E+00  1.312623404E+01 
      1178  3.942500000E+02  0.000000000E+00  1.316921812E+01 
      1179  3.945000000E+02  0.000000000E+00  1.321217001E+01 
      1180  3.947500000E+02  0.000000000E+00  1.325500472E+01 
      1181  3.950000000E+02  0.000000000E+00  1.329762224E+01 
      1182  3.952500000E+02  0.000000000E+00  1.333990488E+01 
      1183  3.955000000E+02  0.000000000E+00  1.338171386E+01 
      1184  3.957500000E+02  0.000000000E+00  1.342288537E+01 
      1185  3.960000000E+02  0.000000000E+00  1.346322557E+01 
      1186  3.962500000E+02  0.000000000E+00  1.350250459E+01 
      1187  3.965000000E+02  0.000000000E+00  1.354044893E+01 
      1188  3.967500000E+02  0.000000000E+00  1.357673202E+01 
      1189  3.970000000E+02  0.000000000E+00  1.361096207E+01 
      1190  3.972500000E+02  0.000000000E+00  1.364266644E+01 
      1191  3.975000000E+02  0.000000000E+00  1.367127089E+01 
      1192  3.977500000E+02  0.000000000E+00  1.369607169E+01 
      1193  3.980000000E+02  0.000000000E+00  1.371619683E+01 
      1194  3.982500000E+02  0.000000000E+00  1.373055027E+01 
      1195  3.985000000E+02  0.000000000E+00  1.373772837E+01 
      1196  3.987500000E+02  0.000000000E+00  1.373588738E+01 
      1197  3.990000000E+02  0.000000000E+00  1.372251796E+01 
      1198  3.992500000E+02  0.000000000E+00  1.369402454E+01 
      1199  3.995000000E+02  0.000000000E+00  1.364484774E+01 
      1200  3.997500000E+02  0.000000000E+00  1.355887874E+01 
      1201  4.000000000E+02  0.000000000E+00  1.506838044E+01 
      1202  4.002000034E+02  0.000000000E+00  1.605463514E+01 
      1203  4.004016387E+02  0.000000000E+00  1.554775020E+01 
      1204  4.006049192E+02  0.000000000E+00  1.508884661E+01 
      1205  4.008098583E+02  0.000000000E+00  1.467024563E+01 
      1206  4.010164696E+02  0.000000000E+00  1.428777200E+01 
      1207  4.012247666E+02  0.000000000E+00  1.393779354E+01 
      1208  4.014347631E+02  0.000000000E+00  1.361713069E+01 
      1209  4.016464731E+02  0.000000000E+00  1.332298635E+01 
      1210  4.018599104E+02  0.000000000E+00  1.305288924E+01 
      1211  4.020750892E+02  0.000000000E+00  1.280464738E+01 
      1212  4.022920237E+02  0.000000000E+00  1.257630957E+01 
      1213  4.025107282E+02  0.000000000E+00  1.235527452E+01 
      1214  4.027312172E+02  0.000000000E+00  1.215172407E+01 
      1215  4.029535052E+02  0.000000000E+00  1.197521329E+01 
      1216  4.031776069E+02  0.000000000E+00  1.181247167E+01 
      1217  4.034035370E+02  0.000000000E+00  1.166237307E+01 
      1218  4.036313106E+02  0.000000000E+00  1.152389778E+01 
      1219  4.038609426E+02  0.000000000E+00  1.139612025E+01 
      1220  4.040924483E+02  0.000000000E+00  1.127819858E+01 
      1221  4.043258428E+02  0.000000000E+00  1.116378069E+01 
      1222  4.045611417E+02  0.000000000E+00  1.105822435E+01 
      1223  4.047983604E+02  0.000000000E+00  1.096652264E+01 
      1224  4.050375146E+02  0.000000000E+00  1.088189205E+01 
      1225  4.052786201E+02  0.000000000E+00  1.080380098E+01 
      1226  4.055216929E+02  0.000000000E+00  1.072805246E+01 
      1227  4.057667489E+02  0.000000000E+00  1.065066932E+01 
      1228  4.060138044E+02  0.000000000E+00  1.057096579E+01 
      1229  4.062628756E+02  0.000000000E+00  1.050142909E+01 
      1230  4.065139791E+02  0.000000000E+00  1.044633345E+01 
      1231  4.067671314E+02  0.000000000E+00  1.039287904E+01 
      1232  4.070223492E+02  0.000000000E+00  1.034468007E+01 
      1233  4.072796494E+02  0.000000000E+00  1.030048251E+01 
      1234  4.075390490E+02  0.000000000E+00  1.026233633E+01 
      1235  4.078005650E+02  0.000000000E+00  1.023398005E+01 
      1236  4.080642148E+02  0.000000000E+00  1.020749410E+01 
      1237  4.083300158E+02  0.000000000E+00  1.018337334E+01 
      1238  4.085979855E+02  0.000000000E+00  1.016165600E+01 
      1239  4.088681416E+02  0.000000000E+00  1.017629461E+01 
      1240  4.091405020E+02  0.000000000E+00  1.018978616E+01 
      1241  4.094150846E+02  0.000000000E+00  1.016682772E+01 
      1242  4.096919076E+02  0.000000000E+00  1.014588239E+01 
      1243  4.099709892E+02  0.000000000E+00  1.012679638E+01 
      1244  4.102523480E+02  0.000000000E+00  1.010942683E+01 
      1245  4.105360024E+02  0.000000000E+00  1.009364108E+01 
      1246  4.108219711E+02  0.000000000E+00  1.007931589E+01 
      1247  4.111102732E+02  0.000000000E+00  1.006633687E+01 
      1248  4.114009276E+02  0.000000000E+00  1.005459779E+01 
      1249  4.116939535E+02  0.000000000E+00  1.004400003E+01 
      1250  4.119893702E+02  0.000000000E+00  1.003445211E+01 
      1251  4.122871973E+02  0.000000000E+00  1.002586913E+01 
      1252  4.125874544E+02  0.000000000E+00  1.001817238E+01 
      1253  4.128901614E+02  0.000000000E+00  1.001128887E+01 
      1254  4.131953383E+02  0.000000000E+00  1.000515100E+01 
      1255  4.135030051E+02  0.000000000E+00  9.999696134E+00 
      1256  4.138131823E+02  0.000000000E+00  9.994866296E+00 
      1257  4.141258902E+02  0.000000000E+00  9.990607850E+00 
      1258  4.144411496E+02  0.000000000E+00  9.986871197E+00 
      1259  4.147589813E+02  0.000000000E+00  9.983610499E+00 
      1260  4.150794062E+02  0.000000000E+00  9.980783424E+00 
      1261  4.154024455E+02  0.000000000E+00  9.978350898E+00 
      1262  4.157281206E+02  0.000000000E+00  9.976276881E+00 
      1263  4.160564529E+02  0.000000000E+00  9.974528157E+00 
      1264  4.163874641E+02  0.000000000E+00  9.973074130E+00 
      1265  4.167211762E+02  0.000000000E+00  9.971886641E+00 
      1266  4.170576110E+02  0.000000000E+00  9.970939795E+00 
      1267  4.173967909E+02  0.000000000E+00  9.970209794E+00 
      1268  4.177387382E+02  0.000000000E+00  9.969674789E+00 
      1269  4.180834756E+02  0.000000000E+00  9.969314734E+00 
      1270  4.184310257E+02  0.000000000E+00  9.969111263E+00 
      1271  4.187814116E+02  0.000000000E+00  9.969047521E+00 
      1272  4.191346563E+02  0.000000000E+00  9.969108106E+00 
      1273  4.194907832E+02  0.000000000E+00  9.969278966E+00 
      1274  4.198498158E+02  0.000000000E+00  9.969547238E+00 
      1275  4.202117779E+02  0.000000000E+00  9.969901189E+00 
      1276  4.205766933E+02  0.000000000E+00  9.970330125E+00 
      1277  4.209445860E+02  0.000000000E+00  9.970824309E+00 
      1278  4.213154806E+02  0.000000000E+00  9.971374886E+00 
      1279  4.216894013E+02  0.000000000E+00  9.971973808E+00 
      1280  4.220663728E+02  0.000000000E+00  9.972613774E+00 
      1281  4.224464202E+02  0.000000000E+00  9.973288166E+00 
      1282  4.228295685E+02  0.000000000E+00  9.973990993E+00 
      1283  4.232158429E+02  0.000000000E+00  9.974716840E+00 
      1284  4.236052691E+02  0.000000000E+00  9.975460818E+00 
      1285  4.239978726E+02  0.000000000E+00  9.976218522E+00 
      1286  4.243936795E+02  0.000000000E+00  9.976985989E+00 
      1287  4.247927158E+02  0.000000000E+00  9.977759656E+00 
      1288  4.251950080E+02  0.000000000E+00  9.978536333E+00 
      1289  4.256005825E+02  0.000000000E+00  9.979313165E+00 
      1290  4.260094662E+02  0.000000000E+00  9.980087604E+00 
      1291  4.264216861E+02  0.000000000E+00  9.980857381E+00 
      1292  4.268372694E+02  0.000000000E+00  9.981620484E+00 
      1293  4.272562434E+02  0.000000000E+00  9.982375133E+00 
      1294  4.276786360E+02  0.000000000E+00  9.983119758E+00 
      1295  4.281044750E+02  0.000000000E+00  9.983852982E+00 
      1296  4.285337884E+02  0.000000000E+00  9.984573603E+00 
      1297  4.289666047E+02  0.000000000E+00  9.985280579E+00 
      1298  4.294029525E+02  0.000000000E+00  9.985973009E+00 
      1299  4.298428605E+02  0.000000000E+00  9.986650126E+00 
      1300  4.302863578E+02  0.000000000E+00  9.987311280E+00 
      1301  4.307334737E+02  0.000000000E+00  9.987955929E+00 
      1302  4.311842377E+02  0.000000000E+00  9.988583629E+00 
      1303  4.316386795E+02  0.000000000E+00  9.989194026E+00 
      1304  4.320968293E+02  0.000000000E+00  9.989786843E+00 
      1305  4.325587172E+02  0.000000000E+00  9.990361878E+00 
      1306  4.330243737E+02  0.000000000E+00  9.990918994E+00 
      1307  4.334938296E+02  0.000000000E+00  9.991458114E+00 
      1308  4.339671159E+02  0.000000000E+00  9.991979213E+00 
      1309  4.344442638E+02  0.000000000E+00  9.992482318E+00 
      1310  4.349253049E+02  0.000000000E+00  9.992967496E+00 
      1311  4.354102708E+02  0.000000000E+00  9.993434857E+00 
      1312  4.358991937E+02  0.000000000E+00  9.993884544E+00 
      1313  4.363921059E+02  0.000000000E+00  9.994316735E+00 
      1314  4.368890398E+02  0.000000000E+00  9.994731635E+00 
      1315  4.373900283E+02  0.000000000E+00  9.995129475E+00 
      1316  4.378951044E+02  0.000000000E+00  9.995510510E+00 
      1317  4.384043016E+02  0.000000000E+00  9.995875016E+00 
      1318  4.389176534E+02  0.000000000E+00  9.996223287E+00 
      1319  4.394351937E+02  0.000000000E+00  9.996555633E+00 
      1320  4.399569568E+02  0.000000000E+00  9.996872380E+00 
      1321  4.404829770E+02  0.000000000E+00  9.997173866E+00 
      1322  4.410132892E+02  0.000000000E+00  9.997460439E+00 
      1323  4.415479282E+02  0.000000000E+00  9.997732459E+00 
      1324  4.420869295E+02  0.000000000E+00  9.997990291E+00 
      1325  4.426303286E+02  0.000000000E+00  9.998234309E+00 
      1326  4.431781614E+02  0.000000000E+00  9.998464893E+00 
      1327  4.437304641E+02  0.000000000E+00  9.998682425E+00 
      1328  4.442872731E+02  0.000000000E+00  9.998887293E+00 
      1329  4.448486253E+02  0.000000000E+00  9.999079886E+00 
      1330  4.454145576E+02  0.000000000E+00  9.999260595E+00 
      1331  4.459851075E+02  0.000000000E+00  9.999429809E+00 
      1332  4.465603126E+02  0.000000000E+00  9.999587920E+00 
      1333  4.471402109E+02  0.000000000E+00  9.999735317E+00 
      1334  4.477248408E+02  0.000000000E+00  9.999872387E+00 
      1335  4.483142407E+02  0.000000000E+00  9.999999514E+00 
      1336  4.489084497E+02  0.000000000E+00  1.000011708E+01 
      1337  4.495075070E+02  0.000000000E+00  1.000022546E+01 
      1338  4.501114521E+02  0.000000000E+00  1.000032503E+01 
      1339  4.507203248E+02  0.000000000E+00  1.000041616E+01 
      1340  4.513341655E+02  0.000000000E+00  1.000049920E+01 
      1341  4.519530147E+02  0.000000000E+00  1.000057452E+01 
      1342  4.525769132E+02  0.000000000E+00  1.000064246E+01 
      1343  4.532059021E+02  0.000000000E+00  1.000070336E+01 
      1344  4.538400232E+02  0.000000000E+00  1.000075755E+01 
      1345  4.544793181E+02  0.000000000E+00  1.000080537E+01 
      1346  4.551238292E+02  0.000000000E+00  1.000084714E+01 
      1347  4.557735990E+02  0.000000000E+00  1.000088315E+01 
      1348  4.564286703E+02  0.000000000E+00  1.000091371E+01 
      1349  4.570890866E+02  0.000000000E+00  1.000093912E+01 
      1350  4.577548913E+02  0.000000000E+00  1.000095965E+01 
      1351  4.584261284E+02  0.000000000E+00  1.000097559E+01 
      1352  4.591028423E+02  0.000000000E+00  1.000098719E+01 
      1353  4.597850777E+02  0.000000000E+00  1.000099472E+01 
      1354  4.604728795E+02  0.000000000E+00  1.000099841E+01 
      1355  4.611662932E+02  0.000000000E+00  1.000099851E+01 
      1356  4.618653647E+02  0.000000000E+00  1.000099524E+01 
      1357  4.625701400E+02  0.000000000E+00  1.000098882E+01 
      1358  4.632806657E+02  0.000000000E+00  1.000097946E+01 
      1359  4.639969887E+02  0.000000000E+00  1.000096736E+01 
      1360  4.647191564E+02  0.000000000E+00  1.000095271E+01 
      1361  4.654472164E+02  0.000000000E+00  1.000093570E+01 
      1362  4.661812167E+02  0.000000000E+00  1.000091649E+01 
      1363  4.669212059E+02  0.000000000E+00  1.000089525E+01 
      1364  4.676672328E+02  0.000000000E+00  1.000087214E+01 
      1365  4.684193468E+02  0.000000000E+00  1.000084730E+01 
      1366  4.691775973E+02  0.000000000E+00  1.000082088E+01 
      1367  4.699420346E+02  0.000000000E+00  1.000079299E+01 
      1368  4.707127091E+02  0.000000000E+00  1.000076375E+01 
      1369  4.714896716E+02  0.000000000E+00  1.000073328E+01 
      1370  4.722729736E+02  0.000000000E+00  1.000070166E+01 
      1371  4.730626666E+02  0.000000000E+00  1.000066897E+01 
      1372  4.738588030E+02  0.000000000E+00  1.000063528E+01 
      1373  4.746614352E+02  0.000000000E+00  1.000060062E+01 
      1374  4.754706162E+02  0.000000000E+00  1.000056501E+01 
      1375  4.762863994E+02  0.000000000E+00  1.000052842E+01 
      1376  4.771088389E+02  0.000000000E+00  1.000049079E+01 
      1377  4.779379887E+02  0.000000000E+00  1.000045198E+01 
      1378  4.787739038E+02  0.000000000E+00  1.000041180E+01 
      1379  4.796166392E+02  0.000000000E+00  1.000036994E+01 
      1380  4.804662507E+02  0.000000000E+00  1.000032594E+01 
      1381  4.813227944E+02  0.000000000E+00  1.000027917E+01 
      1382  4.821863268E+02  0.000000000E+00  1.000022873E+01 
      1383  4.830569049E+02  0.000000000E+00  1.000017338E+01 
      1384  4.839345862E+02  0.000000000E+00  1.000011141E+01 
      1385  4.848194287E+02  0.000000000E+00  1.000004047E+01 
      1386  4.857114908E+02  0.000000000E+00  9.999957317E+00 
      1387  4.866108314E+02  0.000000000E+00  9.999857502E+00 
      1388  4.875175099E+02  0.000000000E+00  9.999734917E+00 
      1389  4.884315862E+02  0.000000000E+00  9.999581162E+00 
      1390  4.893531206E+02  0.000000000E+00  9.999384669E+00 
      1391  4.902821741E+02  0.000000000E+00  9.999129490E+00 
      1392  4.912188078E+02  0.000000000E+00  9.998793591E+00 
      1393  4.921630837E+02  0.000000000E+00  9.998346478E+00 
      1394  4.931150642E+02  0.000000000E+00  9.997745855E+00 
      1395  4.940748120E+02  0.000000000E+00  9.996932931E+00 
      1396  4.950423907E+02  0.000000000E+00  9.995825814E+00 
      1397  4.960178639E+02  0.000000000E+00  9.994310111E+00 
      1398  4.970012963E+02  0.000000000E+00  9.992235120E+00 
      1399  4.979927527E+02  0.000000000E+00  9.987854941E+00 
      1400  4.989922986E+02  0.000000000E+00  9.982032543E+00 
      1401  5.000000000E+02  0.000000000E+00  9.979390926E+00 
