nodenumber     x-coordinate     y-coordinate           udm-11 
         1  0.000000000E+00  0.000000000E+00  1.000294807E+01 
         2  1.007701384E+00  0.000000000E+00  1.000276893E+01 
         3  2.007247274E+00  0.000000000E+00  1.000096599E+01 
         4  2.998703673E+00  0.000000000E+00  9.999354037E+00 
         5  3.982136051E+00  0.000000000E+00  9.999330866E+00 
         6  4.957609346E+00  0.000000000E+00  9.999276138E+00 
         7  5.925187975E+00  0.000000000E+00  9.999207507E+00 
         8  6.884935829E+00  0.000000000E+00  9.999129339E+00 
         9  7.836916284E+00  0.000000000E+00  9.999044623E+00 
        10  8.781192203E+00  0.000000000E+00  9.998955359E+00 
        11  9.717825941E+00  0.000000000E+00  9.998862868E+00 
        12  1.064687935E+01  0.000000000E+00  9.998768020E+00 
        13  1.156841377E+01  0.000000000E+00  9.998671375E+00 
        14  1.248249006E+01  0.000000000E+00  9.998573294E+00 
        15  1.338916858E+01  0.000000000E+00  9.998474009E+00 
        16  1.428850920E+01  0.000000000E+00  9.998373669E+00 
        17  1.518057130E+01  0.000000000E+00  9.998272373E+00 
        18  1.606541380E+01  0.000000000E+00  9.998170192E+00 
        19  1.694309512E+01  0.000000000E+00  9.998067185E+00 
        20  1.781367322E+01  0.000000000E+00  9.997963402E+00 
        21  1.867720559E+01  0.000000000E+00  9.997858892E+00 
        22  1.953374925E+01  0.000000000E+00  9.997753706E+00 
        23  2.038336076E+01  0.000000000E+00  9.997647895E+00 
        24  2.122609622E+01  0.000000000E+00  9.997541514E+00 
        25  2.206201128E+01  0.000000000E+00  9.997434617E+00 
        26  2.289116114E+01  0.000000000E+00  9.997327260E+00 
        27  2.371360056E+01  0.000000000E+00  9.997219496E+00 
        28  2.452938383E+01  0.000000000E+00  9.997111379E+00 
        29  2.533856484E+01  0.000000000E+00  9.997002961E+00 
        30  2.614119701E+01  0.000000000E+00  9.996894290E+00 
        31  2.693733335E+01  0.000000000E+00  9.996785411E+00 
        32  2.772702642E+01  0.000000000E+00  9.996676369E+00 
        33  2.851032837E+01  0.000000000E+00  9.996567201E+00 
        34  2.928729093E+01  0.000000000E+00  9.996457943E+00 
        35  3.005796541E+01  0.000000000E+00  9.996348628E+00 
        36  3.082240268E+01  0.000000000E+00  9.996239285E+00 
        37  3.158065324E+01  0.000000000E+00  9.996129940E+00 
        38  3.233276716E+01  0.000000000E+00  9.996020614E+00 
        39  3.307879409E+01  0.000000000E+00  9.995911329E+00 
        40  3.381878330E+01  0.000000000E+00  9.995802100E+00 
        41  3.455278365E+01  0.000000000E+00  9.995692942E+00 
        42  3.528084362E+01  0.000000000E+00  9.995583866E+00 
        43  3.600301127E+01  0.000000000E+00  9.995474879E+00 
        44  3.671933431E+01  0.000000000E+00  9.995365988E+00 
        45  3.742986002E+01  0.000000000E+00  9.995257195E+00 
        46  3.813463533E+01  0.000000000E+00  9.995148500E+00 
        47  3.883370678E+01  0.000000000E+00  9.995039900E+00 
        48  3.952712052E+01  0.000000000E+00  9.994931388E+00 
        49  4.021492235E+01  0.000000000E+00  9.994822954E+00 
        50  4.089715769E+01  0.000000000E+00  9.994714585E+00 
        51  4.157387159E+01  0.000000000E+00  9.994606263E+00 
        52  4.224510872E+01  0.000000000E+00  9.994497966E+00 
        53  4.291091342E+01  0.000000000E+00  9.994389666E+00 
        54  4.357132966E+01  0.000000000E+00  9.994281334E+00 
        55  4.422640104E+01  0.000000000E+00  9.994172930E+00 
        56  4.487617081E+01  0.000000000E+00  9.994064412E+00 
        57  4.552068189E+01  0.000000000E+00  9.993955731E+00 
        58  4.615997684E+01  0.000000000E+00  9.993846831E+00 
        59  4.679409786E+01  0.000000000E+00  9.993737650E+00 
        60  4.742308684E+01  0.000000000E+00  9.993628116E+00 
        61  4.804698530E+01  0.000000000E+00  9.993518152E+00 
        62  4.866583446E+01  0.000000000E+00  9.993407672E+00 
        63  4.927967516E+01  0.000000000E+00  9.993296582E+00 
        64  4.988854795E+01  0.000000000E+00  9.993184778E+00 
        65  5.049249303E+01  0.000000000E+00  9.993072148E+00 
        66  5.109155028E+01  0.000000000E+00  9.992958572E+00 
        67  5.168575926E+01  0.000000000E+00  9.992843919E+00 
        68  5.227515921E+01  0.000000000E+00  9.992728050E+00 
        69  5.285978905E+01  0.000000000E+00  9.992610815E+00 
        70  5.343968738E+01  0.000000000E+00  9.992492058E+00 
        71  5.401489250E+01  0.000000000E+00  9.992371609E+00 
        72  5.458544238E+01  0.000000000E+00  9.992249295E+00 
        73  5.515137472E+01  0.000000000E+00  9.992124928E+00 
        74  5.571272686E+01  0.000000000E+00  9.991998317E+00 
        75  5.626953590E+01  0.000000000E+00  9.991869259E+00 
        76  5.682183858E+01  0.000000000E+00  9.991737545E+00 
        77  5.736967139E+01  0.000000000E+00  9.991602959E+00 
        78  5.791307049E+01  0.000000000E+00  9.991465277E+00 
        79  5.845207178E+01  0.000000000E+00  9.991324269E+00 
        80  5.898671083E+01  0.000000000E+00  9.991179699E+00 
        81  5.951702297E+01  0.000000000E+00  9.991031327E+00 
        82  6.004304320E+01  0.000000000E+00  9.990878907E+00 
        83  6.056480627E+01  0.000000000E+00  9.990722189E+00 
        84  6.108234661E+01  0.000000000E+00  9.990560920E+00 
        85  6.159569842E+01  0.000000000E+00  9.990394842E+00 
        86  6.210489559E+01  0.000000000E+00  9.990223696E+00 
        87  6.260997174E+01  0.000000000E+00  9.990047221E+00 
        88  6.311096022E+01  0.000000000E+00  9.989865150E+00 
        89  6.360789412E+01  0.000000000E+00  9.989677218E+00 
        90  6.410080625E+01  0.000000000E+00  9.989483156E+00 
        91  6.458972916E+01  0.000000000E+00  9.989282694E+00 
        92  6.507469514E+01  0.000000000E+00  9.989075557E+00 
        93  6.555573621E+01  0.000000000E+00  9.988861470E+00 
        94  6.603288413E+01  0.000000000E+00  9.988640152E+00 
        95  6.650617042E+01  0.000000000E+00  9.988411320E+00 
        96  6.697562632E+01  0.000000000E+00  9.988174682E+00 
        97  6.744128283E+01  0.000000000E+00  9.987929943E+00 
        98  6.790317071E+01  0.000000000E+00  9.987676797E+00 
        99  6.836132046E+01  0.000000000E+00  9.987414928E+00 
       100  6.881576232E+01  0.000000000E+00  9.987144007E+00 
       101  6.926652631E+01  0.000000000E+00  9.986863689E+00 
       102  6.971364219E+01  0.000000000E+00  9.986573614E+00 
       103  7.015713949E+01  0.000000000E+00  9.986273395E+00 
       104  7.059704749E+01  0.000000000E+00  9.985962623E+00 
       105  7.103339524E+01  0.000000000E+00  9.985640860E+00 
       106  7.146621156E+01  0.000000000E+00  9.985307629E+00 
       107  7.189552503E+01  0.000000000E+00  9.984962418E+00 
       108  7.232136399E+01  0.000000000E+00  9.984604667E+00 
       109  7.274375656E+01  0.000000000E+00  9.984233765E+00 
       110  7.316273064E+01  0.000000000E+00  9.983849041E+00 
       111  7.357831389E+01  0.000000000E+00  9.983449758E+00 
       112  7.399053376E+01  0.000000000E+00  9.983035104E+00 
       113  7.439941746E+01  0.000000000E+00  9.982604183E+00 
       114  7.480499201E+01  0.000000000E+00  9.982156005E+00 
       115  7.520728416E+01  0.000000000E+00  9.981689476E+00 
       116  7.560632051E+01  0.000000000E+00  9.981203383E+00 
       117  7.600212738E+01  0.000000000E+00  9.980696387E+00 
       118  7.639473092E+01  0.000000000E+00  9.980167003E+00 
       119  7.678415706E+01  0.000000000E+00  9.979613590E+00 
       120  7.717043151E+01  0.000000000E+00  9.979034331E+00 
       121  7.755357977E+01  0.000000000E+00  9.978427220E+00 
       122  7.793362715E+01  0.000000000E+00  9.977790037E+00 
       123  7.831059875E+01  0.000000000E+00  9.977120333E+00 
       124  7.868451945E+01  0.000000000E+00  9.976415406E+00 
       125  7.905541395E+01  0.000000000E+00  9.975672275E+00 
       126  7.942330674E+01  0.000000000E+00  9.974887660E+00 
       127  7.978822211E+01  0.000000000E+00  9.974057946E+00 
       128  8.015018416E+01  0.000000000E+00  9.973179162E+00 
       129  8.050921679E+01  0.000000000E+00  9.972246943E+00 
       130  8.086534371E+01  0.000000000E+00  9.971256495E+00 
       131  8.121858844E+01  0.000000000E+00  9.970202564E+00 
       132  8.156897429E+01  0.000000000E+00  9.969079389E+00 
       133  8.191652442E+01  0.000000000E+00  9.967880664E+00 
       134  8.226126177E+01  0.000000000E+00  9.966599490E+00 
       135  8.260320909E+01  0.000000000E+00  9.965228325E+00 
       136  8.294238899E+01  0.000000000E+00  9.963758934E+00 
       137  8.327882384E+01  0.000000000E+00  9.962182330E+00 
       138  8.361253587E+01  0.000000000E+00  9.960488715E+00 
       139  8.394354712E+01  0.000000000E+00  9.958667416E+00 
       140  8.427187943E+01  0.000000000E+00  9.956706815E+00 
       141  8.459755450E+01  0.000000000E+00  9.954594277E+00 
       142  8.492059382E+01  0.000000000E+00  9.952316075E+00 
       143  8.524101873E+01  0.000000000E+00  9.949857301E+00 
       144  8.555885039E+01  0.000000000E+00  9.947201786E+00 
       145  8.587410979E+01  0.000000000E+00  9.944332002E+00 
       146  8.618681774E+01  0.000000000E+00  9.941228968E+00 
       147  8.649699489E+01  0.000000000E+00  9.937872142E+00 
       148  8.680466173E+01  0.000000000E+00  9.934239317E+00 
       149  8.710983857E+01  0.000000000E+00  9.930306504E+00 
       150  8.741254556E+01  0.000000000E+00  9.926047812E+00 
       151  8.771280270E+01  0.000000000E+00  9.921435321E+00 
       152  8.801062980E+01  0.000000000E+00  9.916438950E+00 
       153  8.830604654E+01  0.000000000E+00  9.911026322E+00 
       154  8.859907242E+01  0.000000000E+00  9.905162618E+00 
       155  8.888972679E+01  0.000000000E+00  9.898810429E+00 
       156  8.917802885E+01  0.000000000E+00  9.891929601E+00 
       157  8.946399764E+01  0.000000000E+00  9.884477076E+00 
       158  8.974765203E+01  0.000000000E+00  9.876406733E+00 
       159  9.002901076E+01  0.000000000E+00  9.867669214E+00 
       160  9.030809241E+01  0.000000000E+00  9.858211755E+00 
       161  9.058491540E+01  0.000000000E+00  9.847978019E+00 
       162  9.085949802E+01  0.000000000E+00  9.836907912E+00 
       163  9.113185839E+01  0.000000000E+00  9.824937417E+00 
       164  9.140201451E+01  0.000000000E+00  9.811998415E+00 
       165  9.166998421E+01  0.000000000E+00  9.798018521E+00 
       166  9.193578518E+01  0.000000000E+00  9.782920911E+00 
       167  9.219943499E+01  0.000000000E+00  9.766624168E+00 
       168  9.246095103E+01  0.000000000E+00  9.749042125E+00 
       169  9.272035058E+01  0.000000000E+00  9.730083440E+00 
       170  9.297765077E+01  0.000000000E+00  9.709653494E+00 
       171  9.323286858E+01  0.000000000E+00  9.687652709E+00 
       172  9.348602087E+01  0.000000000E+00  9.663972311E+00 
       173  9.373712436E+01  0.000000000E+00  9.637965806E+00 
       174  9.398619563E+01  0.000000000E+00  9.609885280E+00 
       175  9.423325112E+01  0.000000000E+00  9.580072023E+00 
       176  9.447830715E+01  0.000000000E+00  9.574287220E+00 
       177  9.472137990E+01  0.000000000E+00  9.566626951E+00 
       178  9.496248543E+01  0.000000000E+00  9.532977715E+00 
       179  9.520163964E+01  0.000000000E+00  9.494804611E+00 
       180  9.543885834E+01  0.000000000E+00  9.447274501E+00 
       181  9.567415720E+01  0.000000000E+00  9.398749582E+00 
       182  9.590755173E+01  0.000000000E+00  9.353317623E+00 
       183  9.613905737E+01  0.000000000E+00  9.306215145E+00 
       184  9.636868940E+01  0.000000000E+00  9.255964198E+00 
       185  9.659646297E+01  0.000000000E+00  9.202401707E+00 
       186  9.682239314E+01  0.000000000E+00  9.145361982E+00 
       187  9.704649481E+01  0.000000000E+00  9.082550567E+00 
       188  9.726878279E+01  0.000000000E+00  9.015778707E+00 
       189  9.748927176E+01  0.000000000E+00  8.944693945E+00 
       190  9.770797628E+01  0.000000000E+00  8.869285206E+00 
       191  9.792491078E+01  0.000000000E+00  8.789197792E+00 
       192  9.814008960E+01  0.000000000E+00  8.704426815E+00 
       193  9.835352693E+01  0.000000000E+00  8.617166500E+00 
       194  9.856523689E+01  0.000000000E+00  8.525031037E+00 
       195  9.877523344E+01  0.000000000E+00  8.431011342E+00 
       196  9.898353045E+01  0.000000000E+00  8.332000889E+00 
       197  9.919014168E+01  0.000000000E+00  8.224780212E+00 
       198  9.939508077E+01  0.000000000E+00  8.112150732E+00 
       199  9.959836126E+01  0.000000000E+00  7.994007688E+00 
       200  9.979999657E+01  0.000000000E+00  7.870173514E+00 
       201  1.000000000E+02  0.000000000E+00  8.238406896E+00 
       202  1.002500000E+02  0.000000000E+00  8.769978818E+00 
       203  1.005000000E+02  0.000000000E+00  8.761409670E+00 
       204  1.007500000E+02  0.000000000E+00  8.762754312E+00 
       205  1.010000000E+02  0.000000000E+00  8.769708960E+00 
       206  1.012500000E+02  0.000000000E+00  8.780683347E+00 
       207  1.015000000E+02  0.000000000E+00  8.794629108E+00 
       208  1.017500000E+02  0.000000000E+00  8.810805289E+00 
       209  1.020000000E+02  0.000000000E+00  8.828663576E+00 
       210  1.022500000E+02  0.000000000E+00  8.847785413E+00 
       211  1.025000000E+02  0.000000000E+00  8.867844309E+00 
       212  1.027500000E+02  0.000000000E+00  8.888581621E+00 
       213  1.030000000E+02  0.000000000E+00  8.909790152E+00 
       214  1.032500000E+02  0.000000000E+00  8.931302583E+00 
       215  1.035000000E+02  0.000000000E+00  8.952983046E+00 
       216  1.037500000E+02  0.000000000E+00  8.974720815E+00 
       217  1.040000000E+02  0.000000000E+00  8.996425491E+00 
       218  1.042500000E+02  0.000000000E+00  9.018023261E+00 
       219  1.045000000E+02  0.000000000E+00  9.039453937E+00 
       220  1.047500000E+02  0.000000000E+00  9.060668603E+00 
       221  1.050000000E+02  0.000000000E+00  9.081627700E+00 
       222  1.052500000E+02  0.000000000E+00  9.102299480E+00 
       223  1.055000000E+02  0.000000000E+00  9.122658728E+00 
       224  1.057500000E+02  0.000000000E+00  9.142685705E+00 
       225  1.060000000E+02  0.000000000E+00  9.162365278E+00 
       226  1.062500000E+02  0.000000000E+00  9.181686179E+00 
       227  1.065000000E+02  0.000000000E+00  9.200640395E+00 
       228  1.067500000E+02  0.000000000E+00  9.219222651E+00 
       229  1.070000000E+02  0.000000000E+00  9.237429966E+00 
       230  1.072500000E+02  0.000000000E+00  9.255261288E+00 
       231  1.075000000E+02  0.000000000E+00  9.272717178E+00 
       232  1.077500000E+02  0.000000000E+00  9.289799536E+00 
       233  1.080000000E+02  0.000000000E+00  9.306511381E+00 
       234  1.082500000E+02  0.000000000E+00  9.322856650E+00 
       235  1.085000000E+02  0.000000000E+00  9.338840033E+00 
       236  1.087500000E+02  0.000000000E+00  9.354466832E+00 
       237  1.090000000E+02  0.000000000E+00  9.369742837E+00 
       238  1.092500000E+02  0.000000000E+00  9.384674226E+00 
       239  1.095000000E+02  0.000000000E+00  9.399267473E+00 
       240  1.097500000E+02  0.000000000E+00  9.413529270E+00 
       241  1.100000000E+02  0.000000000E+00  9.427466472E+00 
       242  1.102500000E+02  0.000000000E+00  9.441086030E+00 
       243  1.105000000E+02  0.000000000E+00  9.454394954E+00 
       244  1.107500000E+02  0.000000000E+00  9.467400268E+00 
       245  1.110000000E+02  0.000000000E+00  9.480108979E+00 
       246  1.112500000E+02  0.000000000E+00  9.492528049E+00 
       247  1.115000000E+02  0.000000000E+00  9.504664371E+00 
       248  1.117500000E+02  0.000000000E+00  9.516524749E+00 
       249  1.120000000E+02  0.000000000E+00  9.528115883E+00 
       250  1.122500000E+02  0.000000000E+00  9.539444357E+00 
       251  1.125000000E+02  0.000000000E+00  9.550516625E+00 
       252  1.127500000E+02  0.000000000E+00  9.561339007E+00 
       253  1.130000000E+02  0.000000000E+00  9.571917679E+00 
       254  1.132500000E+02  0.000000000E+00  9.582258670E+00 
       255  1.135000000E+02  0.000000000E+00  9.592367860E+00 
       256  1.137500000E+02  0.000000000E+00  9.602250975E+00 
       257  1.140000000E+02  0.000000000E+00  9.611913587E+00 
       258  1.142500000E+02  0.000000000E+00  9.621361115E+00 
       259  1.145000000E+02  0.000000000E+00  9.630598824E+00 
       260  1.147500000E+02  0.000000000E+00  9.639631828E+00 
       261  1.150000000E+02  0.000000000E+00  9.648465088E+00 
       262  1.152500000E+02  0.000000000E+00  9.657103421E+00 
       263  1.155000000E+02  0.000000000E+00  9.665551494E+00 
       264  1.157500000E+02  0.000000000E+00  9.673813834E+00 
       265  1.160000000E+02  0.000000000E+00  9.681894829E+00 
       266  1.162500000E+02  0.000000000E+00  9.689798729E+00 
       267  1.165000000E+02  0.000000000E+00  9.697529652E+00 
       268  1.167500000E+02  0.000000000E+00  9.705091590E+00 
       269  1.170000000E+02  0.000000000E+00  9.712488405E+00 
       270  1.172500000E+02  0.000000000E+00  9.719723842E+00 
       271  1.175000000E+02  0.000000000E+00  9.726801527E+00 
       272  1.177500000E+02  0.000000000E+00  9.733724973E+00 
       273  1.180000000E+02  0.000000000E+00  9.740497582E+00 
       274  1.182500000E+02  0.000000000E+00  9.747122654E+00 
       275  1.185000000E+02  0.000000000E+00  9.753603382E+00 
       276  1.187500000E+02  0.000000000E+00  9.759942866E+00 
       277  1.190000000E+02  0.000000000E+00  9.766144109E+00 
       278  1.192500000E+02  0.000000000E+00  9.772210024E+00 
       279  1.195000000E+02  0.000000000E+00  9.778143436E+00 
       280  1.197500000E+02  0.000000000E+00  9.783947089E+00 
       281  1.200000000E+02  0.000000000E+00  9.789623645E+00 
       282  1.202500000E+02  0.000000000E+00  9.795175689E+00 
       283  1.205000000E+02  0.000000000E+00  9.800605734E+00 
       284  1.207500000E+02  0.000000000E+00  9.805916222E+00 
       285  1.210000000E+02  0.000000000E+00  9.811109527E+00 
       286  1.212500000E+02  0.000000000E+00  9.816187960E+00 
       287  1.215000000E+02  0.000000000E+00  9.821153769E+00 
       288  1.217500000E+02  0.000000000E+00  9.826009145E+00 
       289  1.220000000E+02  0.000000000E+00  9.830756221E+00 
       290  1.222500000E+02  0.000000000E+00  9.835397077E+00 
       291  1.225000000E+02  0.000000000E+00  9.839933743E+00 
       292  1.227500000E+02  0.000000000E+00  9.844368199E+00 
       293  1.230000000E+02  0.000000000E+00  9.848702378E+00 
       294  1.232500000E+02  0.000000000E+00  9.852938169E+00 
       295  1.235000000E+02  0.000000000E+00  9.857077420E+00 
       296  1.237500000E+02  0.000000000E+00  9.861121935E+00 
       297  1.240000000E+02  0.000000000E+00  9.865073483E+00 
       298  1.242500000E+02  0.000000000E+00  9.868933793E+00 
       299  1.245000000E+02  0.000000000E+00  9.872704561E+00 
       300  1.247500000E+02  0.000000000E+00  9.876387448E+00 
       301  1.250000000E+02  0.000000000E+00  9.879984083E+00 
       302  1.252500000E+02  0.000000000E+00  9.883496064E+00 
       303  1.255000000E+02  0.000000000E+00  9.886924960E+00 
       304  1.257500000E+02  0.000000000E+00  9.890272311E+00 
       305  1.260000000E+02  0.000000000E+00  9.893539631E+00 
       306  1.262500000E+02  0.000000000E+00  9.896728407E+00 
       307  1.265000000E+02  0.000000000E+00  9.899840100E+00 
       308  1.267500000E+02  0.000000000E+00  9.902876150E+00 
       309  1.270000000E+02  0.000000000E+00  9.905837971E+00 
       310  1.272500000E+02  0.000000000E+00  9.908726956E+00 
       311  1.275000000E+02  0.000000000E+00  9.911544477E+00 
       312  1.277500000E+02  0.000000000E+00  9.914291884E+00 
       313  1.280000000E+02  0.000000000E+00  9.916970507E+00 
       314  1.282500000E+02  0.000000000E+00  9.919581658E+00 
       315  1.285000000E+02  0.000000000E+00  9.922126627E+00 
       316  1.287500000E+02  0.000000000E+00  9.924606690E+00 
       317  1.290000000E+02  0.000000000E+00  9.927023101E+00 
       318  1.292500000E+02  0.000000000E+00  9.929377099E+00 
       319  1.295000000E+02  0.000000000E+00  9.931669905E+00 
       320  1.297500000E+02  0.000000000E+00  9.933902723E+00 
       321  1.300000000E+02  0.000000000E+00  9.936076741E+00 
       322  1.302500000E+02  0.000000000E+00  9.938193131E+00 
       323  1.305000000E+02  0.000000000E+00  9.940253049E+00 
       324  1.307500000E+02  0.000000000E+00  9.942257636E+00 
       325  1.310000000E+02  0.000000000E+00  9.944208016E+00 
       326  1.312500000E+02  0.000000000E+00  9.946105299E+00 
       327  1.315000000E+02  0.000000000E+00  9.947950580E+00 
       328  1.317500000E+02  0.000000000E+00  9.949744939E+00 
       329  1.320000000E+02  0.000000000E+00  9.951489441E+00 
       330  1.322500000E+02  0.000000000E+00  9.953185136E+00 
       331  1.325000000E+02  0.000000000E+00  9.954833060E+00 
       332  1.327500000E+02  0.000000000E+00  9.956434235E+00 
       333  1.330000000E+02  0.000000000E+00  9.957989666E+00 
       334  1.332500000E+02  0.000000000E+00  9.959500347E+00 
       335  1.335000000E+02  0.000000000E+00  9.960967256E+00 
       336  1.337500000E+02  0.000000000E+00  9.962391355E+00 
       337  1.340000000E+02  0.000000000E+00  9.963773595E+00 
       338  1.342500000E+02  0.000000000E+00  9.965114909E+00 
       339  1.345000000E+02  0.000000000E+00  9.966416220E+00 
       340  1.347500000E+02  0.000000000E+00  9.967678432E+00 
       341  1.350000000E+02  0.000000000E+00  9.968902437E+00 
       342  1.352500000E+02  0.000000000E+00  9.970089113E+00 
       343  1.355000000E+02  0.000000000E+00  9.971239324E+00 
       344  1.357500000E+02  0.000000000E+00  9.972353917E+00 
       345  1.360000000E+02  0.000000000E+00  9.973433726E+00 
       346  1.362500000E+02  0.000000000E+00  9.974479571E+00 
       347  1.365000000E+02  0.000000000E+00  9.975492258E+00 
       348  1.367500000E+02  0.000000000E+00  9.976472576E+00 
       349  1.370000000E+02  0.000000000E+00  9.977421303E+00 
       350  1.372500000E+02  0.000000000E+00  9.978339198E+00 
       351  1.375000000E+02  0.000000000E+00  9.979227010E+00 
       352  1.377500000E+02  0.000000000E+00  9.980085469E+00 
       353  1.380000000E+02  0.000000000E+00  9.980915294E+00 
       354  1.382500000E+02  0.000000000E+00  9.981717186E+00 
       355  1.385000000E+02  0.000000000E+00  9.982491835E+00 
       356  1.387500000E+02  0.000000000E+00  9.983239914E+00 
       357  1.390000000E+02  0.000000000E+00  9.983962080E+00 
       358  1.392500000E+02  0.000000000E+00  9.984658977E+00 
       359  1.395000000E+02  0.000000000E+00  9.985331234E+00 
       360  1.397500000E+02  0.000000000E+00  9.985979466E+00 
       361  1.400000000E+02  0.000000000E+00  9.986604271E+00 
       362  1.402500000E+02  0.000000000E+00  9.987206234E+00 
       363  1.405000000E+02  0.000000000E+00  9.987785923E+00 
       364  1.407500000E+02  0.000000000E+00  9.988343895E+00 
       365  1.410000000E+02  0.000000000E+00  9.988880687E+00 
       366  1.412500000E+02  0.000000000E+00  9.989396826E+00 
       367  1.415000000E+02  0.000000000E+00  9.989892821E+00 
       368  1.417500000E+02  0.000000000E+00  9.990369167E+00 
       369  1.420000000E+02  0.000000000E+00  9.990826344E+00 
       370  1.422500000E+02  0.000000000E+00  9.991264817E+00 
       371  1.425000000E+02  0.000000000E+00  9.991685037E+00 
       372  1.427500000E+02  0.000000000E+00  9.992087440E+00 
       373  1.430000000E+02  0.000000000E+00  9.992472445E+00 
       374  1.432500000E+02  0.000000000E+00  9.992840459E+00 
       375  1.435000000E+02  0.000000000E+00  9.993191871E+00 
       376  1.437500000E+02  0.000000000E+00  9.993527059E+00 
       377  1.440000000E+02  0.000000000E+00  9.993846383E+00 
       378  1.442500000E+02  0.000000000E+00  9.994150189E+00 
       379  1.445000000E+02  0.000000000E+00  9.994438808E+00 
       380  1.447500000E+02  0.000000000E+00  9.994712556E+00 
       381  1.450000000E+02  0.000000000E+00  9.994971736E+00 
       382  1.452500000E+02  0.000000000E+00  9.995216632E+00 
       383  1.455000000E+02  0.000000000E+00  9.995447517E+00 
       384  1.457500000E+02  0.000000000E+00  9.995664646E+00 
       385  1.460000000E+02  0.000000000E+00  9.995868262E+00 
       386  1.462500000E+02  0.000000000E+00  9.996058591E+00 
       387  1.465000000E+02  0.000000000E+00  9.996235843E+00 
       388  1.467500000E+02  0.000000000E+00  9.996400216E+00 
       389  1.470000000E+02  0.000000000E+00  9.996551890E+00 
       390  1.472500000E+02  0.000000000E+00  9.996691032E+00 
       391  1.475000000E+02  0.000000000E+00  9.996817791E+00 
       392  1.477500000E+02  0.000000000E+00  9.996932305E+00 
       393  1.480000000E+02  0.000000000E+00  9.997034692E+00 
       394  1.482500000E+02  0.000000000E+00  9.997125057E+00 
       395  1.485000000E+02  0.000000000E+00  9.997203490E+00 
       396  1.487500000E+02  0.000000000E+00  9.997270065E+00 
       397  1.490000000E+02  0.000000000E+00  9.997324839E+00 
       398  1.492500000E+02  0.000000000E+00  9.997367854E+00 
       399  1.495000000E+02  0.000000000E+00  9.997399138E+00 
       400  1.497500000E+02  0.000000000E+00  9.997418701E+00 
       401  1.500000000E+02  0.000000000E+00  9.997426536E+00 
       402  1.502500000E+02  0.000000000E+00  9.997422623E+00 
       403  1.505000000E+02  0.000000000E+00  9.997406923E+00 
       404  1.507500000E+02  0.000000000E+00  9.997379382E+00 
       405  1.510000000E+02  0.000000000E+00  9.997339927E+00 
       406  1.512500000E+02  0.000000000E+00  9.997288473E+00 
       407  1.515000000E+02  0.000000000E+00  9.997224912E+00 
       408  1.517500000E+02  0.000000000E+00  9.997149123E+00 
       409  1.520000000E+02  0.000000000E+00  9.997060966E+00 
       410  1.522500000E+02  0.000000000E+00  9.996960284E+00 
       411  1.525000000E+02  0.000000000E+00  9.996846903E+00 
       412  1.527500000E+02  0.000000000E+00  9.996720628E+00 
       413  1.530000000E+02  0.000000000E+00  9.996581249E+00 
       414  1.532500000E+02  0.000000000E+00  9.996428535E+00 
       415  1.535000000E+02  0.000000000E+00  9.996262239E+00 
       416  1.537500000E+02  0.000000000E+00  9.996082092E+00 
       417  1.540000000E+02  0.000000000E+00  9.995887808E+00 
       418  1.542500000E+02  0.000000000E+00  9.995679079E+00 
       419  1.545000000E+02  0.000000000E+00  9.995455579E+00 
       420  1.547500000E+02  0.000000000E+00  9.995216962E+00 
       421  1.550000000E+02  0.000000000E+00  9.994962858E+00 
       422  1.552500000E+02  0.000000000E+00  9.994692880E+00 
       423  1.555000000E+02  0.000000000E+00  9.994406618E+00 
       424  1.557500000E+02  0.000000000E+00  9.994103640E+00 
       425  1.560000000E+02  0.000000000E+00  9.993783492E+00 
       426  1.562500000E+02  0.000000000E+00  9.993445698E+00 
       427  1.565000000E+02  0.000000000E+00  9.993089758E+00 
       428  1.567500000E+02  0.000000000E+00  9.992715150E+00 
       429  1.570000000E+02  0.000000000E+00  9.992321327E+00 
       430  1.572500000E+02  0.000000000E+00  9.991907718E+00 
       431  1.575000000E+02  0.000000000E+00  9.991473728E+00 
       432  1.577500000E+02  0.000000000E+00  9.991018735E+00 
       433  1.580000000E+02  0.000000000E+00  9.990542094E+00 
       434  1.582500000E+02  0.000000000E+00  9.990043130E+00 
       435  1.585000000E+02  0.000000000E+00  9.989521144E+00 
       436  1.587500000E+02  0.000000000E+00  9.988975409E+00 
       437  1.590000000E+02  0.000000000E+00  9.988405170E+00 
       438  1.592500000E+02  0.000000000E+00  9.987809643E+00 
       439  1.595000000E+02  0.000000000E+00  9.987188016E+00 
       440  1.597500000E+02  0.000000000E+00  9.986539446E+00 
       441  1.600000000E+02  0.000000000E+00  9.985863061E+00 
       442  1.602500000E+02  0.000000000E+00  9.985157956E+00 
       443  1.605000000E+02  0.000000000E+00  9.984423196E+00 
       444  1.607500000E+02  0.000000000E+00  9.983657815E+00 
       445  1.610000000E+02  0.000000000E+00  9.982860811E+00 
       446  1.612500000E+02  0.000000000E+00  9.982031150E+00 
       447  1.615000000E+02  0.000000000E+00  9.981167765E+00 
       448  1.617500000E+02  0.000000000E+00  9.980269551E+00 
       449  1.620000000E+02  0.000000000E+00  9.979335370E+00 
       450  1.622500000E+02  0.000000000E+00  9.978364046E+00 
       451  1.625000000E+02  0.000000000E+00  9.977354366E+00 
       452  1.627500000E+02  0.000000000E+00  9.976305078E+00 
       453  1.630000000E+02  0.000000000E+00  9.975214895E+00 
       454  1.632500000E+02  0.000000000E+00  9.974082485E+00 
       455  1.635000000E+02  0.000000000E+00  9.972906479E+00 
       456  1.637500000E+02  0.000000000E+00  9.971685467E+00 
       457  1.640000000E+02  0.000000000E+00  9.970417996E+00 
       458  1.642500000E+02  0.000000000E+00  9.969102569E+00 
       459  1.645000000E+02  0.000000000E+00  9.967737648E+00 
       460  1.647500000E+02  0.000000000E+00  9.966321648E+00 
       461  1.650000000E+02  0.000000000E+00  9.964852940E+00 
       462  1.652500000E+02  0.000000000E+00  9.963329847E+00 
       463  1.655000000E+02  0.000000000E+00  9.961750648E+00 
       464  1.657500000E+02  0.000000000E+00  9.960113571E+00 
       465  1.660000000E+02  0.000000000E+00  9.958416795E+00 
       466  1.662500000E+02  0.000000000E+00  9.956658452E+00 
       467  1.665000000E+02  0.000000000E+00  9.954836620E+00 
       468  1.667500000E+02  0.000000000E+00  9.952949326E+00 
       469  1.670000000E+02  0.000000000E+00  9.950994547E+00 
       470  1.672500000E+02  0.000000000E+00  9.948970203E+00 
       471  1.675000000E+02  0.000000000E+00  9.946874160E+00 
       472  1.677500000E+02  0.000000000E+00  9.944704232E+00 
       473  1.680000000E+02  0.000000000E+00  9.942458171E+00 
       474  1.682500000E+02  0.000000000E+00  9.940133677E+00 
       475  1.685000000E+02  0.000000000E+00  9.937728389E+00 
       476  1.687500000E+02  0.000000000E+00  9.935239887E+00 
       477  1.690000000E+02  0.000000000E+00  9.932665691E+00 
       478  1.692500000E+02  0.000000000E+00  9.930003260E+00 
       479  1.695000000E+02  0.000000000E+00  9.927249992E+00 
       480  1.697500000E+02  0.000000000E+00  9.924403220E+00 
       481  1.700000000E+02  0.000000000E+00  9.921460215E+00 
       482  1.702500000E+02  0.000000000E+00  9.918418182E+00 
       483  1.705000000E+02  0.000000000E+00  9.915274261E+00 
       484  1.707500000E+02  0.000000000E+00  9.912025525E+00 
       485  1.710000000E+02  0.000000000E+00  9.908668980E+00 
       486  1.712500000E+02  0.000000000E+00  9.905201562E+00 
       487  1.715000000E+02  0.000000000E+00  9.901620141E+00 
       488  1.717500000E+02  0.000000000E+00  9.897921512E+00 
       489  1.720000000E+02  0.000000000E+00  9.894102404E+00 
       490  1.722500000E+02  0.000000000E+00  9.890159471E+00 
       491  1.725000000E+02  0.000000000E+00  9.886089296E+00 
       492  1.727500000E+02  0.000000000E+00  9.881888386E+00 
       493  1.730000000E+02  0.000000000E+00  9.877553177E+00 
       494  1.732500000E+02  0.000000000E+00  9.873080027E+00 
       495  1.735000000E+02  0.000000000E+00  9.868465221E+00 
       496  1.737500000E+02  0.000000000E+00  9.863704965E+00 
       497  1.740000000E+02  0.000000000E+00  9.858795389E+00 
       498  1.742500000E+02  0.000000000E+00  9.853732544E+00 
       499  1.745000000E+02  0.000000000E+00  9.848512405E+00 
       500  1.747500000E+02  0.000000000E+00  9.843130865E+00 
       501  1.750000000E+02  0.000000000E+00  9.837583737E+00 
       502  1.752500000E+02  0.000000000E+00  9.831866757E+00 
       503  1.755000000E+02  0.000000000E+00  9.825975576E+00 
       504  1.757500000E+02  0.000000000E+00  9.819905766E+00 
       505  1.760000000E+02  0.000000000E+00  9.813652816E+00 
       506  1.762500000E+02  0.000000000E+00  9.807212133E+00 
       507  1.765000000E+02  0.000000000E+00  9.800579042E+00 
       508  1.767500000E+02  0.000000000E+00  9.793748783E+00 
       509  1.770000000E+02  0.000000000E+00  9.786716513E+00 
       510  1.772500000E+02  0.000000000E+00  9.779477308E+00 
       511  1.775000000E+02  0.000000000E+00  9.772026155E+00 
       512  1.777500000E+02  0.000000000E+00  9.764357962E+00 
       513  1.780000000E+02  0.000000000E+00  9.756467548E+00 
       514  1.782500000E+02  0.000000000E+00  9.748349651E+00 
       515  1.785000000E+02  0.000000000E+00  9.739998923E+00 
       516  1.787500000E+02  0.000000000E+00  9.731409932E+00 
       517  1.790000000E+02  0.000000000E+00  9.722577160E+00 
       518  1.792500000E+02  0.000000000E+00  9.713495007E+00 
       519  1.795000000E+02  0.000000000E+00  9.704157788E+00 
       520  1.797500000E+02  0.000000000E+00  9.694559733E+00 
       521  1.800000000E+02  0.000000000E+00  9.684694990E+00 
       522  1.802500000E+02  0.000000000E+00  9.674557623E+00 
       523  1.805000000E+02  0.000000000E+00  9.664141613E+00 
       524  1.807500000E+02  0.000000000E+00  9.653440861E+00 
       525  1.810000000E+02  0.000000000E+00  9.642449183E+00 
       526  1.812500000E+02  0.000000000E+00  9.631160317E+00 
       527  1.815000000E+02  0.000000000E+00  9.619567920E+00 
       528  1.817500000E+02  0.000000000E+00  9.607665571E+00 
       529  1.820000000E+02  0.000000000E+00  9.595446770E+00 
       530  1.822500000E+02  0.000000000E+00  9.582904940E+00 
       531  1.825000000E+02  0.000000000E+00  9.570033430E+00 
       532  1.827500000E+02  0.000000000E+00  9.556825516E+00 
       533  1.830000000E+02  0.000000000E+00  9.543274399E+00 
       534  1.832500000E+02  0.000000000E+00  9.529373211E+00 
       535  1.835000000E+02  0.000000000E+00  9.515115018E+00 
       536  1.837500000E+02  0.000000000E+00  9.500492818E+00 
       537  1.840000000E+02  0.000000000E+00  9.485499546E+00 
       538  1.842500000E+02  0.000000000E+00  9.470128077E+00 
       539  1.845000000E+02  0.000000000E+00  9.454371231E+00 
       540  1.847500000E+02  0.000000000E+00  9.438221771E+00 
       541  1.850000000E+02  0.000000000E+00  9.421672414E+00 
       542  1.852500000E+02  0.000000000E+00  9.404715832E+00 
       543  1.855000000E+02  0.000000000E+00  9.387344656E+00 
       544  1.857500000E+02  0.000000000E+00  9.369551485E+00 
       545  1.860000000E+02  0.000000000E+00  9.351328890E+00 
       546  1.862500000E+02  0.000000000E+00  9.332669425E+00 
       547  1.865000000E+02  0.000000000E+00  9.313565629E+00 
       548  1.867500000E+02  0.000000000E+00  9.294010042E+00 
       549  1.870000000E+02  0.000000000E+00  9.273995212E+00 
       550  1.872500000E+02  0.000000000E+00  9.253513710E+00 
       551  1.875000000E+02  0.000000000E+00  9.232558141E+00 
       552  1.877500000E+02  0.000000000E+00  9.211121160E+00 
       553  1.880000000E+02  0.000000000E+00  9.189195495E+00 
       554  1.882500000E+02  0.000000000E+00  9.166773959E+00 
       555  1.885000000E+02  0.000000000E+00  9.143849483E+00 
       556  1.887500000E+02  0.000000000E+00  9.120415135E+00 
       557  1.890000000E+02  0.000000000E+00  9.096464157E+00 
       558  1.892500000E+02  0.000000000E+00  9.071989997E+00 
       559  1.895000000E+02  0.000000000E+00  9.046986350E+00 
       560  1.897500000E+02  0.000000000E+00  9.021447206E+00 
       561  1.900000000E+02  0.000000000E+00  8.995366903E+00 
       562  1.902500000E+02  0.000000000E+00  8.968740188E+00 
       563  1.905000000E+02  0.000000000E+00  8.941562290E+00 
       564  1.907500000E+02  0.000000000E+00  8.913828999E+00 
       565  1.910000000E+02  0.000000000E+00  8.885536766E+00 
       566  1.912500000E+02  0.000000000E+00  8.856682804E+00 
       567  1.915000000E+02  0.000000000E+00  8.827265223E+00 
       568  1.917500000E+02  0.000000000E+00  8.797283169E+00 
       569  1.920000000E+02  0.000000000E+00  8.766736994E+00 
       570  1.922500000E+02  0.000000000E+00  8.735628458E+00 
       571  1.925000000E+02  0.000000000E+00  8.703960945E+00 
       572  1.927500000E+02  0.000000000E+00  8.671739738E+00 
       573  1.930000000E+02  0.000000000E+00  8.638972318E+00 
       574  1.932500000E+02  0.000000000E+00  8.605668728E+00 
       575  1.935000000E+02  0.000000000E+00  8.571841985E+00 
       576  1.937500000E+02  0.000000000E+00  8.537508577E+00 
       577  1.940000000E+02  0.000000000E+00  8.502689032E+00 
       578  1.942500000E+02  0.000000000E+00  8.467408595E+00 
       579  1.945000000E+02  0.000000000E+00  8.431698027E+00 
       580  1.947500000E+02  0.000000000E+00  8.395594553E+00 
       581  1.950000000E+02  0.000000000E+00  8.359142982E+00 
       582  1.952500000E+02  0.000000000E+00  8.322397056E+00 
       583  1.955000000E+02  0.000000000E+00  8.285421063E+00 
       584  1.957500000E+02  0.000000000E+00  8.248291788E+00 
       585  1.960000000E+02  0.000000000E+00  8.211100894E+00 
       586  1.962500000E+02  0.000000000E+00  8.173957837E+00 
       587  1.965000000E+02  0.000000000E+00  8.136993474E+00 
       588  1.967500000E+02  0.000000000E+00  8.100364585E+00 
       589  1.970000000E+02  0.000000000E+00  8.064259605E+00 
       590  1.972500000E+02  0.000000000E+00  8.028905987E+00 
       591  1.975000000E+02  0.000000000E+00  7.994579847E+00 
       592  1.977500000E+02  0.000000000E+00  7.961618855E+00 
       593  1.980000000E+02  0.000000000E+00  7.930439919E+00 
       594  1.982500000E+02  0.000000000E+00  7.901564223E+00 
       595  1.985000000E+02  0.000000000E+00  7.875654166E+00 
       596  1.987500000E+02  0.000000000E+00  7.853570767E+00 
       597  1.990000000E+02  0.000000000E+00  7.836469200E+00 
       598  1.992500000E+02  0.000000000E+00  7.825972793E+00 
       599  1.995000000E+02  0.000000000E+00  7.824527715E+00 
       600  1.997500000E+02  0.000000000E+00  7.838661990E+00 
       601  2.000000000E+02  0.000000000E+00  7.014731913E+00 
       602  2.001999988E+02  0.000000000E+00  6.436587506E+00 
       603  2.004032879E+02  0.000000000E+00  6.617874879E+00 
       604  2.006099214E+02  0.000000000E+00  6.795097767E+00 
       605  2.008199543E+02  0.000000000E+00  6.967562341E+00 
       606  2.010334426E+02  0.000000000E+00  7.134983499E+00 
       607  2.012504431E+02  0.000000000E+00  7.297120915E+00 
       608  2.014710137E+02  0.000000000E+00  7.453774490E+00 
       609  2.016952129E+02  0.000000000E+00  7.604782673E+00 
       610  2.019231006E+02  0.000000000E+00  7.750020888E+00 
       611  2.021547374E+02  0.000000000E+00  7.889400131E+00 
       612  2.023901849E+02  0.000000000E+00  8.022865330E+00 
       613  2.026295060E+02  0.000000000E+00  8.150393491E+00 
       614  2.028727642E+02  0.000000000E+00  8.271991929E+00 
       615  2.031200245E+02  0.000000000E+00  8.390564985E+00 
       616  2.033713525E+02  0.000000000E+00  8.506010156E+00 
       617  2.036268153E+02  0.000000000E+00  8.562117801E+00 
       618  2.038864808E+02  0.000000000E+00  8.613129283E+00 
       619  2.041504183E+02  0.000000000E+00  8.716515030E+00 
       620  2.044186979E+02  0.000000000E+00  8.813179944E+00 
       621  2.046913911E+02  0.000000000E+00  8.900844367E+00 
       622  2.049685706E+02  0.000000000E+00  8.983158132E+00 
       623  2.052503101E+02  0.000000000E+00  9.060306525E+00 
       624  2.055366847E+02  0.000000000E+00  9.132484458E+00 
       625  2.058277705E+02  0.000000000E+00  9.199894371E+00 
       626  2.061236452E+02  0.000000000E+00  9.262744275E+00 
       627  2.064243875E+02  0.000000000E+00  9.321245801E+00 
       628  2.067300774E+02  0.000000000E+00  9.375612490E+00 
       629  2.070407965E+02  0.000000000E+00  9.426058182E+00 
       630  2.073566273E+02  0.000000000E+00  9.472795570E+00 
       631  2.076776540E+02  0.000000000E+00  9.516034894E+00 
       632  2.080039622E+02  0.000000000E+00  9.555982794E+00 
       633  2.083356386E+02  0.000000000E+00  9.592841282E+00 
       634  2.086727716E+02  0.000000000E+00  9.626806883E+00 
       635  2.090154510E+02  0.000000000E+00  9.658069883E+00 
       636  2.093637679E+02  0.000000000E+00  9.686813728E+00 
       637  2.097178153E+02  0.000000000E+00  9.713214526E+00 
       638  2.100776872E+02  0.000000000E+00  9.737440669E+00 
       639  2.104434797E+02  0.000000000E+00  9.759652557E+00 
       640  2.108152899E+02  0.000000000E+00  9.780002418E+00 
       641  2.111932170E+02  0.000000000E+00  9.798634216E+00 
       642  2.115773617E+02  0.000000000E+00  9.815683632E+00 
       643  2.119678260E+02  0.000000000E+00  9.831278118E+00 
       644  2.123647142E+02  0.000000000E+00  9.845537016E+00 
       645  2.127681317E+02  0.000000000E+00  9.858571717E+00 
       646  2.131781861E+02  0.000000000E+00  9.870485886E+00 
       647  2.135949866E+02  0.000000000E+00  9.881375705E+00 
       648  2.140186441E+02  0.000000000E+00  9.891330158E+00 
       649  2.144492713E+02  0.000000000E+00  9.900431343E+00 
       650  2.148869831E+02  0.000000000E+00  9.908754800E+00 
       651  2.153318959E+02  0.000000000E+00  9.916369850E+00 
       652  2.157841282E+02  0.000000000E+00  9.923339950E+00 
       653  2.162438005E+02  0.000000000E+00  9.929723050E+00 
       654  2.167110350E+02  0.000000000E+00  9.935571949E+00 
       655  2.171859563E+02  0.000000000E+00  9.940934649E+00 
       656  2.176686908E+02  0.000000000E+00  9.945854711E+00 
       657  2.181593671E+02  0.000000000E+00  9.950371591E+00 
       658  2.186581157E+02  0.000000000E+00  9.954520975E+00 
       659  2.191650695E+02  0.000000000E+00  9.958335092E+00 
       660  2.196803635E+02  0.000000000E+00  9.961843024E+00 
       661  2.202041348E+02  0.000000000E+00  9.965070990E+00 
       662  2.207365230E+02  0.000000000E+00  9.968042626E+00 
       663  2.212776699E+02  0.000000000E+00  9.970779233E+00 
       664  2.218277194E+02  0.000000000E+00  9.973300023E+00 
       665  2.223868182E+02  0.000000000E+00  9.975622335E+00 
       666  2.229551149E+02  0.000000000E+00  9.977761843E+00 
       667  2.235327610E+02  0.000000000E+00  9.979732740E+00 
       668  2.241199103E+02  0.000000000E+00  9.981547910E+00 
       669  2.247167191E+02  0.000000000E+00  9.983219079E+00 
       670  2.253233464E+02  0.000000000E+00  9.984756955E+00 
       671  2.259399536E+02  0.000000000E+00  9.986171348E+00 
       672  2.265667050E+02  0.000000000E+00  9.987471284E+00 
       673  2.272037674E+02  0.000000000E+00  9.988665092E+00 
       674  2.278513104E+02  0.000000000E+00  9.989760495E+00 
       675  2.285095066E+02  0.000000000E+00  9.990764678E+00 
       676  2.291785311E+02  0.000000000E+00  9.991684350E+00 
       677  2.298585621E+02  0.000000000E+00  9.992525794E+00 
       678  2.305497807E+02  0.000000000E+00  9.993294916E+00 
       679  2.312523708E+02  0.000000000E+00  9.993997276E+00 
       680  2.319665197E+02  0.000000000E+00  9.994638121E+00 
       681  2.326924175E+02  0.000000000E+00  9.995222409E+00 
       682  2.334302574E+02  0.000000000E+00  9.995754827E+00 
       683  2.341802359E+02  0.000000000E+00  9.996239809E+00 
       684  2.349425527E+02  0.000000000E+00  9.996681547E+00 
       685  2.357174108E+02  0.000000000E+00  9.997083999E+00 
       686  2.365050165E+02  0.000000000E+00  9.997450903E+00 
       687  2.373055796E+02  0.000000000E+00  9.997785776E+00 
       688  2.381193132E+02  0.000000000E+00  9.998091924E+00 
       689  2.389464340E+02  0.000000000E+00  9.998372444E+00 
       690  2.397871622E+02  0.000000000E+00  9.998630231E+00 
       691  2.406417216E+02  0.000000000E+00  9.998867977E+00 
       692  2.415103399E+02  0.000000000E+00  9.999088183E+00 
       693  2.423932484E+02  0.000000000E+00  9.999293158E+00 
       694  2.432906820E+02  0.000000000E+00  9.999485027E+00 
       695  2.442028798E+02  0.000000000E+00  9.999665736E+00 
       696  2.451300847E+02  0.000000000E+00  9.999837060E+00 
       697  2.460725436E+02  0.000000000E+00  1.000000061E+01 
       698  2.470305073E+02  0.000000000E+00  1.000015786E+01 
       699  2.480042311E+02  0.000000000E+00  1.000031013E+01 
       700  2.489939742E+02  0.000000000E+00  1.000045863E+01 
       701  2.500000000E+02  0.000000000E+00  1.000060452E+01 
       702  2.510060258E+02  0.000000000E+00  1.000074654E+01 
       703  2.519957689E+02  0.000000000E+00  1.000088340E+01 
       704  2.529694927E+02  0.000000000E+00  1.000101585E+01 
       705  2.539274564E+02  0.000000000E+00  1.000114420E+01 
       706  2.548699153E+02  0.000000000E+00  1.000126849E+01 
       707  2.557971202E+02  0.000000000E+00  1.000138846E+01 
       708  2.567093180E+02  0.000000000E+00  1.000150364E+01 
       709  2.576067516E+02  0.000000000E+00  1.000161339E+01 
       710  2.584896601E+02  0.000000000E+00  1.000171686E+01 
       711  2.593582784E+02  0.000000000E+00  1.000181305E+01 
       712  2.602128379E+02  0.000000000E+00  1.000190083E+01 
       713  2.610535660E+02  0.000000000E+00  1.000197891E+01 
       714  2.618806868E+02  0.000000000E+00  1.000204589E+01 
       715  2.626944204E+02  0.000000000E+00  1.000210025E+01 
       716  2.634949835E+02  0.000000000E+00  1.000214039E+01 
       717  2.642825892E+02  0.000000000E+00  1.000216459E+01 
       718  2.650574473E+02  0.000000000E+00  1.000217110E+01 
       719  2.658197641E+02  0.000000000E+00  1.000215812E+01 
       720  2.665697426E+02  0.000000000E+00  1.000212382E+01 
       721  2.673075825E+02  0.000000000E+00  1.000206639E+01 
       722  2.680334803E+02  0.000000000E+00  1.000198406E+01 
       723  2.687476292E+02  0.000000000E+00  1.000187516E+01 
       724  2.694502193E+02  0.000000000E+00  1.000173816E+01 
       725  2.701414379E+02  0.000000000E+00  1.000157170E+01 
       726  2.708214689E+02  0.000000000E+00  1.000137469E+01 
       727  2.714904934E+02  0.000000000E+00  1.000114635E+01 
       728  2.721486896E+02  0.000000000E+00  1.000088627E+01 
       729  2.727962326E+02  0.000000000E+00  1.000059454E+01 
       730  2.734332950E+02  0.000000000E+00  1.000027183E+01 
       731  2.740600464E+02  0.000000000E+00  9.999919464E+00 
       732  2.746766536E+02  0.000000000E+00  9.999539568E+00 
       733  2.752832808E+02  0.000000000E+00  9.999135187E+00 
       734  2.758800897E+02  0.000000000E+00  9.998710422E+00 
       735  2.764672390E+02  0.000000000E+00  9.998270586E+00 
       736  2.770448851E+02  0.000000000E+00  9.997822368E+00 
       737  2.776131818E+02  0.000000000E+00  9.997374012E+00 
       738  2.781722806E+02  0.000000000E+00  9.996935518E+00 
       739  2.787223301E+02  0.000000000E+00  9.996518845E+00 
       740  2.792634769E+02  0.000000000E+00  9.996138144E+00 
       741  2.797958652E+02  0.000000000E+00  9.995810004E+00 
       742  2.803196365E+02  0.000000000E+00  9.995553707E+00 
       743  2.808349305E+02  0.000000000E+00  9.995391520E+00 
       744  2.813418843E+02  0.000000000E+00  9.995348990E+00 
       745  2.818406329E+02  0.000000000E+00  9.995455132E+00 
       746  2.823313092E+02  0.000000000E+00  9.995743019E+00 
       747  2.828140437E+02  0.000000000E+00  9.996250070E+00 
       748  2.832889650E+02  0.000000000E+00  9.997018208E+00 
       749  2.837561995E+02  0.000000000E+00  9.998094430E+00 
       750  2.842158718E+02  0.000000000E+00  9.999531186E+00 
       751  2.846681041E+02  0.000000000E+00  1.000138680E+01 
       752  2.851130169E+02  0.000000000E+00  1.000372593E+01 
       753  2.855507287E+02  0.000000000E+00  1.000662000E+01 
       754  2.859813560E+02  0.000000000E+00  1.001014773E+01 
       755  2.864050134E+02  0.000000000E+00  1.001439559E+01 
       756  2.868218139E+02  0.000000000E+00  1.001945838E+01 
       757  2.872318683E+02  0.000000000E+00  1.002543970E+01 
       758  2.876352858E+02  0.000000000E+00  1.003245259E+01 
       759  2.880321740E+02  0.000000000E+00  1.004062006E+01 
       760  2.884226383E+02  0.000000000E+00  1.005007570E+01 
       761  2.888067830E+02  0.000000000E+00  1.006096437E+01 
       762  2.891847101E+02  0.000000000E+00  1.007344279E+01 
       763  2.895565204E+02  0.000000000E+00  1.008768030E+01 
       764  2.899223128E+02  0.000000000E+00  1.010385952E+01 
       765  2.902821847E+02  0.000000000E+00  1.012217720E+01 
       766  2.906362321E+02  0.000000000E+00  1.014284499E+01 
       767  2.909845490E+02  0.000000000E+00  1.016609033E+01 
       768  2.913272284E+02  0.000000000E+00  1.019215737E+01 
       769  2.916643614E+02  0.000000000E+00  1.022130800E+01 
       770  2.919960378E+02  0.000000000E+00  1.025382296E+01 
       771  2.923223460E+02  0.000000000E+00  1.029000296E+01 
       772  2.926433727E+02  0.000000000E+00  1.033017006E+01 
       773  2.929592035E+02  0.000000000E+00  1.037466905E+01 
       774  2.932699226E+02  0.000000000E+00  1.042386904E+01 
       775  2.935756125E+02  0.000000000E+00  1.047816520E+01 
       776  2.938763548E+02  0.000000000E+00  1.053798070E+01 
       777  2.941722295E+02  0.000000000E+00  1.060376885E+01 
       778  2.944633153E+02  0.000000000E+00  1.067601555E+01 
       779  2.947496899E+02  0.000000000E+00  1.075524193E+01 
       780  2.950314294E+02  0.000000000E+00  1.084200738E+01 
       781  2.953086088E+02  0.000000000E+00  1.093691299E+01 
       782  2.955813021E+02  0.000000000E+00  1.104060529E+01 
       783  2.958495817E+02  0.000000000E+00  1.115378059E+01 
       784  2.961135192E+02  0.000000000E+00  1.127718980E+01 
       785  2.963731847E+02  0.000000000E+00  1.141164390E+01 
       786  2.966286475E+02  0.000000000E+00  1.155802010E+01 
       787  2.968799755E+02  0.000000000E+00  1.171726882E+01 
       788  2.971272358E+02  0.000000000E+00  1.189042165E+01 
       789  2.973704940E+02  0.000000000E+00  1.207860022E+01 
       790  2.976098151E+02  0.000000000E+00  1.228302648E+01 
       791  2.978452626E+02  0.000000000E+00  1.250503425E+01 
       792  2.980768994E+02  0.000000000E+00  1.274608241E+01 
       793  2.983047871E+02  0.000000000E+00  1.300777002E+01 
       794  2.985289863E+02  0.000000000E+00  1.329185343E+01 
       795  2.987495568E+02  0.000000000E+00  1.310992397E+01 
       796  2.989665574E+02  0.000000000E+00  1.291118931E+01 
       797  2.991800457E+02  0.000000000E+00  1.316842158E+01 
       798  2.993900786E+02  0.000000000E+00  1.344698076E+01 
       799  2.995967121E+02  0.000000000E+00  1.374892823E+01 
       800  2.998000012E+02  0.000000000E+00  1.407899501E+01 
       801  3.000000000E+02  0.000000000E+00  1.351646272E+01 
       802  3.002500000E+02  0.000000000E+00  1.262841737E+01 
       803  3.005000000E+02  0.000000000E+00  1.266860478E+01 
       804  3.007500000E+02  0.000000000E+00  1.268094099E+01 
       805  3.010000000E+02  0.000000000E+00  1.267779118E+01 
       806  3.012500000E+02  0.000000000E+00  1.266350205E+01 
       807  3.015000000E+02  0.000000000E+00  1.264088919E+01 
       808  3.017500000E+02  0.000000000E+00  1.261191978E+01 
       809  3.020000000E+02  0.000000000E+00  1.257803908E+01 
       810  3.022500000E+02  0.000000000E+00  1.254034608E+01 
       811  3.025000000E+02  0.000000000E+00  1.249969719E+01 
       812  3.027500000E+02  0.000000000E+00  1.245677181E+01 
       813  3.030000000E+02  0.000000000E+00  1.241211620E+01 
       814  3.032500000E+02  0.000000000E+00  1.236617412E+01 
       815  3.035000000E+02  0.000000000E+00  1.231930889E+01 
       816  3.037500000E+02  0.000000000E+00  1.227181977E+01 
       817  3.040000000E+02  0.000000000E+00  1.222395438E+01 
       818  3.042500000E+02  0.000000000E+00  1.217591833E+01 
       819  3.045000000E+02  0.000000000E+00  1.212788270E+01 
       820  3.047500000E+02  0.000000000E+00  1.207999006E+01 
       821  3.050000000E+02  0.000000000E+00  1.203235926E+01 
       822  3.052500000E+02  0.000000000E+00  1.198508935E+01 
       823  3.055000000E+02  0.000000000E+00  1.193826273E+01 
       824  3.057500000E+02  0.000000000E+00  1.189194784E+01 
       825  3.060000000E+02  0.000000000E+00  1.184620127E+01 
       826  3.062500000E+02  0.000000000E+00  1.180106961E+01 
       827  3.065000000E+02  0.000000000E+00  1.175659095E+01 
       828  3.067500000E+02  0.000000000E+00  1.171279615E+01 
       829  3.070000000E+02  0.000000000E+00  1.166970992E+01 
       830  3.072500000E+02  0.000000000E+00  1.162735172E+01 
       831  3.075000000E+02  0.000000000E+00  1.158573649E+01 
       832  3.077500000E+02  0.000000000E+00  1.154487536E+01 
       833  3.080000000E+02  0.000000000E+00  1.150477616E+01 
       834  3.082500000E+02  0.000000000E+00  1.146544392E+01 
       835  3.085000000E+02  0.000000000E+00  1.142688122E+01 
       836  3.087500000E+02  0.000000000E+00  1.138908862E+01 
       837  3.090000000E+02  0.000000000E+00  1.135206485E+01 
       838  3.092500000E+02  0.000000000E+00  1.131580716E+01 
       839  3.095000000E+02  0.000000000E+00  1.128031148E+01 
       840  3.097500000E+02  0.000000000E+00  1.124557260E+01 
       841  3.100000000E+02  0.000000000E+00  1.121158439E+01 
       842  3.102500000E+02  0.000000000E+00  1.117833987E+01 
       843  3.105000000E+02  0.000000000E+00  1.114583137E+01 
       844  3.107500000E+02  0.000000000E+00  1.111405063E+01 
       845  3.110000000E+02  0.000000000E+00  1.108298888E+01 
       846  3.112500000E+02  0.000000000E+00  1.105263691E+01 
       847  3.115000000E+02  0.000000000E+00  1.102298517E+01 
       848  3.117500000E+02  0.000000000E+00  1.099402379E+01 
       849  3.120000000E+02  0.000000000E+00  1.096574266E+01 
       850  3.122500000E+02  0.000000000E+00  1.093813147E+01 
       851  3.125000000E+02  0.000000000E+00  1.091117973E+01 
       852  3.127500000E+02  0.000000000E+00  1.088487683E+01 
       853  3.130000000E+02  0.000000000E+00  1.085921206E+01 
       854  3.132500000E+02  0.000000000E+00  1.083417462E+01 
       855  3.135000000E+02  0.000000000E+00  1.080975368E+01 
       856  3.137500000E+02  0.000000000E+00  1.078593836E+01 
       857  3.140000000E+02  0.000000000E+00  1.076271778E+01 
       858  3.142500000E+02  0.000000000E+00  1.074008108E+01 
       859  3.145000000E+02  0.000000000E+00  1.071801739E+01 
       860  3.147500000E+02  0.000000000E+00  1.069651588E+01 
       861  3.150000000E+02  0.000000000E+00  1.067556579E+01 
       862  3.152500000E+02  0.000000000E+00  1.065515638E+01 
       863  3.155000000E+02  0.000000000E+00  1.063527699E+01 
       864  3.157500000E+02  0.000000000E+00  1.061591704E+01 
       865  3.160000000E+02  0.000000000E+00  1.059706602E+01 
       866  3.162500000E+02  0.000000000E+00  1.057871351E+01 
       867  3.165000000E+02  0.000000000E+00  1.056084917E+01 
       868  3.167500000E+02  0.000000000E+00  1.054346278E+01 
       869  3.170000000E+02  0.000000000E+00  1.052654422E+01 
       870  3.172500000E+02  0.000000000E+00  1.051008346E+01 
       871  3.175000000E+02  0.000000000E+00  1.049407061E+01 
       872  3.177500000E+02  0.000000000E+00  1.047849586E+01 
       873  3.180000000E+02  0.000000000E+00  1.046334956E+01 
       874  3.182500000E+02  0.000000000E+00  1.044862215E+01 
       875  3.185000000E+02  0.000000000E+00  1.043430421E+01 
       876  3.187500000E+02  0.000000000E+00  1.042038643E+01 
       877  3.190000000E+02  0.000000000E+00  1.040685967E+01 
       878  3.192500000E+02  0.000000000E+00  1.039371487E+01 
       879  3.195000000E+02  0.000000000E+00  1.038094314E+01 
       880  3.197500000E+02  0.000000000E+00  1.036853570E+01 
       881  3.200000000E+02  0.000000000E+00  1.035648392E+01 
       882  3.202500000E+02  0.000000000E+00  1.034477931E+01 
       883  3.205000000E+02  0.000000000E+00  1.033341349E+01 
       884  3.207500000E+02  0.000000000E+00  1.032237825E+01 
       885  3.210000000E+02  0.000000000E+00  1.031166550E+01 
       886  3.212500000E+02  0.000000000E+00  1.030126728E+01 
       887  3.215000000E+02  0.000000000E+00  1.029117580E+01 
       888  3.217500000E+02  0.000000000E+00  1.028138338E+01 
       889  3.220000000E+02  0.000000000E+00  1.027188249E+01 
       890  3.222500000E+02  0.000000000E+00  1.026266572E+01 
       891  3.225000000E+02  0.000000000E+00  1.025372583E+01 
       892  3.227500000E+02  0.000000000E+00  1.024505569E+01 
       893  3.230000000E+02  0.000000000E+00  1.023664833E+01 
       894  3.232500000E+02  0.000000000E+00  1.022849688E+01 
       895  3.235000000E+02  0.000000000E+00  1.022059465E+01 
       896  3.237500000E+02  0.000000000E+00  1.021293504E+01 
       897  3.240000000E+02  0.000000000E+00  1.020551163E+01 
       898  3.242500000E+02  0.000000000E+00  1.019831809E+01 
       899  3.245000000E+02  0.000000000E+00  1.019134825E+01 
       900  3.247500000E+02  0.000000000E+00  1.018459605E+01 
       901  3.250000000E+02  0.000000000E+00  1.017805557E+01 
       902  3.252500000E+02  0.000000000E+00  1.017172101E+01 
       903  3.255000000E+02  0.000000000E+00  1.016558672E+01 
       904  3.257500000E+02  0.000000000E+00  1.015964715E+01 
       905  3.260000000E+02  0.000000000E+00  1.015389687E+01 
       906  3.262500000E+02  0.000000000E+00  1.014833059E+01 
       907  3.265000000E+02  0.000000000E+00  1.014294313E+01 
       908  3.267500000E+02  0.000000000E+00  1.013772944E+01 
       909  3.270000000E+02  0.000000000E+00  1.013268458E+01 
       910  3.272500000E+02  0.000000000E+00  1.012780371E+01 
       911  3.275000000E+02  0.000000000E+00  1.012308212E+01 
       912  3.277500000E+02  0.000000000E+00  1.011851523E+01 
       913  3.280000000E+02  0.000000000E+00  1.011409853E+01 
       914  3.282500000E+02  0.000000000E+00  1.010982766E+01 
       915  3.285000000E+02  0.000000000E+00  1.010569834E+01 
       916  3.287500000E+02  0.000000000E+00  1.010170639E+01 
       917  3.290000000E+02  0.000000000E+00  1.009784777E+01 
       918  3.292500000E+02  0.000000000E+00  1.009411851E+01 
       919  3.295000000E+02  0.000000000E+00  1.009051474E+01 
       920  3.297500000E+02  0.000000000E+00  1.008703271E+01 
       921  3.300000000E+02  0.000000000E+00  1.008366876E+01 
       922  3.302500000E+02  0.000000000E+00  1.008041930E+01 
       923  3.305000000E+02  0.000000000E+00  1.007728086E+01 
       924  3.307500000E+02  0.000000000E+00  1.007425007E+01 
       925  3.310000000E+02  0.000000000E+00  1.007132361E+01 
       926  3.312500000E+02  0.000000000E+00  1.006849828E+01 
       927  3.315000000E+02  0.000000000E+00  1.006577097E+01 
       928  3.317500000E+02  0.000000000E+00  1.006313863E+01 
       929  3.320000000E+02  0.000000000E+00  1.006059830E+01 
       930  3.322500000E+02  0.000000000E+00  1.005814712E+01 
       931  3.325000000E+02  0.000000000E+00  1.005578228E+01 
       932  3.327500000E+02  0.000000000E+00  1.005350108E+01 
       933  3.330000000E+02  0.000000000E+00  1.005130086E+01 
       934  3.332500000E+02  0.000000000E+00  1.004917908E+01 
       935  3.335000000E+02  0.000000000E+00  1.004713322E+01 
       936  3.337500000E+02  0.000000000E+00  1.004516086E+01 
       937  3.340000000E+02  0.000000000E+00  1.004325967E+01 
       938  3.342500000E+02  0.000000000E+00  1.004142734E+01 
       939  3.345000000E+02  0.000000000E+00  1.003966166E+01 
       940  3.347500000E+02  0.000000000E+00  1.003796049E+01 
       941  3.350000000E+02  0.000000000E+00  1.003632172E+01 
       942  3.352500000E+02  0.000000000E+00  1.003474333E+01 
       943  3.355000000E+02  0.000000000E+00  1.003322336E+01 
       944  3.357500000E+02  0.000000000E+00  1.003175990E+01 
       945  3.360000000E+02  0.000000000E+00  1.003035110E+01 
       946  3.362500000E+02  0.000000000E+00  1.002899516E+01 
       947  3.365000000E+02  0.000000000E+00  1.002769035E+01 
       948  3.367500000E+02  0.000000000E+00  1.002643499E+01 
       949  3.370000000E+02  0.000000000E+00  1.002522744E+01 
       950  3.372500000E+02  0.000000000E+00  1.002406612E+01 
       951  3.375000000E+02  0.000000000E+00  1.002294951E+01 
       952  3.377500000E+02  0.000000000E+00  1.002187613E+01 
       953  3.380000000E+02  0.000000000E+00  1.002084453E+01 
       954  3.382500000E+02  0.000000000E+00  1.001985334E+01 
       955  3.385000000E+02  0.000000000E+00  1.001890121E+01 
       956  3.387500000E+02  0.000000000E+00  1.001798686E+01 
       957  3.390000000E+02  0.000000000E+00  1.001710902E+01 
       958  3.392500000E+02  0.000000000E+00  1.001626648E+01 
       959  3.395000000E+02  0.000000000E+00  1.001545808E+01 
       960  3.397500000E+02  0.000000000E+00  1.001468268E+01 
       961  3.400000000E+02  0.000000000E+00  1.001393921E+01 
       962  3.402500000E+02  0.000000000E+00  1.001322659E+01 
       963  3.405000000E+02  0.000000000E+00  1.001254383E+01 
       964  3.407500000E+02  0.000000000E+00  1.001188994E+01 
       965  3.410000000E+02  0.000000000E+00  1.001126398E+01 
       966  3.412500000E+02  0.000000000E+00  1.001066505E+01 
       967  3.415000000E+02  0.000000000E+00  1.001009226E+01 
       968  3.417500000E+02  0.000000000E+00  1.000954479E+01 
       969  3.420000000E+02  0.000000000E+00  1.000902182E+01 
       970  3.422500000E+02  0.000000000E+00  1.000852257E+01 
       971  3.425000000E+02  0.000000000E+00  1.000804631E+01 
       972  3.427500000E+02  0.000000000E+00  1.000759231E+01 
       973  3.430000000E+02  0.000000000E+00  1.000715989E+01 
       974  3.432500000E+02  0.000000000E+00  1.000674840E+01 
       975  3.435000000E+02  0.000000000E+00  1.000635719E+01 
       976  3.437500000E+02  0.000000000E+00  1.000598569E+01 
       977  3.440000000E+02  0.000000000E+00  1.000563329E+01 
       978  3.442500000E+02  0.000000000E+00  1.000529948E+01 
       979  3.445000000E+02  0.000000000E+00  1.000498370E+01 
       980  3.447500000E+02  0.000000000E+00  1.000468549E+01 
       981  3.450000000E+02  0.000000000E+00  1.000440435E+01 
       982  3.452500000E+02  0.000000000E+00  1.000413984E+01 
       983  3.455000000E+02  0.000000000E+00  1.000389153E+01 
       984  3.457500000E+02  0.000000000E+00  1.000365904E+01 
       985  3.460000000E+02  0.000000000E+00  1.000344197E+01 
       986  3.462500000E+02  0.000000000E+00  1.000323997E+01 
       987  3.465000000E+02  0.000000000E+00  1.000305271E+01 
       988  3.467500000E+02  0.000000000E+00  1.000287988E+01 
       989  3.470000000E+02  0.000000000E+00  1.000272118E+01 
       990  3.472500000E+02  0.000000000E+00  1.000257635E+01 
       991  3.475000000E+02  0.000000000E+00  1.000244513E+01 
       992  3.477500000E+02  0.000000000E+00  1.000232730E+01 
       993  3.480000000E+02  0.000000000E+00  1.000222264E+01 
       994  3.482500000E+02  0.000000000E+00  1.000213097E+01 
       995  3.485000000E+02  0.000000000E+00  1.000205212E+01 
       996  3.487500000E+02  0.000000000E+00  1.000198593E+01 
       997  3.490000000E+02  0.000000000E+00  1.000193227E+01 
       998  3.492500000E+02  0.000000000E+00  1.000189102E+01 
       999  3.495000000E+02  0.000000000E+00  1.000186210E+01 
      1000  3.497500000E+02  0.000000000E+00  1.000184542E+01 
      1001  3.500000000E+02  0.000000000E+00  1.000184092E+01 
      1002  3.502500000E+02  0.000000000E+00  1.000184856E+01 
      1003  3.505000000E+02  0.000000000E+00  1.000186832E+01 
      1004  3.507500000E+02  0.000000000E+00  1.000190018E+01 
      1005  3.510000000E+02  0.000000000E+00  1.000194417E+01 
      1006  3.512500000E+02  0.000000000E+00  1.000200030E+01 
      1007  3.515000000E+02  0.000000000E+00  1.000206862E+01 
      1008  3.517500000E+02  0.000000000E+00  1.000214919E+01 
      1009  3.520000000E+02  0.000000000E+00  1.000224209E+01 
      1010  3.522500000E+02  0.000000000E+00  1.000234741E+01 
      1011  3.525000000E+02  0.000000000E+00  1.000246527E+01 
      1012  3.527500000E+02  0.000000000E+00  1.000259579E+01 
      1013  3.530000000E+02  0.000000000E+00  1.000273912E+01 
      1014  3.532500000E+02  0.000000000E+00  1.000289541E+01 
      1015  3.535000000E+02  0.000000000E+00  1.000306484E+01 
      1016  3.537500000E+02  0.000000000E+00  1.000324762E+01 
      1017  3.540000000E+02  0.000000000E+00  1.000344393E+01 
      1018  3.542500000E+02  0.000000000E+00  1.000365402E+01 
      1019  3.545000000E+02  0.000000000E+00  1.000387812E+01 
      1020  3.547500000E+02  0.000000000E+00  1.000411649E+01 
      1021  3.550000000E+02  0.000000000E+00  1.000436940E+01 
      1022  3.552500000E+02  0.000000000E+00  1.000463715E+01 
      1023  3.555000000E+02  0.000000000E+00  1.000492004E+01 
      1024  3.557500000E+02  0.000000000E+00  1.000521839E+01 
      1025  3.560000000E+02  0.000000000E+00  1.000553255E+01 
      1026  3.562500000E+02  0.000000000E+00  1.000586285E+01 
      1027  3.565000000E+02  0.000000000E+00  1.000620969E+01 
      1028  3.567500000E+02  0.000000000E+00  1.000657344E+01 
      1029  3.570000000E+02  0.000000000E+00  1.000695450E+01 
      1030  3.572500000E+02  0.000000000E+00  1.000735330E+01 
      1031  3.575000000E+02  0.000000000E+00  1.000777027E+01 
      1032  3.577500000E+02  0.000000000E+00  1.000820586E+01 
      1033  3.580000000E+02  0.000000000E+00  1.000866055E+01 
      1034  3.582500000E+02  0.000000000E+00  1.000913480E+01 
      1035  3.585000000E+02  0.000000000E+00  1.000962913E+01 
      1036  3.587500000E+02  0.000000000E+00  1.001014406E+01 
      1037  3.590000000E+02  0.000000000E+00  1.001068010E+01 
      1038  3.592500000E+02  0.000000000E+00  1.001123782E+01 
      1039  3.595000000E+02  0.000000000E+00  1.001181778E+01 
      1040  3.597500000E+02  0.000000000E+00  1.001242056E+01 
      1041  3.600000000E+02  0.000000000E+00  1.001304675E+01 
      1042  3.602500000E+02  0.000000000E+00  1.001369699E+01 
      1043  3.605000000E+02  0.000000000E+00  1.001437188E+01 
      1044  3.607500000E+02  0.000000000E+00  1.001507209E+01 
      1045  3.610000000E+02  0.000000000E+00  1.001579827E+01 
      1046  3.612500000E+02  0.000000000E+00  1.001655111E+01 
      1047  3.615000000E+02  0.000000000E+00  1.001733130E+01 
      1048  3.617500000E+02  0.000000000E+00  1.001813956E+01 
      1049  3.620000000E+02  0.000000000E+00  1.001897661E+01 
      1050  3.622500000E+02  0.000000000E+00  1.001984321E+01 
      1051  3.625000000E+02  0.000000000E+00  1.002074011E+01 
      1052  3.627500000E+02  0.000000000E+00  1.002166809E+01 
      1053  3.630000000E+02  0.000000000E+00  1.002262795E+01 
      1054  3.632500000E+02  0.000000000E+00  1.002362050E+01 
      1055  3.635000000E+02  0.000000000E+00  1.002464656E+01 
      1056  3.637500000E+02  0.000000000E+00  1.002570699E+01 
      1057  3.640000000E+02  0.000000000E+00  1.002680265E+01 
      1058  3.642500000E+02  0.000000000E+00  1.002793440E+01 
      1059  3.645000000E+02  0.000000000E+00  1.002910315E+01 
      1060  3.647500000E+02  0.000000000E+00  1.003030980E+01 
      1061  3.650000000E+02  0.000000000E+00  1.003155528E+01 
      1062  3.652500000E+02  0.000000000E+00  1.003284053E+01 
      1063  3.655000000E+02  0.000000000E+00  1.003416651E+01 
      1064  3.657500000E+02  0.000000000E+00  1.003553420E+01 
      1065  3.660000000E+02  0.000000000E+00  1.003694458E+01 
      1066  3.662500000E+02  0.000000000E+00  1.003839867E+01 
      1067  3.665000000E+02  0.000000000E+00  1.003989749E+01 
      1068  3.667500000E+02  0.000000000E+00  1.004144208E+01 
      1069  3.670000000E+02  0.000000000E+00  1.004303349E+01 
      1070  3.672500000E+02  0.000000000E+00  1.004467280E+01 
      1071  3.675000000E+02  0.000000000E+00  1.004636109E+01 
      1072  3.677500000E+02  0.000000000E+00  1.004809948E+01 
      1073  3.680000000E+02  0.000000000E+00  1.004988909E+01 
      1074  3.682500000E+02  0.000000000E+00  1.005173105E+01 
      1075  3.685000000E+02  0.000000000E+00  1.005362652E+01 
      1076  3.687500000E+02  0.000000000E+00  1.005557668E+01 
      1077  3.690000000E+02  0.000000000E+00  1.005758271E+01 
      1078  3.692500000E+02  0.000000000E+00  1.005964582E+01 
      1079  3.695000000E+02  0.000000000E+00  1.006176723E+01 
      1080  3.697500000E+02  0.000000000E+00  1.006394819E+01 
      1081  3.700000000E+02  0.000000000E+00  1.006618995E+01 
      1082  3.702500000E+02  0.000000000E+00  1.006849380E+01 
      1083  3.705000000E+02  0.000000000E+00  1.007086103E+01 
      1084  3.707500000E+02  0.000000000E+00  1.007329295E+01 
      1085  3.710000000E+02  0.000000000E+00  1.007579091E+01 
      1086  3.712500000E+02  0.000000000E+00  1.007835624E+01 
      1087  3.715000000E+02  0.000000000E+00  1.008099033E+01 
      1088  3.717500000E+02  0.000000000E+00  1.008369457E+01 
      1089  3.720000000E+02  0.000000000E+00  1.008647037E+01 
      1090  3.722500000E+02  0.000000000E+00  1.008931918E+01 
      1091  3.725000000E+02  0.000000000E+00  1.009224245E+01 
      1092  3.727500000E+02  0.000000000E+00  1.009524165E+01 
      1093  3.730000000E+02  0.000000000E+00  1.009831831E+01 
      1094  3.732500000E+02  0.000000000E+00  1.010147395E+01 
      1095  3.735000000E+02  0.000000000E+00  1.010471012E+01 
      1096  3.737500000E+02  0.000000000E+00  1.010802841E+01 
      1097  3.740000000E+02  0.000000000E+00  1.011143043E+01 
      1098  3.742500000E+02  0.000000000E+00  1.011491782E+01 
      1099  3.745000000E+02  0.000000000E+00  1.011849225E+01 
      1100  3.747500000E+02  0.000000000E+00  1.012215542E+01 
      1101  3.750000000E+02  0.000000000E+00  1.012590905E+01 
      1102  3.752500000E+02  0.000000000E+00  1.012975493E+01 
      1103  3.755000000E+02  0.000000000E+00  1.013369485E+01 
      1104  3.757500000E+02  0.000000000E+00  1.013773066E+01 
      1105  3.760000000E+02  0.000000000E+00  1.014186423E+01 
      1106  3.762500000E+02  0.000000000E+00  1.014609749E+01 
      1107  3.765000000E+02  0.000000000E+00  1.015043240E+01 
      1108  3.767500000E+02  0.000000000E+00  1.015487098E+01 
      1109  3.770000000E+02  0.000000000E+00  1.015941527E+01 
      1110  3.772500000E+02  0.000000000E+00  1.016406739E+01 
      1111  3.775000000E+02  0.000000000E+00  1.016882950E+01 
      1112  3.777500000E+02  0.000000000E+00  1.017370381E+01 
      1113  3.780000000E+02  0.000000000E+00  1.017869260E+01 
      1114  3.782500000E+02  0.000000000E+00  1.018379820E+01 
      1115  3.785000000E+02  0.000000000E+00  1.018902300E+01 
      1116  3.787500000E+02  0.000000000E+00  1.019436948E+01 
      1117  3.790000000E+02  0.000000000E+00  1.019984016E+01 
      1118  3.792500000E+02  0.000000000E+00  1.020543766E+01 
      1119  3.795000000E+02  0.000000000E+00  1.021116465E+01 
      1120  3.797500000E+02  0.000000000E+00  1.021702390E+01 
      1121  3.800000000E+02  0.000000000E+00  1.022301827E+01 
      1122  3.802500000E+02  0.000000000E+00  1.022915069E+01 
      1123  3.805000000E+02  0.000000000E+00  1.023542419E+01 
      1124  3.807500000E+02  0.000000000E+00  1.024184190E+01 
      1125  3.810000000E+02  0.000000000E+00  1.024840705E+01 
      1126  3.812500000E+02  0.000000000E+00  1.025512297E+01 
      1127  3.815000000E+02  0.000000000E+00  1.026199311E+01 
      1128  3.817500000E+02  0.000000000E+00  1.026902102E+01 
      1129  3.820000000E+02  0.000000000E+00  1.027621038E+01 
      1130  3.822500000E+02  0.000000000E+00  1.028356500E+01 
      1131  3.825000000E+02  0.000000000E+00  1.029108880E+01 
      1132  3.827500000E+02  0.000000000E+00  1.029878586E+01 
      1133  3.830000000E+02  0.000000000E+00  1.030666038E+01 
      1134  3.832500000E+02  0.000000000E+00  1.031471671E+01 
      1135  3.835000000E+02  0.000000000E+00  1.032295935E+01 
      1136  3.837500000E+02  0.000000000E+00  1.033139296E+01 
      1137  3.840000000E+02  0.000000000E+00  1.034002234E+01 
      1138  3.842500000E+02  0.000000000E+00  1.034885249E+01 
      1139  3.845000000E+02  0.000000000E+00  1.035788855E+01 
      1140  3.847500000E+02  0.000000000E+00  1.036713584E+01 
      1141  3.850000000E+02  0.000000000E+00  1.037659986E+01 
      1142  3.852500000E+02  0.000000000E+00  1.038628631E+01 
      1143  3.855000000E+02  0.000000000E+00  1.039620105E+01 
      1144  3.857500000E+02  0.000000000E+00  1.040635015E+01 
      1145  3.860000000E+02  0.000000000E+00  1.041673986E+01 
      1146  3.862500000E+02  0.000000000E+00  1.042737664E+01 
      1147  3.865000000E+02  0.000000000E+00  1.043826714E+01 
      1148  3.867500000E+02  0.000000000E+00  1.044941822E+01 
      1149  3.870000000E+02  0.000000000E+00  1.046083691E+01 
      1150  3.872500000E+02  0.000000000E+00  1.047253047E+01 
      1151  3.875000000E+02  0.000000000E+00  1.048450635E+01 
      1152  3.877500000E+02  0.000000000E+00  1.049677218E+01 
      1153  3.880000000E+02  0.000000000E+00  1.050933579E+01 
      1154  3.882500000E+02  0.000000000E+00  1.052220518E+01 
      1155  3.885000000E+02  0.000000000E+00  1.053538852E+01 
      1156  3.887500000E+02  0.000000000E+00  1.054889414E+01 
      1157  3.890000000E+02  0.000000000E+00  1.056273052E+01 
      1158  3.892500000E+02  0.000000000E+00  1.057690625E+01 
      1159  3.895000000E+02  0.000000000E+00  1.059143002E+01 
      1160  3.897500000E+02  0.000000000E+00  1.060631059E+01 
      1161  3.900000000E+02  0.000000000E+00  1.062155677E+01 
      1162  3.902500000E+02  0.000000000E+00  1.063717735E+01 
      1163  3.905000000E+02  0.000000000E+00  1.065318106E+01 
      1164  3.907500000E+02  0.000000000E+00  1.066957653E+01 
      1165  3.910000000E+02  0.000000000E+00  1.068637223E+01 
      1166  3.912500000E+02  0.000000000E+00  1.070357632E+01 
      1167  3.915000000E+02  0.000000000E+00  1.072119667E+01 
      1168  3.917500000E+02  0.000000000E+00  1.073924064E+01 
      1169  3.920000000E+02  0.000000000E+00  1.075771502E+01 
      1170  3.922500000E+02  0.000000000E+00  1.077662584E+01 
      1171  3.925000000E+02  0.000000000E+00  1.079597823E+01 
      1172  3.927500000E+02  0.000000000E+00  1.081577618E+01 
      1173  3.930000000E+02  0.000000000E+00  1.083602229E+01 
      1174  3.932500000E+02  0.000000000E+00  1.085671751E+01 
      1175  3.935000000E+02  0.000000000E+00  1.087786077E+01 
      1176  3.937500000E+02  0.000000000E+00  1.089944861E+01 
      1177  3.940000000E+02  0.000000000E+00  1.092147467E+01 
      1178  3.942500000E+02  0.000000000E+00  1.094392918E+01 
      1179  3.945000000E+02  0.000000000E+00  1.096679823E+01 
      1180  3.947500000E+02  0.000000000E+00  1.099006306E+01 
      1181  3.950000000E+02  0.000000000E+00  1.101369904E+01 
      1182  3.952500000E+02  0.000000000E+00  1.103767459E+01 
      1183  3.955000000E+02  0.000000000E+00  1.106194980E+01 
      1184  3.957500000E+02  0.000000000E+00  1.108647474E+01 
      1185  3.960000000E+02  0.000000000E+00  1.111118751E+01 
      1186  3.962500000E+02  0.000000000E+00  1.113601171E+01 
      1187  3.965000000E+02  0.000000000E+00  1.116085333E+01 
      1188  3.967500000E+02  0.000000000E+00  1.118559693E+01 
      1189  3.970000000E+02  0.000000000E+00  1.121010069E+01 
      1190  3.972500000E+02  0.000000000E+00  1.123419002E+01 
      1191  3.975000000E+02  0.000000000E+00  1.125764926E+01 
      1192  3.977500000E+02  0.000000000E+00  1.128021040E+01 
      1193  3.980000000E+02  0.000000000E+00  1.130153759E+01 
      1194  3.982500000E+02  0.000000000E+00  1.132120503E+01 
      1195  3.985000000E+02  0.000000000E+00  1.133866403E+01 
      1196  3.987500000E+02  0.000000000E+00  1.135319127E+01 
      1197  3.990000000E+02  0.000000000E+00  1.136380171E+01 
      1198  3.992500000E+02  0.000000000E+00  1.136908758E+01 
      1199  3.995000000E+02  0.000000000E+00  1.136688440E+01 
      1200  3.997500000E+02  0.000000000E+00  1.135113027E+01 
      1201  4.000000000E+02  0.000000000E+00  1.200329399E+01 
      1202  4.002000034E+02  0.000000000E+00  1.243829658E+01 
      1203  4.004016387E+02  0.000000000E+00  1.225232948E+01 
      1204  4.006049192E+02  0.000000000E+00  1.208129041E+01 
      1205  4.008098583E+02  0.000000000E+00  1.192306858E+01 
      1206  4.010164696E+02  0.000000000E+00  1.177664867E+01 
      1207  4.012247666E+02  0.000000000E+00  1.164111137E+01 
      1208  4.014347631E+02  0.000000000E+00  1.151562149E+01 
      1209  4.016464731E+02  0.000000000E+00  1.139941785E+01 
      1210  4.018599104E+02  0.000000000E+00  1.129180489E+01 
      1211  4.020750892E+02  0.000000000E+00  1.119214552E+01 
      1212  4.022920237E+02  0.000000000E+00  1.109985487E+01 
      1213  4.025107282E+02  0.000000000E+00  1.100946568E+01 
      1214  4.027312172E+02  0.000000000E+00  1.092581222E+01 
      1215  4.029535052E+02  0.000000000E+00  1.085341550E+01 
      1216  4.031776069E+02  0.000000000E+00  1.078640698E+01 
      1217  4.034035370E+02  0.000000000E+00  1.072440192E+01 
      1218  4.036313106E+02  0.000000000E+00  1.066704401E+01 
      1219  4.038609426E+02  0.000000000E+00  1.061400285E+01 
      1220  4.040924483E+02  0.000000000E+00  1.056497160E+01 
      1221  4.043258428E+02  0.000000000E+00  1.051717106E+01 
      1222  4.045611417E+02  0.000000000E+00  1.047305584E+01 
      1223  4.047983604E+02  0.000000000E+00  1.043489542E+01 
      1224  4.050375146E+02  0.000000000E+00  1.039967916E+01 
      1225  4.052786201E+02  0.000000000E+00  1.036719663E+01 
      1226  4.055216929E+02  0.000000000E+00  1.033565705E+01 
      1227  4.057667489E+02  0.000000000E+00  1.030340619E+01 
      1228  4.060138044E+02  0.000000000E+00  1.027027983E+01 
      1229  4.062628756E+02  0.000000000E+00  1.024161937E+01 
      1230  4.065139791E+02  0.000000000E+00  1.021918451E+01 
      1231  4.067671314E+02  0.000000000E+00  1.019765601E+01 
      1232  4.070223492E+02  0.000000000E+00  1.017845458E+01 
      1233  4.072796494E+02  0.000000000E+00  1.016113043E+01 
      1234  4.075390490E+02  0.000000000E+00  1.014627336E+01 
      1235  4.078005650E+02  0.000000000E+00  1.013518448E+01 
      1236  4.080642148E+02  0.000000000E+00  1.012488656E+01 
      1237  4.083300158E+02  0.000000000E+00  1.011553773E+01 
      1238  4.085979855E+02  0.000000000E+00  1.010714176E+01 
      1239  4.088681416E+02  0.000000000E+00  1.010919722E+01 
      1240  4.091405020E+02  0.000000000E+00  1.011049820E+01 
      1241  4.094150846E+02  0.000000000E+00  1.010112469E+01 
      1242  4.096919076E+02  0.000000000E+00  1.009259128E+01 
      1243  4.099709892E+02  0.000000000E+00  1.008482988E+01 
      1244  4.102523480E+02  0.000000000E+00  1.007777735E+01 
      1245  4.105360024E+02  0.000000000E+00  1.007137515E+01 
      1246  4.108219711E+02  0.000000000E+00  1.006556902E+01 
      1247  4.111102732E+02  0.000000000E+00  1.006030874E+01 
      1248  4.114009276E+02  0.000000000E+00  1.005554787E+01 
      1249  4.116939535E+02  0.000000000E+00  1.005124345E+01 
      1250  4.119893702E+02  0.000000000E+00  1.004735581E+01 
      1251  4.122871973E+02  0.000000000E+00  1.004384833E+01 
      1252  4.125874544E+02  0.000000000E+00  1.004068725E+01 
      1253  4.128901614E+02  0.000000000E+00  1.003784146E+01 
      1254  4.131953383E+02  0.000000000E+00  1.003528232E+01 
      1255  4.135030051E+02  0.000000000E+00  1.003298350E+01 
      1256  4.138131823E+02  0.000000000E+00  1.003092079E+01 
      1257  4.141258902E+02  0.000000000E+00  1.002907200E+01 
      1258  4.144411496E+02  0.000000000E+00  1.002741675E+01 
      1259  4.147589813E+02  0.000000000E+00  1.002593638E+01 
      1260  4.150794062E+02  0.000000000E+00  1.002461383E+01 
      1261  4.154024455E+02  0.000000000E+00  1.002343348E+01 
      1262  4.157281206E+02  0.000000000E+00  1.002238109E+01 
      1263  4.160564529E+02  0.000000000E+00  1.002144366E+01 
      1264  4.163874641E+02  0.000000000E+00  1.002060935E+01 
      1265  4.167211762E+02  0.000000000E+00  1.001986739E+01 
      1266  4.170576110E+02  0.000000000E+00  1.001920797E+01 
      1267  4.173967909E+02  0.000000000E+00  1.001862220E+01 
      1268  4.177387382E+02  0.000000000E+00  1.001810203E+01 
      1269  4.180834756E+02  0.000000000E+00  1.001764014E+01 
      1270  4.184310257E+02  0.000000000E+00  1.001722992E+01 
      1271  4.187814116E+02  0.000000000E+00  1.001686543E+01 
      1272  4.191346563E+02  0.000000000E+00  1.001654125E+01 
      1273  4.194907832E+02  0.000000000E+00  1.001625256E+01 
      1274  4.198498158E+02  0.000000000E+00  1.001599497E+01 
      1275  4.202117779E+02  0.000000000E+00  1.001576457E+01 
      1276  4.205766933E+02  0.000000000E+00  1.001555783E+01 
      1277  4.209445860E+02  0.000000000E+00  1.001537161E+01 
      1278  4.213154806E+02  0.000000000E+00  1.001520308E+01 
      1279  4.216894013E+02  0.000000000E+00  1.001504973E+01 
      1280  4.220663728E+02  0.000000000E+00  1.001490930E+01 
      1281  4.224464202E+02  0.000000000E+00  1.001477980E+01 
      1282  4.228295685E+02  0.000000000E+00  1.001465944E+01 
      1283  4.232158429E+02  0.000000000E+00  1.001454666E+01 
      1284  4.236052691E+02  0.000000000E+00  1.001444007E+01 
      1285  4.239978726E+02  0.000000000E+00  1.001433842E+01 
      1286  4.243936795E+02  0.000000000E+00  1.001424063E+01 
      1287  4.247927158E+02  0.000000000E+00  1.001414576E+01 
      1288  4.251950080E+02  0.000000000E+00  1.001405296E+01 
      1289  4.256005825E+02  0.000000000E+00  1.001396152E+01 
      1290  4.260094662E+02  0.000000000E+00  1.001387080E+01 
      1291  4.264216861E+02  0.000000000E+00  1.001378026E+01 
      1292  4.268372694E+02  0.000000000E+00  1.001368941E+01 
      1293  4.272562434E+02  0.000000000E+00  1.001359788E+01 
      1294  4.276786360E+02  0.000000000E+00  1.001350530E+01 
      1295  4.281044750E+02  0.000000000E+00  1.001341140E+01 
      1296  4.285337884E+02  0.000000000E+00  1.001331594E+01 
      1297  4.289666047E+02  0.000000000E+00  1.001321874E+01 
      1298  4.294029525E+02  0.000000000E+00  1.001311962E+01 
      1299  4.298428605E+02  0.000000000E+00  1.001301849E+01 
      1300  4.302863578E+02  0.000000000E+00  1.001291524E+01 
      1301  4.307334737E+02  0.000000000E+00  1.001280982E+01 
      1302  4.311842377E+02  0.000000000E+00  1.001270219E+01 
      1303  4.316386795E+02  0.000000000E+00  1.001259235E+01 
      1304  4.320968293E+02  0.000000000E+00  1.001248030E+01 
      1305  4.325587172E+02  0.000000000E+00  1.001236605E+01 
      1306  4.330243737E+02  0.000000000E+00  1.001224966E+01 
      1307  4.334938296E+02  0.000000000E+00  1.001213117E+01 
      1308  4.339671159E+02  0.000000000E+00  1.001201065E+01 
      1309  4.344442638E+02  0.000000000E+00  1.001188818E+01 
      1310  4.349253049E+02  0.000000000E+00  1.001176383E+01 
      1311  4.354102708E+02  0.000000000E+00  1.001163771E+01 
      1312  4.358991937E+02  0.000000000E+00  1.001150990E+01 
      1313  4.363921059E+02  0.000000000E+00  1.001138052E+01 
      1314  4.368890398E+02  0.000000000E+00  1.001124967E+01 
      1315  4.373900283E+02  0.000000000E+00  1.001111746E+01 
      1316  4.378951044E+02  0.000000000E+00  1.001098400E+01 
      1317  4.384043016E+02  0.000000000E+00  1.001084942E+01 
      1318  4.389176534E+02  0.000000000E+00  1.001071382E+01 
      1319  4.394351937E+02  0.000000000E+00  1.001057732E+01 
      1320  4.399569568E+02  0.000000000E+00  1.001044004E+01 
      1321  4.404829770E+02  0.000000000E+00  1.001030209E+01 
      1322  4.410132892E+02  0.000000000E+00  1.001016359E+01 
      1323  4.415479282E+02  0.000000000E+00  1.001002463E+01 
      1324  4.420869295E+02  0.000000000E+00  1.000988533E+01 
      1325  4.426303286E+02  0.000000000E+00  1.000974579E+01 
      1326  4.431781614E+02  0.000000000E+00  1.000960610E+01 
      1327  4.437304641E+02  0.000000000E+00  1.000946636E+01 
      1328  4.442872731E+02  0.000000000E+00  1.000932667E+01 
      1329  4.448486253E+02  0.000000000E+00  1.000918709E+01 
      1330  4.454145576E+02  0.000000000E+00  1.000904771E+01 
      1331  4.459851075E+02  0.000000000E+00  1.000890861E+01 
      1332  4.465603126E+02  0.000000000E+00  1.000876984E+01 
      1333  4.471402109E+02  0.000000000E+00  1.000863148E+01 
      1334  4.477248408E+02  0.000000000E+00  1.000849357E+01 
      1335  4.483142407E+02  0.000000000E+00  1.000835617E+01 
      1336  4.489084497E+02  0.000000000E+00  1.000821932E+01 
      1337  4.495075070E+02  0.000000000E+00  1.000808305E+01 
      1338  4.501114521E+02  0.000000000E+00  1.000794741E+01 
      1339  4.507203248E+02  0.000000000E+00  1.000781240E+01 
      1340  4.513341655E+02  0.000000000E+00  1.000767807E+01 
      1341  4.519530147E+02  0.000000000E+00  1.000754441E+01 
      1342  4.525769132E+02  0.000000000E+00  1.000741145E+01 
      1343  4.532059021E+02  0.000000000E+00  1.000727918E+01 
      1344  4.538400232E+02  0.000000000E+00  1.000714761E+01 
      1345  4.544793181E+02  0.000000000E+00  1.000701673E+01 
      1346  4.551238292E+02  0.000000000E+00  1.000688652E+01 
      1347  4.557735990E+02  0.000000000E+00  1.000675698E+01 
      1348  4.564286703E+02  0.000000000E+00  1.000662809E+01 
      1349  4.570890866E+02  0.000000000E+00  1.000649981E+01 
      1350  4.577548913E+02  0.000000000E+00  1.000637212E+01 
      1351  4.584261284E+02  0.000000000E+00  1.000624498E+01 
      1352  4.591028423E+02  0.000000000E+00  1.000611836E+01 
      1353  4.597850777E+02  0.000000000E+00  1.000599220E+01 
      1354  4.604728795E+02  0.000000000E+00  1.000586646E+01 
      1355  4.611662932E+02  0.000000000E+00  1.000574107E+01 
      1356  4.618653647E+02  0.000000000E+00  1.000561597E+01 
      1357  4.625701400E+02  0.000000000E+00  1.000549110E+01 
      1358  4.632806657E+02  0.000000000E+00  1.000536636E+01 
      1359  4.639969887E+02  0.000000000E+00  1.000524168E+01 
      1360  4.647191564E+02  0.000000000E+00  1.000511695E+01 
      1361  4.654472164E+02  0.000000000E+00  1.000499206E+01 
      1362  4.661812167E+02  0.000000000E+00  1.000486689E+01 
      1363  4.669212059E+02  0.000000000E+00  1.000474132E+01 
      1364  4.676672328E+02  0.000000000E+00  1.000461519E+01 
      1365  4.684193468E+02  0.000000000E+00  1.000448835E+01 
      1366  4.691775973E+02  0.000000000E+00  1.000436062E+01 
      1367  4.699420346E+02  0.000000000E+00  1.000423181E+01 
      1368  4.707127091E+02  0.000000000E+00  1.000410171E+01 
      1369  4.714896716E+02  0.000000000E+00  1.000397010E+01 
      1370  4.722729736E+02  0.000000000E+00  1.000383673E+01 
      1371  4.730626666E+02  0.000000000E+00  1.000370134E+01 
      1372  4.738588030E+02  0.000000000E+00  1.000356365E+01 
      1373  4.746614352E+02  0.000000000E+00  1.000342335E+01 
      1374  4.754706162E+02  0.000000000E+00  1.000328011E+01 
      1375  4.762863994E+02  0.000000000E+00  1.000313356E+01 
      1376  4.771088389E+02  0.000000000E+00  1.000298332E+01 
      1377  4.779379887E+02  0.000000000E+00  1.000282894E+01 
      1378  4.787739038E+02  0.000000000E+00  1.000266994E+01 
      1379  4.796166392E+02  0.000000000E+00  1.000250571E+01 
      1380  4.804662507E+02  0.000000000E+00  1.000233558E+01 
      1381  4.813227944E+02  0.000000000E+00  1.000215869E+01 
      1382  4.821863268E+02  0.000000000E+00  1.000197395E+01 
      1383  4.830569049E+02  0.000000000E+00  1.000177995E+01 
      1384  4.839345862E+02  0.000000000E+00  1.000157480E+01 
      1385  4.848194287E+02  0.000000000E+00  1.000135596E+01 
      1386  4.857114908E+02  0.000000000E+00  1.000111995E+01 
      1387  4.866108314E+02  0.000000000E+00  1.000086197E+01 
      1388  4.875175099E+02  0.000000000E+00  1.000057535E+01 
      1389  4.884315862E+02  0.000000000E+00  1.000025085E+01 
      1390  4.893531206E+02  0.000000000E+00  9.999875541E+00 
      1391  4.902821741E+02  0.000000000E+00  9.999431411E+00 
      1392  4.912188078E+02  0.000000000E+00  9.998893243E+00 
      1393  4.921630837E+02  0.000000000E+00  9.998225696E+00 
      1394  4.931150642E+02  0.000000000E+00  9.997379131E+00 
      1395  4.940748120E+02  0.000000000E+00  9.996283632E+00 
      1396  4.950423907E+02  0.000000000E+00  9.994840412E+00 
      1397  4.960178639E+02  0.000000000E+00  9.992909323E+00 
      1398  4.970012963E+02  0.000000000E+00  9.990302237E+00 
      1399  4.979927527E+02  0.000000000E+00  9.984832108E+00 
      1400  4.989922986E+02  0.000000000E+00  9.977559693E+00 
      1401  5.000000000E+02  0.000000000E+00  9.974257009E+00 
