nodenumber     x-coordinate     y-coordinate           udm-12 
         1  0.000000000E+00  0.000000000E+00  9.993187985E+00 
         2  1.007701384E+00  0.000000000E+00  9.993576809E+00 
         3  2.007247274E+00  0.000000000E+00  9.997771585E+00 
         4  2.998703673E+00  0.000000000E+00  1.000167120E+01 
         5  3.982136051E+00  0.000000000E+00  1.000195325E+01 
         6  4.957609346E+00  0.000000000E+00  1.000228646E+01 
         7  5.925187975E+00  0.000000000E+00  1.000263842E+01 
         8  6.884935829E+00  0.000000000E+00  1.000300304E+01 
         9  7.836916284E+00  0.000000000E+00  1.000337565E+01 
        10  8.781192203E+00  0.000000000E+00  1.000375280E+01 
        11  9.717825941E+00  0.000000000E+00  1.000413198E+01 
        12  1.064687935E+01  0.000000000E+00  1.000451136E+01 
        13  1.156841377E+01  0.000000000E+00  1.000488966E+01 
        14  1.248249006E+01  0.000000000E+00  1.000526599E+01 
        15  1.338916858E+01  0.000000000E+00  1.000563974E+01 
        16  1.428850920E+01  0.000000000E+00  1.000601052E+01 
        17  1.518057130E+01  0.000000000E+00  1.000637805E+01 
        18  1.606541380E+01  0.000000000E+00  1.000674217E+01 
        19  1.694309512E+01  0.000000000E+00  1.000710276E+01 
        20  1.781367322E+01  0.000000000E+00  1.000745975E+01 
        21  1.867720559E+01  0.000000000E+00  1.000781309E+01 
        22  1.953374925E+01  0.000000000E+00  1.000816274E+01 
        23  2.038336076E+01  0.000000000E+00  1.000850867E+01 
        24  2.122609622E+01  0.000000000E+00  1.000885084E+01 
        25  2.206201128E+01  0.000000000E+00  1.000918924E+01 
        26  2.289116114E+01  0.000000000E+00  1.000952382E+01 
        27  2.371360056E+01  0.000000000E+00  1.000985455E+01 
        28  2.452938383E+01  0.000000000E+00  1.001018142E+01 
        29  2.533856484E+01  0.000000000E+00  1.001050438E+01 
        30  2.614119701E+01  0.000000000E+00  1.001082341E+01 
        31  2.693733335E+01  0.000000000E+00  1.001113848E+01 
        32  2.772702642E+01  0.000000000E+00  1.001144957E+01 
        33  2.851032837E+01  0.000000000E+00  1.001175664E+01 
        34  2.928729093E+01  0.000000000E+00  1.001205969E+01 
        35  3.005796541E+01  0.000000000E+00  1.001235868E+01 
        36  3.082240268E+01  0.000000000E+00  1.001265362E+01 
        37  3.158065324E+01  0.000000000E+00  1.001294447E+01 
        38  3.233276716E+01  0.000000000E+00  1.001323124E+01 
        39  3.307879409E+01  0.000000000E+00  1.001351391E+01 
        40  3.381878330E+01  0.000000000E+00  1.001379249E+01 
        41  3.455278365E+01  0.000000000E+00  1.001406697E+01 
        42  3.528084362E+01  0.000000000E+00  1.001433735E+01 
        43  3.600301127E+01  0.000000000E+00  1.001460365E+01 
        44  3.671933431E+01  0.000000000E+00  1.001486586E+01 
        45  3.742986002E+01  0.000000000E+00  1.001512399E+01 
        46  3.813463533E+01  0.000000000E+00  1.001537807E+01 
        47  3.883370678E+01  0.000000000E+00  1.001562810E+01 
        48  3.952712052E+01  0.000000000E+00  1.001587410E+01 
        49  4.021492235E+01  0.000000000E+00  1.001611609E+01 
        50  4.089715769E+01  0.000000000E+00  1.001635409E+01 
        51  4.157387159E+01  0.000000000E+00  1.001658813E+01 
        52  4.224510872E+01  0.000000000E+00  1.001681823E+01 
        53  4.291091342E+01  0.000000000E+00  1.001704442E+01 
        54  4.357132966E+01  0.000000000E+00  1.001726672E+01 
        55  4.422640104E+01  0.000000000E+00  1.001748517E+01 
        56  4.487617081E+01  0.000000000E+00  1.001769979E+01 
        57  4.552068189E+01  0.000000000E+00  1.001791062E+01 
        58  4.615997684E+01  0.000000000E+00  1.001811768E+01 
        59  4.679409786E+01  0.000000000E+00  1.001832101E+01 
        60  4.742308684E+01  0.000000000E+00  1.001852064E+01 
        61  4.804698530E+01  0.000000000E+00  1.001871659E+01 
        62  4.866583446E+01  0.000000000E+00  1.001890891E+01 
        63  4.927967516E+01  0.000000000E+00  1.001909761E+01 
        64  4.988854795E+01  0.000000000E+00  1.001928272E+01 
        65  5.049249303E+01  0.000000000E+00  1.001946426E+01 
        66  5.109155028E+01  0.000000000E+00  1.001964225E+01 
        67  5.168575926E+01  0.000000000E+00  1.001981670E+01 
        68  5.227515921E+01  0.000000000E+00  1.001998763E+01 
        69  5.285978905E+01  0.000000000E+00  1.002015503E+01 
        70  5.343968738E+01  0.000000000E+00  1.002031891E+01 
        71  5.401489250E+01  0.000000000E+00  1.002047925E+01 
        72  5.458544238E+01  0.000000000E+00  1.002063604E+01 
        73  5.515137472E+01  0.000000000E+00  1.002078923E+01 
        74  5.571272686E+01  0.000000000E+00  1.002093881E+01 
        75  5.626953590E+01  0.000000000E+00  1.002108470E+01 
        76  5.682183858E+01  0.000000000E+00  1.002122686E+01 
        77  5.736967139E+01  0.000000000E+00  1.002136520E+01 
        78  5.791307049E+01  0.000000000E+00  1.002149963E+01 
        79  5.845207178E+01  0.000000000E+00  1.002163005E+01 
        80  5.898671083E+01  0.000000000E+00  1.002175634E+01 
        81  5.951702297E+01  0.000000000E+00  1.002187837E+01 
        82  6.004304320E+01  0.000000000E+00  1.002199597E+01 
        83  6.056480627E+01  0.000000000E+00  1.002210898E+01 
        84  6.108234661E+01  0.000000000E+00  1.002221721E+01 
        85  6.159569842E+01  0.000000000E+00  1.002232046E+01 
        86  6.210489559E+01  0.000000000E+00  1.002241851E+01 
        87  6.260997174E+01  0.000000000E+00  1.002251112E+01 
        88  6.311096022E+01  0.000000000E+00  1.002259804E+01 
        89  6.360789412E+01  0.000000000E+00  1.002267901E+01 
        90  6.410080625E+01  0.000000000E+00  1.002275374E+01 
        91  6.458972916E+01  0.000000000E+00  1.002282194E+01 
        92  6.507469514E+01  0.000000000E+00  1.002288332E+01 
        93  6.555573621E+01  0.000000000E+00  1.002293757E+01 
        94  6.603288413E+01  0.000000000E+00  1.002298436E+01 
        95  6.650617042E+01  0.000000000E+00  1.002302339E+01 
        96  6.697562632E+01  0.000000000E+00  1.002305435E+01 
        97  6.744128283E+01  0.000000000E+00  1.002307690E+01 
        98  6.790317071E+01  0.000000000E+00  1.002309076E+01 
        99  6.836132046E+01  0.000000000E+00  1.002309562E+01 
       100  6.881576232E+01  0.000000000E+00  1.002309122E+01 
       101  6.926652631E+01  0.000000000E+00  1.002307728E+01 
       102  6.971364219E+01  0.000000000E+00  1.002305357E+01 
       103  7.015713949E+01  0.000000000E+00  1.002301988E+01 
       104  7.059704749E+01  0.000000000E+00  1.002297605E+01 
       105  7.103339524E+01  0.000000000E+00  1.002292194E+01 
       106  7.146621156E+01  0.000000000E+00  1.002285746E+01 
       107  7.189552503E+01  0.000000000E+00  1.002278257E+01 
       108  7.232136399E+01  0.000000000E+00  1.002269729E+01 
       109  7.274375656E+01  0.000000000E+00  1.002260170E+01 
       110  7.316273064E+01  0.000000000E+00  1.002249595E+01 
       111  7.357831389E+01  0.000000000E+00  1.002238028E+01 
       112  7.399053376E+01  0.000000000E+00  1.002225498E+01 
       113  7.439941746E+01  0.000000000E+00  1.002212046E+01 
       114  7.480499201E+01  0.000000000E+00  1.002197720E+01 
       115  7.520728416E+01  0.000000000E+00  1.002182581E+01 
       116  7.560632051E+01  0.000000000E+00  1.002166700E+01 
       117  7.600212738E+01  0.000000000E+00  1.002150159E+01 
       118  7.639473092E+01  0.000000000E+00  1.002133054E+01 
       119  7.678415706E+01  0.000000000E+00  1.002115494E+01 
       120  7.717043151E+01  0.000000000E+00  1.002097603E+01 
       121  7.755357977E+01  0.000000000E+00  1.002079521E+01 
       122  7.793362715E+01  0.000000000E+00  1.002061403E+01 
       123  7.831059875E+01  0.000000000E+00  1.002043423E+01 
       124  7.868451945E+01  0.000000000E+00  1.002025773E+01 
       125  7.905541395E+01  0.000000000E+00  1.002008664E+01 
       126  7.942330674E+01  0.000000000E+00  1.001992332E+01 
       127  7.978822211E+01  0.000000000E+00  1.001977031E+01 
       128  8.015018416E+01  0.000000000E+00  1.001963043E+01 
       129  8.050921679E+01  0.000000000E+00  1.001950672E+01 
       130  8.086534371E+01  0.000000000E+00  1.001940253E+01 
       131  8.121858844E+01  0.000000000E+00  1.001932148E+01 
       132  8.156897429E+01  0.000000000E+00  1.001926752E+01 
       133  8.191652442E+01  0.000000000E+00  1.001924493E+01 
       134  8.226126177E+01  0.000000000E+00  1.001925833E+01 
       135  8.260320909E+01  0.000000000E+00  1.001931276E+01 
       136  8.294238899E+01  0.000000000E+00  1.001941365E+01 
       137  8.327882384E+01  0.000000000E+00  1.001956687E+01 
       138  8.361253587E+01  0.000000000E+00  1.001977876E+01 
       139  8.394354712E+01  0.000000000E+00  1.002005619E+01 
       140  8.427187943E+01  0.000000000E+00  1.002040656E+01 
       141  8.459755450E+01  0.000000000E+00  1.002083784E+01 
       142  8.492059382E+01  0.000000000E+00  1.002135864E+01 
       143  8.524101873E+01  0.000000000E+00  1.002197825E+01 
       144  8.555885039E+01  0.000000000E+00  1.002270668E+01 
       145  8.587410979E+01  0.000000000E+00  1.002355470E+01 
       146  8.618681774E+01  0.000000000E+00  1.002453392E+01 
       147  8.649699489E+01  0.000000000E+00  1.002565685E+01 
       148  8.680466173E+01  0.000000000E+00  1.002693695E+01 
       149  8.710983857E+01  0.000000000E+00  1.002838870E+01 
       150  8.741254556E+01  0.000000000E+00  1.003002771E+01 
       151  8.771280270E+01  0.000000000E+00  1.003187075E+01 
       152  8.801062980E+01  0.000000000E+00  1.003393584E+01 
       153  8.830604654E+01  0.000000000E+00  1.003624239E+01 
       154  8.859907242E+01  0.000000000E+00  1.003881124E+01 
       155  8.888972679E+01  0.000000000E+00  1.004166479E+01 
       156  8.917802885E+01  0.000000000E+00  1.004482712E+01 
       157  8.946399764E+01  0.000000000E+00  1.004832407E+01 
       158  8.974765203E+01  0.000000000E+00  1.005218339E+01 
       159  9.002901076E+01  0.000000000E+00  1.005643487E+01 
       160  9.030809241E+01  0.000000000E+00  1.006111048E+01 
       161  9.058491540E+01  0.000000000E+00  1.006624449E+01 
       162  9.085949802E+01  0.000000000E+00  1.007187367E+01 
       163  9.113185839E+01  0.000000000E+00  1.007803743E+01 
       164  9.140201451E+01  0.000000000E+00  1.008477798E+01 
       165  9.166998421E+01  0.000000000E+00  1.009214055E+01 
       166  9.193578518E+01  0.000000000E+00  1.010017355E+01 
       167  9.219943499E+01  0.000000000E+00  1.010892879E+01 
       168  9.246095103E+01  0.000000000E+00  1.011846167E+01 
       169  9.272035058E+01  0.000000000E+00  1.012883183E+01 
       170  9.297765077E+01  0.000000000E+00  1.014010080E+01 
       171  9.323286858E+01  0.000000000E+00  1.015233432E+01 
       172  9.348602087E+01  0.000000000E+00  1.016560744E+01 
       173  9.373712436E+01  0.000000000E+00  1.018034091E+01 
       174  9.398619563E+01  0.000000000E+00  1.019638328E+01 
       175  9.423325112E+01  0.000000000E+00  1.021352602E+01 
       176  9.447830715E+01  0.000000000E+00  1.021510081E+01 
       177  9.472137990E+01  0.000000000E+00  1.021759090E+01 
       178  9.496248543E+01  0.000000000E+00  1.023676870E+01 
       179  9.520163964E+01  0.000000000E+00  1.025873572E+01 
       180  9.543885834E+01  0.000000000E+00  1.028642124E+01 
       181  9.567415720E+01  0.000000000E+00  1.031503548E+01 
       182  9.590755173E+01  0.000000000E+00  1.034206803E+01 
       183  9.613905737E+01  0.000000000E+00  1.037034389E+01 
       184  9.636868940E+01  0.000000000E+00  1.040081997E+01 
       185  9.659646297E+01  0.000000000E+00  1.043365436E+01 
       186  9.682239314E+01  0.000000000E+00  1.046901567E+01 
       187  9.704649481E+01  0.000000000E+00  1.050847621E+01 
       188  9.726878279E+01  0.000000000E+00  1.055094581E+01 
       189  9.748927176E+01  0.000000000E+00  1.059679999E+01 
       190  9.770797628E+01  0.000000000E+00  1.064611912E+01 
       191  9.792491078E+01  0.000000000E+00  1.069932584E+01 
       192  9.814008960E+01  0.000000000E+00  1.075652345E+01 
       193  9.835352693E+01  0.000000000E+00  1.081634654E+01 
       194  9.856523689E+01  0.000000000E+00  1.088063229E+01 
       195  9.877523344E+01  0.000000000E+00  1.094739554E+01 
       196  9.898353045E+01  0.000000000E+00  1.101912225E+01 
       197  9.919014168E+01  0.000000000E+00  1.109844499E+01 
       198  9.939508077E+01  0.000000000E+00  1.118365099E+01 
       199  9.959836126E+01  0.000000000E+00  1.127517614E+01 
       200  9.979999657E+01  0.000000000E+00  1.137397324E+01 
       201  1.000000000E+02  0.000000000E+00  1.112841531E+01 
       202  1.002500000E+02  0.000000000E+00  1.076560179E+01 
       203  1.005000000E+02  0.000000000E+00  1.077703305E+01 
       204  1.007500000E+02  0.000000000E+00  1.078135032E+01 
       205  1.010000000E+02  0.000000000E+00  1.078166762E+01 
       206  1.012500000E+02  0.000000000E+00  1.077909374E+01 
       207  1.015000000E+02  0.000000000E+00  1.077434882E+01 
       208  1.017500000E+02  0.000000000E+00  1.076793564E+01 
       209  1.020000000E+02  0.000000000E+00  1.076022251E+01 
       210  1.022500000E+02  0.000000000E+00  1.075148828E+01 
       211  1.025000000E+02  0.000000000E+00  1.074194904E+01 
       212  1.027500000E+02  0.000000000E+00  1.073177513E+01 
       213  1.030000000E+02  0.000000000E+00  1.072110261E+01 
       214  1.032500000E+02  0.000000000E+00  1.071004118E+01 
       215  1.035000000E+02  0.000000000E+00  1.069868005E+01 
       216  1.037500000E+02  0.000000000E+00  1.068709218E+01 
       217  1.040000000E+02  0.000000000E+00  1.067533757E+01 
       218  1.042500000E+02  0.000000000E+00  1.066346572E+01 
       219  1.045000000E+02  0.000000000E+00  1.065151768E+01 
       220  1.047500000E+02  0.000000000E+00  1.063952753E+01 
       221  1.050000000E+02  0.000000000E+00  1.062752366E+01 
       222  1.052500000E+02  0.000000000E+00  1.061552978E+01 
       223  1.055000000E+02  0.000000000E+00  1.060356573E+01 
       224  1.057500000E+02  0.000000000E+00  1.059164814E+01 
       225  1.060000000E+02  0.000000000E+00  1.057979098E+01 
       226  1.062500000E+02  0.000000000E+00  1.056800602E+01 
       227  1.065000000E+02  0.000000000E+00  1.055630320E+01 
       228  1.067500000E+02  0.000000000E+00  1.054469093E+01 
       229  1.070000000E+02  0.000000000E+00  1.053317637E+01 
       230  1.072500000E+02  0.000000000E+00  1.052176559E+01 
       231  1.075000000E+02  0.000000000E+00  1.051046382E+01 
       232  1.077500000E+02  0.000000000E+00  1.049927553E+01 
       233  1.080000000E+02  0.000000000E+00  1.048820460E+01 
       234  1.082500000E+02  0.000000000E+00  1.047725439E+01 
       235  1.085000000E+02  0.000000000E+00  1.046642785E+01 
       236  1.087500000E+02  0.000000000E+00  1.045572755E+01 
       237  1.090000000E+02  0.000000000E+00  1.044515578E+01 
       238  1.092500000E+02  0.000000000E+00  1.043471457E+01 
       239  1.095000000E+02  0.000000000E+00  1.042440574E+01 
       240  1.097500000E+02  0.000000000E+00  1.041423094E+01 
       241  1.100000000E+02  0.000000000E+00  1.040419163E+01 
       242  1.102500000E+02  0.000000000E+00  1.039428915E+01 
       243  1.105000000E+02  0.000000000E+00  1.038452473E+01 
       244  1.107500000E+02  0.000000000E+00  1.037489946E+01 
       245  1.110000000E+02  0.000000000E+00  1.036541437E+01 
       246  1.112500000E+02  0.000000000E+00  1.035607035E+01 
       247  1.115000000E+02  0.000000000E+00  1.034686824E+01 
       248  1.117500000E+02  0.000000000E+00  1.033780877E+01 
       249  1.120000000E+02  0.000000000E+00  1.032889260E+01 
       250  1.122500000E+02  0.000000000E+00  1.032012032E+01 
       251  1.125000000E+02  0.000000000E+00  1.031149243E+01 
       252  1.127500000E+02  0.000000000E+00  1.030300934E+01 
       253  1.130000000E+02  0.000000000E+00  1.029467140E+01 
       254  1.132500000E+02  0.000000000E+00  1.028647887E+01 
       255  1.135000000E+02  0.000000000E+00  1.027843195E+01 
       256  1.137500000E+02  0.000000000E+00  1.027053073E+01 
       257  1.140000000E+02  0.000000000E+00  1.026277524E+01 
       258  1.142500000E+02  0.000000000E+00  1.025516542E+01 
       259  1.145000000E+02  0.000000000E+00  1.024770113E+01 
       260  1.147500000E+02  0.000000000E+00  1.024038216E+01 
       261  1.150000000E+02  0.000000000E+00  1.023320820E+01 
       262  1.152500000E+02  0.000000000E+00  1.022617887E+01 
       263  1.155000000E+02  0.000000000E+00  1.021929370E+01 
       264  1.157500000E+02  0.000000000E+00  1.021255214E+01 
       265  1.160000000E+02  0.000000000E+00  1.020595358E+01 
       266  1.162500000E+02  0.000000000E+00  1.019949729E+01 
       267  1.165000000E+02  0.000000000E+00  1.019318250E+01 
       268  1.167500000E+02  0.000000000E+00  1.018700834E+01 
       269  1.170000000E+02  0.000000000E+00  1.018097387E+01 
       270  1.172500000E+02  0.000000000E+00  1.017507807E+01 
       271  1.175000000E+02  0.000000000E+00  1.016931986E+01 
       272  1.177500000E+02  0.000000000E+00  1.016369808E+01 
       273  1.180000000E+02  0.000000000E+00  1.015821150E+01 
       274  1.182500000E+02  0.000000000E+00  1.015285883E+01 
       275  1.185000000E+02  0.000000000E+00  1.014763871E+01 
       276  1.187500000E+02  0.000000000E+00  1.014254972E+01 
       277  1.190000000E+02  0.000000000E+00  1.013759038E+01 
       278  1.192500000E+02  0.000000000E+00  1.013275916E+01 
       279  1.195000000E+02  0.000000000E+00  1.012805447E+01 
       280  1.197500000E+02  0.000000000E+00  1.012347466E+01 
       281  1.200000000E+02  0.000000000E+00  1.011901806E+01 
       282  1.202500000E+02  0.000000000E+00  1.011468292E+01 
       283  1.205000000E+02  0.000000000E+00  1.011046747E+01 
       284  1.207500000E+02  0.000000000E+00  1.010636990E+01 
       285  1.210000000E+02  0.000000000E+00  1.010238835E+01 
       286  1.212500000E+02  0.000000000E+00  1.009852095E+01 
       287  1.215000000E+02  0.000000000E+00  1.009476579E+01 
       288  1.217500000E+02  0.000000000E+00  1.009112091E+01 
       289  1.220000000E+02  0.000000000E+00  1.008758435E+01 
       290  1.222500000E+02  0.000000000E+00  1.008415414E+01 
       291  1.225000000E+02  0.000000000E+00  1.008082826E+01 
       292  1.227500000E+02  0.000000000E+00  1.007760469E+01 
       293  1.230000000E+02  0.000000000E+00  1.007448140E+01 
       294  1.232500000E+02  0.000000000E+00  1.007145635E+01 
       295  1.235000000E+02  0.000000000E+00  1.006852749E+01 
       296  1.237500000E+02  0.000000000E+00  1.006569276E+01 
       297  1.240000000E+02  0.000000000E+00  1.006295011E+01 
       298  1.242500000E+02  0.000000000E+00  1.006029747E+01 
       299  1.245000000E+02  0.000000000E+00  1.005773279E+01 
       300  1.247500000E+02  0.000000000E+00  1.005525402E+01 
       301  1.250000000E+02  0.000000000E+00  1.005285912E+01 
       302  1.252500000E+02  0.000000000E+00  1.005054606E+01 
       303  1.255000000E+02  0.000000000E+00  1.004831280E+01 
       304  1.257500000E+02  0.000000000E+00  1.004615735E+01 
       305  1.260000000E+02  0.000000000E+00  1.004407770E+01 
       306  1.262500000E+02  0.000000000E+00  1.004207188E+01 
       307  1.265000000E+02  0.000000000E+00  1.004013792E+01 
       308  1.267500000E+02  0.000000000E+00  1.003827389E+01 
       309  1.270000000E+02  0.000000000E+00  1.003647787E+01 
       310  1.272500000E+02  0.000000000E+00  1.003474795E+01 
       311  1.275000000E+02  0.000000000E+00  1.003308227E+01 
       312  1.277500000E+02  0.000000000E+00  1.003147899E+01 
       313  1.280000000E+02  0.000000000E+00  1.002993626E+01 
       314  1.282500000E+02  0.000000000E+00  1.002845232E+01 
       315  1.285000000E+02  0.000000000E+00  1.002702538E+01 
       316  1.287500000E+02  0.000000000E+00  1.002565371E+01 
       317  1.290000000E+02  0.000000000E+00  1.002433561E+01 
       318  1.292500000E+02  0.000000000E+00  1.002306940E+01 
       319  1.295000000E+02  0.000000000E+00  1.002185343E+01 
       320  1.297500000E+02  0.000000000E+00  1.002068609E+01 
       321  1.300000000E+02  0.000000000E+00  1.001956580E+01 
       322  1.302500000E+02  0.000000000E+00  1.001849102E+01 
       323  1.305000000E+02  0.000000000E+00  1.001746021E+01 
       324  1.307500000E+02  0.000000000E+00  1.001647191E+01 
       325  1.310000000E+02  0.000000000E+00  1.001552465E+01 
       326  1.312500000E+02  0.000000000E+00  1.001461704E+01 
       327  1.315000000E+02  0.000000000E+00  1.001374768E+01 
       328  1.317500000E+02  0.000000000E+00  1.001291522E+01 
       329  1.320000000E+02  0.000000000E+00  1.001211835E+01 
       330  1.322500000E+02  0.000000000E+00  1.001135579E+01 
       331  1.325000000E+02  0.000000000E+00  1.001062629E+01 
       332  1.327500000E+02  0.000000000E+00  1.000992864E+01 
       333  1.330000000E+02  0.000000000E+00  1.000926164E+01 
       334  1.332500000E+02  0.000000000E+00  1.000862416E+01 
       335  1.335000000E+02  0.000000000E+00  1.000801507E+01 
       336  1.337500000E+02  0.000000000E+00  1.000743329E+01 
       337  1.340000000E+02  0.000000000E+00  1.000687776E+01 
       338  1.342500000E+02  0.000000000E+00  1.000634747E+01 
       339  1.345000000E+02  0.000000000E+00  1.000584142E+01 
       340  1.347500000E+02  0.000000000E+00  1.000535866E+01 
       341  1.350000000E+02  0.000000000E+00  1.000489824E+01 
       342  1.352500000E+02  0.000000000E+00  1.000445928E+01 
       343  1.355000000E+02  0.000000000E+00  1.000404089E+01 
       344  1.357500000E+02  0.000000000E+00  1.000364224E+01 
       345  1.360000000E+02  0.000000000E+00  1.000326251E+01 
       346  1.362500000E+02  0.000000000E+00  1.000290091E+01 
       347  1.365000000E+02  0.000000000E+00  1.000255668E+01 
       348  1.367500000E+02  0.000000000E+00  1.000222909E+01 
       349  1.370000000E+02  0.000000000E+00  1.000191743E+01 
       350  1.372500000E+02  0.000000000E+00  1.000162101E+01 
       351  1.375000000E+02  0.000000000E+00  1.000133918E+01 
       352  1.377500000E+02  0.000000000E+00  1.000107130E+01 
       353  1.380000000E+02  0.000000000E+00  1.000081676E+01 
       354  1.382500000E+02  0.000000000E+00  1.000057497E+01 
       355  1.385000000E+02  0.000000000E+00  1.000034537E+01 
       356  1.387500000E+02  0.000000000E+00  1.000012740E+01 
       357  1.390000000E+02  0.000000000E+00  9.999920562E+00 
       358  1.392500000E+02  0.000000000E+00  9.999724335E+00 
       359  1.395000000E+02  0.000000000E+00  9.999538243E+00 
       360  1.397500000E+02  0.000000000E+00  9.999361821E+00 
       361  1.400000000E+02  0.000000000E+00  9.999194627E+00 
       362  1.402500000E+02  0.000000000E+00  9.999036233E+00 
       363  1.405000000E+02  0.000000000E+00  9.998886233E+00 
       364  1.407500000E+02  0.000000000E+00  9.998744236E+00 
       365  1.410000000E+02  0.000000000E+00  9.998609867E+00 
       366  1.412500000E+02  0.000000000E+00  9.998482770E+00 
       367  1.415000000E+02  0.000000000E+00  9.998362601E+00 
       368  1.417500000E+02  0.000000000E+00  9.998249035E+00 
       369  1.420000000E+02  0.000000000E+00  9.998141760E+00 
       370  1.422500000E+02  0.000000000E+00  9.998040478E+00 
       371  1.425000000E+02  0.000000000E+00  9.997944904E+00 
       372  1.427500000E+02  0.000000000E+00  9.997854770E+00 
       373  1.430000000E+02  0.000000000E+00  9.997769816E+00 
       374  1.432500000E+02  0.000000000E+00  9.997689798E+00 
       375  1.435000000E+02  0.000000000E+00  9.997614484E+00 
       376  1.437500000E+02  0.000000000E+00  9.997543651E+00 
       377  1.440000000E+02  0.000000000E+00  9.997477090E+00 
       378  1.442500000E+02  0.000000000E+00  9.997414603E+00 
       379  1.445000000E+02  0.000000000E+00  9.997356000E+00 
       380  1.447500000E+02  0.000000000E+00  9.997301104E+00 
       381  1.450000000E+02  0.000000000E+00  9.997249747E+00 
       382  1.452500000E+02  0.000000000E+00  9.997201771E+00 
       383  1.455000000E+02  0.000000000E+00  9.997157025E+00 
       384  1.457500000E+02  0.000000000E+00  9.997115370E+00 
       385  1.460000000E+02  0.000000000E+00  9.997076675E+00 
       386  1.462500000E+02  0.000000000E+00  9.997040817E+00 
       387  1.465000000E+02  0.000000000E+00  9.997007681E+00 
       388  1.467500000E+02  0.000000000E+00  9.996977161E+00 
       389  1.470000000E+02  0.000000000E+00  9.996949158E+00 
       390  1.472500000E+02  0.000000000E+00  9.996923581E+00 
       391  1.475000000E+02  0.000000000E+00  9.996900346E+00 
       392  1.477500000E+02  0.000000000E+00  9.996879377E+00 
       393  1.480000000E+02  0.000000000E+00  9.996860605E+00 
       394  1.482500000E+02  0.000000000E+00  9.996843967E+00 
       395  1.485000000E+02  0.000000000E+00  9.996829407E+00 
       396  1.487500000E+02  0.000000000E+00  9.996816878E+00 
       397  1.490000000E+02  0.000000000E+00  9.996806336E+00 
       398  1.492500000E+02  0.000000000E+00  9.996797746E+00 
       399  1.495000000E+02  0.000000000E+00  9.996791078E+00 
       400  1.497500000E+02  0.000000000E+00  9.996786310E+00 
       401  1.500000000E+02  0.000000000E+00  9.996783424E+00 
       402  1.502500000E+02  0.000000000E+00  9.996782411E+00 
       403  1.505000000E+02  0.000000000E+00  9.996783265E+00 
       404  1.507500000E+02  0.000000000E+00  9.996785990E+00 
       405  1.510000000E+02  0.000000000E+00  9.996790593E+00 
       406  1.512500000E+02  0.000000000E+00  9.996797089E+00 
       407  1.515000000E+02  0.000000000E+00  9.996805498E+00 
       408  1.517500000E+02  0.000000000E+00  9.996815848E+00 
       409  1.520000000E+02  0.000000000E+00  9.996828172E+00 
       410  1.522500000E+02  0.000000000E+00  9.996842511E+00 
       411  1.525000000E+02  0.000000000E+00  9.996858910E+00 
       412  1.527500000E+02  0.000000000E+00  9.996877422E+00 
       413  1.530000000E+02  0.000000000E+00  9.996898109E+00 
       414  1.532500000E+02  0.000000000E+00  9.996921036E+00 
       415  1.535000000E+02  0.000000000E+00  9.996946276E+00 
       416  1.537500000E+02  0.000000000E+00  9.996973913E+00 
       417  1.540000000E+02  0.000000000E+00  9.997004032E+00 
       418  1.542500000E+02  0.000000000E+00  9.997036731E+00 
       419  1.545000000E+02  0.000000000E+00  9.997072114E+00 
       420  1.547500000E+02  0.000000000E+00  9.997110290E+00 
       421  1.550000000E+02  0.000000000E+00  9.997151382E+00 
       422  1.552500000E+02  0.000000000E+00  9.997195516E+00 
       423  1.555000000E+02  0.000000000E+00  9.997242829E+00 
       424  1.557500000E+02  0.000000000E+00  9.997293468E+00 
       425  1.560000000E+02  0.000000000E+00  9.997347588E+00 
       426  1.562500000E+02  0.000000000E+00  9.997405354E+00 
       427  1.565000000E+02  0.000000000E+00  9.997466940E+00 
       428  1.567500000E+02  0.000000000E+00  9.997532530E+00 
       429  1.570000000E+02  0.000000000E+00  9.997602322E+00 
       430  1.572500000E+02  0.000000000E+00  9.997676521E+00 
       431  1.575000000E+02  0.000000000E+00  9.997755344E+00 
       432  1.577500000E+02  0.000000000E+00  9.997839023E+00 
       433  1.580000000E+02  0.000000000E+00  9.997927798E+00 
       434  1.582500000E+02  0.000000000E+00  9.998021925E+00 
       435  1.585000000E+02  0.000000000E+00  9.998121670E+00 
       436  1.587500000E+02  0.000000000E+00  9.998227316E+00 
       437  1.590000000E+02  0.000000000E+00  9.998339157E+00 
       438  1.592500000E+02  0.000000000E+00  9.998457504E+00 
       439  1.595000000E+02  0.000000000E+00  9.998582680E+00 
       440  1.597500000E+02  0.000000000E+00  9.998715029E+00 
       441  1.600000000E+02  0.000000000E+00  9.998854905E+00 
       442  1.602500000E+02  0.000000000E+00  9.999002684E+00 
       443  1.605000000E+02  0.000000000E+00  9.999158756E+00 
       444  1.607500000E+02  0.000000000E+00  9.999323531E+00 
       445  1.610000000E+02  0.000000000E+00  9.999497437E+00 
       446  1.612500000E+02  0.000000000E+00  9.999680922E+00 
       447  1.615000000E+02  0.000000000E+00  9.999874453E+00 
       448  1.617500000E+02  0.000000000E+00  1.000007852E+01 
       449  1.620000000E+02  0.000000000E+00  1.000029363E+01 
       450  1.622500000E+02  0.000000000E+00  1.000052032E+01 
       451  1.625000000E+02  0.000000000E+00  1.000075914E+01 
       452  1.627500000E+02  0.000000000E+00  1.000101068E+01 
       453  1.630000000E+02  0.000000000E+00  1.000127553E+01 
       454  1.632500000E+02  0.000000000E+00  1.000155433E+01 
       455  1.635000000E+02  0.000000000E+00  1.000184773E+01 
       456  1.637500000E+02  0.000000000E+00  1.000215642E+01 
       457  1.640000000E+02  0.000000000E+00  1.000248111E+01 
       458  1.642500000E+02  0.000000000E+00  1.000282253E+01 
       459  1.645000000E+02  0.000000000E+00  1.000318147E+01 
       460  1.647500000E+02  0.000000000E+00  1.000355871E+01 
       461  1.650000000E+02  0.000000000E+00  1.000395511E+01 
       462  1.652500000E+02  0.000000000E+00  1.000437152E+01 
       463  1.655000000E+02  0.000000000E+00  1.000480884E+01 
       464  1.657500000E+02  0.000000000E+00  1.000526802E+01 
       465  1.660000000E+02  0.000000000E+00  1.000575003E+01 
       466  1.662500000E+02  0.000000000E+00  1.000625588E+01 
       467  1.665000000E+02  0.000000000E+00  1.000678661E+01 
       468  1.667500000E+02  0.000000000E+00  1.000734333E+01 
       469  1.670000000E+02  0.000000000E+00  1.000792716E+01 
       470  1.672500000E+02  0.000000000E+00  1.000853927E+01 
       471  1.675000000E+02  0.000000000E+00  1.000918089E+01 
       472  1.677500000E+02  0.000000000E+00  1.000985328E+01 
       473  1.680000000E+02  0.000000000E+00  1.001055774E+01 
       474  1.682500000E+02  0.000000000E+00  1.001129565E+01 
       475  1.685000000E+02  0.000000000E+00  1.001206839E+01 
       476  1.687500000E+02  0.000000000E+00  1.001287744E+01 
       477  1.690000000E+02  0.000000000E+00  1.001372431E+01 
       478  1.692500000E+02  0.000000000E+00  1.001461055E+01 
       479  1.695000000E+02  0.000000000E+00  1.001553779E+01 
       480  1.697500000E+02  0.000000000E+00  1.001650771E+01 
       481  1.700000000E+02  0.000000000E+00  1.001752205E+01 
       482  1.702500000E+02  0.000000000E+00  1.001858261E+01 
       483  1.705000000E+02  0.000000000E+00  1.001969123E+01 
       484  1.707500000E+02  0.000000000E+00  1.002084986E+01 
       485  1.710000000E+02  0.000000000E+00  1.002206049E+01 
       486  1.712500000E+02  0.000000000E+00  1.002332516E+01 
       487  1.715000000E+02  0.000000000E+00  1.002464602E+01 
       488  1.717500000E+02  0.000000000E+00  1.002602526E+01 
       489  1.720000000E+02  0.000000000E+00  1.002746517E+01 
       490  1.722500000E+02  0.000000000E+00  1.002896809E+01 
       491  1.725000000E+02  0.000000000E+00  1.003053646E+01 
       492  1.727500000E+02  0.000000000E+00  1.003217280E+01 
       493  1.730000000E+02  0.000000000E+00  1.003387969E+01 
       494  1.732500000E+02  0.000000000E+00  1.003565983E+01 
       495  1.735000000E+02  0.000000000E+00  1.003751599E+01 
       496  1.737500000E+02  0.000000000E+00  1.003945103E+01 
       497  1.740000000E+02  0.000000000E+00  1.004146791E+01 
       498  1.742500000E+02  0.000000000E+00  1.004356967E+01 
       499  1.745000000E+02  0.000000000E+00  1.004575949E+01 
       500  1.747500000E+02  0.000000000E+00  1.004804061E+01 
       501  1.750000000E+02  0.000000000E+00  1.005041639E+01 
       502  1.752500000E+02  0.000000000E+00  1.005289031E+01 
       503  1.755000000E+02  0.000000000E+00  1.005546595E+01 
       504  1.757500000E+02  0.000000000E+00  1.005814701E+01 
       505  1.760000000E+02  0.000000000E+00  1.006093729E+01 
       506  1.762500000E+02  0.000000000E+00  1.006384075E+01 
       507  1.765000000E+02  0.000000000E+00  1.006686144E+01 
       508  1.767500000E+02  0.000000000E+00  1.007000356E+01 
       509  1.770000000E+02  0.000000000E+00  1.007327144E+01 
       510  1.772500000E+02  0.000000000E+00  1.007666953E+01 
       511  1.775000000E+02  0.000000000E+00  1.008020245E+01 
       512  1.777500000E+02  0.000000000E+00  1.008387495E+01 
       513  1.780000000E+02  0.000000000E+00  1.008769191E+01 
       514  1.782500000E+02  0.000000000E+00  1.009165841E+01 
       515  1.785000000E+02  0.000000000E+00  1.009577965E+01 
       516  1.787500000E+02  0.000000000E+00  1.010006101E+01 
       517  1.790000000E+02  0.000000000E+00  1.010450802E+01 
       518  1.792500000E+02  0.000000000E+00  1.010912641E+01 
       519  1.795000000E+02  0.000000000E+00  1.011392206E+01 
       520  1.797500000E+02  0.000000000E+00  1.011890105E+01 
       521  1.800000000E+02  0.000000000E+00  1.012406963E+01 
       522  1.802500000E+02  0.000000000E+00  1.012943426E+01 
       523  1.805000000E+02  0.000000000E+00  1.013500160E+01 
       524  1.807500000E+02  0.000000000E+00  1.014077848E+01 
       525  1.810000000E+02  0.000000000E+00  1.014677196E+01 
       526  1.812500000E+02  0.000000000E+00  1.015298933E+01 
       527  1.815000000E+02  0.000000000E+00  1.015943805E+01 
       528  1.817500000E+02  0.000000000E+00  1.016612585E+01 
       529  1.820000000E+02  0.000000000E+00  1.017306065E+01 
       530  1.822500000E+02  0.000000000E+00  1.018025064E+01 
       531  1.825000000E+02  0.000000000E+00  1.018770422E+01 
       532  1.827500000E+02  0.000000000E+00  1.019543003E+01 
       533  1.830000000E+02  0.000000000E+00  1.020343698E+01 
       534  1.832500000E+02  0.000000000E+00  1.021173422E+01 
       535  1.835000000E+02  0.000000000E+00  1.022033115E+01 
       536  1.837500000E+02  0.000000000E+00  1.022923744E+01 
       537  1.840000000E+02  0.000000000E+00  1.023846302E+01 
       538  1.842500000E+02  0.000000000E+00  1.024801809E+01 
       539  1.845000000E+02  0.000000000E+00  1.025791312E+01 
       540  1.847500000E+02  0.000000000E+00  1.026815885E+01 
       541  1.850000000E+02  0.000000000E+00  1.027876630E+01 
       542  1.852500000E+02  0.000000000E+00  1.028974676E+01 
       543  1.855000000E+02  0.000000000E+00  1.030111180E+01 
       544  1.857500000E+02  0.000000000E+00  1.031287327E+01 
       545  1.860000000E+02  0.000000000E+00  1.032504331E+01 
       546  1.862500000E+02  0.000000000E+00  1.033763429E+01 
       547  1.865000000E+02  0.000000000E+00  1.035065890E+01 
       548  1.867500000E+02  0.000000000E+00  1.036413007E+01 
       549  1.870000000E+02  0.000000000E+00  1.037806100E+01 
       550  1.872500000E+02  0.000000000E+00  1.039246511E+01 
       551  1.875000000E+02  0.000000000E+00  1.040735611E+01 
       552  1.877500000E+02  0.000000000E+00  1.042274790E+01 
       553  1.880000000E+02  0.000000000E+00  1.043865461E+01 
       554  1.882500000E+02  0.000000000E+00  1.045509056E+01 
       555  1.885000000E+02  0.000000000E+00  1.047207023E+01 
       556  1.887500000E+02  0.000000000E+00  1.048960828E+01 
       557  1.890000000E+02  0.000000000E+00  1.050771946E+01 
       558  1.892500000E+02  0.000000000E+00  1.052641860E+01 
       559  1.895000000E+02  0.000000000E+00  1.054572059E+01 
       560  1.897500000E+02  0.000000000E+00  1.056564029E+01 
       561  1.900000000E+02  0.000000000E+00  1.058619251E+01 
       562  1.902500000E+02  0.000000000E+00  1.060739194E+01 
       563  1.905000000E+02  0.000000000E+00  1.062925304E+01 
       564  1.907500000E+02  0.000000000E+00  1.065179000E+01 
       565  1.910000000E+02  0.000000000E+00  1.067501662E+01 
       566  1.912500000E+02  0.000000000E+00  1.069894618E+01 
       567  1.915000000E+02  0.000000000E+00  1.072359131E+01 
       568  1.917500000E+02  0.000000000E+00  1.074896386E+01 
       569  1.920000000E+02  0.000000000E+00  1.077507467E+01 
       570  1.922500000E+02  0.000000000E+00  1.080193340E+01 
       571  1.925000000E+02  0.000000000E+00  1.082954825E+01 
       572  1.927500000E+02  0.000000000E+00  1.085792569E+01 
       573  1.930000000E+02  0.000000000E+00  1.088707012E+01 
       574  1.932500000E+02  0.000000000E+00  1.091698348E+01 
       575  1.935000000E+02  0.000000000E+00  1.094766477E+01 
       576  1.937500000E+02  0.000000000E+00  1.097910952E+01 
       577  1.940000000E+02  0.000000000E+00  1.101130916E+01 
       578  1.942500000E+02  0.000000000E+00  1.104425027E+01 
       579  1.945000000E+02  0.000000000E+00  1.107791364E+01 
       580  1.947500000E+02  0.000000000E+00  1.111227330E+01 
       581  1.950000000E+02  0.000000000E+00  1.114729515E+01 
       582  1.952500000E+02  0.000000000E+00  1.118293554E+01 
       583  1.955000000E+02  0.000000000E+00  1.121913937E+01 
       584  1.957500000E+02  0.000000000E+00  1.125583794E+01 
       585  1.960000000E+02  0.000000000E+00  1.129294617E+01 
       586  1.962500000E+02  0.000000000E+00  1.133035935E+01 
       587  1.965000000E+02  0.000000000E+00  1.136794896E+01 
       588  1.967500000E+02  0.000000000E+00  1.140555751E+01 
       589  1.970000000E+02  0.000000000E+00  1.144299190E+01 
       590  1.972500000E+02  0.000000000E+00  1.148001493E+01 
       591  1.975000000E+02  0.000000000E+00  1.151633409E+01 
       592  1.977500000E+02  0.000000000E+00  1.155158641E+01 
       593  1.980000000E+02  0.000000000E+00  1.158531769E+01 
       594  1.982500000E+02  0.000000000E+00  1.161695270E+01 
       595  1.985000000E+02  0.000000000E+00  1.164575077E+01 
       596  1.987500000E+02  0.000000000E+00  1.167073610E+01 
       597  1.990000000E+02  0.000000000E+00  1.169057995E+01 
       598  1.992500000E+02  0.000000000E+00  1.170338300E+01 
       599  1.995000000E+02  0.000000000E+00  1.170622122E+01 
       600  1.997500000E+02  0.000000000E+00  1.169089779E+01 
       601  2.000000000E+02  0.000000000E+00  1.275276493E+01 
       602  2.001999988E+02  0.000000000E+00  1.346809878E+01 
       603  2.004032879E+02  0.000000000E+00  1.318724229E+01 
       604  2.006099214E+02  0.000000000E+00  1.292831899E+01 
       605  2.008199543E+02  0.000000000E+00  1.268846255E+01 
       606  2.010334426E+02  0.000000000E+00  1.246628723E+01 
       607  2.012504431E+02  0.000000000E+00  1.226052579E+01 
       608  2.014710137E+02  0.000000000E+00  1.207001605E+01 
       609  2.016952129E+02  0.000000000E+00  1.189368927E+01 
       610  2.019231006E+02  0.000000000E+00  1.173056033E+01 
       611  2.021547374E+02  0.000000000E+00  1.157971923E+01 
       612  2.023901849E+02  0.000000000E+00  1.144032364E+01 
       613  2.026295060E+02  0.000000000E+00  1.131159239E+01 
       614  2.028727642E+02  0.000000000E+00  1.119279953E+01 
       615  2.031200245E+02  0.000000000E+00  1.108086408E+01 
       616  2.033713525E+02  0.000000000E+00  1.097541645E+01 
       617  2.036268153E+02  0.000000000E+00  1.091932055E+01 
       618  2.038864808E+02  0.000000000E+00  1.086948492E+01 
       619  2.041504183E+02  0.000000000E+00  1.078156514E+01 
       620  2.044186979E+02  0.000000000E+00  1.070153269E+01 
       621  2.046913911E+02  0.000000000E+00  1.063068456E+01 
       622  2.049685706E+02  0.000000000E+00  1.056590675E+01 
       623  2.052503101E+02  0.000000000E+00  1.050676676E+01 
       624  2.055366847E+02  0.000000000E+00  1.045285868E+01 
       625  2.058277705E+02  0.000000000E+00  1.040380146E+01 
       626  2.061236452E+02  0.000000000E+00  1.035923713E+01 
       627  2.064243875E+02  0.000000000E+00  1.031882954E+01 
       628  2.067300774E+02  0.000000000E+00  1.028226296E+01 
       629  2.070407965E+02  0.000000000E+00  1.024924092E+01 
       630  2.073566273E+02  0.000000000E+00  1.021948513E+01 
       631  2.076776540E+02  0.000000000E+00  1.019273449E+01 
       632  2.080039622E+02  0.000000000E+00  1.016874419E+01 
       633  2.083356386E+02  0.000000000E+00  1.014728485E+01 
       634  2.086727716E+02  0.000000000E+00  1.012814180E+01 
       635  2.090154510E+02  0.000000000E+00  1.011111429E+01 
       636  2.093637679E+02  0.000000000E+00  1.009601490E+01 
       637  2.097178153E+02  0.000000000E+00  1.008266881E+01 
       638  2.100776872E+02  0.000000000E+00  1.007091327E+01 
       639  2.104434797E+02  0.000000000E+00  1.006059699E+01 
       640  2.108152899E+02  0.000000000E+00  1.005157959E+01 
       641  2.111932170E+02  0.000000000E+00  1.004373105E+01 
       642  2.115773617E+02  0.000000000E+00  1.003693124E+01 
       643  2.119678260E+02  0.000000000E+00  1.003106937E+01 
       644  2.123647142E+02  0.000000000E+00  1.002604352E+01 
       645  2.127681317E+02  0.000000000E+00  1.002176016E+01 
       646  2.131781861E+02  0.000000000E+00  1.001813370E+01 
       647  2.135949866E+02  0.000000000E+00  1.001508600E+01 
       648  2.140186441E+02  0.000000000E+00  1.001254597E+01 
       649  2.144492713E+02  0.000000000E+00  1.001044909E+01 
       650  2.148869831E+02  0.000000000E+00  1.000873703E+01 
       651  2.153318959E+02  0.000000000E+00  1.000735721E+01 
       652  2.157841282E+02  0.000000000E+00  1.000626240E+01 
       653  2.162438005E+02  0.000000000E+00  1.000541036E+01 
       654  2.167110350E+02  0.000000000E+00  1.000476344E+01 
       655  2.171859563E+02  0.000000000E+00  1.000428822E+01 
       656  2.176686908E+02  0.000000000E+00  1.000395518E+01 
       657  2.181593671E+02  0.000000000E+00  1.000373838E+01 
       658  2.186581157E+02  0.000000000E+00  1.000361513E+01 
       659  2.191650695E+02  0.000000000E+00  1.000356566E+01 
       660  2.196803635E+02  0.000000000E+00  1.000357290E+01 
       661  2.202041348E+02  0.000000000E+00  1.000362221E+01 
       662  2.207365230E+02  0.000000000E+00  1.000370112E+01 
       663  2.212776699E+02  0.000000000E+00  1.000379909E+01 
       664  2.218277194E+02  0.000000000E+00  1.000390729E+01 
       665  2.223868182E+02  0.000000000E+00  1.000401846E+01 
       666  2.229551149E+02  0.000000000E+00  1.000412665E+01 
       667  2.235327610E+02  0.000000000E+00  1.000422714E+01 
       668  2.241199103E+02  0.000000000E+00  1.000431621E+01 
       669  2.247167191E+02  0.000000000E+00  1.000439109E+01 
       670  2.253233464E+02  0.000000000E+00  1.000444975E+01 
       671  2.259399536E+02  0.000000000E+00  1.000449085E+01 
       672  2.265667050E+02  0.000000000E+00  1.000451362E+01 
       673  2.272037674E+02  0.000000000E+00  1.000451780E+01 
       674  2.278513104E+02  0.000000000E+00  1.000450349E+01 
       675  2.285095066E+02  0.000000000E+00  1.000447113E+01 
       676  2.291785311E+02  0.000000000E+00  1.000442145E+01 
       677  2.298585621E+02  0.000000000E+00  1.000435537E+01 
       678  2.305497807E+02  0.000000000E+00  1.000427400E+01 
       679  2.312523708E+02  0.000000000E+00  1.000417853E+01 
       680  2.319665197E+02  0.000000000E+00  1.000407026E+01 
       681  2.326924175E+02  0.000000000E+00  1.000395051E+01 
       682  2.334302574E+02  0.000000000E+00  1.000382063E+01 
       683  2.341802359E+02  0.000000000E+00  1.000368194E+01 
       684  2.349425527E+02  0.000000000E+00  1.000353572E+01 
       685  2.357174108E+02  0.000000000E+00  1.000338320E+01 
       686  2.365050165E+02  0.000000000E+00  1.000322554E+01 
       687  2.373055796E+02  0.000000000E+00  1.000306380E+01 
       688  2.381193132E+02  0.000000000E+00  1.000289895E+01 
       689  2.389464340E+02  0.000000000E+00  1.000273188E+01 
       690  2.397871622E+02  0.000000000E+00  1.000256333E+01 
       691  2.406417216E+02  0.000000000E+00  1.000239396E+01 
       692  2.415103399E+02  0.000000000E+00  1.000222432E+01 
       693  2.423932484E+02  0.000000000E+00  1.000205485E+01 
       694  2.432906820E+02  0.000000000E+00  1.000188587E+01 
       695  2.442028798E+02  0.000000000E+00  1.000171762E+01 
       696  2.451300847E+02  0.000000000E+00  1.000155023E+01 
       697  2.460725436E+02  0.000000000E+00  1.000138374E+01 
       698  2.470305073E+02  0.000000000E+00  1.000121806E+01 
       699  2.480042311E+02  0.000000000E+00  1.000105305E+01 
       700  2.489939742E+02  0.000000000E+00  1.000088839E+01 
       701  2.500000000E+02  0.000000000E+00  1.000072363E+01 
       702  2.510060258E+02  0.000000000E+00  1.000056083E+01 
       703  2.519957689E+02  0.000000000E+00  1.000040189E+01 
       704  2.529694927E+02  0.000000000E+00  1.000024607E+01 
       705  2.539274564E+02  0.000000000E+00  1.000009276E+01 
       706  2.548699153E+02  0.000000000E+00  9.999941448E+00 
       707  2.557971202E+02  0.000000000E+00  9.999791645E+00 
       708  2.567093180E+02  0.000000000E+00  9.999642883E+00 
       709  2.576067516E+02  0.000000000E+00  9.999494689E+00 
       710  2.584896601E+02  0.000000000E+00  9.999346564E+00 
       711  2.593582784E+02  0.000000000E+00  9.999197967E+00 
       712  2.602128379E+02  0.000000000E+00  9.999048302E+00 
       713  2.610535660E+02  0.000000000E+00  9.998896899E+00 
       714  2.618806868E+02  0.000000000E+00  9.998742999E+00 
       715  2.626944204E+02  0.000000000E+00  9.998585747E+00 
       716  2.634949835E+02  0.000000000E+00  9.998424172E+00 
       717  2.642825892E+02  0.000000000E+00  9.998257176E+00 
       718  2.650574473E+02  0.000000000E+00  9.998083524E+00 
       719  2.658197641E+02  0.000000000E+00  9.997901828E+00 
       720  2.665697426E+02  0.000000000E+00  9.997710536E+00 
       721  2.673075825E+02  0.000000000E+00  9.997507917E+00 
       722  2.680334803E+02  0.000000000E+00  9.997292049E+00 
       723  2.687476292E+02  0.000000000E+00  9.997060800E+00 
       724  2.694502193E+02  0.000000000E+00  9.996811813E+00 
       725  2.701414379E+02  0.000000000E+00  9.996542485E+00 
       726  2.708214689E+02  0.000000000E+00  9.996249942E+00 
       727  2.714904934E+02  0.000000000E+00  9.995931017E+00 
       728  2.721486896E+02  0.000000000E+00  9.995582216E+00 
       729  2.727962326E+02  0.000000000E+00  9.995199684E+00 
       730  2.734332950E+02  0.000000000E+00  9.994779163E+00 
       731  2.740600464E+02  0.000000000E+00  9.994315948E+00 
       732  2.746766536E+02  0.000000000E+00  9.993804830E+00 
       733  2.752832808E+02  0.000000000E+00  9.993240036E+00 
       734  2.758800897E+02  0.000000000E+00  9.992615157E+00 
       735  2.764672390E+02  0.000000000E+00  9.991923076E+00 
       736  2.770448851E+02  0.000000000E+00  9.991155872E+00 
       737  2.776131818E+02  0.000000000E+00  9.990304726E+00 
       738  2.781722806E+02  0.000000000E+00  9.989359814E+00 
       739  2.787223301E+02  0.000000000E+00  9.988310180E+00 
       740  2.792634769E+02  0.000000000E+00  9.987143613E+00 
       741  2.797958652E+02  0.000000000E+00  9.985846493E+00 
       742  2.803196365E+02  0.000000000E+00  9.984403642E+00 
       743  2.808349305E+02  0.000000000E+00  9.982798150E+00 
       744  2.813418843E+02  0.000000000E+00  9.981011196E+00 
       745  2.818406329E+02  0.000000000E+00  9.979021846E+00 
       746  2.823313092E+02  0.000000000E+00  9.976806850E+00 
       747  2.828140437E+02  0.000000000E+00  9.974340421E+00 
       748  2.832889650E+02  0.000000000E+00  9.971593995E+00 
       749  2.837561995E+02  0.000000000E+00  9.968535993E+00 
       750  2.842158718E+02  0.000000000E+00  9.965131558E+00 
       751  2.846681041E+02  0.000000000E+00  9.961342296E+00 
       752  2.851130169E+02  0.000000000E+00  9.957125996E+00 
       753  2.855507287E+02  0.000000000E+00  9.952436351E+00 
       754  2.859813560E+02  0.000000000E+00  9.947222670E+00 
       755  2.864050134E+02  0.000000000E+00  9.941429593E+00 
       756  2.868218139E+02  0.000000000E+00  9.934996795E+00 
       757  2.872318683E+02  0.000000000E+00  9.927858707E+00 
       758  2.876352858E+02  0.000000000E+00  9.919944226E+00 
       759  2.880321740E+02  0.000000000E+00  9.911176453E+00 
       760  2.884226383E+02  0.000000000E+00  9.901472426E+00 
       761  2.888067830E+02  0.000000000E+00  9.890742883E+00 
       762  2.891847101E+02  0.000000000E+00  9.878892045E+00 
       763  2.895565204E+02  0.000000000E+00  9.865817421E+00 
       764  2.899223128E+02  0.000000000E+00  9.851409650E+00 
       765  2.902821847E+02  0.000000000E+00  9.835552380E+00 
       766  2.906362321E+02  0.000000000E+00  9.818122191E+00 
       767  2.909845490E+02  0.000000000E+00  9.798988569E+00 
       768  2.913272284E+02  0.000000000E+00  9.778013935E+00 
       769  2.916643614E+02  0.000000000E+00  9.755053735E+00 
       770  2.919960378E+02  0.000000000E+00  9.729956605E+00 
       771  2.923223460E+02  0.000000000E+00  9.702564607E+00 
       772  2.926433727E+02  0.000000000E+00  9.672713551E+00 
       773  2.929592035E+02  0.000000000E+00  9.640233398E+00 
       774  2.932699226E+02  0.000000000E+00  9.604948765E+00 
       775  2.935756125E+02  0.000000000E+00  9.566679530E+00 
       776  2.938763548E+02  0.000000000E+00  9.525241529E+00 
       777  2.941722295E+02  0.000000000E+00  9.480447374E+00 
       778  2.944633153E+02  0.000000000E+00  9.432107378E+00 
       779  2.947496899E+02  0.000000000E+00  9.380030583E+00 
       780  2.950314294E+02  0.000000000E+00  9.324025919E+00 
       781  2.953086088E+02  0.000000000E+00  9.263903453E+00 
       782  2.955813021E+02  0.000000000E+00  9.199475761E+00 
       783  2.958495817E+02  0.000000000E+00  9.130559402E+00 
       784  2.961135192E+02  0.000000000E+00  9.056976496E+00 
       785  2.963731847E+02  0.000000000E+00  8.978556366E+00 
       786  2.966286475E+02  0.000000000E+00  8.895137289E+00 
       787  2.968799755E+02  0.000000000E+00  8.806568300E+00 
       788  2.971272358E+02  0.000000000E+00  8.712711033E+00 
       789  2.973704940E+02  0.000000000E+00  8.613441628E+00 
       790  2.976098151E+02  0.000000000E+00  8.508652609E+00 
       791  2.978452626E+02  0.000000000E+00  8.398254796E+00 
       792  2.980768994E+02  0.000000000E+00  8.282179157E+00 
       793  2.983047871E+02  0.000000000E+00  8.160378611E+00 
       794  2.985289863E+02  0.000000000E+00  8.032829820E+00 
       795  2.987495568E+02  0.000000000E+00  8.147979483E+00 
       796  2.989665574E+02  0.000000000E+00  8.270947254E+00 
       797  2.991800457E+02  0.000000000E+00  8.161783161E+00 
       798  2.993900786E+02  0.000000000E+00  8.048384994E+00 
       799  2.995967121E+02  0.000000000E+00  7.930857209E+00 
       800  2.998000012E+02  0.000000000E+00  7.808941685E+00 
       801  3.000000000E+02  0.000000000E+00  8.089683055E+00 
       802  3.002500000E+02  0.000000000E+00  8.511237888E+00 
       803  3.005000000E+02  0.000000000E+00  8.506584652E+00 
       804  3.007500000E+02  0.000000000E+00  8.514110297E+00 
       805  3.010000000E+02  0.000000000E+00  8.528516788E+00 
       806  3.012500000E+02  0.000000000E+00  8.547832807E+00 
       807  3.015000000E+02  0.000000000E+00  8.570754331E+00 
       808  3.017500000E+02  0.000000000E+00  8.596356846E+00 
       809  3.020000000E+02  0.000000000E+00  8.623954193E+00 
       810  3.022500000E+02  0.000000000E+00  8.653021115E+00 
       811  3.025000000E+02  0.000000000E+00  8.683146726E+00 
       812  3.027500000E+02  0.000000000E+00  8.714004589E+00 
       813  3.030000000E+02  0.000000000E+00  8.745332430E+00 
       814  3.032500000E+02  0.000000000E+00  8.776917806E+00 
       815  3.035000000E+02  0.000000000E+00  8.808587661E+00 
       816  3.037500000E+02  0.000000000E+00  8.840200504E+00 
       817  3.040000000E+02  0.000000000E+00  8.871640433E+00 
       818  3.042500000E+02  0.000000000E+00  8.902812481E+00 
       819  3.045000000E+02  0.000000000E+00  8.933638942E+00 
       820  3.047500000E+02  0.000000000E+00  8.964056440E+00 
       821  3.050000000E+02  0.000000000E+00  8.994013547E+00 
       822  3.052500000E+02  0.000000000E+00  9.023468851E+00 
       823  3.055000000E+02  0.000000000E+00  9.052389362E+00 
       824  3.057500000E+02  0.000000000E+00  9.080749194E+00 
       825  3.060000000E+02  0.000000000E+00  9.108528466E+00 
       826  3.062500000E+02  0.000000000E+00  9.135712381E+00 
       827  3.065000000E+02  0.000000000E+00  9.162290455E+00 
       828  3.067500000E+02  0.000000000E+00  9.188255859E+00 
       829  3.070000000E+02  0.000000000E+00  9.213604867E+00 
       830  3.072500000E+02  0.000000000E+00  9.238336384E+00 
       831  3.075000000E+02  0.000000000E+00  9.262451542E+00 
       832  3.077500000E+02  0.000000000E+00  9.285953361E+00 
       833  3.080000000E+02  0.000000000E+00  9.308846448E+00 
       834  3.082500000E+02  0.000000000E+00  9.331136749E+00 
       835  3.085000000E+02  0.000000000E+00  9.352831331E+00 
       836  3.087500000E+02  0.000000000E+00  9.373938193E+00 
       837  3.090000000E+02  0.000000000E+00  9.394466107E+00 
       838  3.092500000E+02  0.000000000E+00  9.414424477E+00 
       839  3.095000000E+02  0.000000000E+00  9.433823223E+00 
       840  3.097500000E+02  0.000000000E+00  9.452672672E+00 
       841  3.100000000E+02  0.000000000E+00  9.470983475E+00 
       842  3.102500000E+02  0.000000000E+00  9.488766523E+00 
       843  3.105000000E+02  0.000000000E+00  9.506032886E+00 
       844  3.107500000E+02  0.000000000E+00  9.522793753E+00 
       845  3.110000000E+02  0.000000000E+00  9.539060383E+00 
       846  3.112500000E+02  0.000000000E+00  9.554844061E+00 
       847  3.115000000E+02  0.000000000E+00  9.570156063E+00 
       848  3.117500000E+02  0.000000000E+00  9.585007623E+00 
       849  3.120000000E+02  0.000000000E+00  9.599409907E+00 
       850  3.122500000E+02  0.000000000E+00  9.613373990E+00 
       851  3.125000000E+02  0.000000000E+00  9.626910835E+00 
       852  3.127500000E+02  0.000000000E+00  9.640031277E+00 
       853  3.130000000E+02  0.000000000E+00  9.652746008E+00 
       854  3.132500000E+02  0.000000000E+00  9.665065568E+00 
       855  3.135000000E+02  0.000000000E+00  9.677000331E+00 
       856  3.137500000E+02  0.000000000E+00  9.688560501E+00 
       857  3.140000000E+02  0.000000000E+00  9.699756103E+00 
       858  3.142500000E+02  0.000000000E+00  9.710596978E+00 
       859  3.145000000E+02  0.000000000E+00  9.721092780E+00 
       860  3.147500000E+02  0.000000000E+00  9.731252972E+00 
       861  3.150000000E+02  0.000000000E+00  9.741086825E+00 
       862  3.152500000E+02  0.000000000E+00  9.750603414E+00 
       863  3.155000000E+02  0.000000000E+00  9.759811621E+00 
       864  3.157500000E+02  0.000000000E+00  9.768720134E+00 
       865  3.160000000E+02  0.000000000E+00  9.777337445E+00 
       866  3.162500000E+02  0.000000000E+00  9.785671854E+00 
       867  3.165000000E+02  0.000000000E+00  9.793731468E+00 
       868  3.167500000E+02  0.000000000E+00  9.801524205E+00 
       869  3.170000000E+02  0.000000000E+00  9.809057793E+00 
       870  3.172500000E+02  0.000000000E+00  9.816339776E+00 
       871  3.175000000E+02  0.000000000E+00  9.823377512E+00 
       872  3.177500000E+02  0.000000000E+00  9.830178179E+00 
       873  3.180000000E+02  0.000000000E+00  9.836748779E+00 
       874  3.182500000E+02  0.000000000E+00  9.843096135E+00 
       875  3.185000000E+02  0.000000000E+00  9.849226899E+00 
       876  3.187500000E+02  0.000000000E+00  9.855147554E+00 
       877  3.190000000E+02  0.000000000E+00  9.860864417E+00 
       878  3.192500000E+02  0.000000000E+00  9.866383642E+00 
       879  3.195000000E+02  0.000000000E+00  9.871711221E+00 
       880  3.197500000E+02  0.000000000E+00  9.876852993E+00 
       881  3.200000000E+02  0.000000000E+00  9.881814642E+00 
       882  3.202500000E+02  0.000000000E+00  9.886601701E+00 
       883  3.205000000E+02  0.000000000E+00  9.891219558E+00 
       884  3.207500000E+02  0.000000000E+00  9.895673455E+00 
       885  3.210000000E+02  0.000000000E+00  9.899968497E+00 
       886  3.212500000E+02  0.000000000E+00  9.904109650E+00 
       887  3.215000000E+02  0.000000000E+00  9.908101744E+00 
       888  3.217500000E+02  0.000000000E+00  9.911949481E+00 
       889  3.220000000E+02  0.000000000E+00  9.915657434E+00 
       890  3.222500000E+02  0.000000000E+00  9.919230050E+00 
       891  3.225000000E+02  0.000000000E+00  9.922671655E+00 
       892  3.227500000E+02  0.000000000E+00  9.925986456E+00 
       893  3.230000000E+02  0.000000000E+00  9.929178543E+00 
       894  3.232500000E+02  0.000000000E+00  9.932251894E+00 
       895  3.235000000E+02  0.000000000E+00  9.935210374E+00 
       896  3.237500000E+02  0.000000000E+00  9.938057741E+00 
       897  3.240000000E+02  0.000000000E+00  9.940797648E+00 
       898  3.242500000E+02  0.000000000E+00  9.943433645E+00 
       899  3.245000000E+02  0.000000000E+00  9.945969181E+00 
       900  3.247500000E+02  0.000000000E+00  9.948407607E+00 
       901  3.250000000E+02  0.000000000E+00  9.950752180E+00 
       902  3.252500000E+02  0.000000000E+00  9.953006061E+00 
       903  3.255000000E+02  0.000000000E+00  9.955172323E+00 
       904  3.257500000E+02  0.000000000E+00  9.957253949E+00 
       905  3.260000000E+02  0.000000000E+00  9.959253835E+00 
       906  3.262500000E+02  0.000000000E+00  9.961174794E+00 
       907  3.265000000E+02  0.000000000E+00  9.963019555E+00 
       908  3.267500000E+02  0.000000000E+00  9.964790769E+00 
       909  3.270000000E+02  0.000000000E+00  9.966491006E+00 
       910  3.272500000E+02  0.000000000E+00  9.968122762E+00 
       911  3.275000000E+02  0.000000000E+00  9.969688458E+00 
       912  3.277500000E+02  0.000000000E+00  9.971190442E+00 
       913  3.280000000E+02  0.000000000E+00  9.972630991E+00 
       914  3.282500000E+02  0.000000000E+00  9.974012314E+00 
       915  3.285000000E+02  0.000000000E+00  9.975336551E+00 
       916  3.287500000E+02  0.000000000E+00  9.976605778E+00 
       917  3.290000000E+02  0.000000000E+00  9.977822007E+00 
       918  3.292500000E+02  0.000000000E+00  9.978987187E+00 
       919  3.295000000E+02  0.000000000E+00  9.980103206E+00 
       920  3.297500000E+02  0.000000000E+00  9.981171893E+00 
       921  3.300000000E+02  0.000000000E+00  9.982195021E+00 
       922  3.302500000E+02  0.000000000E+00  9.983174302E+00 
       923  3.305000000E+02  0.000000000E+00  9.984111399E+00 
       924  3.307500000E+02  0.000000000E+00  9.985007919E+00 
       925  3.310000000E+02  0.000000000E+00  9.985865415E+00 
       926  3.312500000E+02  0.000000000E+00  9.986685392E+00 
       927  3.315000000E+02  0.000000000E+00  9.987469305E+00 
       928  3.317500000E+02  0.000000000E+00  9.988218560E+00 
       929  3.320000000E+02  0.000000000E+00  9.988934518E+00 
       930  3.322500000E+02  0.000000000E+00  9.989618493E+00 
       931  3.325000000E+02  0.000000000E+00  9.990271754E+00 
       932  3.327500000E+02  0.000000000E+00  9.990895529E+00 
       933  3.330000000E+02  0.000000000E+00  9.991491003E+00 
       934  3.332500000E+02  0.000000000E+00  9.992059319E+00 
       935  3.335000000E+02  0.000000000E+00  9.992601582E+00 
       936  3.337500000E+02  0.000000000E+00  9.993118857E+00 
       937  3.340000000E+02  0.000000000E+00  9.993612173E+00 
       938  3.342500000E+02  0.000000000E+00  9.994082521E+00 
       939  3.345000000E+02  0.000000000E+00  9.994530857E+00 
       940  3.347500000E+02  0.000000000E+00  9.994958103E+00 
       941  3.350000000E+02  0.000000000E+00  9.995365147E+00 
       942  3.352500000E+02  0.000000000E+00  9.995752844E+00 
       943  3.355000000E+02  0.000000000E+00  9.996122019E+00 
       944  3.357500000E+02  0.000000000E+00  9.996473465E+00 
       945  3.360000000E+02  0.000000000E+00  9.996807946E+00 
       946  3.362500000E+02  0.000000000E+00  9.997126197E+00 
       947  3.365000000E+02  0.000000000E+00  9.997428925E+00 
       948  3.367500000E+02  0.000000000E+00  9.997716808E+00 
       949  3.370000000E+02  0.000000000E+00  9.997990502E+00 
       950  3.372500000E+02  0.000000000E+00  9.998250634E+00 
       951  3.375000000E+02  0.000000000E+00  9.998497807E+00 
       952  3.377500000E+02  0.000000000E+00  9.998732600E+00 
       953  3.380000000E+02  0.000000000E+00  9.998955570E+00 
       954  3.382500000E+02  0.000000000E+00  9.999167251E+00 
       955  3.385000000E+02  0.000000000E+00  9.999368155E+00 
       956  3.387500000E+02  0.000000000E+00  9.999558772E+00 
       957  3.390000000E+02  0.000000000E+00  9.999739574E+00 
       958  3.392500000E+02  0.000000000E+00  9.999911011E+00 
       959  3.395000000E+02  0.000000000E+00  1.000007352E+01 
       960  3.397500000E+02  0.000000000E+00  1.000022750E+01 
       961  3.400000000E+02  0.000000000E+00  1.000037337E+01 
       962  3.402500000E+02  0.000000000E+00  1.000051148E+01 
       963  3.405000000E+02  0.000000000E+00  1.000064222E+01 
       964  3.407500000E+02  0.000000000E+00  1.000076592E+01 
       965  3.410000000E+02  0.000000000E+00  1.000088292E+01 
       966  3.412500000E+02  0.000000000E+00  1.000099352E+01 
       967  3.415000000E+02  0.000000000E+00  1.000109804E+01 
       968  3.417500000E+02  0.000000000E+00  1.000119675E+01 
       969  3.420000000E+02  0.000000000E+00  1.000128994E+01 
       970  3.422500000E+02  0.000000000E+00  1.000137785E+01 
       971  3.425000000E+02  0.000000000E+00  1.000146075E+01 
       972  3.427500000E+02  0.000000000E+00  1.000153887E+01 
       973  3.430000000E+02  0.000000000E+00  1.000161242E+01 
       974  3.432500000E+02  0.000000000E+00  1.000168163E+01 
       975  3.435000000E+02  0.000000000E+00  1.000174669E+01 
       976  3.437500000E+02  0.000000000E+00  1.000180779E+01 
       977  3.440000000E+02  0.000000000E+00  1.000186513E+01 
       978  3.442500000E+02  0.000000000E+00  1.000191885E+01 
       979  3.445000000E+02  0.000000000E+00  1.000196914E+01 
       980  3.447500000E+02  0.000000000E+00  1.000201614E+01 
       981  3.450000000E+02  0.000000000E+00  1.000205999E+01 
       982  3.452500000E+02  0.000000000E+00  1.000210083E+01 
       983  3.455000000E+02  0.000000000E+00  1.000213878E+01 
       984  3.457500000E+02  0.000000000E+00  1.000217397E+01 
       985  3.460000000E+02  0.000000000E+00  1.000220649E+01 
       986  3.462500000E+02  0.000000000E+00  1.000223646E+01 
       987  3.465000000E+02  0.000000000E+00  1.000226396E+01 
       988  3.467500000E+02  0.000000000E+00  1.000228909E+01 
       989  3.470000000E+02  0.000000000E+00  1.000231191E+01 
       990  3.472500000E+02  0.000000000E+00  1.000233252E+01 
       991  3.475000000E+02  0.000000000E+00  1.000235097E+01 
       992  3.477500000E+02  0.000000000E+00  1.000236731E+01 
       993  3.480000000E+02  0.000000000E+00  1.000238161E+01 
       994  3.482500000E+02  0.000000000E+00  1.000239391E+01 
       995  3.485000000E+02  0.000000000E+00  1.000240425E+01 
       996  3.487500000E+02  0.000000000E+00  1.000241266E+01 
       997  3.490000000E+02  0.000000000E+00  1.000241917E+01 
       998  3.492500000E+02  0.000000000E+00  1.000242380E+01 
       999  3.495000000E+02  0.000000000E+00  1.000242656E+01 
      1000  3.497500000E+02  0.000000000E+00  1.000242746E+01 
      1001  3.500000000E+02  0.000000000E+00  1.000242650E+01 
      1002  3.502500000E+02  0.000000000E+00  1.000242369E+01 
      1003  3.505000000E+02  0.000000000E+00  1.000241901E+01 
      1004  3.507500000E+02  0.000000000E+00  1.000241244E+01 
      1005  3.510000000E+02  0.000000000E+00  1.000240396E+01 
      1006  3.512500000E+02  0.000000000E+00  1.000239355E+01 
      1007  3.515000000E+02  0.000000000E+00  1.000238117E+01 
      1008  3.517500000E+02  0.000000000E+00  1.000236677E+01 
      1009  3.520000000E+02  0.000000000E+00  1.000235032E+01 
      1010  3.522500000E+02  0.000000000E+00  1.000233174E+01 
      1011  3.525000000E+02  0.000000000E+00  1.000231100E+01 
      1012  3.527500000E+02  0.000000000E+00  1.000228801E+01 
      1013  3.530000000E+02  0.000000000E+00  1.000226271E+01 
      1014  3.532500000E+02  0.000000000E+00  1.000223501E+01 
      1015  3.535000000E+02  0.000000000E+00  1.000220482E+01 
      1016  3.537500000E+02  0.000000000E+00  1.000217204E+01 
      1017  3.540000000E+02  0.000000000E+00  1.000213659E+01 
      1018  3.542500000E+02  0.000000000E+00  1.000209833E+01 
      1019  3.545000000E+02  0.000000000E+00  1.000205715E+01 
      1020  3.547500000E+02  0.000000000E+00  1.000201293E+01 
      1021  3.550000000E+02  0.000000000E+00  1.000196553E+01 
      1022  3.552500000E+02  0.000000000E+00  1.000191480E+01 
      1023  3.555000000E+02  0.000000000E+00  1.000186059E+01 
      1024  3.557500000E+02  0.000000000E+00  1.000180274E+01 
      1025  3.560000000E+02  0.000000000E+00  1.000174107E+01 
      1026  3.562500000E+02  0.000000000E+00  1.000167541E+01 
      1027  3.565000000E+02  0.000000000E+00  1.000160555E+01 
      1028  3.567500000E+02  0.000000000E+00  1.000153129E+01 
      1029  3.570000000E+02  0.000000000E+00  1.000145243E+01 
      1030  3.572500000E+02  0.000000000E+00  1.000136874E+01 
      1031  3.575000000E+02  0.000000000E+00  1.000127997E+01 
      1032  3.577500000E+02  0.000000000E+00  1.000118589E+01 
      1033  3.580000000E+02  0.000000000E+00  1.000108622E+01 
      1034  3.582500000E+02  0.000000000E+00  1.000098070E+01 
      1035  3.585000000E+02  0.000000000E+00  1.000086905E+01 
      1036  3.587500000E+02  0.000000000E+00  1.000075095E+01 
      1037  3.590000000E+02  0.000000000E+00  1.000062609E+01 
      1038  3.592500000E+02  0.000000000E+00  1.000049416E+01 
      1039  3.595000000E+02  0.000000000E+00  1.000035479E+01 
      1040  3.597500000E+02  0.000000000E+00  1.000020764E+01 
      1041  3.600000000E+02  0.000000000E+00  1.000005233E+01 
      1042  3.602500000E+02  0.000000000E+00  9.999888476E+00 
      1043  3.605000000E+02  0.000000000E+00  9.999715659E+00 
      1044  3.607500000E+02  0.000000000E+00  9.999533461E+00 
      1045  3.610000000E+02  0.000000000E+00  9.999341438E+00 
      1046  3.612500000E+02  0.000000000E+00  9.999139132E+00 
      1047  3.615000000E+02  0.000000000E+00  9.998926062E+00 
      1048  3.617500000E+02  0.000000000E+00  9.998701731E+00 
      1049  3.620000000E+02  0.000000000E+00  9.998465621E+00 
      1050  3.622500000E+02  0.000000000E+00  9.998217194E+00 
      1051  3.625000000E+02  0.000000000E+00  9.997955891E+00 
      1052  3.627500000E+02  0.000000000E+00  9.997681134E+00 
      1053  3.630000000E+02  0.000000000E+00  9.997392320E+00 
      1054  3.632500000E+02  0.000000000E+00  9.997088826E+00 
      1055  3.635000000E+02  0.000000000E+00  9.996770005E+00 
      1056  3.637500000E+02  0.000000000E+00  9.996435188E+00 
      1057  3.640000000E+02  0.000000000E+00  9.996083682E+00 
      1058  3.642500000E+02  0.000000000E+00  9.995714769E+00 
      1059  3.645000000E+02  0.000000000E+00  9.995327707E+00 
      1060  3.647500000E+02  0.000000000E+00  9.994921730E+00 
      1061  3.650000000E+02  0.000000000E+00  9.994496044E+00 
      1062  3.652500000E+02  0.000000000E+00  9.994049830E+00 
      1063  3.655000000E+02  0.000000000E+00  9.993582244E+00 
      1064  3.657500000E+02  0.000000000E+00  9.993092413E+00 
      1065  3.660000000E+02  0.000000000E+00  9.992579438E+00 
      1066  3.662500000E+02  0.000000000E+00  9.992042392E+00 
      1067  3.665000000E+02  0.000000000E+00  9.991480320E+00 
      1068  3.667500000E+02  0.000000000E+00  9.990892239E+00 
      1069  3.670000000E+02  0.000000000E+00  9.990277137E+00 
      1070  3.672500000E+02  0.000000000E+00  9.989633974E+00 
      1071  3.675000000E+02  0.000000000E+00  9.988961679E+00 
      1072  3.677500000E+02  0.000000000E+00  9.988259154E+00 
      1073  3.680000000E+02  0.000000000E+00  9.987525270E+00 
      1074  3.682500000E+02  0.000000000E+00  9.986758868E+00 
      1075  3.685000000E+02  0.000000000E+00  9.985958760E+00 
      1076  3.687500000E+02  0.000000000E+00  9.985123729E+00 
      1077  3.690000000E+02  0.000000000E+00  9.984252526E+00 
      1078  3.692500000E+02  0.000000000E+00  9.983343873E+00 
      1079  3.695000000E+02  0.000000000E+00  9.982396464E+00 
      1080  3.697500000E+02  0.000000000E+00  9.981408960E+00 
      1081  3.700000000E+02  0.000000000E+00  9.980379995E+00 
      1082  3.702500000E+02  0.000000000E+00  9.979308172E+00 
      1083  3.705000000E+02  0.000000000E+00  9.978192067E+00 
      1084  3.707500000E+02  0.000000000E+00  9.977030225E+00 
      1085  3.710000000E+02  0.000000000E+00  9.975821165E+00 
      1086  3.712500000E+02  0.000000000E+00  9.974563374E+00 
      1087  3.715000000E+02  0.000000000E+00  9.973255317E+00 
      1088  3.717500000E+02  0.000000000E+00  9.971895428E+00 
      1089  3.720000000E+02  0.000000000E+00  9.970482116E+00 
      1090  3.722500000E+02  0.000000000E+00  9.969013765E+00 
      1091  3.725000000E+02  0.000000000E+00  9.967488733E+00 
      1092  3.727500000E+02  0.000000000E+00  9.965905355E+00 
      1093  3.730000000E+02  0.000000000E+00  9.964261944E+00 
      1094  3.732500000E+02  0.000000000E+00  9.962556788E+00 
      1095  3.735000000E+02  0.000000000E+00  9.960788156E+00 
      1096  3.737500000E+02  0.000000000E+00  9.958954298E+00 
      1097  3.740000000E+02  0.000000000E+00  9.957053442E+00 
      1098  3.742500000E+02  0.000000000E+00  9.955083802E+00 
      1099  3.745000000E+02  0.000000000E+00  9.953043575E+00 
      1100  3.747500000E+02  0.000000000E+00  9.950930941E+00 
      1101  3.750000000E+02  0.000000000E+00  9.948744071E+00 
      1102  3.752500000E+02  0.000000000E+00  9.946481121E+00 
      1103  3.755000000E+02  0.000000000E+00  9.944140238E+00 
      1104  3.757500000E+02  0.000000000E+00  9.941719563E+00 
      1105  3.760000000E+02  0.000000000E+00  9.939217228E+00 
      1106  3.762500000E+02  0.000000000E+00  9.936631360E+00 
      1107  3.765000000E+02  0.000000000E+00  9.933960088E+00 
      1108  3.767500000E+02  0.000000000E+00  9.931201535E+00 
      1109  3.770000000E+02  0.000000000E+00  9.928353829E+00 
      1110  3.772500000E+02  0.000000000E+00  9.925415101E+00 
      1111  3.775000000E+02  0.000000000E+00  9.922383488E+00 
      1112  3.777500000E+02  0.000000000E+00  9.919257134E+00 
      1113  3.780000000E+02  0.000000000E+00  9.916034196E+00 
      1114  3.782500000E+02  0.000000000E+00  9.912712843E+00 
      1115  3.785000000E+02  0.000000000E+00  9.909291258E+00 
      1116  3.787500000E+02  0.000000000E+00  9.905767644E+00 
      1117  3.790000000E+02  0.000000000E+00  9.902140222E+00 
      1118  3.792500000E+02  0.000000000E+00  9.898407239E+00 
      1119  3.795000000E+02  0.000000000E+00  9.894566965E+00 
      1120  3.797500000E+02  0.000000000E+00  9.890617700E+00 
      1121  3.800000000E+02  0.000000000E+00  9.886557773E+00 
      1122  3.802500000E+02  0.000000000E+00  9.882385547E+00 
      1123  3.805000000E+02  0.000000000E+00  9.878099421E+00 
      1124  3.807500000E+02  0.000000000E+00  9.873697833E+00 
      1125  3.810000000E+02  0.000000000E+00  9.869179262E+00 
      1126  3.812500000E+02  0.000000000E+00  9.864542229E+00 
      1127  3.815000000E+02  0.000000000E+00  9.859785305E+00 
      1128  3.817500000E+02  0.000000000E+00  9.854907106E+00 
      1129  3.820000000E+02  0.000000000E+00  9.849906301E+00 
      1130  3.822500000E+02  0.000000000E+00  9.844781613E+00 
      1131  3.825000000E+02  0.000000000E+00  9.839531819E+00 
      1132  3.827500000E+02  0.000000000E+00  9.834155756E+00 
      1133  3.830000000E+02  0.000000000E+00  9.828652320E+00 
      1134  3.832500000E+02  0.000000000E+00  9.823020471E+00 
      1135  3.835000000E+02  0.000000000E+00  9.817259231E+00 
      1136  3.837500000E+02  0.000000000E+00  9.811367690E+00 
      1137  3.840000000E+02  0.000000000E+00  9.805345005E+00 
      1138  3.842500000E+02  0.000000000E+00  9.799190402E+00 
      1139  3.845000000E+02  0.000000000E+00  9.792903178E+00 
      1140  3.847500000E+02  0.000000000E+00  9.786482702E+00 
      1141  3.850000000E+02  0.000000000E+00  9.779928418E+00 
      1142  3.852500000E+02  0.000000000E+00  9.773239843E+00 
      1143  3.855000000E+02  0.000000000E+00  9.766416567E+00 
      1144  3.857500000E+02  0.000000000E+00  9.759458258E+00 
      1145  3.860000000E+02  0.000000000E+00  9.752364662E+00 
      1146  3.862500000E+02  0.000000000E+00  9.745135599E+00 
      1147  3.865000000E+02  0.000000000E+00  9.737770967E+00 
      1148  3.867500000E+02  0.000000000E+00  9.730270743E+00 
      1149  3.870000000E+02  0.000000000E+00  9.722634980E+00 
      1150  3.872500000E+02  0.000000000E+00  9.714863810E+00 
      1151  3.875000000E+02  0.000000000E+00  9.706957444E+00 
      1152  3.877500000E+02  0.000000000E+00  9.698916168E+00 
      1153  3.880000000E+02  0.000000000E+00  9.690740353E+00 
      1154  3.882500000E+02  0.000000000E+00  9.682430445E+00 
      1155  3.885000000E+02  0.000000000E+00  9.673986974E+00 
      1156  3.887500000E+02  0.000000000E+00  9.665410551E+00 
      1157  3.890000000E+02  0.000000000E+00  9.656701873E+00 
      1158  3.892500000E+02  0.000000000E+00  9.647861725E+00 
      1159  3.895000000E+02  0.000000000E+00  9.638890985E+00 
      1160  3.897500000E+02  0.000000000E+00  9.629790628E+00 
      1161  3.900000000E+02  0.000000000E+00  9.620561735E+00 
      1162  3.902500000E+02  0.000000000E+00  9.611205499E+00 
      1163  3.905000000E+02  0.000000000E+00  9.601723242E+00 
      1164  3.907500000E+02  0.000000000E+00  9.592116424E+00 
      1165  3.910000000E+02  0.000000000E+00  9.582386664E+00 
      1166  3.912500000E+02  0.000000000E+00  9.572535762E+00 
      1167  3.915000000E+02  0.000000000E+00  9.562565725E+00 
      1168  3.917500000E+02  0.000000000E+00  9.552478801E+00 
      1169  3.920000000E+02  0.000000000E+00  9.542277523E+00 
      1170  3.922500000E+02  0.000000000E+00  9.531964753E+00 
      1171  3.925000000E+02  0.000000000E+00  9.521543747E+00 
      1172  3.927500000E+02  0.000000000E+00  9.511018223E+00 
      1173  3.930000000E+02  0.000000000E+00  9.500392452E+00 
      1174  3.932500000E+02  0.000000000E+00  9.489671359E+00 
      1175  3.935000000E+02  0.000000000E+00  9.478860653E+00 
      1176  3.937500000E+02  0.000000000E+00  9.467966976E+00 
      1177  3.940000000E+02  0.000000000E+00  9.456998084E+00 
      1178  3.942500000E+02  0.000000000E+00  9.445963069E+00 
      1179  3.945000000E+02  0.000000000E+00  9.434872619E+00 
      1180  3.947500000E+02  0.000000000E+00  9.423739339E+00 
      1181  3.950000000E+02  0.000000000E+00  9.412578132E+00 
      1182  3.952500000E+02  0.000000000E+00  9.401406669E+00 
      1183  3.955000000E+02  0.000000000E+00  9.390245951E+00 
      1184  3.957500000E+02  0.000000000E+00  9.379121008E+00 
      1185  3.960000000E+02  0.000000000E+00  9.368061750E+00 
      1186  3.962500000E+02  0.000000000E+00  9.357104027E+00 
      1187  3.965000000E+02  0.000000000E+00  9.346290946E+00 
      1188  3.967500000E+02  0.000000000E+00  9.335674541E+00 
      1189  3.970000000E+02  0.000000000E+00  9.325317897E+00 
      1190  3.972500000E+02  0.000000000E+00  9.315297902E+00 
      1191  3.975000000E+02  0.000000000E+00  9.305708868E+00 
      1192  3.977500000E+02  0.000000000E+00  9.296667401E+00 
      1193  3.980000000E+02  0.000000000E+00  9.288319108E+00 
      1194  3.982500000E+02  0.000000000E+00  9.280848156E+00 
      1195  3.985000000E+02  0.000000000E+00  9.274491438E+00 
      1196  3.987500000E+02  0.000000000E+00  9.269560715E+00 
      1197  3.990000000E+02  0.000000000E+00  9.266479680E+00 
      1198  3.992500000E+02  0.000000000E+00  9.265851886E+00 
      1199  3.995000000E+02  0.000000000E+00  9.268600012E+00 
      1200  3.997500000E+02  0.000000000E+00  9.277263462E+00 
      1201  4.000000000E+02  0.000000000E+00  9.013764536E+00 
      1202  4.002000034E+02  0.000000000E+00  8.834714841E+00 
      1203  4.004016387E+02  0.000000000E+00  8.906473232E+00 
      1204  4.006049192E+02  0.000000000E+00  8.974240052E+00 
      1205  4.008098583E+02  0.000000000E+00  9.038379273E+00 
      1206  4.010164696E+02  0.000000000E+00  9.099024155E+00 
      1207  4.012247666E+02  0.000000000E+00  9.156309465E+00 
      1208  4.014347631E+02  0.000000000E+00  9.210370648E+00 
      1209  4.016464731E+02  0.000000000E+00  9.261342794E+00 
      1210  4.018599104E+02  0.000000000E+00  9.309359899E+00 
      1211  4.020750892E+02  0.000000000E+00  9.354554246E+00 
      1212  4.022920237E+02  0.000000000E+00  9.397056045E+00 
      1213  4.025107282E+02  0.000000000E+00  9.439432582E+00 
      1214  4.027312172E+02  0.000000000E+00  9.479200346E+00 
      1215  4.029535052E+02  0.000000000E+00  9.514011402E+00 
      1216  4.031776069E+02  0.000000000E+00  9.546644194E+00 
      1217  4.034035370E+02  0.000000000E+00  9.577211560E+00 
      1218  4.036313106E+02  0.000000000E+00  9.605822588E+00 
      1219  4.038609426E+02  0.000000000E+00  9.632582563E+00 
      1220  4.040924483E+02  0.000000000E+00  9.657593090E+00 
      1221  4.043258428E+02  0.000000000E+00  9.682297776E+00 
      1222  4.045611417E+02  0.000000000E+00  9.705335362E+00 
      1223  4.047983604E+02  0.000000000E+00  9.725435230E+00 
      1224  4.050375146E+02  0.000000000E+00  9.744168880E+00 
      1225  4.052786201E+02  0.000000000E+00  9.761617495E+00 
      1226  4.055216929E+02  0.000000000E+00  9.778752483E+00 
      1227  4.057667489E+02  0.000000000E+00  9.796465284E+00 
      1228  4.060138044E+02  0.000000000E+00  9.814768842E+00 
      1229  4.062628756E+02  0.000000000E+00  9.830700755E+00 
      1230  4.065139791E+02  0.000000000E+00  9.843294784E+00 
      1231  4.067671314E+02  0.000000000E+00  9.855371579E+00 
      1232  4.070223492E+02  0.000000000E+00  9.866173489E+00 
      1233  4.072796494E+02  0.000000000E+00  9.875903386E+00 
      1234  4.075390490E+02  0.000000000E+00  9.884334941E+00 
      1235  4.078005650E+02  0.000000000E+00  9.890850500E+00 
      1236  4.080642148E+02  0.000000000E+00  9.896922423E+00 
      1237  4.083300158E+02  0.000000000E+00  9.902473463E+00 
      1238  4.085979855E+02  0.000000000E+00  9.907501541E+00 
      1239  4.088681416E+02  0.000000000E+00  9.906720884E+00 
      1240  4.091405020E+02  0.000000000E+00  9.906594942E+00 
      1241  4.094150846E+02  0.000000000E+00  9.912624933E+00 
      1242  4.096919076E+02  0.000000000E+00  9.918181512E+00 
      1243  4.099709892E+02  0.000000000E+00  9.923298927E+00 
      1244  4.102523480E+02  0.000000000E+00  9.928009255E+00 
      1245  4.105360024E+02  0.000000000E+00  9.932342509E+00 
      1246  4.108219711E+02  0.000000000E+00  9.936326745E+00 
      1247  4.111102732E+02  0.000000000E+00  9.939988165E+00 
      1248  4.114009276E+02  0.000000000E+00  9.943351222E+00 
      1249  4.116939535E+02  0.000000000E+00  9.946438711E+00 
      1250  4.119893702E+02  0.000000000E+00  9.949271866E+00 
      1251  4.122871973E+02  0.000000000E+00  9.951870445E+00 
      1252  4.125874544E+02  0.000000000E+00  9.954252822E+00 
      1253  4.128901614E+02  0.000000000E+00  9.956436065E+00 
      1254  4.131953383E+02  0.000000000E+00  9.958436013E+00 
      1255  4.135030051E+02  0.000000000E+00  9.960267356E+00 
      1256  4.138131823E+02  0.000000000E+00  9.961943701E+00 
      1257  4.141258902E+02  0.000000000E+00  9.963477643E+00 
      1258  4.144411496E+02  0.000000000E+00  9.964880831E+00 
      1259  4.147589813E+02  0.000000000E+00  9.966164024E+00 
      1260  4.150794062E+02  0.000000000E+00  9.967337156E+00 
      1261  4.154024455E+02  0.000000000E+00  9.968409388E+00 
      1262  4.157281206E+02  0.000000000E+00  9.969389158E+00 
      1263  4.160564529E+02  0.000000000E+00  9.970284237E+00 
      1264  4.163874641E+02  0.000000000E+00  9.971101769E+00 
      1265  4.167211762E+02  0.000000000E+00  9.971848321E+00 
      1266  4.170576110E+02  0.000000000E+00  9.972529922E+00 
      1267  4.173967909E+02  0.000000000E+00  9.973152102E+00 
      1268  4.177387382E+02  0.000000000E+00  9.973719931E+00 
      1269  4.180834756E+02  0.000000000E+00  9.974238053E+00 
      1270  4.184310257E+02  0.000000000E+00  9.974710719E+00 
      1271  4.187814116E+02  0.000000000E+00  9.975141818E+00 
      1272  4.191346563E+02  0.000000000E+00  9.975534907E+00 
      1273  4.194907832E+02  0.000000000E+00  9.975893235E+00 
      1274  4.198498158E+02  0.000000000E+00  9.976219773E+00 
      1275  4.202117779E+02  0.000000000E+00  9.976517234E+00 
      1276  4.205766933E+02  0.000000000E+00  9.976788096E+00 
      1277  4.209445860E+02  0.000000000E+00  9.977034625E+00 
      1278  4.213154806E+02  0.000000000E+00  9.977258891E+00 
      1279  4.216894013E+02  0.000000000E+00  9.977462786E+00 
      1280  4.220663728E+02  0.000000000E+00  9.977648045E+00 
      1281  4.224464202E+02  0.000000000E+00  9.977816255E+00 
      1282  4.228295685E+02  0.000000000E+00  9.977968873E+00 
      1283  4.232158429E+02  0.000000000E+00  9.978107237E+00 
      1284  4.236052691E+02  0.000000000E+00  9.978232578E+00 
      1285  4.239978726E+02  0.000000000E+00  9.978346035E+00 
      1286  4.243936795E+02  0.000000000E+00  9.978448657E+00 
      1287  4.247927158E+02  0.000000000E+00  9.978541419E+00 
      1288  4.251950080E+02  0.000000000E+00  9.978625225E+00 
      1289  4.256005825E+02  0.000000000E+00  9.978700919E+00 
      1290  4.260094662E+02  0.000000000E+00  9.978769289E+00 
      1291  4.264216861E+02  0.000000000E+00  9.978831076E+00 
      1292  4.268372694E+02  0.000000000E+00  9.978886974E+00 
      1293  4.272562434E+02  0.000000000E+00  9.978937639E+00 
      1294  4.276786360E+02  0.000000000E+00  9.978983690E+00 
      1295  4.281044750E+02  0.000000000E+00  9.979025716E+00 
      1296  4.285337884E+02  0.000000000E+00  9.979064273E+00 
      1297  4.289666047E+02  0.000000000E+00  9.979099894E+00 
      1298  4.294029525E+02  0.000000000E+00  9.979133085E+00 
      1299  4.298428605E+02  0.000000000E+00  9.979164328E+00 
      1300  4.302863578E+02  0.000000000E+00  9.979194086E+00 
      1301  4.307334737E+02  0.000000000E+00  9.979222800E+00 
      1302  4.311842377E+02  0.000000000E+00  9.979250892E+00 
      1303  4.316386795E+02  0.000000000E+00  9.979278764E+00 
      1304  4.320968293E+02  0.000000000E+00  9.979306801E+00 
      1305  4.325587172E+02  0.000000000E+00  9.979335370E+00 
      1306  4.330243737E+02  0.000000000E+00  9.979364819E+00 
      1307  4.334938296E+02  0.000000000E+00  9.979395482E+00 
      1308  4.339671159E+02  0.000000000E+00  9.979427672E+00 
      1309  4.344442638E+02  0.000000000E+00  9.979461689E+00 
      1310  4.349253049E+02  0.000000000E+00  9.979497812E+00 
      1311  4.354102708E+02  0.000000000E+00  9.979536307E+00 
      1312  4.358991937E+02  0.000000000E+00  9.979577421E+00 
      1313  4.363921059E+02  0.000000000E+00  9.979621386E+00 
      1314  4.368890398E+02  0.000000000E+00  9.979668419E+00 
      1315  4.373900283E+02  0.000000000E+00  9.979718718E+00 
      1316  4.378951044E+02  0.000000000E+00  9.979772469E+00 
      1317  4.384043016E+02  0.000000000E+00  9.979829840E+00 
      1318  4.389176534E+02  0.000000000E+00  9.979890986E+00 
      1319  4.394351937E+02  0.000000000E+00  9.979956049E+00 
      1320  4.399569568E+02  0.000000000E+00  9.980025154E+00 
      1321  4.404829770E+02  0.000000000E+00  9.980098416E+00 
      1322  4.410132892E+02  0.000000000E+00  9.980175937E+00 
      1323  4.415479282E+02  0.000000000E+00  9.980257806E+00 
      1324  4.420869295E+02  0.000000000E+00  9.980344103E+00 
      1325  4.426303286E+02  0.000000000E+00  9.980434896E+00 
      1326  4.431781614E+02  0.000000000E+00  9.980530244E+00 
      1327  4.437304641E+02  0.000000000E+00  9.980630198E+00 
      1328  4.442872731E+02  0.000000000E+00  9.980734799E+00 
      1329  4.448486253E+02  0.000000000E+00  9.980844083E+00 
      1330  4.454145576E+02  0.000000000E+00  9.980958079E+00 
      1331  4.459851075E+02  0.000000000E+00  9.981076808E+00 
      1332  4.465603126E+02  0.000000000E+00  9.981200287E+00 
      1333  4.471402109E+02  0.000000000E+00  9.981328530E+00 
      1334  4.477248408E+02  0.000000000E+00  9.981461545E+00 
      1335  4.483142407E+02  0.000000000E+00  9.981599336E+00 
      1336  4.489084497E+02  0.000000000E+00  9.981741906E+00 
      1337  4.495075070E+02  0.000000000E+00  9.981889254E+00 
      1338  4.501114521E+02  0.000000000E+00  9.982041378E+00 
      1339  4.507203248E+02  0.000000000E+00  9.982198274E+00 
      1340  4.513341655E+02  0.000000000E+00  9.982359935E+00 
      1341  4.519530147E+02  0.000000000E+00  9.982526355E+00 
      1342  4.525769132E+02  0.000000000E+00  9.982697527E+00 
      1343  4.532059021E+02  0.000000000E+00  9.982873441E+00 
      1344  4.538400232E+02  0.000000000E+00  9.983054090E+00 
      1345  4.544793181E+02  0.000000000E+00  9.983239463E+00 
      1346  4.551238292E+02  0.000000000E+00  9.983429550E+00 
      1347  4.557735990E+02  0.000000000E+00  9.983624341E+00 
      1348  4.564286703E+02  0.000000000E+00  9.983823826E+00 
      1349  4.570890866E+02  0.000000000E+00  9.984027993E+00 
      1350  4.577548913E+02  0.000000000E+00  9.984236832E+00 
      1351  4.584261284E+02  0.000000000E+00  9.984450329E+00 
      1352  4.591028423E+02  0.000000000E+00  9.984668471E+00 
      1353  4.597850777E+02  0.000000000E+00  9.984891246E+00 
      1354  4.604728795E+02  0.000000000E+00  9.985118637E+00 
      1355  4.611662932E+02  0.000000000E+00  9.985350630E+00 
      1356  4.618653647E+02  0.000000000E+00  9.985587206E+00 
      1357  4.625701400E+02  0.000000000E+00  9.985828345E+00 
      1358  4.632806657E+02  0.000000000E+00  9.986074025E+00 
      1359  4.639969887E+02  0.000000000E+00  9.986324222E+00 
      1360  4.647191564E+02  0.000000000E+00  9.986578909E+00 
      1361  4.654472164E+02  0.000000000E+00  9.986838053E+00 
      1362  4.661812167E+02  0.000000000E+00  9.987101620E+00 
      1363  4.669212059E+02  0.000000000E+00  9.987369568E+00 
      1364  4.676672328E+02  0.000000000E+00  9.987641850E+00 
      1365  4.684193468E+02  0.000000000E+00  9.987918416E+00 
      1366  4.691775973E+02  0.000000000E+00  9.988199204E+00 
      1367  4.699420346E+02  0.000000000E+00  9.988484147E+00 
      1368  4.707127091E+02  0.000000000E+00  9.988773171E+00 
      1369  4.714896716E+02  0.000000000E+00  9.989066192E+00 
      1370  4.722729736E+02  0.000000000E+00  9.989363121E+00 
      1371  4.730626666E+02  0.000000000E+00  9.989663867E+00 
      1372  4.738588030E+02  0.000000000E+00  9.989968337E+00 
      1373  4.746614352E+02  0.000000000E+00  9.990276451E+00 
      1374  4.754706162E+02  0.000000000E+00  9.990588149E+00 
      1375  4.762863994E+02  0.000000000E+00  9.990903418E+00 
      1376  4.771088389E+02  0.000000000E+00  9.991222319E+00 
      1377  4.779379887E+02  0.000000000E+00  9.991545033E+00 
      1378  4.787739038E+02  0.000000000E+00  9.991871932E+00 
      1379  4.796166392E+02  0.000000000E+00  9.992203668E+00 
      1380  4.804662507E+02  0.000000000E+00  9.992541317E+00 
      1381  4.813227944E+02  0.000000000E+00  9.992886562E+00 
      1382  4.821863268E+02  0.000000000E+00  9.993241959E+00 
      1383  4.830569049E+02  0.000000000E+00  9.993611299E+00 
      1384  4.839345862E+02  0.000000000E+00  9.994000100E+00 
      1385  4.848194287E+02  0.000000000E+00  9.994416276E+00 
      1386  4.857114908E+02  0.000000000E+00  9.994871035E+00 
      1387  4.866108314E+02  0.000000000E+00  9.995380083E+00 
      1388  4.875175099E+02  0.000000000E+00  9.995965220E+00 
      1389  4.884315862E+02  0.000000000E+00  9.996656456E+00 
      1390  4.893531206E+02  0.000000000E+00  9.997494798E+00 
      1391  4.902821741E+02  0.000000000E+00  9.998535911E+00 
      1392  4.912188078E+02  0.000000000E+00  9.999854906E+00 
      1393  4.921630837E+02  0.000000000E+00  1.000155261E+01 
      1394  4.931150642E+02  0.000000000E+00  1.000376372E+01 
      1395  4.940748120E+02  0.000000000E+00  1.000666752E+01 
      1396  4.950423907E+02  0.000000000E+00  1.001050179E+01 
      1397  4.960178639E+02  0.000000000E+00  1.001558137E+01 
      1398  4.970012963E+02  0.000000000E+00  1.002229189E+01 
      1399  4.979927527E+02  0.000000000E+00  1.003562028E+01 
      1400  4.989922986E+02  0.000000000E+00  1.005286169E+01 
      1401  5.000000000E+02  0.000000000E+00  1.006059195E+01 
