nodenumber     x-coordinate     y-coordinate           udm-12 
         1  0.000000000E+00  0.000000000E+00  9.997596958E+00 
         2  1.007701384E+00  0.000000000E+00  9.997696270E+00 
         3  2.007247274E+00  0.000000000E+00  9.999064354E+00 
         4  2.998703673E+00  0.000000000E+00  1.000029646E+01 
         5  3.982136051E+00  0.000000000E+00  1.000026039E+01 
         6  4.957609346E+00  0.000000000E+00  1.000024887E+01 
         7  5.925187975E+00  0.000000000E+00  1.000024867E+01 
         8  6.884935829E+00  0.000000000E+00  1.000025665E+01 
         9  7.836916284E+00  0.000000000E+00  1.000027052E+01 
        10  8.781192203E+00  0.000000000E+00  1.000028862E+01 
        11  9.717825941E+00  0.000000000E+00  1.000030977E+01 
        12  1.064687935E+01  0.000000000E+00  1.000033308E+01 
        13  1.156841377E+01  0.000000000E+00  1.000035791E+01 
        14  1.248249006E+01  0.000000000E+00  1.000038379E+01 
        15  1.338916858E+01  0.000000000E+00  1.000041037E+01 
        16  1.428850920E+01  0.000000000E+00  1.000043736E+01 
        17  1.518057130E+01  0.000000000E+00  1.000046457E+01 
        18  1.606541380E+01  0.000000000E+00  1.000049182E+01 
        19  1.694309512E+01  0.000000000E+00  1.000051897E+01 
        20  1.781367322E+01  0.000000000E+00  1.000054590E+01 
        21  1.867720559E+01  0.000000000E+00  1.000057251E+01 
        22  1.953374925E+01  0.000000000E+00  1.000059871E+01 
        23  2.038336076E+01  0.000000000E+00  1.000062440E+01 
        24  2.122609622E+01  0.000000000E+00  1.000064948E+01 
        25  2.206201128E+01  0.000000000E+00  1.000067387E+01 
        26  2.289116114E+01  0.000000000E+00  1.000069748E+01 
        27  2.371360056E+01  0.000000000E+00  1.000072020E+01 
        28  2.452938383E+01  0.000000000E+00  1.000074194E+01 
        29  2.533856484E+01  0.000000000E+00  1.000076258E+01 
        30  2.614119701E+01  0.000000000E+00  1.000078202E+01 
        31  2.693733335E+01  0.000000000E+00  1.000080012E+01 
        32  2.772702642E+01  0.000000000E+00  1.000081676E+01 
        33  2.851032837E+01  0.000000000E+00  1.000083181E+01 
        34  2.928729093E+01  0.000000000E+00  1.000084512E+01 
        35  3.005796541E+01  0.000000000E+00  1.000085652E+01 
        36  3.082240268E+01  0.000000000E+00  1.000086586E+01 
        37  3.158065324E+01  0.000000000E+00  1.000087295E+01 
        38  3.233276716E+01  0.000000000E+00  1.000087762E+01 
        39  3.307879409E+01  0.000000000E+00  1.000087966E+01 
        40  3.381878330E+01  0.000000000E+00  1.000087888E+01 
        41  3.455278365E+01  0.000000000E+00  1.000087505E+01 
        42  3.528084362E+01  0.000000000E+00  1.000086793E+01 
        43  3.600301127E+01  0.000000000E+00  1.000085731E+01 
        44  3.671933431E+01  0.000000000E+00  1.000084290E+01 
        45  3.742986002E+01  0.000000000E+00  1.000082447E+01 
        46  3.813463533E+01  0.000000000E+00  1.000080172E+01 
        47  3.883370678E+01  0.000000000E+00  1.000077438E+01 
        48  3.952712052E+01  0.000000000E+00  1.000074214E+01 
        49  4.021492235E+01  0.000000000E+00  1.000070469E+01 
        50  4.089715769E+01  0.000000000E+00  1.000066171E+01 
        51  4.157387159E+01  0.000000000E+00  1.000061287E+01 
        52  4.224510872E+01  0.000000000E+00  1.000055783E+01 
        53  4.291091342E+01  0.000000000E+00  1.000049622E+01 
        54  4.357132966E+01  0.000000000E+00  1.000042768E+01 
        55  4.422640104E+01  0.000000000E+00  1.000035183E+01 
        56  4.487617081E+01  0.000000000E+00  1.000026829E+01 
        57  4.552068189E+01  0.000000000E+00  1.000017666E+01 
        58  4.615997684E+01  0.000000000E+00  1.000007654E+01 
        59  4.679409786E+01  0.000000000E+00  9.999967497E+00 
        60  4.742308684E+01  0.000000000E+00  9.999849122E+00 
        61  4.804698530E+01  0.000000000E+00  9.999720981E+00 
        62  4.866583446E+01  0.000000000E+00  9.999582634E+00 
        63  4.927967516E+01  0.000000000E+00  9.999433636E+00 
        64  4.988854795E+01  0.000000000E+00  9.999273533E+00 
        65  5.049249303E+01  0.000000000E+00  9.999101871E+00 
        66  5.109155028E+01  0.000000000E+00  9.998918185E+00 
        67  5.168575926E+01  0.000000000E+00  9.998722010E+00 
        68  5.227515921E+01  0.000000000E+00  9.998512877E+00 
        69  5.285978905E+01  0.000000000E+00  9.998290313E+00 
        70  5.343968738E+01  0.000000000E+00  9.998053845E+00 
        71  5.401489250E+01  0.000000000E+00  9.997802999E+00 
        72  5.458544238E+01  0.000000000E+00  9.997537300E+00 
        73  5.515137472E+01  0.000000000E+00  9.997256275E+00 
        74  5.571272686E+01  0.000000000E+00  9.996959452E+00 
        75  5.626953590E+01  0.000000000E+00  9.996646364E+00 
        76  5.682183858E+01  0.000000000E+00  9.996316547E+00 
        77  5.736967139E+01  0.000000000E+00  9.995969541E+00 
        78  5.791307049E+01  0.000000000E+00  9.995604895E+00 
        79  5.845207178E+01  0.000000000E+00  9.995222164E+00 
        80  5.898671083E+01  0.000000000E+00  9.994820912E+00 
        81  5.951702297E+01  0.000000000E+00  9.994400714E+00 
        82  6.004304320E+01  0.000000000E+00  9.993961156E+00 
        83  6.056480627E+01  0.000000000E+00  9.993501838E+00 
        84  6.108234661E+01  0.000000000E+00  9.993022375E+00 
        85  6.159569842E+01  0.000000000E+00  9.992522398E+00 
        86  6.210489559E+01  0.000000000E+00  9.992001557E+00 
        87  6.260997174E+01  0.000000000E+00  9.991459524E+00 
        88  6.311096022E+01  0.000000000E+00  9.990895991E+00 
        89  6.360789412E+01  0.000000000E+00  9.990310676E+00 
        90  6.410080625E+01  0.000000000E+00  9.989703328E+00 
        91  6.458972916E+01  0.000000000E+00  9.989073721E+00 
        92  6.507469514E+01  0.000000000E+00  9.988421666E+00 
        93  6.555573621E+01  0.000000000E+00  9.987747011E+00 
        94  6.603288413E+01  0.000000000E+00  9.987049643E+00 
        95  6.650617042E+01  0.000000000E+00  9.986329493E+00 
        96  6.697562632E+01  0.000000000E+00  9.985586542E+00 
        97  6.744128283E+01  0.000000000E+00  9.984820823E+00 
        98  6.790317071E+01  0.000000000E+00  9.984032429E+00 
        99  6.836132046E+01  0.000000000E+00  9.983221517E+00 
       100  6.881576232E+01  0.000000000E+00  9.982388314E+00 
       101  6.926652631E+01  0.000000000E+00  9.981533124E+00 
       102  6.971364219E+01  0.000000000E+00  9.980656337E+00 
       103  7.015713949E+01  0.000000000E+00  9.979758436E+00 
       104  7.059704749E+01  0.000000000E+00  9.978840008E+00 
       105  7.103339524E+01  0.000000000E+00  9.977901750E+00 
       106  7.146621156E+01  0.000000000E+00  9.976944485E+00 
       107  7.189552503E+01  0.000000000E+00  9.975969171E+00 
       108  7.232136399E+01  0.000000000E+00  9.974976914E+00 
       109  7.274375656E+01  0.000000000E+00  9.973968987E+00 
       110  7.316273064E+01  0.000000000E+00  9.972946841E+00 
       111  7.357831389E+01  0.000000000E+00  9.971912123E+00 
       112  7.399053376E+01  0.000000000E+00  9.970866699E+00 
       113  7.439941746E+01  0.000000000E+00  9.969812670E+00 
       114  7.480499201E+01  0.000000000E+00  9.968752400E+00 
       115  7.520728416E+01  0.000000000E+00  9.967688537E+00 
       116  7.560632051E+01  0.000000000E+00  9.966624040E+00 
       117  7.600212738E+01  0.000000000E+00  9.965562213E+00 
       118  7.639473092E+01  0.000000000E+00  9.964506732E+00 
       119  7.678415706E+01  0.000000000E+00  9.963461684E+00 
       120  7.717043151E+01  0.000000000E+00  9.962431600E+00 
       121  7.755357977E+01  0.000000000E+00  9.961421502E+00 
       122  7.793362715E+01  0.000000000E+00  9.960436946E+00 
       123  7.831059875E+01  0.000000000E+00  9.959484066E+00 
       124  7.868451945E+01  0.000000000E+00  9.958569631E+00 
       125  7.905541395E+01  0.000000000E+00  9.957701100E+00 
       126  7.942330674E+01  0.000000000E+00  9.956886682E+00 
       127  7.978822211E+01  0.000000000E+00  9.956135404E+00 
       128  8.015018416E+01  0.000000000E+00  9.955457177E+00 
       129  8.050921679E+01  0.000000000E+00  9.954862878E+00 
       130  8.086534371E+01  0.000000000E+00  9.954364428E+00 
       131  8.121858844E+01  0.000000000E+00  9.953974880E+00 
       132  8.156897429E+01  0.000000000E+00  9.953708517E+00 
       133  8.191652442E+01  0.000000000E+00  9.953580960E+00 
       134  8.226126177E+01  0.000000000E+00  9.953609228E+00 
       135  8.260320909E+01  0.000000000E+00  9.953811911E+00 
       136  8.294238899E+01  0.000000000E+00  9.954209318E+00 
       137  8.327882384E+01  0.000000000E+00  9.954823538E+00 
       138  8.361253587E+01  0.000000000E+00  9.955678612E+00 
       139  8.394354712E+01  0.000000000E+00  9.956800690E+00 
       140  8.427187943E+01  0.000000000E+00  9.958218194E+00 
       141  8.459755450E+01  0.000000000E+00  9.959961988E+00 
       142  8.492059382E+01  0.000000000E+00  9.962065569E+00 
       143  8.524101873E+01  0.000000000E+00  9.964565262E+00 
       144  8.555885039E+01  0.000000000E+00  9.967500434E+00 
       145  8.587410979E+01  0.000000000E+00  9.970913720E+00 
       146  8.618681774E+01  0.000000000E+00  9.974851266E+00 
       147  8.649699489E+01  0.000000000E+00  9.979362989E+00 
       148  8.680466173E+01  0.000000000E+00  9.984502851E+00 
       149  8.710983857E+01  0.000000000E+00  9.990329158E+00 
       150  8.741254556E+01  0.000000000E+00  9.996904875E+00 
       151  8.771280270E+01  0.000000000E+00  1.000429797E+01 
       152  8.801062980E+01  0.000000000E+00  1.001258176E+01 
       153  8.830604654E+01  0.000000000E+00  1.002183534E+01 
       154  8.859907242E+01  0.000000000E+00  1.003214394E+01 
       155  8.888972679E+01  0.000000000E+00  1.004359945E+01 
       156  8.917802885E+01  0.000000000E+00  1.005630085E+01 
       157  8.946399764E+01  0.000000000E+00  1.007035474E+01 
       158  8.974765203E+01  0.000000000E+00  1.008587592E+01 
       159  9.002901076E+01  0.000000000E+00  1.010298801E+01 
       160  9.030809241E+01  0.000000000E+00  1.012182406E+01 
       161  9.058491540E+01  0.000000000E+00  1.014252733E+01 
       162  9.085949802E+01  0.000000000E+00  1.016525203E+01 
       163  9.113185839E+01  0.000000000E+00  1.019016418E+01 
       164  9.140201451E+01  0.000000000E+00  1.021744252E+01 
       165  9.166998421E+01  0.000000000E+00  1.024727954E+01 
       166  9.193578518E+01  0.000000000E+00  1.027988260E+01 
       167  9.219943499E+01  0.000000000E+00  1.031547511E+01 
       168  9.246095103E+01  0.000000000E+00  1.035429789E+01 
       169  9.272035058E+01  0.000000000E+00  1.039661080E+01 
       170  9.297765077E+01  0.000000000E+00  1.044269343E+01 
       171  9.323286858E+01  0.000000000E+00  1.049284764E+01 
       172  9.348602087E+01  0.000000000E+00  1.054740131E+01 
       173  9.373712436E+01  0.000000000E+00  1.060796665E+01 
       174  9.398619563E+01  0.000000000E+00  1.067406147E+01 
       175  9.423325112E+01  0.000000000E+00  1.074500298E+01 
       176  9.447830715E+01  0.000000000E+00  1.076002769E+01 
       177  9.472137990E+01  0.000000000E+00  1.078019331E+01 
       178  9.496248543E+01  0.000000000E+00  1.086280492E+01 
       179  9.520163964E+01  0.000000000E+00  1.095726071E+01 
       180  9.543885834E+01  0.000000000E+00  1.107507313E+01 
       181  9.567415720E+01  0.000000000E+00  1.119744246E+01 
       182  9.590755173E+01  0.000000000E+00  1.131504668E+01 
       183  9.613905737E+01  0.000000000E+00  1.143919672E+01 
       184  9.636868940E+01  0.000000000E+00  1.157380734E+01 
       185  9.659646297E+01  0.000000000E+00  1.171977933E+01 
       186  9.682239314E+01  0.000000000E+00  1.187810346E+01 
       187  9.704649481E+01  0.000000000E+00  1.205525178E+01 
       188  9.726878279E+01  0.000000000E+00  1.224750934E+01 
       189  9.748927176E+01  0.000000000E+00  1.245690914E+01 
       190  9.770797628E+01  0.000000000E+00  1.268439005E+01 
       191  9.792491078E+01  0.000000000E+00  1.293240281E+01 
       192  9.814008960E+01  0.000000000E+00  1.320219048E+01 
       193  9.835352693E+01  0.000000000E+00  1.348942268E+01 
       194  9.856523689E+01  0.000000000E+00  1.380243541E+01 
       195  9.877523344E+01  0.000000000E+00  1.413442406E+01 
       196  9.898353045E+01  0.000000000E+00  1.449702827E+01 
       197  9.919014168E+01  0.000000000E+00  1.490288936E+01 
       198  9.939508077E+01  0.000000000E+00  1.534731079E+01 
       199  9.959836126E+01  0.000000000E+00  1.583472756E+01 
       200  9.979999657E+01  0.000000000E+00  1.637303311E+01 
       201  1.000000000E+02  0.000000000E+00  1.523907250E+01 
       202  1.002500000E+02  0.000000000E+00  1.352412246E+01 
       203  1.005000000E+02  0.000000000E+00  1.360941468E+01 
       204  1.007500000E+02  0.000000000E+00  1.365790797E+01 
       205  1.010000000E+02  0.000000000E+00  1.368571965E+01 
       206  1.012500000E+02  0.000000000E+00  1.369841310E+01 
       207  1.015000000E+02  0.000000000E+00  1.369958657E+01 
       208  1.017500000E+02  0.000000000E+00  1.369175139E+01 
       209  1.020000000E+02  0.000000000E+00  1.367675282E+01 
       210  1.022500000E+02  0.000000000E+00  1.365599572E+01 
       211  1.025000000E+02  0.000000000E+00  1.363057714E+01 
       212  1.027500000E+02  0.000000000E+00  1.360136987E+01 
       213  1.030000000E+02  0.000000000E+00  1.356907834E+01 
       214  1.032500000E+02  0.000000000E+00  1.353427730E+01 
       215  1.035000000E+02  0.000000000E+00  1.349743986E+01 
       216  1.037500000E+02  0.000000000E+00  1.345895817E+01 
       217  1.040000000E+02  0.000000000E+00  1.341915910E+01 
       218  1.042500000E+02  0.000000000E+00  1.337831635E+01 
       219  1.045000000E+02  0.000000000E+00  1.333665999E+01 
       220  1.047500000E+02  0.000000000E+00  1.329438396E+01 
       221  1.050000000E+02  0.000000000E+00  1.325165218E+01 
       222  1.052500000E+02  0.000000000E+00  1.320860344E+01 
       223  1.055000000E+02  0.000000000E+00  1.316535547E+01 
       224  1.057500000E+02  0.000000000E+00  1.312200822E+01 
       225  1.060000000E+02  0.000000000E+00  1.307864667E+01 
       226  1.062500000E+02  0.000000000E+00  1.303534305E+01 
       227  1.065000000E+02  0.000000000E+00  1.299215879E+01 
       228  1.067500000E+02  0.000000000E+00  1.294914616E+01 
       229  1.070000000E+02  0.000000000E+00  1.290634958E+01 
       230  1.072500000E+02  0.000000000E+00  1.286380679E+01 
       231  1.075000000E+02  0.000000000E+00  1.282154979E+01 
       232  1.077500000E+02  0.000000000E+00  1.277960573E+01 
       233  1.080000000E+02  0.000000000E+00  1.273799754E+01 
       234  1.082500000E+02  0.000000000E+00  1.269674455E+01 
       235  1.085000000E+02  0.000000000E+00  1.265586303E+01 
       236  1.087500000E+02  0.000000000E+00  1.261536657E+01 
       237  1.090000000E+02  0.000000000E+00  1.257526649E+01 
       238  1.092500000E+02  0.000000000E+00  1.253557215E+01 
       239  1.095000000E+02  0.000000000E+00  1.249629120E+01 
       240  1.097500000E+02  0.000000000E+00  1.245742986E+01 
       241  1.100000000E+02  0.000000000E+00  1.241899306E+01 
       242  1.102500000E+02  0.000000000E+00  1.238098467E+01 
       243  1.105000000E+02  0.000000000E+00  1.234340760E+01 
       244  1.107500000E+02  0.000000000E+00  1.230626397E+01 
       245  1.110000000E+02  0.000000000E+00  1.226955518E+01 
       246  1.112500000E+02  0.000000000E+00  1.223328202E+01 
       247  1.115000000E+02  0.000000000E+00  1.219744475E+01 
       248  1.117500000E+02  0.000000000E+00  1.216204319E+01 
       249  1.120000000E+02  0.000000000E+00  1.212707674E+01 
       250  1.122500000E+02  0.000000000E+00  1.209254446E+01 
       251  1.125000000E+02  0.000000000E+00  1.205844510E+01 
       252  1.127500000E+02  0.000000000E+00  1.202477717E+01 
       253  1.130000000E+02  0.000000000E+00  1.199153891E+01 
       254  1.132500000E+02  0.000000000E+00  1.195872840E+01 
       255  1.135000000E+02  0.000000000E+00  1.192634351E+01 
       256  1.137500000E+02  0.000000000E+00  1.189438198E+01 
       257  1.140000000E+02  0.000000000E+00  1.186284139E+01 
       258  1.142500000E+02  0.000000000E+00  1.183171922E+01 
       259  1.145000000E+02  0.000000000E+00  1.180101283E+01 
       260  1.147500000E+02  0.000000000E+00  1.177071950E+01 
       261  1.150000000E+02  0.000000000E+00  1.174083642E+01 
       262  1.152500000E+02  0.000000000E+00  1.171136071E+01 
       263  1.155000000E+02  0.000000000E+00  1.168228942E+01 
       264  1.157500000E+02  0.000000000E+00  1.165361955E+01 
       265  1.160000000E+02  0.000000000E+00  1.162534806E+01 
       266  1.162500000E+02  0.000000000E+00  1.159747183E+01 
       267  1.165000000E+02  0.000000000E+00  1.156998775E+01 
       268  1.167500000E+02  0.000000000E+00  1.154289263E+01 
       269  1.170000000E+02  0.000000000E+00  1.151618328E+01 
       270  1.172500000E+02  0.000000000E+00  1.148985646E+01 
       271  1.175000000E+02  0.000000000E+00  1.146390894E+01 
       272  1.177500000E+02  0.000000000E+00  1.143833743E+01 
       273  1.180000000E+02  0.000000000E+00  1.141313865E+01 
       274  1.182500000E+02  0.000000000E+00  1.138830930E+01 
       275  1.185000000E+02  0.000000000E+00  1.136384606E+01 
       276  1.187500000E+02  0.000000000E+00  1.133974559E+01 
       277  1.190000000E+02  0.000000000E+00  1.131600457E+01 
       278  1.192500000E+02  0.000000000E+00  1.129261966E+01 
       279  1.195000000E+02  0.000000000E+00  1.126958750E+01 
       280  1.197500000E+02  0.000000000E+00  1.124690474E+01 
       281  1.200000000E+02  0.000000000E+00  1.122456804E+01 
       282  1.202500000E+02  0.000000000E+00  1.120257404E+01 
       283  1.205000000E+02  0.000000000E+00  1.118091939E+01 
       284  1.207500000E+02  0.000000000E+00  1.115960075E+01 
       285  1.210000000E+02  0.000000000E+00  1.113861476E+01 
       286  1.212500000E+02  0.000000000E+00  1.111795808E+01 
       287  1.215000000E+02  0.000000000E+00  1.109762740E+01 
       288  1.217500000E+02  0.000000000E+00  1.107761937E+01 
       289  1.220000000E+02  0.000000000E+00  1.105793068E+01 
       290  1.222500000E+02  0.000000000E+00  1.103855803E+01 
       291  1.225000000E+02  0.000000000E+00  1.101949811E+01 
       292  1.227500000E+02  0.000000000E+00  1.100074765E+01 
       293  1.230000000E+02  0.000000000E+00  1.098230336E+01 
       294  1.232500000E+02  0.000000000E+00  1.096416200E+01 
       295  1.235000000E+02  0.000000000E+00  1.094632031E+01 
       296  1.237500000E+02  0.000000000E+00  1.092877506E+01 
       297  1.240000000E+02  0.000000000E+00  1.091152305E+01 
       298  1.242500000E+02  0.000000000E+00  1.089456108E+01 
       299  1.245000000E+02  0.000000000E+00  1.087788596E+01 
       300  1.247500000E+02  0.000000000E+00  1.086149455E+01 
       301  1.250000000E+02  0.000000000E+00  1.084538369E+01 
       302  1.252500000E+02  0.000000000E+00  1.082955028E+01 
       303  1.255000000E+02  0.000000000E+00  1.081399121E+01 
       304  1.257500000E+02  0.000000000E+00  1.079870340E+01 
       305  1.260000000E+02  0.000000000E+00  1.078368381E+01 
       306  1.262500000E+02  0.000000000E+00  1.076892940E+01 
       307  1.265000000E+02  0.000000000E+00  1.075443716E+01 
       308  1.267500000E+02  0.000000000E+00  1.074020412E+01 
       309  1.270000000E+02  0.000000000E+00  1.072622731E+01 
       310  1.272500000E+02  0.000000000E+00  1.071250380E+01 
       311  1.275000000E+02  0.000000000E+00  1.069903070E+01 
       312  1.277500000E+02  0.000000000E+00  1.068580511E+01 
       313  1.280000000E+02  0.000000000E+00  1.067282420E+01 
       314  1.282500000E+02  0.000000000E+00  1.066008513E+01 
       315  1.285000000E+02  0.000000000E+00  1.064758512E+01 
       316  1.287500000E+02  0.000000000E+00  1.063532140E+01 
       317  1.290000000E+02  0.000000000E+00  1.062329123E+01 
       318  1.292500000E+02  0.000000000E+00  1.061149192E+01 
       319  1.295000000E+02  0.000000000E+00  1.059992078E+01 
       320  1.297500000E+02  0.000000000E+00  1.058857518E+01 
       321  1.300000000E+02  0.000000000E+00  1.057745251E+01 
       322  1.302500000E+02  0.000000000E+00  1.056655019E+01 
       323  1.305000000E+02  0.000000000E+00  1.055586566E+01 
       324  1.307500000E+02  0.000000000E+00  1.054539642E+01 
       325  1.310000000E+02  0.000000000E+00  1.053514000E+01 
       326  1.312500000E+02  0.000000000E+00  1.052509393E+01 
       327  1.315000000E+02  0.000000000E+00  1.051525582E+01 
       328  1.317500000E+02  0.000000000E+00  1.050562329E+01 
       329  1.320000000E+02  0.000000000E+00  1.049619399E+01 
       330  1.322500000E+02  0.000000000E+00  1.048696562E+01 
       331  1.325000000E+02  0.000000000E+00  1.047793590E+01 
       332  1.327500000E+02  0.000000000E+00  1.046910261E+01 
       333  1.330000000E+02  0.000000000E+00  1.046046354E+01 
       334  1.332500000E+02  0.000000000E+00  1.045201653E+01 
       335  1.335000000E+02  0.000000000E+00  1.044375946E+01 
       336  1.337500000E+02  0.000000000E+00  1.043569025E+01 
       337  1.340000000E+02  0.000000000E+00  1.042780683E+01 
       338  1.342500000E+02  0.000000000E+00  1.042010720E+01 
       339  1.345000000E+02  0.000000000E+00  1.041258939E+01 
       340  1.347500000E+02  0.000000000E+00  1.040525146E+01 
       341  1.350000000E+02  0.000000000E+00  1.039809150E+01 
       342  1.352500000E+02  0.000000000E+00  1.039110768E+01 
       343  1.355000000E+02  0.000000000E+00  1.038429816E+01 
       344  1.357500000E+02  0.000000000E+00  1.037766117E+01 
       345  1.360000000E+02  0.000000000E+00  1.037119496E+01 
       346  1.362500000E+02  0.000000000E+00  1.036489784E+01 
       347  1.365000000E+02  0.000000000E+00  1.035876815E+01 
       348  1.367500000E+02  0.000000000E+00  1.035280426E+01 
       349  1.370000000E+02  0.000000000E+00  1.034700461E+01 
       350  1.372500000E+02  0.000000000E+00  1.034136764E+01 
       351  1.375000000E+02  0.000000000E+00  1.033589186E+01 
       352  1.377500000E+02  0.000000000E+00  1.033057582E+01 
       353  1.380000000E+02  0.000000000E+00  1.032541809E+01 
       354  1.382500000E+02  0.000000000E+00  1.032041731E+01 
       355  1.385000000E+02  0.000000000E+00  1.031557215E+01 
       356  1.387500000E+02  0.000000000E+00  1.031088130E+01 
       357  1.390000000E+02  0.000000000E+00  1.030634352E+01 
       358  1.392500000E+02  0.000000000E+00  1.030195761E+01 
       359  1.395000000E+02  0.000000000E+00  1.029772240E+01 
       360  1.397500000E+02  0.000000000E+00  1.029363676E+01 
       361  1.400000000E+02  0.000000000E+00  1.028969962E+01 
       362  1.402500000E+02  0.000000000E+00  1.028590994E+01 
       363  1.405000000E+02  0.000000000E+00  1.028226672E+01 
       364  1.407500000E+02  0.000000000E+00  1.027876901E+01 
       365  1.410000000E+02  0.000000000E+00  1.027541590E+01 
       366  1.412500000E+02  0.000000000E+00  1.027220654E+01 
       367  1.415000000E+02  0.000000000E+00  1.026914008E+01 
       368  1.417500000E+02  0.000000000E+00  1.026621576E+01 
       369  1.420000000E+02  0.000000000E+00  1.026343283E+01 
       370  1.422500000E+02  0.000000000E+00  1.026079061E+01 
       371  1.425000000E+02  0.000000000E+00  1.025828845E+01 
       372  1.427500000E+02  0.000000000E+00  1.025592574E+01 
       373  1.430000000E+02  0.000000000E+00  1.025370192E+01 
       374  1.432500000E+02  0.000000000E+00  1.025161648E+01 
       375  1.435000000E+02  0.000000000E+00  1.024966893E+01 
       376  1.437500000E+02  0.000000000E+00  1.024785886E+01 
       377  1.440000000E+02  0.000000000E+00  1.024618588E+01 
       378  1.442500000E+02  0.000000000E+00  1.024464965E+01 
       379  1.445000000E+02  0.000000000E+00  1.024324987E+01 
       380  1.447500000E+02  0.000000000E+00  1.024198629E+01 
       381  1.450000000E+02  0.000000000E+00  1.024085871E+01 
       382  1.452500000E+02  0.000000000E+00  1.023986697E+01 
       383  1.455000000E+02  0.000000000E+00  1.023901094E+01 
       384  1.457500000E+02  0.000000000E+00  1.023829057E+01 
       385  1.460000000E+02  0.000000000E+00  1.023770581E+01 
       386  1.462500000E+02  0.000000000E+00  1.023725669E+01 
       387  1.465000000E+02  0.000000000E+00  1.023694328E+01 
       388  1.467500000E+02  0.000000000E+00  1.023676568E+01 
       389  1.470000000E+02  0.000000000E+00  1.023672404E+01 
       390  1.472500000E+02  0.000000000E+00  1.023681857E+01 
       391  1.475000000E+02  0.000000000E+00  1.023704952E+01 
       392  1.477500000E+02  0.000000000E+00  1.023741716E+01 
       393  1.480000000E+02  0.000000000E+00  1.023792185E+01 
       394  1.482500000E+02  0.000000000E+00  1.023856395E+01 
       395  1.485000000E+02  0.000000000E+00  1.023934391E+01 
       396  1.487500000E+02  0.000000000E+00  1.024026218E+01 
       397  1.490000000E+02  0.000000000E+00  1.024131929E+01 
       398  1.492500000E+02  0.000000000E+00  1.024251581E+01 
       399  1.495000000E+02  0.000000000E+00  1.024385234E+01 
       400  1.497500000E+02  0.000000000E+00  1.024532955E+01 
       401  1.500000000E+02  0.000000000E+00  1.024694813E+01 
       402  1.502500000E+02  0.000000000E+00  1.024870883E+01 
       403  1.505000000E+02  0.000000000E+00  1.025061245E+01 
       404  1.507500000E+02  0.000000000E+00  1.025265983E+01 
       405  1.510000000E+02  0.000000000E+00  1.025485185E+01 
       406  1.512500000E+02  0.000000000E+00  1.025718945E+01 
       407  1.515000000E+02  0.000000000E+00  1.025967361E+01 
       408  1.517500000E+02  0.000000000E+00  1.026230535E+01 
       409  1.520000000E+02  0.000000000E+00  1.026508574E+01 
       410  1.522500000E+02  0.000000000E+00  1.026801589E+01 
       411  1.525000000E+02  0.000000000E+00  1.027109698E+01 
       412  1.527500000E+02  0.000000000E+00  1.027433022E+01 
       413  1.530000000E+02  0.000000000E+00  1.027771684E+01 
       414  1.532500000E+02  0.000000000E+00  1.028125817E+01 
       415  1.535000000E+02  0.000000000E+00  1.028495554E+01 
       416  1.537500000E+02  0.000000000E+00  1.028881035E+01 
       417  1.540000000E+02  0.000000000E+00  1.029282404E+01 
       418  1.542500000E+02  0.000000000E+00  1.029699810E+01 
       419  1.545000000E+02  0.000000000E+00  1.030133404E+01 
       420  1.547500000E+02  0.000000000E+00  1.030583346E+01 
       421  1.550000000E+02  0.000000000E+00  1.031049797E+01 
       422  1.552500000E+02  0.000000000E+00  1.031532924E+01 
       423  1.555000000E+02  0.000000000E+00  1.032032899E+01 
       424  1.557500000E+02  0.000000000E+00  1.032549897E+01 
       425  1.560000000E+02  0.000000000E+00  1.033084099E+01 
       426  1.562500000E+02  0.000000000E+00  1.033635690E+01 
       427  1.565000000E+02  0.000000000E+00  1.034204860E+01 
       428  1.567500000E+02  0.000000000E+00  1.034791801E+01 
       429  1.570000000E+02  0.000000000E+00  1.035396714E+01 
       430  1.572500000E+02  0.000000000E+00  1.036019800E+01 
       431  1.575000000E+02  0.000000000E+00  1.036661267E+01 
       432  1.577500000E+02  0.000000000E+00  1.037321327E+01 
       433  1.580000000E+02  0.000000000E+00  1.038000197E+01 
       434  1.582500000E+02  0.000000000E+00  1.038698096E+01 
       435  1.585000000E+02  0.000000000E+00  1.039415250E+01 
       436  1.587500000E+02  0.000000000E+00  1.040151888E+01 
       437  1.590000000E+02  0.000000000E+00  1.040908245E+01 
       438  1.592500000E+02  0.000000000E+00  1.041684557E+01 
       439  1.595000000E+02  0.000000000E+00  1.042481068E+01 
       440  1.597500000E+02  0.000000000E+00  1.043298024E+01 
       441  1.600000000E+02  0.000000000E+00  1.044135675E+01 
       442  1.602500000E+02  0.000000000E+00  1.044994277E+01 
       443  1.605000000E+02  0.000000000E+00  1.045874090E+01 
       444  1.607500000E+02  0.000000000E+00  1.046775375E+01 
       445  1.610000000E+02  0.000000000E+00  1.047698401E+01 
       446  1.612500000E+02  0.000000000E+00  1.048643440E+01 
       447  1.615000000E+02  0.000000000E+00  1.049610766E+01 
       448  1.617500000E+02  0.000000000E+00  1.050600659E+01 
       449  1.620000000E+02  0.000000000E+00  1.051613404E+01 
       450  1.622500000E+02  0.000000000E+00  1.052649286E+01 
       451  1.625000000E+02  0.000000000E+00  1.053708598E+01 
       452  1.627500000E+02  0.000000000E+00  1.054791634E+01 
       453  1.630000000E+02  0.000000000E+00  1.055898694E+01 
       454  1.632500000E+02  0.000000000E+00  1.057030080E+01 
       455  1.635000000E+02  0.000000000E+00  1.058186098E+01 
       456  1.637500000E+02  0.000000000E+00  1.059367059E+01 
       457  1.640000000E+02  0.000000000E+00  1.060573275E+01 
       458  1.642500000E+02  0.000000000E+00  1.061805064E+01 
       459  1.645000000E+02  0.000000000E+00  1.063062746E+01 
       460  1.647500000E+02  0.000000000E+00  1.064346645E+01 
       461  1.650000000E+02  0.000000000E+00  1.065657088E+01 
       462  1.652500000E+02  0.000000000E+00  1.066994407E+01 
       463  1.655000000E+02  0.000000000E+00  1.068358933E+01 
       464  1.657500000E+02  0.000000000E+00  1.069751005E+01 
       465  1.660000000E+02  0.000000000E+00  1.071170962E+01 
       466  1.662500000E+02  0.000000000E+00  1.072619147E+01 
       467  1.665000000E+02  0.000000000E+00  1.074095906E+01 
       468  1.667500000E+02  0.000000000E+00  1.075601588E+01 
       469  1.670000000E+02  0.000000000E+00  1.077136543E+01 
       470  1.672500000E+02  0.000000000E+00  1.078701127E+01 
       471  1.675000000E+02  0.000000000E+00  1.080295695E+01 
       472  1.677500000E+02  0.000000000E+00  1.081920608E+01 
       473  1.680000000E+02  0.000000000E+00  1.083576226E+01 
       474  1.682500000E+02  0.000000000E+00  1.085262915E+01 
       475  1.685000000E+02  0.000000000E+00  1.086981039E+01 
       476  1.687500000E+02  0.000000000E+00  1.088730969E+01 
       477  1.690000000E+02  0.000000000E+00  1.090513073E+01 
       478  1.692500000E+02  0.000000000E+00  1.092327725E+01 
       479  1.695000000E+02  0.000000000E+00  1.094175300E+01 
       480  1.697500000E+02  0.000000000E+00  1.096056172E+01 
       481  1.700000000E+02  0.000000000E+00  1.097970721E+01 
       482  1.702500000E+02  0.000000000E+00  1.099919325E+01 
       483  1.705000000E+02  0.000000000E+00  1.101902365E+01 
       484  1.707500000E+02  0.000000000E+00  1.103920223E+01 
       485  1.710000000E+02  0.000000000E+00  1.105973284E+01 
       486  1.712500000E+02  0.000000000E+00  1.108061930E+01 
       487  1.715000000E+02  0.000000000E+00  1.110186548E+01 
       488  1.717500000E+02  0.000000000E+00  1.112347524E+01 
       489  1.720000000E+02  0.000000000E+00  1.114545245E+01 
       490  1.722500000E+02  0.000000000E+00  1.116780098E+01 
       491  1.725000000E+02  0.000000000E+00  1.119052473E+01 
       492  1.727500000E+02  0.000000000E+00  1.121362756E+01 
       493  1.730000000E+02  0.000000000E+00  1.123711338E+01 
       494  1.732500000E+02  0.000000000E+00  1.126098607E+01 
       495  1.735000000E+02  0.000000000E+00  1.128524952E+01 
       496  1.737500000E+02  0.000000000E+00  1.130990761E+01 
       497  1.740000000E+02  0.000000000E+00  1.133496423E+01 
       498  1.742500000E+02  0.000000000E+00  1.136042326E+01 
       499  1.745000000E+02  0.000000000E+00  1.138628856E+01 
       500  1.747500000E+02  0.000000000E+00  1.141256402E+01 
       501  1.750000000E+02  0.000000000E+00  1.143925347E+01 
       502  1.752500000E+02  0.000000000E+00  1.146636078E+01 
       503  1.755000000E+02  0.000000000E+00  1.149388976E+01 
       504  1.757500000E+02  0.000000000E+00  1.152184426E+01 
       505  1.760000000E+02  0.000000000E+00  1.155022806E+01 
       506  1.762500000E+02  0.000000000E+00  1.157904496E+01 
       507  1.765000000E+02  0.000000000E+00  1.160829873E+01 
       508  1.767500000E+02  0.000000000E+00  1.163799312E+01 
       509  1.770000000E+02  0.000000000E+00  1.166813187E+01 
       510  1.772500000E+02  0.000000000E+00  1.169871867E+01 
       511  1.775000000E+02  0.000000000E+00  1.172975721E+01 
       512  1.777500000E+02  0.000000000E+00  1.176125115E+01 
       513  1.780000000E+02  0.000000000E+00  1.179320412E+01 
       514  1.782500000E+02  0.000000000E+00  1.182561971E+01 
       515  1.785000000E+02  0.000000000E+00  1.185850148E+01 
       516  1.787500000E+02  0.000000000E+00  1.189185297E+01 
       517  1.790000000E+02  0.000000000E+00  1.192567768E+01 
       518  1.792500000E+02  0.000000000E+00  1.195997907E+01 
       519  1.795000000E+02  0.000000000E+00  1.199476056E+01 
       520  1.797500000E+02  0.000000000E+00  1.203002552E+01 
       521  1.800000000E+02  0.000000000E+00  1.206577729E+01 
       522  1.802500000E+02  0.000000000E+00  1.210201916E+01 
       523  1.805000000E+02  0.000000000E+00  1.213875439E+01 
       524  1.807500000E+02  0.000000000E+00  1.217598615E+01 
       525  1.810000000E+02  0.000000000E+00  1.221371760E+01 
       526  1.812500000E+02  0.000000000E+00  1.225195181E+01 
       527  1.815000000E+02  0.000000000E+00  1.229069183E+01 
       528  1.817500000E+02  0.000000000E+00  1.232994062E+01 
       529  1.820000000E+02  0.000000000E+00  1.236970108E+01 
       530  1.822500000E+02  0.000000000E+00  1.240997607E+01 
       531  1.825000000E+02  0.000000000E+00  1.245076836E+01 
       532  1.827500000E+02  0.000000000E+00  1.249208065E+01 
       533  1.830000000E+02  0.000000000E+00  1.253391557E+01 
       534  1.832500000E+02  0.000000000E+00  1.257627566E+01 
       535  1.835000000E+02  0.000000000E+00  1.261916339E+01 
       536  1.837500000E+02  0.000000000E+00  1.266258113E+01 
       537  1.840000000E+02  0.000000000E+00  1.270653116E+01 
       538  1.842500000E+02  0.000000000E+00  1.275101565E+01 
       539  1.845000000E+02  0.000000000E+00  1.279603668E+01 
       540  1.847500000E+02  0.000000000E+00  1.284159621E+01 
       541  1.850000000E+02  0.000000000E+00  1.288769606E+01 
       542  1.852500000E+02  0.000000000E+00  1.293433794E+01 
       543  1.855000000E+02  0.000000000E+00  1.298152339E+01 
       544  1.857500000E+02  0.000000000E+00  1.302925383E+01 
       545  1.860000000E+02  0.000000000E+00  1.307753047E+01 
       546  1.862500000E+02  0.000000000E+00  1.312635436E+01 
       547  1.865000000E+02  0.000000000E+00  1.317572634E+01 
       548  1.867500000E+02  0.000000000E+00  1.322564700E+01 
       549  1.870000000E+02  0.000000000E+00  1.327611671E+01 
       550  1.872500000E+02  0.000000000E+00  1.332713555E+01 
       551  1.875000000E+02  0.000000000E+00  1.337870327E+01 
       552  1.877500000E+02  0.000000000E+00  1.343081929E+01 
       553  1.880000000E+02  0.000000000E+00  1.348348263E+01 
       554  1.882500000E+02  0.000000000E+00  1.353669185E+01 
       555  1.885000000E+02  0.000000000E+00  1.359044503E+01 
       556  1.887500000E+02  0.000000000E+00  1.364473964E+01 
       557  1.890000000E+02  0.000000000E+00  1.369957254E+01 
       558  1.892500000E+02  0.000000000E+00  1.375493980E+01 
       559  1.895000000E+02  0.000000000E+00  1.381083667E+01 
       560  1.897500000E+02  0.000000000E+00  1.386725740E+01 
       561  1.900000000E+02  0.000000000E+00  1.392419513E+01 
       562  1.902500000E+02  0.000000000E+00  1.398164169E+01 
       563  1.905000000E+02  0.000000000E+00  1.403958743E+01 
       564  1.907500000E+02  0.000000000E+00  1.409802097E+01 
       565  1.910000000E+02  0.000000000E+00  1.415692894E+01 
       566  1.912500000E+02  0.000000000E+00  1.421629568E+01 
       567  1.915000000E+02  0.000000000E+00  1.427610283E+01 
       568  1.917500000E+02  0.000000000E+00  1.433632895E+01 
       569  1.920000000E+02  0.000000000E+00  1.439694900E+01 
       570  1.922500000E+02  0.000000000E+00  1.445793375E+01 
       571  1.925000000E+02  0.000000000E+00  1.451924912E+01 
       572  1.927500000E+02  0.000000000E+00  1.458085533E+01 
       573  1.930000000E+02  0.000000000E+00  1.464270601E+01 
       574  1.932500000E+02  0.000000000E+00  1.470474704E+01 
       575  1.935000000E+02  0.000000000E+00  1.476691529E+01 
       576  1.937500000E+02  0.000000000E+00  1.482913706E+01 
       577  1.940000000E+02  0.000000000E+00  1.489132623E+01 
       578  1.942500000E+02  0.000000000E+00  1.495338217E+01 
       579  1.945000000E+02  0.000000000E+00  1.501518712E+01 
       580  1.947500000E+02  0.000000000E+00  1.507660317E+01 
       581  1.950000000E+02  0.000000000E+00  1.513746859E+01 
       582  1.952500000E+02  0.000000000E+00  1.519759346E+01 
       583  1.955000000E+02  0.000000000E+00  1.525675434E+01 
       584  1.957500000E+02  0.000000000E+00  1.531468788E+01 
       585  1.960000000E+02  0.000000000E+00  1.537108292E+01 
       586  1.962500000E+02  0.000000000E+00  1.542557076E+01 
       587  1.965000000E+02  0.000000000E+00  1.547771313E+01 
       588  1.967500000E+02  0.000000000E+00  1.552698691E+01 
       589  1.970000000E+02  0.000000000E+00  1.557276471E+01 
       590  1.972500000E+02  0.000000000E+00  1.561428967E+01 
       591  1.975000000E+02  0.000000000E+00  1.565064209E+01 
       592  1.977500000E+02  0.000000000E+00  1.568069434E+01 
       593  1.980000000E+02  0.000000000E+00  1.570304802E+01 
       594  1.982500000E+02  0.000000000E+00  1.571594343E+01 
       595  1.985000000E+02  0.000000000E+00  1.571712322E+01 
       596  1.987500000E+02  0.000000000E+00  1.570361541E+01 
       597  1.990000000E+02  0.000000000E+00  1.567136224E+01 
       598  1.992500000E+02  0.000000000E+00  1.561452445E+01 
       599  1.995000000E+02  0.000000000E+00  1.552402518E+01 
       600  1.997500000E+02  0.000000000E+00  1.537301552E+01 
       601  2.000000000E+02  0.000000000E+00  1.816995272E+01 
       602  2.001999988E+02  0.000000000E+00  1.999498927E+01 
       603  2.004032879E+02  0.000000000E+00  1.906086806E+01 
       604  2.006099214E+02  0.000000000E+00  1.822206376E+01 
       605  2.008199543E+02  0.000000000E+00  1.746325089E+01 
       606  2.010334426E+02  0.000000000E+00  1.677554540E+01 
       607  2.012504431E+02  0.000000000E+00  1.615127350E+01 
       608  2.014710137E+02  0.000000000E+00  1.558377230E+01 
       609  2.016952129E+02  0.000000000E+00  1.506722991E+01 
       610  2.019231006E+02  0.000000000E+00  1.459655570E+01 
       611  2.021547374E+02  0.000000000E+00  1.416727347E+01 
       612  2.023901849E+02  0.000000000E+00  1.377543291E+01 
       613  2.026295060E+02  0.000000000E+00  1.341753573E+01 
       614  2.028727642E+02  0.000000000E+00  1.309047366E+01 
       615  2.031200245E+02  0.000000000E+00  1.278572761E+01 
       616  2.033713525E+02  0.000000000E+00  1.250143768E+01 
       617  2.036268153E+02  0.000000000E+00  1.234684864E+01 
       618  2.038864808E+02  0.000000000E+00  1.221058536E+01 
       619  2.041504183E+02  0.000000000E+00  1.197818260E+01 
       620  2.044186979E+02  0.000000000E+00  1.176728656E+01 
       621  2.046913911E+02  0.000000000E+00  1.158067282E+01 
       622  2.049685706E+02  0.000000000E+00  1.141028923E+01 
       623  2.052503101E+02  0.000000000E+00  1.125480680E+01 
       624  2.055366847E+02  0.000000000E+00  1.111301476E+01 
       625  2.058277705E+02  0.000000000E+00  1.098380774E+01 
       626  2.061236452E+02  0.000000000E+00  1.086617450E+01 
       627  2.064243875E+02  0.000000000E+00  1.075918821E+01 
       628  2.067300774E+02  0.000000000E+00  1.066199792E+01 
       629  2.070407965E+02  0.000000000E+00  1.057382105E+01 
       630  2.073566273E+02  0.000000000E+00  1.049393683E+01 
       631  2.076776540E+02  0.000000000E+00  1.042168056E+01 
       632  2.080039622E+02  0.000000000E+00  1.035643849E+01 
       633  2.083356386E+02  0.000000000E+00  1.029764336E+01 
       634  2.086727716E+02  0.000000000E+00  1.024477041E+01 
       635  2.090154510E+02  0.000000000E+00  1.019733389E+01 
       636  2.093637679E+02  0.000000000E+00  1.015488389E+01 
       637  2.097178153E+02  0.000000000E+00  1.011700358E+01 
       638  2.100776872E+02  0.000000000E+00  1.008330670E+01 
       639  2.104434797E+02  0.000000000E+00  1.005343530E+01 
       640  2.108152899E+02  0.000000000E+00  1.002705771E+01 
       641  2.111932170E+02  0.000000000E+00  1.000386674E+01 
       642  2.115773617E+02  0.000000000E+00  9.983577969E+00 
       643  2.119678260E+02  0.000000000E+00  9.965928209E+00 
       644  2.123647142E+02  0.000000000E+00  9.950674132E+00 
       645  2.127681317E+02  0.000000000E+00  9.937590944E+00 
       646  2.131781861E+02  0.000000000E+00  9.926471190E+00 
       647  2.135949866E+02  0.000000000E+00  9.917123623E+00 
       648  2.140186441E+02  0.000000000E+00  9.909372157E+00 
       649  2.144492713E+02  0.000000000E+00  9.903054877E+00 
       650  2.148869831E+02  0.000000000E+00  9.898023104E+00 
       651  2.153318959E+02  0.000000000E+00  9.894140519E+00 
       652  2.157841282E+02  0.000000000E+00  9.891282327E+00 
       653  2.162438005E+02  0.000000000E+00  9.889334472E+00 
       654  2.167110350E+02  0.000000000E+00  9.888192912E+00 
       655  2.171859563E+02  0.000000000E+00  9.887762687E+00 
       656  2.176686908E+02  0.000000000E+00  9.887957532E+00 
       657  2.181593671E+02  0.000000000E+00  9.888699300E+00 
       658  2.186581157E+02  0.000000000E+00  9.889917021E+00 
       659  2.191650695E+02  0.000000000E+00  9.891546480E+00 
       660  2.196803635E+02  0.000000000E+00  9.893529681E+00 
       661  2.202041348E+02  0.000000000E+00  9.895814328E+00 
       662  2.207365230E+02  0.000000000E+00  9.898353332E+00 
       663  2.212776699E+02  0.000000000E+00  9.901104360E+00 
       664  2.218277194E+02  0.000000000E+00  9.904029409E+00 
       665  2.223868182E+02  0.000000000E+00  9.907094410E+00 
       666  2.229551149E+02  0.000000000E+00  9.910268856E+00 
       667  2.235327610E+02  0.000000000E+00  9.913525465E+00 
       668  2.241199103E+02  0.000000000E+00  9.916839865E+00 
       669  2.247167191E+02  0.000000000E+00  9.920190302E+00 
       670  2.253233464E+02  0.000000000E+00  9.923557377E+00 
       671  2.259399536E+02  0.000000000E+00  9.926923806E+00 
       672  2.265667050E+02  0.000000000E+00  9.930274198E+00 
       673  2.272037674E+02  0.000000000E+00  9.933594857E+00 
       674  2.278513104E+02  0.000000000E+00  9.936873605E+00 
       675  2.285095066E+02  0.000000000E+00  9.940099618E+00 
       676  2.291785311E+02  0.000000000E+00  9.943263285E+00 
       677  2.298585621E+02  0.000000000E+00  9.946356078E+00 
       678  2.305497807E+02  0.000000000E+00  9.949370435E+00 
       679  2.312523708E+02  0.000000000E+00  9.952299659E+00 
       680  2.319665197E+02  0.000000000E+00  9.955137828E+00 
       681  2.326924175E+02  0.000000000E+00  9.957879708E+00 
       682  2.334302574E+02  0.000000000E+00  9.960520685E+00 
       683  2.341802359E+02  0.000000000E+00  9.963056692E+00 
       684  2.349425527E+02  0.000000000E+00  9.965484149E+00 
       685  2.357174108E+02  0.000000000E+00  9.967799909E+00 
       686  2.365050165E+02  0.000000000E+00  9.970001196E+00 
       687  2.373055796E+02  0.000000000E+00  9.972085556E+00 
       688  2.381193132E+02  0.000000000E+00  9.974050804E+00 
       689  2.389464340E+02  0.000000000E+00  9.975894969E+00 
       690  2.397871622E+02  0.000000000E+00  9.977616239E+00 
       691  2.406417216E+02  0.000000000E+00  9.979212903E+00 
       692  2.415103399E+02  0.000000000E+00  9.980683286E+00 
       693  2.423932484E+02  0.000000000E+00  9.982025687E+00 
       694  2.432906820E+02  0.000000000E+00  9.983238300E+00 
       695  2.442028798E+02  0.000000000E+00  9.984319137E+00 
       696  2.451300847E+02  0.000000000E+00  9.985265938E+00 
       697  2.460725436E+02  0.000000000E+00  9.986076074E+00 
       698  2.470305073E+02  0.000000000E+00  9.986746438E+00 
       699  2.480042311E+02  0.000000000E+00  9.987273326E+00 
       700  2.489939742E+02  0.000000000E+00  9.987652301E+00 
       701  2.500000000E+02  0.000000000E+00  9.987878012E+00 
       702  2.510060258E+02  0.000000000E+00  9.987944463E+00 
       703  2.519957689E+02  0.000000000E+00  9.987854918E+00 
       704  2.529694927E+02  0.000000000E+00  9.987616407E+00 
       705  2.539274564E+02  0.000000000E+00  9.987235084E+00 
       706  2.548699153E+02  0.000000000E+00  9.986716161E+00 
       707  2.557971202E+02  0.000000000E+00  9.986064068E+00 
       708  2.567093180E+02  0.000000000E+00  9.985282555E+00 
       709  2.576067516E+02  0.000000000E+00  9.984374805E+00 
       710  2.584896601E+02  0.000000000E+00  9.983343513E+00 
       711  2.593582784E+02  0.000000000E+00  9.982190976E+00 
       712  2.602128379E+02  0.000000000E+00  9.980919154E+00 
       713  2.610535660E+02  0.000000000E+00  9.979529734E+00 
       714  2.618806868E+02  0.000000000E+00  9.978024181E+00 
       715  2.626944204E+02  0.000000000E+00  9.976403770E+00 
       716  2.634949835E+02  0.000000000E+00  9.974669622E+00 
       717  2.642825892E+02  0.000000000E+00  9.972822718E+00 
       718  2.650574473E+02  0.000000000E+00  9.970863912E+00 
       719  2.658197641E+02  0.000000000E+00  9.968793924E+00 
       720  2.665697426E+02  0.000000000E+00  9.966613337E+00 
       721  2.673075825E+02  0.000000000E+00  9.964322565E+00 
       722  2.680334803E+02  0.000000000E+00  9.961921828E+00 
       723  2.687476292E+02  0.000000000E+00  9.959411103E+00 
       724  2.694502193E+02  0.000000000E+00  9.956790069E+00 
       725  2.701414379E+02  0.000000000E+00  9.954058038E+00 
       726  2.708214689E+02  0.000000000E+00  9.951213875E+00 
       727  2.714904934E+02  0.000000000E+00  9.948255898E+00 
       728  2.721486896E+02  0.000000000E+00  9.945181773E+00 
       729  2.727962326E+02  0.000000000E+00  9.941988385E+00 
       730  2.734332950E+02  0.000000000E+00  9.938671697E+00 
       731  2.740600464E+02  0.000000000E+00  9.935226592E+00 
       732  2.746766536E+02  0.000000000E+00  9.931646696E+00 
       733  2.752832808E+02  0.000000000E+00  9.927924183E+00 
       734  2.758800897E+02  0.000000000E+00  9.924049556E+00 
       735  2.764672390E+02  0.000000000E+00  9.920011418E+00 
       736  2.770448851E+02  0.000000000E+00  9.915796209E+00 
       737  2.776131818E+02  0.000000000E+00  9.911387931E+00 
       738  2.781722806E+02  0.000000000E+00  9.906767846E+00 
       739  2.787223301E+02  0.000000000E+00  9.901914155E+00 
       740  2.792634769E+02  0.000000000E+00  9.896801652E+00 
       741  2.797958652E+02  0.000000000E+00  9.891401353E+00 
       742  2.803196365E+02  0.000000000E+00  9.885680114E+00 
       743  2.808349305E+02  0.000000000E+00  9.879600212E+00 
       744  2.813418843E+02  0.000000000E+00  9.873118923E+00 
       745  2.818406329E+02  0.000000000E+00  9.866188068E+00 
       746  2.823313092E+02  0.000000000E+00  9.858753552E+00 
       747  2.828140437E+02  0.000000000E+00  9.850754884E+00 
       748  2.832889650E+02  0.000000000E+00  9.842124692E+00 
       749  2.837561995E+02  0.000000000E+00  9.832788225E+00 
       750  2.842158718E+02  0.000000000E+00  9.822662858E+00 
       751  2.846681041E+02  0.000000000E+00  9.811657593E+00 
       752  2.851130169E+02  0.000000000E+00  9.799672580E+00 
       753  2.855507287E+02  0.000000000E+00  9.786598643E+00 
       754  2.859813560E+02  0.000000000E+00  9.772316832E+00 
       755  2.864050134E+02  0.000000000E+00  9.756698013E+00 
       756  2.868218139E+02  0.000000000E+00  9.739602489E+00 
       757  2.872318683E+02  0.000000000E+00  9.720879680E+00 
       758  2.876352858E+02  0.000000000E+00  9.700367861E+00 
       759  2.880321740E+02  0.000000000E+00  9.677893978E+00 
       760  2.884226383E+02  0.000000000E+00  9.653273547E+00 
       761  2.888067830E+02  0.000000000E+00  9.626310662E+00 
       762  2.891847101E+02  0.000000000E+00  9.596798108E+00 
       763  2.895565204E+02  0.000000000E+00  9.564517619E+00 
       764  2.899223128E+02  0.000000000E+00  9.529240267E+00 
       765  2.902821847E+02  0.000000000E+00  9.490727022E+00 
       766  2.906362321E+02  0.000000000E+00  9.448729490E+00 
       767  2.909845490E+02  0.000000000E+00  9.402990833E+00 
       768  2.913272284E+02  0.000000000E+00  9.353246908E+00 
       769  2.916643614E+02  0.000000000E+00  9.299227607E+00 
       770  2.919960378E+02  0.000000000E+00  9.240658449E+00 
       771  2.923223460E+02  0.000000000E+00  9.177262385E+00 
       772  2.926433727E+02  0.000000000E+00  9.108761869E+00 
       773  2.929592035E+02  0.000000000E+00  9.034881151E+00 
       774  2.932699226E+02  0.000000000E+00  8.955348838E+00 
       775  2.935756125E+02  0.000000000E+00  8.869900674E+00 
       776  2.938763548E+02  0.000000000E+00  8.778282554E+00 
       777  2.941722295E+02  0.000000000E+00  8.680253735E+00 
       778  2.944633153E+02  0.000000000E+00  8.575590250E+00 
       779  2.947496899E+02  0.000000000E+00  8.464088445E+00 
       780  2.950314294E+02  0.000000000E+00  8.345568666E+00 
       781  2.953086088E+02  0.000000000E+00  8.219878978E+00 
       782  2.955813021E+02  0.000000000E+00  8.086898921E+00 
       783  2.958495817E+02  0.000000000E+00  7.946543236E+00 
       784  2.961135192E+02  0.000000000E+00  7.798765482E+00 
       785  2.963731847E+02  0.000000000E+00  7.643561450E+00 
       786  2.966286475E+02  0.000000000E+00  7.480972387E+00 
       787  2.968799755E+02  0.000000000E+00  7.311087862E+00 
       788  2.971272358E+02  0.000000000E+00  7.134048250E+00 
       789  2.973704940E+02  0.000000000E+00  6.950046772E+00 
       790  2.976098151E+02  0.000000000E+00  6.759330965E+00 
       791  2.978452626E+02  0.000000000E+00  6.562203591E+00 
       792  2.980768994E+02  0.000000000E+00  6.359022879E+00 
       793  2.983047871E+02  0.000000000E+00  6.150202062E+00 
       794  2.985289863E+02  0.000000000E+00  5.936208250E+00 
       795  2.987495568E+02  0.000000000E+00  6.057707138E+00 
       796  2.989665574E+02  0.000000000E+00  6.187763395E+00 
       797  2.991800457E+02  0.000000000E+00  5.997655767E+00 
       798  2.993900786E+02  0.000000000E+00  5.804910614E+00 
       799  2.995967121E+02  0.000000000E+00  5.610243228E+00 
       800  2.998000012E+02  0.000000000E+00  5.414761482E+00 
       801  3.000000000E+02  0.000000000E+00  5.794575133E+00 
       802  3.002500000E+02  0.000000000E+00  6.361261106E+00 
       803  3.005000000E+02  0.000000000E+00  6.316663526E+00 
       804  3.007500000E+02  0.000000000E+00  6.293530473E+00 
       805  3.010000000E+02  0.000000000E+00  6.283357828E+00 
       806  3.012500000E+02  0.000000000E+00  6.282880130E+00 
       807  3.015000000E+02  0.000000000E+00  6.289919223E+00 
       808  3.017500000E+02  0.000000000E+00  6.302918222E+00 
       809  3.020000000E+02  0.000000000E+00  6.320712089E+00 
       810  3.022500000E+02  0.000000000E+00  6.342401123E+00 
       811  3.025000000E+02  0.000000000E+00  6.367274650E+00 
       812  3.027500000E+02  0.000000000E+00  6.394761754E+00 
       813  3.030000000E+02  0.000000000E+00  6.424397776E+00 
       814  3.032500000E+02  0.000000000E+00  6.455800620E+00 
       815  3.035000000E+02  0.000000000E+00  6.488653477E+00 
       816  3.037500000E+02  0.000000000E+00  6.522691867E+00 
       817  3.040000000E+02  0.000000000E+00  6.557693743E+00 
       818  3.042500000E+02  0.000000000E+00  6.593471808E+00 
       819  3.045000000E+02  0.000000000E+00  6.629867447E+00 
       820  3.047500000E+02  0.000000000E+00  6.666745886E+00 
       821  3.050000000E+02  0.000000000E+00  6.703992274E+00 
       822  3.052500000E+02  0.000000000E+00  6.741508512E+00 
       823  3.055000000E+02  0.000000000E+00  6.779210635E+00 
       824  3.057500000E+02  0.000000000E+00  6.817026659E+00 
       825  3.060000000E+02  0.000000000E+00  6.854894779E+00 
       826  3.062500000E+02  0.000000000E+00  6.892761875E+00 
       827  3.065000000E+02  0.000000000E+00  6.930582249E+00 
       828  3.067500000E+02  0.000000000E+00  6.968316557E+00 
       829  3.070000000E+02  0.000000000E+00  7.005930918E+00 
       830  3.072500000E+02  0.000000000E+00  7.043396142E+00 
       831  3.075000000E+02  0.000000000E+00  7.080687082E+00 
       832  3.077500000E+02  0.000000000E+00  7.117782078E+00 
       833  3.080000000E+02  0.000000000E+00  7.154662485E+00 
       834  3.082500000E+02  0.000000000E+00  7.191312258E+00 
       835  3.085000000E+02  0.000000000E+00  7.227717609E+00 
       836  3.087500000E+02  0.000000000E+00  7.263866702E+00 
       837  3.090000000E+02  0.000000000E+00  7.299749394E+00 
       838  3.092500000E+02  0.000000000E+00  7.335357015E+00 
       839  3.095000000E+02  0.000000000E+00  7.370682170E+00 
       840  3.097500000E+02  0.000000000E+00  7.405718577E+00 
       841  3.100000000E+02  0.000000000E+00  7.440460919E+00 
       842  3.102500000E+02  0.000000000E+00  7.474904723E+00 
       843  3.105000000E+02  0.000000000E+00  7.509046251E+00 
       844  3.107500000E+02  0.000000000E+00  7.542882404E+00 
       845  3.110000000E+02  0.000000000E+00  7.576410647E+00 
       846  3.112500000E+02  0.000000000E+00  7.609628931E+00 
       847  3.115000000E+02  0.000000000E+00  7.642535639E+00 
       848  3.117500000E+02  0.000000000E+00  7.675129528E+00 
       849  3.120000000E+02  0.000000000E+00  7.707409689E+00 
       850  3.122500000E+02  0.000000000E+00  7.739375500E+00 
       851  3.125000000E+02  0.000000000E+00  7.771026596E+00 
       852  3.127500000E+02  0.000000000E+00  7.802362837E+00 
       853  3.130000000E+02  0.000000000E+00  7.833384284E+00 
       854  3.132500000E+02  0.000000000E+00  7.864091172E+00 
       855  3.135000000E+02  0.000000000E+00  7.894483895E+00 
       856  3.137500000E+02  0.000000000E+00  7.924562983E+00 
       857  3.140000000E+02  0.000000000E+00  7.954329093E+00 
       858  3.142500000E+02  0.000000000E+00  7.983782990E+00 
       859  3.145000000E+02  0.000000000E+00  8.012925539E+00 
       860  3.147500000E+02  0.000000000E+00  8.041757694E+00 
       861  3.150000000E+02  0.000000000E+00  8.070280488E+00 
       862  3.152500000E+02  0.000000000E+00  8.098495026E+00 
       863  3.155000000E+02  0.000000000E+00  8.126402479E+00 
       864  3.157500000E+02  0.000000000E+00  8.154004075E+00 
       865  3.160000000E+02  0.000000000E+00  8.181301098E+00 
       866  3.162500000E+02  0.000000000E+00  8.208294878E+00 
       867  3.165000000E+02  0.000000000E+00  8.234986792E+00 
       868  3.167500000E+02  0.000000000E+00  8.261378257E+00 
       869  3.170000000E+02  0.000000000E+00  8.287470727E+00 
       870  3.172500000E+02  0.000000000E+00  8.313265691E+00 
       871  3.175000000E+02  0.000000000E+00  8.338764669E+00 
       872  3.177500000E+02  0.000000000E+00  8.363969211E+00 
       873  3.180000000E+02  0.000000000E+00  8.388880895E+00 
       874  3.182500000E+02  0.000000000E+00  8.413501323E+00 
       875  3.185000000E+02  0.000000000E+00  8.437832121E+00 
       876  3.187500000E+02  0.000000000E+00  8.461874936E+00 
       877  3.190000000E+02  0.000000000E+00  8.485631437E+00 
       878  3.192500000E+02  0.000000000E+00  8.509103311E+00 
       879  3.195000000E+02  0.000000000E+00  8.532292261E+00 
       880  3.197500000E+02  0.000000000E+00  8.555200010E+00 
       881  3.200000000E+02  0.000000000E+00  8.577828294E+00 
       882  3.202500000E+02  0.000000000E+00  8.600178863E+00 
       883  3.205000000E+02  0.000000000E+00  8.622253481E+00 
       884  3.207500000E+02  0.000000000E+00  8.644053926E+00 
       885  3.210000000E+02  0.000000000E+00  8.665581985E+00 
       886  3.212500000E+02  0.000000000E+00  8.686839458E+00 
       887  3.215000000E+02  0.000000000E+00  8.707828153E+00 
       888  3.217500000E+02  0.000000000E+00  8.728549888E+00 
       889  3.220000000E+02  0.000000000E+00  8.749006490E+00 
       890  3.222500000E+02  0.000000000E+00  8.769199795E+00 
       891  3.225000000E+02  0.000000000E+00  8.789131643E+00 
       892  3.227500000E+02  0.000000000E+00  8.808803883E+00 
       893  3.230000000E+02  0.000000000E+00  8.828218369E+00 
       894  3.232500000E+02  0.000000000E+00  8.847376962E+00 
       895  3.235000000E+02  0.000000000E+00  8.866281524E+00 
       896  3.237500000E+02  0.000000000E+00  8.884933926E+00 
       897  3.240000000E+02  0.000000000E+00  8.903336038E+00 
       898  3.242500000E+02  0.000000000E+00  8.921489737E+00 
       899  3.245000000E+02  0.000000000E+00  8.939396901E+00 
       900  3.247500000E+02  0.000000000E+00  8.957059408E+00 
       901  3.250000000E+02  0.000000000E+00  8.974479142E+00 
       902  3.252500000E+02  0.000000000E+00  8.991657984E+00 
       903  3.255000000E+02  0.000000000E+00  9.008597817E+00 
       904  3.257500000E+02  0.000000000E+00  9.025300526E+00 
       905  3.260000000E+02  0.000000000E+00  9.041767991E+00 
       906  3.262500000E+02  0.000000000E+00  9.058002097E+00 
       907  3.265000000E+02  0.000000000E+00  9.074004724E+00 
       908  3.267500000E+02  0.000000000E+00  9.089777750E+00 
       909  3.270000000E+02  0.000000000E+00  9.105323052E+00 
       910  3.272500000E+02  0.000000000E+00  9.120642506E+00 
       911  3.275000000E+02  0.000000000E+00  9.135737982E+00 
       912  3.277500000E+02  0.000000000E+00  9.150611348E+00 
       913  3.280000000E+02  0.000000000E+00  9.165264468E+00 
       914  3.282500000E+02  0.000000000E+00  9.179699203E+00 
       915  3.285000000E+02  0.000000000E+00  9.193917406E+00 
       916  3.287500000E+02  0.000000000E+00  9.207920929E+00 
       917  3.290000000E+02  0.000000000E+00  9.221711615E+00 
       918  3.292500000E+02  0.000000000E+00  9.235291304E+00 
       919  3.295000000E+02  0.000000000E+00  9.248661828E+00 
       920  3.297500000E+02  0.000000000E+00  9.261825013E+00 
       921  3.300000000E+02  0.000000000E+00  9.274782678E+00 
       922  3.302500000E+02  0.000000000E+00  9.287536635E+00 
       923  3.305000000E+02  0.000000000E+00  9.300088687E+00 
       924  3.307500000E+02  0.000000000E+00  9.312440631E+00 
       925  3.310000000E+02  0.000000000E+00  9.324594253E+00 
       926  3.312500000E+02  0.000000000E+00  9.336551333E+00 
       927  3.315000000E+02  0.000000000E+00  9.348313640E+00 
       928  3.317500000E+02  0.000000000E+00  9.359882934E+00 
       929  3.320000000E+02  0.000000000E+00  9.371260966E+00 
       930  3.322500000E+02  0.000000000E+00  9.382449475E+00 
       931  3.325000000E+02  0.000000000E+00  9.393450191E+00 
       932  3.327500000E+02  0.000000000E+00  9.404264832E+00 
       933  3.330000000E+02  0.000000000E+00  9.414895108E+00 
       934  3.332500000E+02  0.000000000E+00  9.425342713E+00 
       935  3.335000000E+02  0.000000000E+00  9.435609332E+00 
       936  3.337500000E+02  0.000000000E+00  9.445696638E+00 
       937  3.340000000E+02  0.000000000E+00  9.455606290E+00 
       938  3.342500000E+02  0.000000000E+00  9.465339937E+00 
       939  3.345000000E+02  0.000000000E+00  9.474899211E+00 
       940  3.347500000E+02  0.000000000E+00  9.484285735E+00 
       941  3.350000000E+02  0.000000000E+00  9.493501116E+00 
       942  3.352500000E+02  0.000000000E+00  9.502546946E+00 
       943  3.355000000E+02  0.000000000E+00  9.511424806E+00 
       944  3.357500000E+02  0.000000000E+00  9.520136260E+00 
       945  3.360000000E+02  0.000000000E+00  9.528682859E+00 
       946  3.362500000E+02  0.000000000E+00  9.537066137E+00 
       947  3.365000000E+02  0.000000000E+00  9.545287615E+00 
       948  3.367500000E+02  0.000000000E+00  9.553348796E+00 
       949  3.370000000E+02  0.000000000E+00  9.561251170E+00 
       950  3.372500000E+02  0.000000000E+00  9.568996208E+00 
       951  3.375000000E+02  0.000000000E+00  9.576585366E+00 
       952  3.377500000E+02  0.000000000E+00  9.584020084E+00 
       953  3.380000000E+02  0.000000000E+00  9.591301785E+00 
       954  3.382500000E+02  0.000000000E+00  9.598431874E+00 
       955  3.385000000E+02  0.000000000E+00  9.605411739E+00 
       956  3.387500000E+02  0.000000000E+00  9.612242750E+00 
       957  3.390000000E+02  0.000000000E+00  9.618926260E+00 
       958  3.392500000E+02  0.000000000E+00  9.625463605E+00 
       959  3.395000000E+02  0.000000000E+00  9.631856099E+00 
       960  3.397500000E+02  0.000000000E+00  9.638105041E+00 
       961  3.400000000E+02  0.000000000E+00  9.644211710E+00 
       962  3.402500000E+02  0.000000000E+00  9.650177367E+00 
       963  3.405000000E+02  0.000000000E+00  9.656003251E+00 
       964  3.407500000E+02  0.000000000E+00  9.661690585E+00 
       965  3.410000000E+02  0.000000000E+00  9.667240570E+00 
       966  3.412500000E+02  0.000000000E+00  9.672654389E+00 
       967  3.415000000E+02  0.000000000E+00  9.677933203E+00 
       968  3.417500000E+02  0.000000000E+00  9.683078155E+00 
       969  3.420000000E+02  0.000000000E+00  9.688090366E+00 
       970  3.422500000E+02  0.000000000E+00  9.692970937E+00 
       971  3.425000000E+02  0.000000000E+00  9.697720948E+00 
       972  3.427500000E+02  0.000000000E+00  9.702341459E+00 
       973  3.430000000E+02  0.000000000E+00  9.706833508E+00 
       974  3.432500000E+02  0.000000000E+00  9.711198110E+00 
       975  3.435000000E+02  0.000000000E+00  9.715436262E+00 
       976  3.437500000E+02  0.000000000E+00  9.719548938E+00 
       977  3.440000000E+02  0.000000000E+00  9.723537089E+00 
       978  3.442500000E+02  0.000000000E+00  9.727401644E+00 
       979  3.445000000E+02  0.000000000E+00  9.731143513E+00 
       980  3.447500000E+02  0.000000000E+00  9.734763580E+00 
       981  3.450000000E+02  0.000000000E+00  9.738262708E+00 
       982  3.452500000E+02  0.000000000E+00  9.741641738E+00 
       983  3.455000000E+02  0.000000000E+00  9.744901487E+00 
       984  3.457500000E+02  0.000000000E+00  9.748042751E+00 
       985  3.460000000E+02  0.000000000E+00  9.751066302E+00 
       986  3.462500000E+02  0.000000000E+00  9.753972889E+00 
       987  3.465000000E+02  0.000000000E+00  9.756763236E+00 
       988  3.467500000E+02  0.000000000E+00  9.759438047E+00 
       989  3.470000000E+02  0.000000000E+00  9.761998001E+00 
       990  3.472500000E+02  0.000000000E+00  9.764443751E+00 
       991  3.475000000E+02  0.000000000E+00  9.766775932E+00 
       992  3.477500000E+02  0.000000000E+00  9.768995149E+00 
       993  3.480000000E+02  0.000000000E+00  9.771101986E+00 
       994  3.482500000E+02  0.000000000E+00  9.773097005E+00 
       995  3.485000000E+02  0.000000000E+00  9.774980740E+00 
       996  3.487500000E+02  0.000000000E+00  9.776753703E+00 
       997  3.490000000E+02  0.000000000E+00  9.778416382E+00 
       998  3.492500000E+02  0.000000000E+00  9.779969240E+00 
       999  3.495000000E+02  0.000000000E+00  9.781412714E+00 
      1000  3.497500000E+02  0.000000000E+00  9.782747220E+00 
      1001  3.500000000E+02  0.000000000E+00  9.783973146E+00 
      1002  3.502500000E+02  0.000000000E+00  9.785090858E+00 
      1003  3.505000000E+02  0.000000000E+00  9.786100696E+00 
      1004  3.507500000E+02  0.000000000E+00  9.787002975E+00 
      1005  3.510000000E+02  0.000000000E+00  9.787797986E+00 
      1006  3.512500000E+02  0.000000000E+00  9.788485994E+00 
      1007  3.515000000E+02  0.000000000E+00  9.789067241E+00 
      1008  3.517500000E+02  0.000000000E+00  9.789541941E+00 
      1009  3.520000000E+02  0.000000000E+00  9.789910287E+00 
      1010  3.522500000E+02  0.000000000E+00  9.790172443E+00 
      1011  3.525000000E+02  0.000000000E+00  9.790328551E+00 
      1012  3.527500000E+02  0.000000000E+00  9.790378726E+00 
      1013  3.530000000E+02  0.000000000E+00  9.790323058E+00 
      1014  3.532500000E+02  0.000000000E+00  9.790161613E+00 
      1015  3.535000000E+02  0.000000000E+00  9.789894430E+00 
      1016  3.537500000E+02  0.000000000E+00  9.789521526E+00 
      1017  3.540000000E+02  0.000000000E+00  9.789042890E+00 
      1018  3.542500000E+02  0.000000000E+00  9.788458485E+00 
      1019  3.545000000E+02  0.000000000E+00  9.787768253E+00 
      1020  3.547500000E+02  0.000000000E+00  9.786972106E+00 
      1021  3.550000000E+02  0.000000000E+00  9.786069934E+00 
      1022  3.552500000E+02  0.000000000E+00  9.785061600E+00 
      1023  3.555000000E+02  0.000000000E+00  9.783946943E+00 
      1024  3.557500000E+02  0.000000000E+00  9.782725776E+00 
      1025  3.560000000E+02  0.000000000E+00  9.781397888E+00 
      1026  3.562500000E+02  0.000000000E+00  9.779963041E+00 
      1027  3.565000000E+02  0.000000000E+00  9.778420973E+00 
      1028  3.567500000E+02  0.000000000E+00  9.776771397E+00 
      1029  3.570000000E+02  0.000000000E+00  9.775014001E+00 
      1030  3.572500000E+02  0.000000000E+00  9.773148447E+00 
      1031  3.575000000E+02  0.000000000E+00  9.771174374E+00 
      1032  3.577500000E+02  0.000000000E+00  9.769091393E+00 
      1033  3.580000000E+02  0.000000000E+00  9.766899093E+00 
      1034  3.582500000E+02  0.000000000E+00  9.764597037E+00 
      1035  3.585000000E+02  0.000000000E+00  9.762184763E+00 
      1036  3.587500000E+02  0.000000000E+00  9.759661783E+00 
      1037  3.590000000E+02  0.000000000E+00  9.757027588E+00 
      1038  3.592500000E+02  0.000000000E+00  9.754281641E+00 
      1039  3.595000000E+02  0.000000000E+00  9.751423381E+00 
      1040  3.597500000E+02  0.000000000E+00  9.748452224E+00 
      1041  3.600000000E+02  0.000000000E+00  9.745367560E+00 
      1042  3.602500000E+02  0.000000000E+00  9.742168756E+00 
      1043  3.605000000E+02  0.000000000E+00  9.738855152E+00 
      1044  3.607500000E+02  0.000000000E+00  9.735426068E+00 
      1045  3.610000000E+02  0.000000000E+00  9.731880797E+00 
      1046  3.612500000E+02  0.000000000E+00  9.728218607E+00 
      1047  3.615000000E+02  0.000000000E+00  9.724438746E+00 
      1048  3.617500000E+02  0.000000000E+00  9.720540434E+00 
      1049  3.620000000E+02  0.000000000E+00  9.716522870E+00 
      1050  3.622500000E+02  0.000000000E+00  9.712385229E+00 
      1051  3.625000000E+02  0.000000000E+00  9.708126661E+00 
      1052  3.627500000E+02  0.000000000E+00  9.703746294E+00 
      1053  3.630000000E+02  0.000000000E+00  9.699243231E+00 
      1054  3.632500000E+02  0.000000000E+00  9.694616555E+00 
      1055  3.635000000E+02  0.000000000E+00  9.689865323E+00 
      1056  3.637500000E+02  0.000000000E+00  9.684988569E+00 
      1057  3.640000000E+02  0.000000000E+00  9.679985306E+00 
      1058  3.642500000E+02  0.000000000E+00  9.674854523E+00 
      1059  3.645000000E+02  0.000000000E+00  9.669595188E+00 
      1060  3.647500000E+02  0.000000000E+00  9.664206244E+00 
      1061  3.650000000E+02  0.000000000E+00  9.658686613E+00 
      1062  3.652500000E+02  0.000000000E+00  9.653035196E+00 
      1063  3.655000000E+02  0.000000000E+00  9.647250870E+00 
      1064  3.657500000E+02  0.000000000E+00  9.641332491E+00 
      1065  3.660000000E+02  0.000000000E+00  9.635278893E+00 
      1066  3.662500000E+02  0.000000000E+00  9.629088890E+00 
      1067  3.665000000E+02  0.000000000E+00  9.622761271E+00 
      1068  3.667500000E+02  0.000000000E+00  9.616294808E+00 
      1069  3.670000000E+02  0.000000000E+00  9.609688250E+00 
      1070  3.672500000E+02  0.000000000E+00  9.602940323E+00 
      1071  3.675000000E+02  0.000000000E+00  9.596049735E+00 
      1072  3.677500000E+02  0.000000000E+00  9.589015174E+00 
      1073  3.680000000E+02  0.000000000E+00  9.581835305E+00 
      1074  3.682500000E+02  0.000000000E+00  9.574508773E+00 
      1075  3.685000000E+02  0.000000000E+00  9.567034206E+00 
      1076  3.687500000E+02  0.000000000E+00  9.559410209E+00 
      1077  3.690000000E+02  0.000000000E+00  9.551635369E+00 
      1078  3.692500000E+02  0.000000000E+00  9.543708252E+00 
      1079  3.695000000E+02  0.000000000E+00  9.535627406E+00 
      1080  3.697500000E+02  0.000000000E+00  9.527391360E+00 
      1081  3.700000000E+02  0.000000000E+00  9.518998623E+00 
      1082  3.702500000E+02  0.000000000E+00  9.510447688E+00 
      1083  3.705000000E+02  0.000000000E+00  9.501737025E+00 
      1084  3.707500000E+02  0.000000000E+00  9.492865091E+00 
      1085  3.710000000E+02  0.000000000E+00  9.483830320E+00 
      1086  3.712500000E+02  0.000000000E+00  9.474631133E+00 
      1087  3.715000000E+02  0.000000000E+00  9.465265929E+00 
      1088  3.717500000E+02  0.000000000E+00  9.455733093E+00 
      1089  3.720000000E+02  0.000000000E+00  9.446030992E+00 
      1090  3.722500000E+02  0.000000000E+00  9.436157975E+00 
      1091  3.725000000E+02  0.000000000E+00  9.426112376E+00 
      1092  3.727500000E+02  0.000000000E+00  9.415892511E+00 
      1093  3.730000000E+02  0.000000000E+00  9.405496682E+00 
      1094  3.732500000E+02  0.000000000E+00  9.394923174E+00 
      1095  3.735000000E+02  0.000000000E+00  9.384170255E+00 
      1096  3.737500000E+02  0.000000000E+00  9.373236181E+00 
      1097  3.740000000E+02  0.000000000E+00  9.362119190E+00 
      1098  3.742500000E+02  0.000000000E+00  9.350817507E+00 
      1099  3.745000000E+02  0.000000000E+00  9.339329341E+00 
      1100  3.747500000E+02  0.000000000E+00  9.327652889E+00 
      1101  3.750000000E+02  0.000000000E+00  9.315786332E+00 
      1102  3.752500000E+02  0.000000000E+00  9.303727839E+00 
      1103  3.755000000E+02  0.000000000E+00  9.291475565E+00 
      1104  3.757500000E+02  0.000000000E+00  9.279027652E+00 
      1105  3.760000000E+02  0.000000000E+00  9.266382229E+00 
      1106  3.762500000E+02  0.000000000E+00  9.253537414E+00 
      1107  3.765000000E+02  0.000000000E+00  9.240491311E+00 
      1108  3.767500000E+02  0.000000000E+00  9.227242016E+00 
      1109  3.770000000E+02  0.000000000E+00  9.213787609E+00 
      1110  3.772500000E+02  0.000000000E+00  9.200126162E+00 
      1111  3.775000000E+02  0.000000000E+00  9.186255736E+00 
      1112  3.777500000E+02  0.000000000E+00  9.172174383E+00 
      1113  3.780000000E+02  0.000000000E+00  9.157880143E+00 
      1114  3.782500000E+02  0.000000000E+00  9.143371048E+00 
      1115  3.785000000E+02  0.000000000E+00  9.128645120E+00 
      1116  3.787500000E+02  0.000000000E+00  9.113700375E+00 
      1117  3.790000000E+02  0.000000000E+00  9.098534819E+00 
      1118  3.792500000E+02  0.000000000E+00  9.083146451E+00 
      1119  3.795000000E+02  0.000000000E+00  9.067533262E+00 
      1120  3.797500000E+02  0.000000000E+00  9.051693239E+00 
      1121  3.800000000E+02  0.000000000E+00  9.035624360E+00 
      1122  3.802500000E+02  0.000000000E+00  9.019324601E+00 
      1123  3.805000000E+02  0.000000000E+00  9.002791932E+00 
      1124  3.807500000E+02  0.000000000E+00  8.986024317E+00 
      1125  3.810000000E+02  0.000000000E+00  8.969019721E+00 
      1126  3.812500000E+02  0.000000000E+00  8.951776102E+00 
      1127  3.815000000E+02  0.000000000E+00  8.934291419E+00 
      1128  3.817500000E+02  0.000000000E+00  8.916563631E+00 
      1129  3.820000000E+02  0.000000000E+00  8.898590695E+00 
      1130  3.822500000E+02  0.000000000E+00  8.880370571E+00 
      1131  3.825000000E+02  0.000000000E+00  8.861901222E+00 
      1132  3.827500000E+02  0.000000000E+00  8.843180612E+00 
      1133  3.830000000E+02  0.000000000E+00  8.824206714E+00 
      1134  3.832500000E+02  0.000000000E+00  8.804977505E+00 
      1135  3.835000000E+02  0.000000000E+00  8.785490974E+00 
      1136  3.837500000E+02  0.000000000E+00  8.765745117E+00 
      1137  3.840000000E+02  0.000000000E+00  8.745737947E+00 
      1138  3.842500000E+02  0.000000000E+00  8.725467488E+00 
      1139  3.845000000E+02  0.000000000E+00  8.704931788E+00 
      1140  3.847500000E+02  0.000000000E+00  8.684128911E+00 
      1141  3.850000000E+02  0.000000000E+00  8.663056949E+00 
      1142  3.852500000E+02  0.000000000E+00  8.641714025E+00 
      1143  3.855000000E+02  0.000000000E+00  8.620098293E+00 
      1144  3.857500000E+02  0.000000000E+00  8.598207948E+00 
      1145  3.860000000E+02  0.000000000E+00  8.576041231E+00 
      1146  3.862500000E+02  0.000000000E+00  8.553596434E+00 
      1147  3.865000000E+02  0.000000000E+00  8.530871911E+00 
      1148  3.867500000E+02  0.000000000E+00  8.507866085E+00 
      1149  3.870000000E+02  0.000000000E+00  8.484577459E+00 
      1150  3.872500000E+02  0.000000000E+00  8.461004628E+00 
      1151  3.875000000E+02  0.000000000E+00  8.437146293E+00 
      1152  3.877500000E+02  0.000000000E+00  8.413001277E+00 
      1153  3.880000000E+02  0.000000000E+00  8.388568541E+00 
      1154  3.882500000E+02  0.000000000E+00  8.363847209E+00 
      1155  3.885000000E+02  0.000000000E+00  8.338836587E+00 
      1156  3.887500000E+02  0.000000000E+00  8.313536196E+00 
      1157  3.890000000E+02  0.000000000E+00  8.287945799E+00 
      1158  3.892500000E+02  0.000000000E+00  8.262065441E+00 
      1159  3.895000000E+02  0.000000000E+00  8.235895489E+00 
      1160  3.897500000E+02  0.000000000E+00  8.209436683E+00 
      1161  3.900000000E+02  0.000000000E+00  8.182690191E+00 
      1162  3.902500000E+02  0.000000000E+00  8.155657675E+00 
      1163  3.905000000E+02  0.000000000E+00  8.128341366E+00 
      1164  3.907500000E+02  0.000000000E+00  8.100744148E+00 
      1165  3.910000000E+02  0.000000000E+00  8.072869665E+00 
      1166  3.912500000E+02  0.000000000E+00  8.044722431E+00 
      1167  3.915000000E+02  0.000000000E+00  8.016307968E+00 
      1168  3.917500000E+02  0.000000000E+00  7.987632962E+00 
      1169  3.920000000E+02  0.000000000E+00  7.958705445E+00 
      1170  3.922500000E+02  0.000000000E+00  7.929535002E+00 
      1171  3.925000000E+02  0.000000000E+00  7.900133020E+00 
      1172  3.927500000E+02  0.000000000E+00  7.870512971E+00 
      1173  3.930000000E+02  0.000000000E+00  7.840690742E+00 
      1174  3.932500000E+02  0.000000000E+00  7.810685029E+00 
      1175  3.935000000E+02  0.000000000E+00  7.780517783E+00 
      1176  3.937500000E+02  0.000000000E+00  7.750214746E+00 
      1177  3.940000000E+02  0.000000000E+00  7.719806076E+00 
      1178  3.942500000E+02  0.000000000E+00  7.689327080E+00 
      1179  3.945000000E+02  0.000000000E+00  7.658819086E+00 
      1180  3.947500000E+02  0.000000000E+00  7.628330478E+00 
      1181  3.950000000E+02  0.000000000E+00  7.597917918E+00 
      1182  3.952500000E+02  0.000000000E+00  7.567647825E+00 
      1183  3.955000000E+02  0.000000000E+00  7.537598139E+00 
      1184  3.957500000E+02  0.000000000E+00  7.507860468E+00 
      1185  3.960000000E+02  0.000000000E+00  7.478542687E+00 
      1186  3.962500000E+02  0.000000000E+00  7.449772153E+00 
      1187  3.965000000E+02  0.000000000E+00  7.421699675E+00 
      1188  3.967500000E+02  0.000000000E+00  7.394504494E+00 
      1189  3.970000000E+02  0.000000000E+00  7.368400594E+00 
      1190  3.972500000E+02  0.000000000E+00  7.343644831E+00 
      1191  3.975000000E+02  0.000000000E+00  7.320547589E+00 
      1192  3.977500000E+02  0.000000000E+00  7.299487011E+00 
      1193  3.980000000E+02  0.000000000E+00  7.280928548E+00 
      1194  3.982500000E+02  0.000000000E+00  7.265452661E+00 
      1195  3.985000000E+02  0.000000000E+00  7.253795682E+00 
      1196  3.987500000E+02  0.000000000E+00  7.246913331E+00 
      1197  3.990000000E+02  0.000000000E+00  7.246086445E+00 
      1198  3.992500000E+02  0.000000000E+00  7.253113601E+00 
      1199  3.995000000E+02  0.000000000E+00  7.270704102E+00 
      1200  3.997500000E+02  0.000000000E+00  7.306043548E+00 
      1201  4.000000000E+02  0.000000000E+00  6.605077751E+00 
      1202  4.002000034E+02  0.000000000E+00  6.120138882E+00 
      1203  4.004016387E+02  0.000000000E+00  6.308144556E+00 
      1204  4.006049192E+02  0.000000000E+00  6.491507747E+00 
      1205  4.008098583E+02  0.000000000E+00  6.669533213E+00 
      1206  4.010164696E+02  0.000000000E+00  6.841965805E+00 
      1207  4.012247666E+02  0.000000000E+00  7.008612531E+00 
      1208  4.014347631E+02  0.000000000E+00  7.169331469E+00 
      1209  4.016464731E+02  0.000000000E+00  7.324026004E+00 
      1210  4.018599104E+02  0.000000000E+00  7.472640332E+00 
      1211  4.020750892E+02  0.000000000E+00  7.615155286E+00 
      1212  4.022920237E+02  0.000000000E+00  7.751584510E+00 
      1213  4.025107282E+02  0.000000000E+00  7.889263815E+00 
      1214  4.027312172E+02  0.000000000E+00  8.020545857E+00 
      1215  4.029535052E+02  0.000000000E+00  8.138127880E+00 
      1216  4.031776069E+02  0.000000000E+00  8.249982161E+00 
      1217  4.034035370E+02  0.000000000E+00  8.356237314E+00 
      1218  4.036313106E+02  0.000000000E+00  8.457036291E+00 
      1219  4.038609426E+02  0.000000000E+00  8.552534032E+00 
      1220  4.040924483E+02  0.000000000E+00  8.642895286E+00 
      1221  4.043258428E+02  0.000000000E+00  8.732732216E+00 
      1222  4.045611417E+02  0.000000000E+00  8.817466771E+00 
      1223  4.047983604E+02  0.000000000E+00  8.892788448E+00 
      1224  4.050375146E+02  0.000000000E+00  8.963735417E+00 
      1225  4.052786201E+02  0.000000000E+00  9.030492608E+00 
      1226  4.055216929E+02  0.000000000E+00  9.096406444E+00 
      1227  4.057667489E+02  0.000000000E+00  9.164825264E+00 
      1228  4.060138044E+02  0.000000000E+00  9.236548348E+00 
      1229  4.062628756E+02  0.000000000E+00  9.300401672E+00 
      1230  4.065139791E+02  0.000000000E+00  9.352222820E+00 
      1231  4.067671314E+02  0.000000000E+00  9.403332502E+00 
      1232  4.070223492E+02  0.000000000E+00  9.450215395E+00 
      1233  4.072796494E+02  0.000000000E+00  9.494026882E+00 
      1234  4.075390490E+02  0.000000000E+00  9.532524462E+00 
      1235  4.078005650E+02  0.000000000E+00  9.561963836E+00 
      1236  4.080642148E+02  0.000000000E+00  9.589897935E+00 
      1237  4.083300158E+02  0.000000000E+00  9.615787186E+00 
      1238  4.085979855E+02  0.000000000E+00  9.639552701E+00 
      1239  4.088681416E+02  0.000000000E+00  9.631439634E+00 
      1240  4.091405020E+02  0.000000000E+00  9.624349297E+00 
      1241  4.094150846E+02  0.000000000E+00  9.649282932E+00 
      1242  4.096919076E+02  0.000000000E+00  9.672431384E+00 
      1243  4.099709892E+02  0.000000000E+00  9.693913352E+00 
      1244  4.102523480E+02  0.000000000E+00  9.713841294E+00 
      1245  4.105360024E+02  0.000000000E+00  9.732321579E+00 
      1246  4.108219711E+02  0.000000000E+00  9.749454648E+00 
      1247  4.111102732E+02  0.000000000E+00  9.765335193E+00 
      1248  4.114009276E+02  0.000000000E+00  9.780052351E+00 
      1249  4.116939535E+02  0.000000000E+00  9.793689906E+00 
      1250  4.119893702E+02  0.000000000E+00  9.806326500E+00 
      1251  4.122871973E+02  0.000000000E+00  9.818035842E+00 
      1252  4.125874544E+02  0.000000000E+00  9.828886929E+00 
      1253  4.128901614E+02  0.000000000E+00  9.838944259E+00 
      1254  4.131953383E+02  0.000000000E+00  9.848268049E+00 
      1255  4.135030051E+02  0.000000000E+00  9.856914449E+00 
      1256  4.138131823E+02  0.000000000E+00  9.864935751E+00 
      1257  4.141258902E+02  0.000000000E+00  9.872380596E+00 
      1258  4.144411496E+02  0.000000000E+00  9.879294178E+00 
      1259  4.147589813E+02  0.000000000E+00  9.885718432E+00 
      1260  4.150794062E+02  0.000000000E+00  9.891692232E+00 
      1261  4.154024455E+02  0.000000000E+00  9.897251571E+00 
      1262  4.157281206E+02  0.000000000E+00  9.902429735E+00 
      1263  4.160564529E+02  0.000000000E+00  9.907257474E+00 
      1264  4.163874641E+02  0.000000000E+00  9.911763165E+00 
      1265  4.167211762E+02  0.000000000E+00  9.915972964E+00 
      1266  4.170576110E+02  0.000000000E+00  9.919910956E+00 
      1267  4.173967909E+02  0.000000000E+00  9.923599294E+00 
      1268  4.177387382E+02  0.000000000E+00  9.927058333E+00 
      1269  4.180834756E+02  0.000000000E+00  9.930306756E+00 
      1270  4.184310257E+02  0.000000000E+00  9.933361693E+00 
      1271  4.187814116E+02  0.000000000E+00  9.936238833E+00 
      1272  4.191346563E+02  0.000000000E+00  9.938952533E+00 
      1273  4.194907832E+02  0.000000000E+00  9.941515915E+00 
      1274  4.198498158E+02  0.000000000E+00  9.943940963E+00 
      1275  4.202117779E+02  0.000000000E+00  9.946238610E+00 
      1276  4.205766933E+02  0.000000000E+00  9.948418817E+00 
      1277  4.209445860E+02  0.000000000E+00  9.950490657E+00 
      1278  4.213154806E+02  0.000000000E+00  9.952462381E+00 
      1279  4.216894013E+02  0.000000000E+00  9.954341492E+00 
      1280  4.220663728E+02  0.000000000E+00  9.956134800E+00 
      1281  4.224464202E+02  0.000000000E+00  9.957848487E+00 
      1282  4.228295685E+02  0.000000000E+00  9.959488157E+00 
      1283  4.232158429E+02  0.000000000E+00  9.961058889E+00 
      1284  4.236052691E+02  0.000000000E+00  9.962565282E+00 
      1285  4.239978726E+02  0.000000000E+00  9.964011499E+00 
      1286  4.243936795E+02  0.000000000E+00  9.965401306E+00 
      1287  4.247927158E+02  0.000000000E+00  9.966738110E+00 
      1288  4.251950080E+02  0.000000000E+00  9.968024992E+00 
      1289  4.256005825E+02  0.000000000E+00  9.969264739E+00 
      1290  4.260094662E+02  0.000000000E+00  9.970459871E+00 
      1291  4.264216861E+02  0.000000000E+00  9.971612670E+00 
      1292  4.268372694E+02  0.000000000E+00  9.972725199E+00 
      1293  4.272562434E+02  0.000000000E+00  9.973799333E+00 
      1294  4.276786360E+02  0.000000000E+00  9.974836768E+00 
      1295  4.281044750E+02  0.000000000E+00  9.975839049E+00 
      1296  4.285337884E+02  0.000000000E+00  9.976807581E+00 
      1297  4.289666047E+02  0.000000000E+00  9.977743646E+00 
      1298  4.294029525E+02  0.000000000E+00  9.978648416E+00 
      1299  4.298428605E+02  0.000000000E+00  9.979522968E+00 
      1300  4.302863578E+02  0.000000000E+00  9.980368292E+00 
      1301  4.307334737E+02  0.000000000E+00  9.981185302E+00 
      1302  4.311842377E+02  0.000000000E+00  9.981974848E+00 
      1303  4.316386795E+02  0.000000000E+00  9.982737720E+00 
      1304  4.320968293E+02  0.000000000E+00  9.983474659E+00 
      1305  4.325587172E+02  0.000000000E+00  9.984186360E+00 
      1306  4.330243737E+02  0.000000000E+00  9.984873481E+00 
      1307  4.334938296E+02  0.000000000E+00  9.985536647E+00 
      1308  4.339671159E+02  0.000000000E+00  9.986176456E+00 
      1309  4.344442638E+02  0.000000000E+00  9.986793478E+00 
      1310  4.349253049E+02  0.000000000E+00  9.987388268E+00 
      1311  4.354102708E+02  0.000000000E+00  9.987961357E+00 
      1312  4.358991937E+02  0.000000000E+00  9.988513268E+00 
      1313  4.363921059E+02  0.000000000E+00  9.989044505E+00 
      1314  4.368890398E+02  0.000000000E+00  9.989555567E+00 
      1315  4.373900283E+02  0.000000000E+00  9.990046942E+00 
      1316  4.378951044E+02  0.000000000E+00  9.990519110E+00 
      1317  4.384043016E+02  0.000000000E+00  9.990972547E+00 
      1318  4.389176534E+02  0.000000000E+00  9.991407723E+00 
      1319  4.394351937E+02  0.000000000E+00  9.991825104E+00 
      1320  4.399569568E+02  0.000000000E+00  9.992225153E+00 
      1321  4.404829770E+02  0.000000000E+00  9.992608329E+00 
      1322  4.410132892E+02  0.000000000E+00  9.992975089E+00 
      1323  4.415479282E+02  0.000000000E+00  9.993325887E+00 
      1324  4.420869295E+02  0.000000000E+00  9.993661176E+00 
      1325  4.426303286E+02  0.000000000E+00  9.993981405E+00 
      1326  4.431781614E+02  0.000000000E+00  9.994287021E+00 
      1327  4.437304641E+02  0.000000000E+00  9.994578470E+00 
      1328  4.442872731E+02  0.000000000E+00  9.994856194E+00 
      1329  4.448486253E+02  0.000000000E+00  9.995120632E+00 
      1330  4.454145576E+02  0.000000000E+00  9.995372220E+00 
      1331  4.459851075E+02  0.000000000E+00  9.995611391E+00 
      1332  4.465603126E+02  0.000000000E+00  9.995838574E+00 
      1333  4.471402109E+02  0.000000000E+00  9.996054193E+00 
      1334  4.477248408E+02  0.000000000E+00  9.996258668E+00 
      1335  4.483142407E+02  0.000000000E+00  9.996452415E+00 
      1336  4.489084497E+02  0.000000000E+00  9.996635842E+00 
      1337  4.495075070E+02  0.000000000E+00  9.996809355E+00 
      1338  4.501114521E+02  0.000000000E+00  9.996973350E+00 
      1339  4.507203248E+02  0.000000000E+00  9.997128220E+00 
      1340  4.513341655E+02  0.000000000E+00  9.997274348E+00 
      1341  4.519530147E+02  0.000000000E+00  9.997412112E+00 
      1342  4.525769132E+02  0.000000000E+00  9.997541881E+00 
      1343  4.532059021E+02  0.000000000E+00  9.997664018E+00 
      1344  4.538400232E+02  0.000000000E+00  9.997778875E+00 
      1345  4.544793181E+02  0.000000000E+00  9.997886799E+00 
      1346  4.551238292E+02  0.000000000E+00  9.997988124E+00 
      1347  4.557735990E+02  0.000000000E+00  9.998083179E+00 
      1348  4.564286703E+02  0.000000000E+00  9.998172283E+00 
      1349  4.570890866E+02  0.000000000E+00  9.998255744E+00 
      1350  4.577548913E+02  0.000000000E+00  9.998333862E+00 
      1351  4.584261284E+02  0.000000000E+00  9.998406927E+00 
      1352  4.591028423E+02  0.000000000E+00  9.998475221E+00 
      1353  4.597850777E+02  0.000000000E+00  9.998539015E+00 
      1354  4.604728795E+02  0.000000000E+00  9.998598570E+00 
      1355  4.611662932E+02  0.000000000E+00  9.998654140E+00 
      1356  4.618653647E+02  0.000000000E+00  9.998705968E+00 
      1357  4.625701400E+02  0.000000000E+00  9.998754287E+00 
      1358  4.632806657E+02  0.000000000E+00  9.998799323E+00 
      1359  4.639969887E+02  0.000000000E+00  9.998841293E+00 
      1360  4.647191564E+02  0.000000000E+00  9.998880406E+00 
      1361  4.654472164E+02  0.000000000E+00  9.998916861E+00 
      1362  4.661812167E+02  0.000000000E+00  9.998950851E+00 
      1363  4.669212059E+02  0.000000000E+00  9.998982564E+00 
      1364  4.676672328E+02  0.000000000E+00  9.999012178E+00 
      1365  4.684193468E+02  0.000000000E+00  9.999039868E+00 
      1366  4.691775973E+02  0.000000000E+00  9.999065805E+00 
      1367  4.699420346E+02  0.000000000E+00  9.999090154E+00 
      1368  4.707127091E+02  0.000000000E+00  9.999113081E+00 
      1369  4.714896716E+02  0.000000000E+00  9.999134751E+00 
      1370  4.722729736E+02  0.000000000E+00  9.999155329E+00 
      1371  4.730626666E+02  0.000000000E+00  9.999174988E+00 
      1372  4.738588030E+02  0.000000000E+00  9.999193909E+00 
      1373  4.746614352E+02  0.000000000E+00  9.999212286E+00 
      1374  4.754706162E+02  0.000000000E+00  9.999230332E+00 
      1375  4.762863994E+02  0.000000000E+00  9.999248292E+00 
      1376  4.771088389E+02  0.000000000E+00  9.999266447E+00 
      1377  4.779379887E+02  0.000000000E+00  9.999285134E+00 
      1378  4.787739038E+02  0.000000000E+00  9.999304766E+00 
      1379  4.796166392E+02  0.000000000E+00  9.999325857E+00 
      1380  4.804662507E+02  0.000000000E+00  9.999349062E+00 
      1381  4.813227944E+02  0.000000000E+00  9.999375223E+00 
      1382  4.821863268E+02  0.000000000E+00  9.999405443E+00 
      1383  4.830569049E+02  0.000000000E+00  9.999441177E+00 
      1384  4.839345862E+02  0.000000000E+00  9.999484359E+00 
      1385  4.848194287E+02  0.000000000E+00  9.999537580E+00 
      1386  4.857114908E+02  0.000000000E+00  9.999604335E+00 
      1387  4.866108314E+02  0.000000000E+00  9.999689351E+00 
      1388  4.875175099E+02  0.000000000E+00  9.999799058E+00 
      1389  4.884315862E+02  0.000000000E+00  9.999942227E+00 
      1390  4.893531206E+02  0.000000000E+00  1.000013087E+01 
      1391  4.902821741E+02  0.000000000E+00  1.000038148E+01 
      1392  4.912188078E+02  0.000000000E+00  1.000071679E+01 
      1393  4.921630837E+02  0.000000000E+00  1.000116819E+01 
      1394  4.931150642E+02  0.000000000E+00  1.000177914E+01 
      1395  4.940748120E+02  0.000000000E+00  1.000261003E+01 
      1396  4.950423907E+02  0.000000000E+00  1.000374495E+01 
      1397  4.960178639E+02  0.000000000E+00  1.000530137E+01 
      1398  4.970012963E+02  0.000000000E+00  1.000743325E+01 
      1399  4.979927527E+02  0.000000000E+00  1.001190312E+01 
      1400  4.989922986E+02  0.000000000E+00  1.001787428E+01 
      1401  5.000000000E+02  0.000000000E+00  1.002060826E+01 
