nodenumber     x-coordinate     y-coordinate           udm-12 
         1  0.000000000E+00  0.000000000E+00  9.996360798E+00 
         2  1.007701384E+00  0.000000000E+00  9.996676491E+00 
         3  2.007247274E+00  0.000000000E+00  9.999177849E+00 
         4  2.998703673E+00  0.000000000E+00  1.000150724E+01 
         5  3.982136051E+00  0.000000000E+00  1.000184802E+01 
         6  4.957609346E+00  0.000000000E+00  1.000222062E+01 
         7  5.925187975E+00  0.000000000E+00  1.000260633E+01 
         8  6.884935829E+00  0.000000000E+00  1.000300114E+01 
         9  7.836916284E+00  0.000000000E+00  1.000340192E+01 
        10  8.781192203E+00  0.000000000E+00  1.000380627E+01 
        11  9.717825941E+00  0.000000000E+00  1.000421234E+01 
        12  1.064687935E+01  0.000000000E+00  1.000461869E+01 
        13  1.156841377E+01  0.000000000E+00  1.000502422E+01 
        14  1.248249006E+01  0.000000000E+00  1.000542810E+01 
        15  1.338916858E+01  0.000000000E+00  1.000582971E+01 
        16  1.428850920E+01  0.000000000E+00  1.000622858E+01 
        17  1.518057130E+01  0.000000000E+00  1.000662438E+01 
        18  1.606541380E+01  0.000000000E+00  1.000701688E+01 
        19  1.694309512E+01  0.000000000E+00  1.000740592E+01 
        20  1.781367322E+01  0.000000000E+00  1.000779140E+01 
        21  1.867720559E+01  0.000000000E+00  1.000817326E+01 
        22  1.953374925E+01  0.000000000E+00  1.000855147E+01 
        23  2.038336076E+01  0.000000000E+00  1.000892602E+01 
        24  2.122609622E+01  0.000000000E+00  1.000929692E+01 
        25  2.206201128E+01  0.000000000E+00  1.000966417E+01 
        26  2.289116114E+01  0.000000000E+00  1.001002779E+01 
        27  2.371360056E+01  0.000000000E+00  1.001038779E+01 
        28  2.452938383E+01  0.000000000E+00  1.001074420E+01 
        29  2.533856484E+01  0.000000000E+00  1.001109702E+01 
        30  2.614119701E+01  0.000000000E+00  1.001144628E+01 
        31  2.693733335E+01  0.000000000E+00  1.001179199E+01 
        32  2.772702642E+01  0.000000000E+00  1.001213415E+01 
        33  2.851032837E+01  0.000000000E+00  1.001247279E+01 
        34  2.928729093E+01  0.000000000E+00  1.001280791E+01 
        35  3.005796541E+01  0.000000000E+00  1.001313953E+01 
        36  3.082240268E+01  0.000000000E+00  1.001346764E+01 
        37  3.158065324E+01  0.000000000E+00  1.001379228E+01 
        38  3.233276716E+01  0.000000000E+00  1.001411344E+01 
        39  3.307879409E+01  0.000000000E+00  1.001443114E+01 
        40  3.381878330E+01  0.000000000E+00  1.001474540E+01 
        41  3.455278365E+01  0.000000000E+00  1.001505623E+01 
        42  3.528084362E+01  0.000000000E+00  1.001536365E+01 
        43  3.600301127E+01  0.000000000E+00  1.001566767E+01 
        44  3.671933431E+01  0.000000000E+00  1.001596832E+01 
        45  3.742986002E+01  0.000000000E+00  1.001626561E+01 
        46  3.813463533E+01  0.000000000E+00  1.001655958E+01 
        47  3.883370678E+01  0.000000000E+00  1.001685024E+01 
        48  3.952712052E+01  0.000000000E+00  1.001713762E+01 
        49  4.021492235E+01  0.000000000E+00  1.001742174E+01 
        50  4.089715769E+01  0.000000000E+00  1.001770263E+01 
        51  4.157387159E+01  0.000000000E+00  1.001798032E+01 
        52  4.224510872E+01  0.000000000E+00  1.001825483E+01 
        53  4.291091342E+01  0.000000000E+00  1.001852618E+01 
        54  4.357132966E+01  0.000000000E+00  1.001879440E+01 
        55  4.422640104E+01  0.000000000E+00  1.001905952E+01 
        56  4.487617081E+01  0.000000000E+00  1.001932155E+01 
        57  4.552068189E+01  0.000000000E+00  1.001958051E+01 
        58  4.615997684E+01  0.000000000E+00  1.001983642E+01 
        59  4.679409786E+01  0.000000000E+00  1.002008928E+01 
        60  4.742308684E+01  0.000000000E+00  1.002033912E+01 
        61  4.804698530E+01  0.000000000E+00  1.002058592E+01 
        62  4.866583446E+01  0.000000000E+00  1.002082969E+01 
        63  4.927967516E+01  0.000000000E+00  1.002107042E+01 
        64  4.988854795E+01  0.000000000E+00  1.002130810E+01 
        65  5.049249303E+01  0.000000000E+00  1.002154269E+01 
        66  5.109155028E+01  0.000000000E+00  1.002177418E+01 
        67  5.168575926E+01  0.000000000E+00  1.002200251E+01 
        68  5.227515921E+01  0.000000000E+00  1.002222765E+01 
        69  5.285978905E+01  0.000000000E+00  1.002244953E+01 
        70  5.343968738E+01  0.000000000E+00  1.002266809E+01 
        71  5.401489250E+01  0.000000000E+00  1.002288325E+01 
        72  5.458544238E+01  0.000000000E+00  1.002309491E+01 
        73  5.515137472E+01  0.000000000E+00  1.002330297E+01 
        74  5.571272686E+01  0.000000000E+00  1.002350732E+01 
        75  5.626953590E+01  0.000000000E+00  1.002370784E+01 
        76  5.682183858E+01  0.000000000E+00  1.002390438E+01 
        77  5.736967139E+01  0.000000000E+00  1.002409679E+01 
        78  5.791307049E+01  0.000000000E+00  1.002428492E+01 
        79  5.845207178E+01  0.000000000E+00  1.002446859E+01 
        80  5.898671083E+01  0.000000000E+00  1.002464762E+01 
        81  5.951702297E+01  0.000000000E+00  1.002482181E+01 
        82  6.004304320E+01  0.000000000E+00  1.002499097E+01 
        83  6.056480627E+01  0.000000000E+00  1.002515487E+01 
        84  6.108234661E+01  0.000000000E+00  1.002531330E+01 
        85  6.159569842E+01  0.000000000E+00  1.002546603E+01 
        86  6.210489559E+01  0.000000000E+00  1.002561283E+01 
        87  6.260997174E+01  0.000000000E+00  1.002575346E+01 
        88  6.311096022E+01  0.000000000E+00  1.002588770E+01 
        89  6.360789412E+01  0.000000000E+00  1.002601529E+01 
        90  6.410080625E+01  0.000000000E+00  1.002613601E+01 
        91  6.458972916E+01  0.000000000E+00  1.002624961E+01 
        92  6.507469514E+01  0.000000000E+00  1.002635587E+01 
        93  6.555573621E+01  0.000000000E+00  1.002645458E+01 
        94  6.603288413E+01  0.000000000E+00  1.002654551E+01 
        95  6.650617042E+01  0.000000000E+00  1.002662848E+01 
        96  6.697562632E+01  0.000000000E+00  1.002670328E+01 
        97  6.744128283E+01  0.000000000E+00  1.002676976E+01 
        98  6.790317071E+01  0.000000000E+00  1.002682777E+01 
        99  6.836132046E+01  0.000000000E+00  1.002687718E+01 
       100  6.881576232E+01  0.000000000E+00  1.002691789E+01 
       101  6.926652631E+01  0.000000000E+00  1.002694983E+01 
       102  6.971364219E+01  0.000000000E+00  1.002697294E+01 
       103  7.015713949E+01  0.000000000E+00  1.002698722E+01 
       104  7.059704749E+01  0.000000000E+00  1.002699270E+01 
       105  7.103339524E+01  0.000000000E+00  1.002698944E+01 
       106  7.146621156E+01  0.000000000E+00  1.002697755E+01 
       107  7.189552503E+01  0.000000000E+00  1.002695719E+01 
       108  7.232136399E+01  0.000000000E+00  1.002692855E+01 
       109  7.274375656E+01  0.000000000E+00  1.002689190E+01 
       110  7.316273064E+01  0.000000000E+00  1.002684756E+01 
       111  7.357831389E+01  0.000000000E+00  1.002679590E+01 
       112  7.399053376E+01  0.000000000E+00  1.002673736E+01 
       113  7.439941746E+01  0.000000000E+00  1.002667248E+01 
       114  7.480499201E+01  0.000000000E+00  1.002660183E+01 
       115  7.520728416E+01  0.000000000E+00  1.002652610E+01 
       116  7.560632051E+01  0.000000000E+00  1.002644606E+01 
       117  7.600212738E+01  0.000000000E+00  1.002636258E+01 
       118  7.639473092E+01  0.000000000E+00  1.002627661E+01 
       119  7.678415706E+01  0.000000000E+00  1.002618926E+01 
       120  7.717043151E+01  0.000000000E+00  1.002610171E+01 
       121  7.755357977E+01  0.000000000E+00  1.002601533E+01 
       122  7.793362715E+01  0.000000000E+00  1.002593158E+01 
       123  7.831059875E+01  0.000000000E+00  1.002585211E+01 
       124  7.868451945E+01  0.000000000E+00  1.002577873E+01 
       125  7.905541395E+01  0.000000000E+00  1.002571346E+01 
       126  7.942330674E+01  0.000000000E+00  1.002565848E+01 
       127  7.978822211E+01  0.000000000E+00  1.002561624E+01 
       128  8.015018416E+01  0.000000000E+00  1.002558939E+01 
       129  8.050921679E+01  0.000000000E+00  1.002558089E+01 
       130  8.086534371E+01  0.000000000E+00  1.002559394E+01 
       131  8.121858844E+01  0.000000000E+00  1.002563209E+01 
       132  8.156897429E+01  0.000000000E+00  1.002569924E+01 
       133  8.191652442E+01  0.000000000E+00  1.002579964E+01 
       134  8.226126177E+01  0.000000000E+00  1.002593799E+01 
       135  8.260320909E+01  0.000000000E+00  1.002611940E+01 
       136  8.294238899E+01  0.000000000E+00  1.002634950E+01 
       137  8.327882384E+01  0.000000000E+00  1.002663445E+01 
       138  8.361253587E+01  0.000000000E+00  1.002698099E+01 
       139  8.394354712E+01  0.000000000E+00  1.002739649E+01 
       140  8.427187943E+01  0.000000000E+00  1.002788903E+01 
       141  8.459755450E+01  0.000000000E+00  1.002846744E+01 
       142  8.492059382E+01  0.000000000E+00  1.002914135E+01 
       143  8.524101873E+01  0.000000000E+00  1.002992130E+01 
       144  8.555885039E+01  0.000000000E+00  1.003081878E+01 
       145  8.587410979E+01  0.000000000E+00  1.003184634E+01 
       146  8.618681774E+01  0.000000000E+00  1.003301766E+01 
       147  8.649699489E+01  0.000000000E+00  1.003434763E+01 
       148  8.680466173E+01  0.000000000E+00  1.003585248E+01 
       149  8.710983857E+01  0.000000000E+00  1.003754988E+01 
       150  8.741254556E+01  0.000000000E+00  1.003945903E+01 
       151  8.771280270E+01  0.000000000E+00  1.004160081E+01 
       152  8.801062980E+01  0.000000000E+00  1.004399788E+01 
       153  8.830604654E+01  0.000000000E+00  1.004667486E+01 
       154  8.859907242E+01  0.000000000E+00  1.004965845E+01 
       155  8.888972679E+01  0.000000000E+00  1.005297756E+01 
       156  8.917802885E+01  0.000000000E+00  1.005666355E+01 
       157  8.946399764E+01  0.000000000E+00  1.006075034E+01 
       158  8.974765203E+01  0.000000000E+00  1.006527463E+01 
       159  9.002901076E+01  0.000000000E+00  1.007027610E+01 
       160  9.030809241E+01  0.000000000E+00  1.007579760E+01 
       161  9.058491540E+01  0.000000000E+00  1.008188542E+01 
       162  9.085949802E+01  0.000000000E+00  1.008858949E+01 
       163  9.113185839E+01  0.000000000E+00  1.009596364E+01 
       164  9.140201451E+01  0.000000000E+00  1.010406587E+01 
       165  9.166998421E+01  0.000000000E+00  1.011295866E+01 
       166  9.193578518E+01  0.000000000E+00  1.012270922E+01 
       167  9.219943499E+01  0.000000000E+00  1.013338985E+01 
       168  9.246095103E+01  0.000000000E+00  1.014507824E+01 
       169  9.272035058E+01  0.000000000E+00  1.015785830E+01 
       170  9.297765077E+01  0.000000000E+00  1.017181745E+01 
       171  9.323286858E+01  0.000000000E+00  1.018704936E+01 
       172  9.348602087E+01  0.000000000E+00  1.020366070E+01 
       173  9.373712436E+01  0.000000000E+00  1.022212725E+01 
       174  9.398619563E+01  0.000000000E+00  1.024232283E+01 
       175  9.423325112E+01  0.000000000E+00  1.026406477E+01 
       176  9.447830715E+01  0.000000000E+00  1.026901356E+01 
       177  9.472137990E+01  0.000000000E+00  1.027532289E+01 
       178  9.496248543E+01  0.000000000E+00  1.030027109E+01 
       179  9.520163964E+01  0.000000000E+00  1.032890904E+01 
       180  9.543885834E+01  0.000000000E+00  1.036480811E+01 
       181  9.567415720E+01  0.000000000E+00  1.040215871E+01 
       182  9.590755173E+01  0.000000000E+00  1.043800106E+01 
       183  9.613905737E+01  0.000000000E+00  1.047578971E+01 
       184  9.636868940E+01  0.000000000E+00  1.051670743E+01 
       185  9.659646297E+01  0.000000000E+00  1.056099376E+01 
       186  9.682239314E+01  0.000000000E+00  1.060890540E+01 
       187  9.704649481E+01  0.000000000E+00  1.066243775E+01 
       188  9.726878279E+01  0.000000000E+00  1.072031400E+01 
       189  9.748927176E+01  0.000000000E+00  1.078307073E+01 
       190  9.770797628E+01  0.000000000E+00  1.085087404E+01 
       191  9.792491078E+01  0.000000000E+00  1.092433387E+01 
       192  9.814008960E+01  0.000000000E+00  1.100366001E+01 
       193  9.835352693E+01  0.000000000E+00  1.108724919E+01 
       194  9.856523689E+01  0.000000000E+00  1.117747985E+01 
       195  9.877523344E+01  0.000000000E+00  1.127193011E+01 
       196  9.898353045E+01  0.000000000E+00  1.137386651E+01 
       197  9.919014168E+01  0.000000000E+00  1.148677201E+01 
       198  9.939508077E+01  0.000000000E+00  1.160862945E+01 
       199  9.959836126E+01  0.000000000E+00  1.174016145E+01 
       200  9.979999657E+01  0.000000000E+00  1.188283979E+01 
       201  1.000000000E+02  0.000000000E+00  1.152584412E+01 
       202  1.002500000E+02  0.000000000E+00  1.099619166E+01 
       203  1.005000000E+02  0.000000000E+00  1.100787370E+01 
       204  1.007500000E+02  0.000000000E+00  1.100965666E+01 
       205  1.010000000E+02  0.000000000E+00  1.100600210E+01 
       206  1.012500000E+02  0.000000000E+00  1.099850393E+01 
       207  1.015000000E+02  0.000000000E+00  1.098819676E+01 
       208  1.017500000E+02  0.000000000E+00  1.097580200E+01 
       209  1.020000000E+02  0.000000000E+00  1.096184689E+01 
       210  1.022500000E+02  0.000000000E+00  1.094672914E+01 
       211  1.025000000E+02  0.000000000E+00  1.093075529E+01 
       212  1.027500000E+02  0.000000000E+00  1.091416531E+01 
       213  1.030000000E+02  0.000000000E+00  1.089714906E+01 
       214  1.032500000E+02  0.000000000E+00  1.087985785E+01 
       215  1.035000000E+02  0.000000000E+00  1.086241289E+01 
       216  1.037500000E+02  0.000000000E+00  1.084491147E+01 
       217  1.040000000E+02  0.000000000E+00  1.082743175E+01 
       218  1.042500000E+02  0.000000000E+00  1.081003644E+01 
       219  1.045000000E+02  0.000000000E+00  1.079277567E+01 
       220  1.047500000E+02  0.000000000E+00  1.077568930E+01 
       221  1.050000000E+02  0.000000000E+00  1.075880877E+01 
       222  1.052500000E+02  0.000000000E+00  1.074215856E+01 
       223  1.055000000E+02  0.000000000E+00  1.072575747E+01 
       224  1.057500000E+02  0.000000000E+00  1.070961957E+01 
       225  1.060000000E+02  0.000000000E+00  1.069375507E+01 
       226  1.062500000E+02  0.000000000E+00  1.067817096E+01 
       227  1.065000000E+02  0.000000000E+00  1.066287163E+01 
       228  1.067500000E+02  0.000000000E+00  1.064785928E+01 
       229  1.070000000E+02  0.000000000E+00  1.063313441E+01 
       230  1.072500000E+02  0.000000000E+00  1.061869604E+01 
       231  1.075000000E+02  0.000000000E+00  1.060454210E+01 
       232  1.077500000E+02  0.000000000E+00  1.059066957E+01 
       233  1.080000000E+02  0.000000000E+00  1.057707473E+01 
       234  1.082500000E+02  0.000000000E+00  1.056375331E+01 
       235  1.085000000E+02  0.000000000E+00  1.055070062E+01 
       236  1.087500000E+02  0.000000000E+00  1.053791167E+01 
       237  1.090000000E+02  0.000000000E+00  1.052538125E+01 
       238  1.092500000E+02  0.000000000E+00  1.051310403E+01 
       239  1.095000000E+02  0.000000000E+00  1.050107463E+01 
       240  1.097500000E+02  0.000000000E+00  1.048928763E+01 
       241  1.100000000E+02  0.000000000E+00  1.047773764E+01 
       242  1.102500000E+02  0.000000000E+00  1.046641937E+01 
       243  1.105000000E+02  0.000000000E+00  1.045532758E+01 
       244  1.107500000E+02  0.000000000E+00  1.044445717E+01 
       245  1.110000000E+02  0.000000000E+00  1.043380315E+01 
       246  1.112500000E+02  0.000000000E+00  1.042336070E+01 
       247  1.115000000E+02  0.000000000E+00  1.041312513E+01 
       248  1.117500000E+02  0.000000000E+00  1.040309191E+01 
       249  1.120000000E+02  0.000000000E+00  1.039325667E+01 
       250  1.122500000E+02  0.000000000E+00  1.038361520E+01 
       251  1.125000000E+02  0.000000000E+00  1.037416344E+01 
       252  1.127500000E+02  0.000000000E+00  1.036489751E+01 
       253  1.130000000E+02  0.000000000E+00  1.035581367E+01 
       254  1.132500000E+02  0.000000000E+00  1.034690832E+01 
       255  1.135000000E+02  0.000000000E+00  1.033817801E+01 
       256  1.137500000E+02  0.000000000E+00  1.032961945E+01 
       257  1.140000000E+02  0.000000000E+00  1.032122946E+01 
       258  1.142500000E+02  0.000000000E+00  1.031300499E+01 
       259  1.145000000E+02  0.000000000E+00  1.030494311E+01 
       260  1.147500000E+02  0.000000000E+00  1.029704102E+01 
       261  1.150000000E+02  0.000000000E+00  1.028929600E+01 
       262  1.152500000E+02  0.000000000E+00  1.028170545E+01 
       263  1.155000000E+02  0.000000000E+00  1.027426687E+01 
       264  1.157500000E+02  0.000000000E+00  1.026697783E+01 
       265  1.160000000E+02  0.000000000E+00  1.025983599E+01 
       266  1.162500000E+02  0.000000000E+00  1.025283909E+01 
       267  1.165000000E+02  0.000000000E+00  1.024598493E+01 
       268  1.167500000E+02  0.000000000E+00  1.023927140E+01 
       269  1.170000000E+02  0.000000000E+00  1.023269641E+01 
       270  1.172500000E+02  0.000000000E+00  1.022625797E+01 
       271  1.175000000E+02  0.000000000E+00  1.021995410E+01 
       272  1.177500000E+02  0.000000000E+00  1.021378288E+01 
       273  1.180000000E+02  0.000000000E+00  1.020774245E+01 
       274  1.182500000E+02  0.000000000E+00  1.020183095E+01 
       275  1.185000000E+02  0.000000000E+00  1.019604660E+01 
       276  1.187500000E+02  0.000000000E+00  1.019038760E+01 
       277  1.190000000E+02  0.000000000E+00  1.018485221E+01 
       278  1.192500000E+02  0.000000000E+00  1.017943871E+01 
       279  1.195000000E+02  0.000000000E+00  1.017414539E+01 
       280  1.197500000E+02  0.000000000E+00  1.016897057E+01 
       281  1.200000000E+02  0.000000000E+00  1.016391257E+01 
       282  1.202500000E+02  0.000000000E+00  1.015896975E+01 
       283  1.205000000E+02  0.000000000E+00  1.015414047E+01 
       284  1.207500000E+02  0.000000000E+00  1.014942308E+01 
       285  1.210000000E+02  0.000000000E+00  1.014481597E+01 
       286  1.212500000E+02  0.000000000E+00  1.014031753E+01 
       287  1.215000000E+02  0.000000000E+00  1.013592614E+01 
       288  1.217500000E+02  0.000000000E+00  1.013164021E+01 
       289  1.220000000E+02  0.000000000E+00  1.012745814E+01 
       290  1.222500000E+02  0.000000000E+00  1.012337834E+01 
       291  1.225000000E+02  0.000000000E+00  1.011939922E+01 
       292  1.227500000E+02  0.000000000E+00  1.011551919E+01 
       293  1.230000000E+02  0.000000000E+00  1.011173668E+01 
       294  1.232500000E+02  0.000000000E+00  1.010805011E+01 
       295  1.235000000E+02  0.000000000E+00  1.010445789E+01 
       296  1.237500000E+02  0.000000000E+00  1.010095846E+01 
       297  1.240000000E+02  0.000000000E+00  1.009755025E+01 
       298  1.242500000E+02  0.000000000E+00  1.009423168E+01 
       299  1.245000000E+02  0.000000000E+00  1.009100120E+01 
       300  1.247500000E+02  0.000000000E+00  1.008785724E+01 
       301  1.250000000E+02  0.000000000E+00  1.008479825E+01 
       302  1.252500000E+02  0.000000000E+00  1.008182268E+01 
       303  1.255000000E+02  0.000000000E+00  1.007892897E+01 
       304  1.257500000E+02  0.000000000E+00  1.007611558E+01 
       305  1.260000000E+02  0.000000000E+00  1.007338098E+01 
       306  1.262500000E+02  0.000000000E+00  1.007072363E+01 
       307  1.265000000E+02  0.000000000E+00  1.006814202E+01 
       308  1.267500000E+02  0.000000000E+00  1.006563462E+01 
       309  1.270000000E+02  0.000000000E+00  1.006319992E+01 
       310  1.272500000E+02  0.000000000E+00  1.006083643E+01 
       311  1.275000000E+02  0.000000000E+00  1.005854265E+01 
       312  1.277500000E+02  0.000000000E+00  1.005631710E+01 
       313  1.280000000E+02  0.000000000E+00  1.005415831E+01 
       314  1.282500000E+02  0.000000000E+00  1.005206482E+01 
       315  1.285000000E+02  0.000000000E+00  1.005003518E+01 
       316  1.287500000E+02  0.000000000E+00  1.004806795E+01 
       317  1.290000000E+02  0.000000000E+00  1.004616172E+01 
       318  1.292500000E+02  0.000000000E+00  1.004431507E+01 
       319  1.295000000E+02  0.000000000E+00  1.004252660E+01 
       320  1.297500000E+02  0.000000000E+00  1.004079494E+01 
       321  1.300000000E+02  0.000000000E+00  1.003911871E+01 
       322  1.302500000E+02  0.000000000E+00  1.003749656E+01 
       323  1.305000000E+02  0.000000000E+00  1.003592717E+01 
       324  1.307500000E+02  0.000000000E+00  1.003440921E+01 
       325  1.310000000E+02  0.000000000E+00  1.003294138E+01 
       326  1.312500000E+02  0.000000000E+00  1.003152239E+01 
       327  1.315000000E+02  0.000000000E+00  1.003015099E+01 
       328  1.317500000E+02  0.000000000E+00  1.002882591E+01 
       329  1.320000000E+02  0.000000000E+00  1.002754594E+01 
       330  1.322500000E+02  0.000000000E+00  1.002630986E+01 
       331  1.325000000E+02  0.000000000E+00  1.002511648E+01 
       332  1.327500000E+02  0.000000000E+00  1.002396463E+01 
       333  1.330000000E+02  0.000000000E+00  1.002285316E+01 
       334  1.332500000E+02  0.000000000E+00  1.002178092E+01 
       335  1.335000000E+02  0.000000000E+00  1.002074682E+01 
       336  1.337500000E+02  0.000000000E+00  1.001974976E+01 
       337  1.340000000E+02  0.000000000E+00  1.001878866E+01 
       338  1.342500000E+02  0.000000000E+00  1.001786248E+01 
       339  1.345000000E+02  0.000000000E+00  1.001697019E+01 
       340  1.347500000E+02  0.000000000E+00  1.001611077E+01 
       341  1.350000000E+02  0.000000000E+00  1.001528324E+01 
       342  1.352500000E+02  0.000000000E+00  1.001448663E+01 
       343  1.355000000E+02  0.000000000E+00  1.001371999E+01 
       344  1.357500000E+02  0.000000000E+00  1.001298240E+01 
       345  1.360000000E+02  0.000000000E+00  1.001227295E+01 
       346  1.362500000E+02  0.000000000E+00  1.001159076E+01 
       347  1.365000000E+02  0.000000000E+00  1.001093496E+01 
       348  1.367500000E+02  0.000000000E+00  1.001030471E+01 
       349  1.370000000E+02  0.000000000E+00  1.000969918E+01 
       350  1.372500000E+02  0.000000000E+00  1.000911759E+01 
       351  1.375000000E+02  0.000000000E+00  1.000855914E+01 
       352  1.377500000E+02  0.000000000E+00  1.000802307E+01 
       353  1.380000000E+02  0.000000000E+00  1.000750864E+01 
       354  1.382500000E+02  0.000000000E+00  1.000701513E+01 
       355  1.385000000E+02  0.000000000E+00  1.000654184E+01 
       356  1.387500000E+02  0.000000000E+00  1.000608809E+01 
       357  1.390000000E+02  0.000000000E+00  1.000565321E+01 
       358  1.392500000E+02  0.000000000E+00  1.000523656E+01 
       359  1.395000000E+02  0.000000000E+00  1.000483752E+01 
       360  1.397500000E+02  0.000000000E+00  1.000445547E+01 
       361  1.400000000E+02  0.000000000E+00  1.000408983E+01 
       362  1.402500000E+02  0.000000000E+00  1.000374004E+01 
       363  1.405000000E+02  0.000000000E+00  1.000340553E+01 
       364  1.407500000E+02  0.000000000E+00  1.000308578E+01 
       365  1.410000000E+02  0.000000000E+00  1.000278027E+01 
       366  1.412500000E+02  0.000000000E+00  1.000248850E+01 
       367  1.415000000E+02  0.000000000E+00  1.000221000E+01 
       368  1.417500000E+02  0.000000000E+00  1.000194428E+01 
       369  1.420000000E+02  0.000000000E+00  1.000169092E+01 
       370  1.422500000E+02  0.000000000E+00  1.000144946E+01 
       371  1.425000000E+02  0.000000000E+00  1.000121951E+01 
       372  1.427500000E+02  0.000000000E+00  1.000100065E+01 
       373  1.430000000E+02  0.000000000E+00  1.000079250E+01 
       374  1.432500000E+02  0.000000000E+00  1.000059470E+01 
       375  1.435000000E+02  0.000000000E+00  1.000040688E+01 
       376  1.437500000E+02  0.000000000E+00  1.000022872E+01 
       377  1.440000000E+02  0.000000000E+00  1.000005987E+01 
       378  1.442500000E+02  0.000000000E+00  9.999900046E+00 
       379  1.445000000E+02  0.000000000E+00  9.999748934E+00 
       380  1.447500000E+02  0.000000000E+00  9.999606257E+00 
       381  1.450000000E+02  0.000000000E+00  9.999471745E+00 
       382  1.452500000E+02  0.000000000E+00  9.999345143E+00 
       383  1.455000000E+02  0.000000000E+00  9.999226211E+00 
       384  1.457500000E+02  0.000000000E+00  9.999114718E+00 
       385  1.460000000E+02  0.000000000E+00  9.999010449E+00 
       386  1.462500000E+02  0.000000000E+00  9.998913201E+00 
       387  1.465000000E+02  0.000000000E+00  9.998822785E+00 
       388  1.467500000E+02  0.000000000E+00  9.998739021E+00 
       389  1.470000000E+02  0.000000000E+00  9.998661746E+00 
       390  1.472500000E+02  0.000000000E+00  9.998590806E+00 
       391  1.475000000E+02  0.000000000E+00  9.998526059E+00 
       392  1.477500000E+02  0.000000000E+00  9.998467378E+00 
       393  1.480000000E+02  0.000000000E+00  9.998414644E+00 
       394  1.482500000E+02  0.000000000E+00  9.998367754E+00 
       395  1.485000000E+02  0.000000000E+00  9.998326612E+00 
       396  1.487500000E+02  0.000000000E+00  9.998291137E+00 
       397  1.490000000E+02  0.000000000E+00  9.998261260E+00 
       398  1.492500000E+02  0.000000000E+00  9.998236921E+00 
       399  1.495000000E+02  0.000000000E+00  9.998218073E+00 
       400  1.497500000E+02  0.000000000E+00  9.998204681E+00 
       401  1.500000000E+02  0.000000000E+00  9.998196721E+00 
       402  1.502500000E+02  0.000000000E+00  9.998194180E+00 
       403  1.505000000E+02  0.000000000E+00  9.998197058E+00 
       404  1.507500000E+02  0.000000000E+00  9.998205364E+00 
       405  1.510000000E+02  0.000000000E+00  9.998219122E+00 
       406  1.512500000E+02  0.000000000E+00  9.998238366E+00 
       407  1.515000000E+02  0.000000000E+00  9.998263140E+00 
       408  1.517500000E+02  0.000000000E+00  9.998293503E+00 
       409  1.520000000E+02  0.000000000E+00  9.998329525E+00 
       410  1.522500000E+02  0.000000000E+00  9.998371288E+00 
       411  1.525000000E+02  0.000000000E+00  9.998418884E+00 
       412  1.527500000E+02  0.000000000E+00  9.998472422E+00 
       413  1.530000000E+02  0.000000000E+00  9.998532019E+00 
       414  1.532500000E+02  0.000000000E+00  9.998597808E+00 
       415  1.535000000E+02  0.000000000E+00  9.998669933E+00 
       416  1.537500000E+02  0.000000000E+00  9.998748553E+00 
       417  1.540000000E+02  0.000000000E+00  9.998833837E+00 
       418  1.542500000E+02  0.000000000E+00  9.998925972E+00 
       419  1.545000000E+02  0.000000000E+00  9.999025155E+00 
       420  1.547500000E+02  0.000000000E+00  9.999131600E+00 
       421  1.550000000E+02  0.000000000E+00  9.999245535E+00 
       422  1.552500000E+02  0.000000000E+00  9.999367201E+00 
       423  1.555000000E+02  0.000000000E+00  9.999496855E+00 
       424  1.557500000E+02  0.000000000E+00  9.999634772E+00 
       425  1.560000000E+02  0.000000000E+00  9.999781238E+00 
       426  1.562500000E+02  0.000000000E+00  9.999936560E+00 
       427  1.565000000E+02  0.000000000E+00  1.000010106E+01 
       428  1.567500000E+02  0.000000000E+00  1.000027507E+01 
       429  1.570000000E+02  0.000000000E+00  1.000045896E+01 
       430  1.572500000E+02  0.000000000E+00  1.000065309E+01 
       431  1.575000000E+02  0.000000000E+00  1.000085786E+01 
       432  1.577500000E+02  0.000000000E+00  1.000107368E+01 
       433  1.580000000E+02  0.000000000E+00  1.000130098E+01 
       434  1.582500000E+02  0.000000000E+00  1.000154021E+01 
       435  1.585000000E+02  0.000000000E+00  1.000179184E+01 
       436  1.587500000E+02  0.000000000E+00  1.000205637E+01 
       437  1.590000000E+02  0.000000000E+00  1.000233432E+01 
       438  1.592500000E+02  0.000000000E+00  1.000262621E+01 
       439  1.595000000E+02  0.000000000E+00  1.000293261E+01 
       440  1.597500000E+02  0.000000000E+00  1.000325410E+01 
       441  1.600000000E+02  0.000000000E+00  1.000359129E+01 
       442  1.602500000E+02  0.000000000E+00  1.000394482E+01 
       443  1.605000000E+02  0.000000000E+00  1.000431534E+01 
       444  1.607500000E+02  0.000000000E+00  1.000470355E+01 
       445  1.610000000E+02  0.000000000E+00  1.000511015E+01 
       446  1.612500000E+02  0.000000000E+00  1.000553588E+01 
       447  1.615000000E+02  0.000000000E+00  1.000598153E+01 
       448  1.617500000E+02  0.000000000E+00  1.000644788E+01 
       449  1.620000000E+02  0.000000000E+00  1.000693579E+01 
       450  1.622500000E+02  0.000000000E+00  1.000744609E+01 
       451  1.625000000E+02  0.000000000E+00  1.000797971E+01 
       452  1.627500000E+02  0.000000000E+00  1.000853756E+01 
       453  1.630000000E+02  0.000000000E+00  1.000912062E+01 
       454  1.632500000E+02  0.000000000E+00  1.000972988E+01 
       455  1.635000000E+02  0.000000000E+00  1.001036639E+01 
       456  1.637500000E+02  0.000000000E+00  1.001103123E+01 
       457  1.640000000E+02  0.000000000E+00  1.001172551E+01 
       458  1.642500000E+02  0.000000000E+00  1.001245039E+01 
       459  1.645000000E+02  0.000000000E+00  1.001320706E+01 
       460  1.647500000E+02  0.000000000E+00  1.001399678E+01 
       461  1.650000000E+02  0.000000000E+00  1.001482083E+01 
       462  1.652500000E+02  0.000000000E+00  1.001568054E+01 
       463  1.655000000E+02  0.000000000E+00  1.001657729E+01 
       464  1.657500000E+02  0.000000000E+00  1.001751251E+01 
       465  1.660000000E+02  0.000000000E+00  1.001848768E+01 
       466  1.662500000E+02  0.000000000E+00  1.001950433E+01 
       467  1.665000000E+02  0.000000000E+00  1.002056403E+01 
       468  1.667500000E+02  0.000000000E+00  1.002166843E+01 
       469  1.670000000E+02  0.000000000E+00  1.002281921E+01 
       470  1.672500000E+02  0.000000000E+00  1.002401814E+01 
       471  1.675000000E+02  0.000000000E+00  1.002526701E+01 
       472  1.677500000E+02  0.000000000E+00  1.002656769E+01 
       473  1.680000000E+02  0.000000000E+00  1.002792212E+01 
       474  1.682500000E+02  0.000000000E+00  1.002933230E+01 
       475  1.685000000E+02  0.000000000E+00  1.003080029E+01 
       476  1.687500000E+02  0.000000000E+00  1.003232822E+01 
       477  1.690000000E+02  0.000000000E+00  1.003391830E+01 
       478  1.692500000E+02  0.000000000E+00  1.003557279E+01 
       479  1.695000000E+02  0.000000000E+00  1.003729405E+01 
       480  1.697500000E+02  0.000000000E+00  1.003908449E+01 
       481  1.700000000E+02  0.000000000E+00  1.004094663E+01 
       482  1.702500000E+02  0.000000000E+00  1.004288305E+01 
       483  1.705000000E+02  0.000000000E+00  1.004489641E+01 
       484  1.707500000E+02  0.000000000E+00  1.004698947E+01 
       485  1.710000000E+02  0.000000000E+00  1.004916505E+01 
       486  1.712500000E+02  0.000000000E+00  1.005142610E+01 
       487  1.715000000E+02  0.000000000E+00  1.005377562E+01 
       488  1.717500000E+02  0.000000000E+00  1.005621673E+01 
       489  1.720000000E+02  0.000000000E+00  1.005875265E+01 
       490  1.722500000E+02  0.000000000E+00  1.006138668E+01 
       491  1.725000000E+02  0.000000000E+00  1.006412223E+01 
       492  1.727500000E+02  0.000000000E+00  1.006696283E+01 
       493  1.730000000E+02  0.000000000E+00  1.006991209E+01 
       494  1.732500000E+02  0.000000000E+00  1.007297374E+01 
       495  1.735000000E+02  0.000000000E+00  1.007615164E+01 
       496  1.737500000E+02  0.000000000E+00  1.007944974E+01 
       497  1.740000000E+02  0.000000000E+00  1.008287212E+01 
       498  1.742500000E+02  0.000000000E+00  1.008642297E+01 
       499  1.745000000E+02  0.000000000E+00  1.009010664E+01 
       500  1.747500000E+02  0.000000000E+00  1.009392755E+01 
       501  1.750000000E+02  0.000000000E+00  1.009789029E+01 
       502  1.752500000E+02  0.000000000E+00  1.010199957E+01 
       503  1.755000000E+02  0.000000000E+00  1.010626023E+01 
       504  1.757500000E+02  0.000000000E+00  1.011067727E+01 
       505  1.760000000E+02  0.000000000E+00  1.011525579E+01 
       506  1.762500000E+02  0.000000000E+00  1.012000108E+01 
       507  1.765000000E+02  0.000000000E+00  1.012491854E+01 
       508  1.767500000E+02  0.000000000E+00  1.013001373E+01 
       509  1.770000000E+02  0.000000000E+00  1.013529239E+01 
       510  1.772500000E+02  0.000000000E+00  1.014076037E+01 
       511  1.775000000E+02  0.000000000E+00  1.014642372E+01 
       512  1.777500000E+02  0.000000000E+00  1.015228861E+01 
       513  1.780000000E+02  0.000000000E+00  1.015836141E+01 
       514  1.782500000E+02  0.000000000E+00  1.016464864E+01 
       515  1.785000000E+02  0.000000000E+00  1.017115699E+01 
       516  1.787500000E+02  0.000000000E+00  1.017789332E+01 
       517  1.790000000E+02  0.000000000E+00  1.018486468E+01 
       518  1.792500000E+02  0.000000000E+00  1.019207827E+01 
       519  1.795000000E+02  0.000000000E+00  1.019954150E+01 
       520  1.797500000E+02  0.000000000E+00  1.020726194E+01 
       521  1.800000000E+02  0.000000000E+00  1.021524735E+01 
       522  1.802500000E+02  0.000000000E+00  1.022350568E+01 
       523  1.805000000E+02  0.000000000E+00  1.023204506E+01 
       524  1.807500000E+02  0.000000000E+00  1.024087382E+01 
       525  1.810000000E+02  0.000000000E+00  1.025000048E+01 
       526  1.812500000E+02  0.000000000E+00  1.025943373E+01 
       527  1.815000000E+02  0.000000000E+00  1.026918249E+01 
       528  1.817500000E+02  0.000000000E+00  1.027925584E+01 
       529  1.820000000E+02  0.000000000E+00  1.028966310E+01 
       530  1.822500000E+02  0.000000000E+00  1.030041374E+01 
       531  1.825000000E+02  0.000000000E+00  1.031151745E+01 
       532  1.827500000E+02  0.000000000E+00  1.032298411E+01 
       533  1.830000000E+02  0.000000000E+00  1.033482380E+01 
       534  1.832500000E+02  0.000000000E+00  1.034704680E+01 
       535  1.835000000E+02  0.000000000E+00  1.035966358E+01 
       536  1.837500000E+02  0.000000000E+00  1.037268479E+01 
       537  1.840000000E+02  0.000000000E+00  1.038612128E+01 
       538  1.842500000E+02  0.000000000E+00  1.039998409E+01 
       539  1.845000000E+02  0.000000000E+00  1.041428446E+01 
       540  1.847500000E+02  0.000000000E+00  1.042903377E+01 
       541  1.850000000E+02  0.000000000E+00  1.044424361E+01 
       542  1.852500000E+02  0.000000000E+00  1.045992574E+01 
       543  1.855000000E+02  0.000000000E+00  1.047609206E+01 
       544  1.857500000E+02  0.000000000E+00  1.049275466E+01 
       545  1.860000000E+02  0.000000000E+00  1.050992575E+01 
       546  1.862500000E+02  0.000000000E+00  1.052761769E+01 
       547  1.865000000E+02  0.000000000E+00  1.054584299E+01 
       548  1.867500000E+02  0.000000000E+00  1.056461424E+01 
       549  1.870000000E+02  0.000000000E+00  1.058394416E+01 
       550  1.872500000E+02  0.000000000E+00  1.060384555E+01 
       551  1.875000000E+02  0.000000000E+00  1.062433127E+01 
       552  1.877500000E+02  0.000000000E+00  1.064541425E+01 
       553  1.880000000E+02  0.000000000E+00  1.066710742E+01 
       554  1.882500000E+02  0.000000000E+00  1.068942372E+01 
       555  1.885000000E+02  0.000000000E+00  1.071237605E+01 
       556  1.887500000E+02  0.000000000E+00  1.073597726E+01 
       557  1.890000000E+02  0.000000000E+00  1.076024006E+01 
       558  1.892500000E+02  0.000000000E+00  1.078517705E+01 
       559  1.895000000E+02  0.000000000E+00  1.081080059E+01 
       560  1.897500000E+02  0.000000000E+00  1.083712279E+01 
       561  1.900000000E+02  0.000000000E+00  1.086415542E+01 
       562  1.902500000E+02  0.000000000E+00  1.089190983E+01 
       563  1.905000000E+02  0.000000000E+00  1.092039690E+01 
       564  1.907500000E+02  0.000000000E+00  1.094962686E+01 
       565  1.910000000E+02  0.000000000E+00  1.097960923E+01 
       566  1.912500000E+02  0.000000000E+00  1.101035267E+01 
       567  1.915000000E+02  0.000000000E+00  1.104186480E+01 
       568  1.917500000E+02  0.000000000E+00  1.107415202E+01 
       569  1.920000000E+02  0.000000000E+00  1.110721929E+01 
       570  1.922500000E+02  0.000000000E+00  1.114106989E+01 
       571  1.925000000E+02  0.000000000E+00  1.117570512E+01 
       572  1.927500000E+02  0.000000000E+00  1.121112394E+01 
       573  1.930000000E+02  0.000000000E+00  1.124732259E+01 
       574  1.932500000E+02  0.000000000E+00  1.128429408E+01 
       575  1.935000000E+02  0.000000000E+00  1.132202771E+01 
       576  1.937500000E+02  0.000000000E+00  1.136050833E+01 
       577  1.940000000E+02  0.000000000E+00  1.139971562E+01 
       578  1.942500000E+02  0.000000000E+00  1.143962321E+01 
       579  1.945000000E+02  0.000000000E+00  1.148019752E+01 
       580  1.947500000E+02  0.000000000E+00  1.152139654E+01 
       581  1.950000000E+02  0.000000000E+00  1.156316830E+01 
       582  1.952500000E+02  0.000000000E+00  1.160544897E+01 
       583  1.955000000E+02  0.000000000E+00  1.164816070E+01 
       584  1.957500000E+02  0.000000000E+00  1.169120887E+01 
       585  1.960000000E+02  0.000000000E+00  1.173447884E+01 
       586  1.962500000E+02  0.000000000E+00  1.177783183E+01 
       587  1.965000000E+02  0.000000000E+00  1.182109991E+01 
       588  1.967500000E+02  0.000000000E+00  1.186407961E+01 
       589  1.970000000E+02  0.000000000E+00  1.190652382E+01 
       590  1.972500000E+02  0.000000000E+00  1.194813134E+01 
       591  1.975000000E+02  0.000000000E+00  1.198853305E+01 
       592  1.977500000E+02  0.000000000E+00  1.202727331E+01 
       593  1.980000000E+02  0.000000000E+00  1.206378427E+01 
       594  1.982500000E+02  0.000000000E+00  1.209734896E+01 
       595  1.985000000E+02  0.000000000E+00  1.212704635E+01 
       596  1.987500000E+02  0.000000000E+00  1.215166462E+01 
       597  1.990000000E+02  0.000000000E+00  1.216955446E+01 
       598  1.992500000E+02  0.000000000E+00  1.217835711E+01 
       599  1.995000000E+02  0.000000000E+00  1.217443596E+01 
       600  1.997500000E+02  0.000000000E+00  1.214751890E+01 
       601  2.000000000E+02  0.000000000E+00  1.344533817E+01 
       602  2.001999988E+02  0.000000000E+00  1.431648435E+01 
       603  2.004032879E+02  0.000000000E+00  1.396102833E+01 
       604  2.006099214E+02  0.000000000E+00  1.363443835E+01 
       605  2.008199543E+02  0.000000000E+00  1.333280348E+01 
       606  2.010334426E+02  0.000000000E+00  1.305416095E+01 
       607  2.012504431E+02  0.000000000E+00  1.279673387E+01 
       608  2.014710137E+02  0.000000000E+00  1.255890844E+01 
       609  2.016952129E+02  0.000000000E+00  1.233921446E+01 
       610  2.019231006E+02  0.000000000E+00  1.213630902E+01 
       611  2.021547374E+02  0.000000000E+00  1.194896259E+01 
       612  2.023901849E+02  0.000000000E+00  1.177604683E+01 
       613  2.026295060E+02  0.000000000E+00  1.161652407E+01 
       614  2.028727642E+02  0.000000000E+00  1.146943778E+01 
       615  2.031200245E+02  0.000000000E+00  1.133092400E+01 
       616  2.033713525E+02  0.000000000E+00  1.120048729E+01 
       617  2.036268153E+02  0.000000000E+00  1.113179909E+01 
       618  2.038864808E+02  0.000000000E+00  1.107082975E+01 
       619  2.041504183E+02  0.000000000E+00  1.096201136E+01 
       620  2.044186979E+02  0.000000000E+00  1.086294851E+01 
       621  2.046913911E+02  0.000000000E+00  1.077524069E+01 
       622  2.049685706E+02  0.000000000E+00  1.069500727E+01 
       623  2.052503101E+02  0.000000000E+00  1.062170898E+01 
       624  2.055366847E+02  0.000000000E+00  1.055484218E+01 
       625  2.058277705E+02  0.000000000E+00  1.049393615E+01 
       626  2.061236452E+02  0.000000000E+00  1.043855054E+01 
       627  2.064243875E+02  0.000000000E+00  1.038827330E+01 
       628  2.067300774E+02  0.000000000E+00  1.034271867E+01 
       629  2.070407965E+02  0.000000000E+00  1.030152542E+01 
       630  2.073566273E+02  0.000000000E+00  1.026435526E+01 
       631  2.076776540E+02  0.000000000E+00  1.023089140E+01 
       632  2.080039622E+02  0.000000000E+00  1.020083725E+01 
       633  2.083356386E+02  0.000000000E+00  1.017391520E+01 
       634  2.086727716E+02  0.000000000E+00  1.014986559E+01 
       635  2.090154510E+02  0.000000000E+00  1.012844566E+01 
       636  2.093637679E+02  0.000000000E+00  1.010942866E+01 
       637  2.097178153E+02  0.000000000E+00  1.009260297E+01 
       638  2.100776872E+02  0.000000000E+00  1.007777135E+01 
       639  2.104434797E+02  0.000000000E+00  1.006475013E+01 
       640  2.108152899E+02  0.000000000E+00  1.005336858E+01 
       641  2.111932170E+02  0.000000000E+00  1.004346818E+01 
       642  2.115773617E+02  0.000000000E+00  1.003490200E+01 
       643  2.119678260E+02  0.000000000E+00  1.002753415E+01 
       644  2.123647142E+02  0.000000000E+00  1.002123910E+01 
       645  2.127681317E+02  0.000000000E+00  1.001590122E+01 
       646  2.131781861E+02  0.000000000E+00  1.001141416E+01 
       647  2.135949866E+02  0.000000000E+00  1.000768040E+01 
       648  2.140186441E+02  0.000000000E+00  1.000461069E+01 
       649  2.144492713E+02  0.000000000E+00  1.000212356E+01 
       650  2.148869831E+02  0.000000000E+00  1.000014491E+01 
       651  2.153318959E+02  0.000000000E+00  9.998607491E+00 
       652  2.157841282E+02  0.000000000E+00  9.997450468E+00 
       653  2.162438005E+02  0.000000000E+00  9.996619021E+00 
       654  2.167110350E+02  0.000000000E+00  9.996063914E+00 
       655  2.171859563E+02  0.000000000E+00  9.995741131E+00 
       656  2.176686908E+02  0.000000000E+00  9.995611331E+00 
       657  2.181593671E+02  0.000000000E+00  9.995639653E+00 
       658  2.186581157E+02  0.000000000E+00  9.995795453E+00 
       659  2.191650695E+02  0.000000000E+00  9.996051747E+00 
       660  2.196803635E+02  0.000000000E+00  9.996384967E+00 
       661  2.202041348E+02  0.000000000E+00  9.996774680E+00 
       662  2.207365230E+02  0.000000000E+00  9.997203295E+00 
       663  2.212776699E+02  0.000000000E+00  9.997655791E+00 
       664  2.218277194E+02  0.000000000E+00  9.998119462E+00 
       665  2.223868182E+02  0.000000000E+00  9.998583685E+00 
       666  2.229551149E+02  0.000000000E+00  9.999039688E+00 
       667  2.235327610E+02  0.000000000E+00  9.999480356E+00 
       668  2.241199103E+02  0.000000000E+00  9.999900029E+00 
       669  2.247167191E+02  0.000000000E+00  1.000029433E+01 
       670  2.253233464E+02  0.000000000E+00  1.000066001E+01 
       671  2.259399536E+02  0.000000000E+00  1.000099479E+01 
       672  2.265667050E+02  0.000000000E+00  1.000129722E+01 
       673  2.272037674E+02  0.000000000E+00  1.000156658E+01 
       674  2.278513104E+02  0.000000000E+00  1.000180274E+01 
       675  2.285095066E+02  0.000000000E+00  1.000200608E+01 
       676  2.291785311E+02  0.000000000E+00  1.000217740E+01 
       677  2.298585621E+02  0.000000000E+00  1.000231784E+01 
       678  2.305497807E+02  0.000000000E+00  1.000242877E+01 
       679  2.312523708E+02  0.000000000E+00  1.000251181E+01 
       680  2.319665197E+02  0.000000000E+00  1.000256870E+01 
       681  2.326924175E+02  0.000000000E+00  1.000260126E+01 
       682  2.334302574E+02  0.000000000E+00  1.000261143E+01 
       683  2.341802359E+02  0.000000000E+00  1.000260113E+01 
       684  2.349425527E+02  0.000000000E+00  1.000257225E+01 
       685  2.357174108E+02  0.000000000E+00  1.000252667E+01 
       686  2.365050165E+02  0.000000000E+00  1.000246623E+01 
       687  2.373055796E+02  0.000000000E+00  1.000239268E+01 
       688  2.381193132E+02  0.000000000E+00  1.000230766E+01 
       689  2.389464340E+02  0.000000000E+00  1.000221276E+01 
       690  2.397871622E+02  0.000000000E+00  1.000210941E+01 
       691  2.406417216E+02  0.000000000E+00  1.000199894E+01 
       692  2.415103399E+02  0.000000000E+00  1.000188258E+01 
       693  2.423932484E+02  0.000000000E+00  1.000176141E+01 
       694  2.432906820E+02  0.000000000E+00  1.000163639E+01 
       695  2.442028798E+02  0.000000000E+00  1.000150835E+01 
       696  2.451300847E+02  0.000000000E+00  1.000137797E+01 
       697  2.460725436E+02  0.000000000E+00  1.000124581E+01 
       698  2.470305073E+02  0.000000000E+00  1.000111227E+01 
       699  2.480042311E+02  0.000000000E+00  1.000097758E+01 
       700  2.489939742E+02  0.000000000E+00  1.000084176E+01 
       701  2.500000000E+02  0.000000000E+00  1.000070458E+01 
       702  2.510060258E+02  0.000000000E+00  1.000056777E+01 
       703  2.519957689E+02  0.000000000E+00  1.000043292E+01 
       704  2.529694927E+02  0.000000000E+00  1.000029937E+01 
       705  2.539274564E+02  0.000000000E+00  1.000016650E+01 
       706  2.548699153E+02  0.000000000E+00  1.000003371E+01 
       707  2.557971202E+02  0.000000000E+00  9.999900360E+00 
       708  2.567093180E+02  0.000000000E+00  9.999765739E+00 
       709  2.576067516E+02  0.000000000E+00  9.999629080E+00 
       710  2.584896601E+02  0.000000000E+00  9.999489523E+00 
       711  2.593582784E+02  0.000000000E+00  9.999346108E+00 
       712  2.602128379E+02  0.000000000E+00  9.999197764E+00 
       713  2.610535660E+02  0.000000000E+00  9.999043295E+00 
       714  2.618806868E+02  0.000000000E+00  9.998881371E+00 
       715  2.626944204E+02  0.000000000E+00  9.998710518E+00 
       716  2.634949835E+02  0.000000000E+00  9.998529101E+00 
       717  2.642825892E+02  0.000000000E+00  9.998335321E+00 
       718  2.650574473E+02  0.000000000E+00  9.998127197E+00 
       719  2.658197641E+02  0.000000000E+00  9.997902555E+00 
       720  2.665697426E+02  0.000000000E+00  9.997659015E+00 
       721  2.673075825E+02  0.000000000E+00  9.997393977E+00 
       722  2.680334803E+02  0.000000000E+00  9.997104600E+00 
       723  2.687476292E+02  0.000000000E+00  9.996787788E+00 
       724  2.694502193E+02  0.000000000E+00  9.996440164E+00 
       725  2.701414379E+02  0.000000000E+00  9.996058049E+00 
       726  2.708214689E+02  0.000000000E+00  9.995637432E+00 
       727  2.714904934E+02  0.000000000E+00  9.995173936E+00 
       728  2.721486896E+02  0.000000000E+00  9.994662783E+00 
       729  2.727962326E+02  0.000000000E+00  9.994098749E+00 
       730  2.734332950E+02  0.000000000E+00  9.993476117E+00 
       731  2.740600464E+02  0.000000000E+00  9.992788615E+00 
       732  2.746766536E+02  0.000000000E+00  9.992029359E+00 
       733  2.752832808E+02  0.000000000E+00  9.991190772E+00 
       734  2.758800897E+02  0.000000000E+00  9.990264509E+00 
       735  2.764672390E+02  0.000000000E+00  9.989241356E+00 
       736  2.770448851E+02  0.000000000E+00  9.988111132E+00 
       737  2.776131818E+02  0.000000000E+00  9.986862569E+00 
       738  2.781722806E+02  0.000000000E+00  9.985483182E+00 
       739  2.787223301E+02  0.000000000E+00  9.983959130E+00 
       740  2.792634769E+02  0.000000000E+00  9.982275056E+00 
       741  2.797958652E+02  0.000000000E+00  9.980413916E+00 
       742  2.803196365E+02  0.000000000E+00  9.978356793E+00 
       743  2.808349305E+02  0.000000000E+00  9.976082694E+00 
       744  2.813418843E+02  0.000000000E+00  9.973568335E+00 
       745  2.818406329E+02  0.000000000E+00  9.970787905E+00 
       746  2.823313092E+02  0.000000000E+00  9.967712821E+00 
       747  2.828140437E+02  0.000000000E+00  9.964311462E+00 
       748  2.832889650E+02  0.000000000E+00  9.960548897E+00 
       749  2.837561995E+02  0.000000000E+00  9.956386594E+00 
       750  2.842158718E+02  0.000000000E+00  9.951782119E+00 
       751  2.846681041E+02  0.000000000E+00  9.946688828E+00 
       752  2.851130169E+02  0.000000000E+00  9.941055547E+00 
       753  2.855507287E+02  0.000000000E+00  9.934826247E+00 
       754  2.859813560E+02  0.000000000E+00  9.927939725E+00 
       755  2.864050134E+02  0.000000000E+00  9.920329270E+00 
       756  2.868218139E+02  0.000000000E+00  9.911922345E+00 
       757  2.872318683E+02  0.000000000E+00  9.902640275E+00 
       758  2.876352858E+02  0.000000000E+00  9.892397941E+00 
       759  2.880321740E+02  0.000000000E+00  9.881103499E+00 
       760  2.884226383E+02  0.000000000E+00  9.868658112E+00 
       761  2.888067830E+02  0.000000000E+00  9.854955722E+00 
       762  2.891847101E+02  0.000000000E+00  9.839882843E+00 
       763  2.895565204E+02  0.000000000E+00  9.823318402E+00 
       764  2.899223128E+02  0.000000000E+00  9.805133624E+00 
       765  2.902821847E+02  0.000000000E+00  9.785191974E+00 
       766  2.906362321E+02  0.000000000E+00  9.763349155E+00 
       767  2.909845490E+02  0.000000000E+00  9.739453177E+00 
       768  2.913272284E+02  0.000000000E+00  9.713344510E+00 
       769  2.916643614E+02  0.000000000E+00  9.684856306E+00 
       770  2.919960378E+02  0.000000000E+00  9.653814728E+00 
       771  2.923223460E+02  0.000000000E+00  9.620039367E+00 
       772  2.926433727E+02  0.000000000E+00  9.583343777E+00 
       773  2.929592035E+02  0.000000000E+00  9.543536105E+00 
       774  2.932699226E+02  0.000000000E+00  9.500419864E+00 
       775  2.935756125E+02  0.000000000E+00  9.453794809E+00 
       776  2.938763548E+02  0.000000000E+00  9.403457952E+00 
       777  2.941722295E+02  0.000000000E+00  9.349204699E+00 
       778  2.944633153E+02  0.000000000E+00  9.290830138E+00 
       779  2.947496899E+02  0.000000000E+00  9.228130429E+00 
       780  2.950314294E+02  0.000000000E+00  9.160904354E+00 
       781  2.953086088E+02  0.000000000E+00  9.088954965E+00 
       782  2.955813021E+02  0.000000000E+00  9.012091357E+00 
       783  2.958495817E+02  0.000000000E+00  8.930130565E+00 
       784  2.961135192E+02  0.000000000E+00  8.842899536E+00 
       785  2.963731847E+02  0.000000000E+00  8.750237181E+00 
       786  2.966286475E+02  0.000000000E+00  8.651996504E+00 
       787  2.968799755E+02  0.000000000E+00  8.548046759E+00 
       788  2.971272358E+02  0.000000000E+00  8.438275630E+00 
       789  2.973704940E+02  0.000000000E+00  8.322591411E+00 
       790  2.976098151E+02  0.000000000E+00  8.200925131E+00 
       791  2.978452626E+02  0.000000000E+00  8.073232635E+00 
       792  2.980768994E+02  0.000000000E+00  7.939496559E+00 
       793  2.983047871E+02  0.000000000E+00  7.799728159E+00 
       794  2.985289863E+02  0.000000000E+00  7.653969070E+00 
       795  2.987495568E+02  0.000000000E+00  7.784224667E+00 
       796  2.989665574E+02  0.000000000E+00  7.922923672E+00 
       797  2.991800457E+02  0.000000000E+00  7.797709606E+00 
       798  2.993900786E+02  0.000000000E+00  7.668201991E+00 
       799  2.995967121E+02  0.000000000E+00  7.534588934E+00 
       800  2.998000012E+02  0.000000000E+00  7.396742586E+00 
       801  3.000000000E+02  0.000000000E+00  7.707847855E+00 
       802  3.002500000E+02  0.000000000E+00  8.174163063E+00 
       803  3.005000000E+02  0.000000000E+00  8.164737918E+00 
       804  3.007500000E+02  0.000000000E+00  8.169396119E+00 
       805  3.010000000E+02  0.000000000E+00  8.182137806E+00 
       806  3.012500000E+02  0.000000000E+00  8.200723302E+00 
       807  3.015000000E+02  0.000000000E+00  8.223668543E+00 
       808  3.017500000E+02  0.000000000E+00  8.249919171E+00 
       809  3.020000000E+02  0.000000000E+00  8.278690704E+00 
       810  3.022500000E+02  0.000000000E+00  8.309380819E+00 
       811  3.025000000E+02  0.000000000E+00  8.341516667E+00 
       812  3.027500000E+02  0.000000000E+00  8.374720982E+00 
       813  3.030000000E+02  0.000000000E+00  8.408689115E+00 
       814  3.032500000E+02  0.000000000E+00  8.443172818E+00 
       815  3.035000000E+02  0.000000000E+00  8.477968420E+00 
       816  3.037500000E+02  0.000000000E+00  8.512907986E+00 
       817  3.040000000E+02  0.000000000E+00  8.547852561E+00 
       818  3.042500000E+02  0.000000000E+00  8.582686915E+00 
       819  3.045000000E+02  0.000000000E+00  8.617315399E+00 
       820  3.047500000E+02  0.000000000E+00  8.651658627E+00 
       821  3.050000000E+02  0.000000000E+00  8.685650808E+00 
       822  3.052500000E+02  0.000000000E+00  8.719237562E+00 
       823  3.055000000E+02  0.000000000E+00  8.752374127E+00 
       824  3.057500000E+02  0.000000000E+00  8.785023877E+00 
       825  3.060000000E+02  0.000000000E+00  8.817157091E+00 
       826  3.062500000E+02  0.000000000E+00  8.848749916E+00 
       827  3.065000000E+02  0.000000000E+00  8.879783503E+00 
       828  3.067500000E+02  0.000000000E+00  8.910243272E+00 
       829  3.070000000E+02  0.000000000E+00  8.940118292E+00 
       830  3.072500000E+02  0.000000000E+00  8.969400751E+00 
       831  3.075000000E+02  0.000000000E+00  8.998085510E+00 
       832  3.077500000E+02  0.000000000E+00  9.026169718E+00 
       833  3.080000000E+02  0.000000000E+00  9.053652479E+00 
       834  3.082500000E+02  0.000000000E+00  9.080534574E+00 
       835  3.085000000E+02  0.000000000E+00  9.106818218E+00 
       836  3.087500000E+02  0.000000000E+00  9.132506849E+00 
       837  3.090000000E+02  0.000000000E+00  9.157604947E+00 
       838  3.092500000E+02  0.000000000E+00  9.182117883E+00 
       839  3.095000000E+02  0.000000000E+00  9.206051779E+00 
       840  3.097500000E+02  0.000000000E+00  9.229413397E+00 
       841  3.100000000E+02  0.000000000E+00  9.252210033E+00 
       842  3.102500000E+02  0.000000000E+00  9.274449434E+00 
       843  3.105000000E+02  0.000000000E+00  9.296139720E+00 
       844  3.107500000E+02  0.000000000E+00  9.317289317E+00 
       845  3.110000000E+02  0.000000000E+00  9.337906903E+00 
       846  3.112500000E+02  0.000000000E+00  9.358001356E+00 
       847  3.115000000E+02  0.000000000E+00  9.377581709E+00 
       848  3.117500000E+02  0.000000000E+00  9.396657117E+00 
       849  3.120000000E+02  0.000000000E+00  9.415236820E+00 
       850  3.122500000E+02  0.000000000E+00  9.433330114E+00 
       851  3.125000000E+02  0.000000000E+00  9.450946330E+00 
       852  3.127500000E+02  0.000000000E+00  9.468094807E+00 
       853  3.130000000E+02  0.000000000E+00  9.484784877E+00 
       854  3.132500000E+02  0.000000000E+00  9.501025845E+00 
       855  3.135000000E+02  0.000000000E+00  9.516826977E+00 
       856  3.137500000E+02  0.000000000E+00  9.532197487E+00 
       857  3.140000000E+02  0.000000000E+00  9.547146523E+00 
       858  3.142500000E+02  0.000000000E+00  9.561683160E+00 
       859  3.145000000E+02  0.000000000E+00  9.575816392E+00 
       860  3.147500000E+02  0.000000000E+00  9.589555121E+00 
       861  3.150000000E+02  0.000000000E+00  9.602908154E+00 
       862  3.152500000E+02  0.000000000E+00  9.615884197E+00 
       863  3.155000000E+02  0.000000000E+00  9.628491848E+00 
       864  3.157500000E+02  0.000000000E+00  9.640739596E+00 
       865  3.160000000E+02  0.000000000E+00  9.652635812E+00 
       866  3.162500000E+02  0.000000000E+00  9.664188753E+00 
       867  3.165000000E+02  0.000000000E+00  9.675406555E+00 
       868  3.167500000E+02  0.000000000E+00  9.686297231E+00 
       869  3.170000000E+02  0.000000000E+00  9.696868669E+00 
       870  3.172500000E+02  0.000000000E+00  9.707128634E+00 
       871  3.175000000E+02  0.000000000E+00  9.717084761E+00 
       872  3.177500000E+02  0.000000000E+00  9.726744560E+00 
       873  3.180000000E+02  0.000000000E+00  9.736115410E+00 
       874  3.182500000E+02  0.000000000E+00  9.745204562E+00 
       875  3.185000000E+02  0.000000000E+00  9.754019139E+00 
       876  3.187500000E+02  0.000000000E+00  9.762566134E+00 
       877  3.190000000E+02  0.000000000E+00  9.770852410E+00 
       878  3.192500000E+02  0.000000000E+00  9.778884701E+00 
       879  3.195000000E+02  0.000000000E+00  9.786669615E+00 
       880  3.197500000E+02  0.000000000E+00  9.794213629E+00 
       881  3.200000000E+02  0.000000000E+00  9.801523094E+00 
       882  3.202500000E+02  0.000000000E+00  9.808604234E+00 
       883  3.205000000E+02  0.000000000E+00  9.815463149E+00 
       884  3.207500000E+02  0.000000000E+00  9.822105811E+00 
       885  3.210000000E+02  0.000000000E+00  9.828538071E+00 
       886  3.212500000E+02  0.000000000E+00  9.834765655E+00 
       887  3.215000000E+02  0.000000000E+00  9.840794170E+00 
       888  3.217500000E+02  0.000000000E+00  9.846629100E+00 
       889  3.220000000E+02  0.000000000E+00  9.852275811E+00 
       890  3.222500000E+02  0.000000000E+00  9.857739553E+00 
       891  3.225000000E+02  0.000000000E+00  9.863025456E+00 
       892  3.227500000E+02  0.000000000E+00  9.868138537E+00 
       893  3.230000000E+02  0.000000000E+00  9.873083701E+00 
       894  3.232500000E+02  0.000000000E+00  9.877865738E+00 
       895  3.235000000E+02  0.000000000E+00  9.882489330E+00 
       896  3.237500000E+02  0.000000000E+00  9.886959049E+00 
       897  3.240000000E+02  0.000000000E+00  9.891279358E+00 
       898  3.242500000E+02  0.000000000E+00  9.895454618E+00 
       899  3.245000000E+02  0.000000000E+00  9.899489083E+00 
       900  3.247500000E+02  0.000000000E+00  9.903386905E+00 
       901  3.250000000E+02  0.000000000E+00  9.907152135E+00 
       902  3.252500000E+02  0.000000000E+00  9.910788726E+00 
       903  3.255000000E+02  0.000000000E+00  9.914300531E+00 
       904  3.257500000E+02  0.000000000E+00  9.917691311E+00 
       905  3.260000000E+02  0.000000000E+00  9.920964727E+00 
       906  3.262500000E+02  0.000000000E+00  9.924124354E+00 
       907  3.265000000E+02  0.000000000E+00  9.927173671E+00 
       908  3.267500000E+02  0.000000000E+00  9.930116069E+00 
       909  3.270000000E+02  0.000000000E+00  9.932954854E+00 
       910  3.272500000E+02  0.000000000E+00  9.935693242E+00 
       911  3.275000000E+02  0.000000000E+00  9.938334367E+00 
       912  3.277500000E+02  0.000000000E+00  9.940881282E+00 
       913  3.280000000E+02  0.000000000E+00  9.943336954E+00 
       914  3.282500000E+02  0.000000000E+00  9.945704276E+00 
       915  3.285000000E+02  0.000000000E+00  9.947986060E+00 
       916  3.287500000E+02  0.000000000E+00  9.950185043E+00 
       917  3.290000000E+02  0.000000000E+00  9.952303886E+00 
       918  3.292500000E+02  0.000000000E+00  9.954345178E+00 
       919  3.295000000E+02  0.000000000E+00  9.956311437E+00 
       920  3.297500000E+02  0.000000000E+00  9.958205110E+00 
       921  3.300000000E+02  0.000000000E+00  9.960028576E+00 
       922  3.302500000E+02  0.000000000E+00  9.961784146E+00 
       923  3.305000000E+02  0.000000000E+00  9.963474068E+00 
       924  3.307500000E+02  0.000000000E+00  9.965100523E+00 
       925  3.310000000E+02  0.000000000E+00  9.966665632E+00 
       926  3.312500000E+02  0.000000000E+00  9.968171451E+00 
       927  3.315000000E+02  0.000000000E+00  9.969619982E+00 
       928  3.317500000E+02  0.000000000E+00  9.971013162E+00 
       929  3.320000000E+02  0.000000000E+00  9.972352876E+00 
       930  3.322500000E+02  0.000000000E+00  9.973640952E+00 
       931  3.325000000E+02  0.000000000E+00  9.974879161E+00 
       932  3.327500000E+02  0.000000000E+00  9.976069225E+00 
       933  3.330000000E+02  0.000000000E+00  9.977212811E+00 
       934  3.332500000E+02  0.000000000E+00  9.978311536E+00 
       935  3.335000000E+02  0.000000000E+00  9.979366969E+00 
       936  3.337500000E+02  0.000000000E+00  9.980380629E+00 
       937  3.340000000E+02  0.000000000E+00  9.981353990E+00 
       938  3.342500000E+02  0.000000000E+00  9.982288478E+00 
       939  3.345000000E+02  0.000000000E+00  9.983185476E+00 
       940  3.347500000E+02  0.000000000E+00  9.984046323E+00 
       941  3.350000000E+02  0.000000000E+00  9.984872314E+00 
       942  3.352500000E+02  0.000000000E+00  9.985664706E+00 
       943  3.355000000E+02  0.000000000E+00  9.986424712E+00 
       944  3.357500000E+02  0.000000000E+00  9.987153508E+00 
       945  3.360000000E+02  0.000000000E+00  9.987852230E+00 
       946  3.362500000E+02  0.000000000E+00  9.988521979E+00 
       947  3.365000000E+02  0.000000000E+00  9.989163817E+00 
       948  3.367500000E+02  0.000000000E+00  9.989778773E+00 
       949  3.370000000E+02  0.000000000E+00  9.990367840E+00 
       950  3.372500000E+02  0.000000000E+00  9.990931978E+00 
       951  3.375000000E+02  0.000000000E+00  9.991472113E+00 
       952  3.377500000E+02  0.000000000E+00  9.991989141E+00 
       953  3.380000000E+02  0.000000000E+00  9.992483927E+00 
       954  3.382500000E+02  0.000000000E+00  9.992957305E+00 
       955  3.385000000E+02  0.000000000E+00  9.993410078E+00 
       956  3.387500000E+02  0.000000000E+00  9.993843025E+00 
       957  3.390000000E+02  0.000000000E+00  9.994256892E+00 
       958  3.392500000E+02  0.000000000E+00  9.994652401E+00 
       959  3.395000000E+02  0.000000000E+00  9.995030247E+00 
       960  3.397500000E+02  0.000000000E+00  9.995391100E+00 
       961  3.400000000E+02  0.000000000E+00  9.995735604E+00 
       962  3.402500000E+02  0.000000000E+00  9.996064378E+00 
       963  3.405000000E+02  0.000000000E+00  9.996378020E+00 
       964  3.407500000E+02  0.000000000E+00  9.996677102E+00 
       965  3.410000000E+02  0.000000000E+00  9.996962176E+00 
       966  3.412500000E+02  0.000000000E+00  9.997233770E+00 
       967  3.415000000E+02  0.000000000E+00  9.997492393E+00 
       968  3.417500000E+02  0.000000000E+00  9.997738532E+00 
       969  3.420000000E+02  0.000000000E+00  9.997972654E+00 
       970  3.422500000E+02  0.000000000E+00  9.998195207E+00 
       971  3.425000000E+02  0.000000000E+00  9.998406618E+00 
       972  3.427500000E+02  0.000000000E+00  9.998607298E+00 
       973  3.430000000E+02  0.000000000E+00  9.998797639E+00 
       974  3.432500000E+02  0.000000000E+00  9.998978014E+00 
       975  3.435000000E+02  0.000000000E+00  9.999148779E+00 
       976  3.437500000E+02  0.000000000E+00  9.999310276E+00 
       977  3.440000000E+02  0.000000000E+00  9.999462827E+00 
       978  3.442500000E+02  0.000000000E+00  9.999606740E+00 
       979  3.445000000E+02  0.000000000E+00  9.999742306E+00 
       980  3.447500000E+02  0.000000000E+00  9.999869802E+00 
       981  3.450000000E+02  0.000000000E+00  9.999989489E+00 
       982  3.452500000E+02  0.000000000E+00  1.000010161E+01 
       983  3.455000000E+02  0.000000000E+00  1.000020641E+01 
       984  3.457500000E+02  0.000000000E+00  1.000030410E+01 
       985  3.460000000E+02  0.000000000E+00  1.000039488E+01 
       986  3.462500000E+02  0.000000000E+00  1.000047894E+01 
       987  3.465000000E+02  0.000000000E+00  1.000055647E+01 
       988  3.467500000E+02  0.000000000E+00  1.000062762E+01 
       989  3.470000000E+02  0.000000000E+00  1.000069256E+01 
       990  3.472500000E+02  0.000000000E+00  1.000075142E+01 
       991  3.475000000E+02  0.000000000E+00  1.000080432E+01 
       992  3.477500000E+02  0.000000000E+00  1.000085139E+01 
       993  3.480000000E+02  0.000000000E+00  1.000089272E+01 
       994  3.482500000E+02  0.000000000E+00  1.000092841E+01 
       995  3.485000000E+02  0.000000000E+00  1.000095853E+01 
       996  3.487500000E+02  0.000000000E+00  1.000098316E+01 
       997  3.490000000E+02  0.000000000E+00  1.000100235E+01 
       998  3.492500000E+02  0.000000000E+00  1.000101615E+01 
       999  3.495000000E+02  0.000000000E+00  1.000102459E+01 
      1000  3.497500000E+02  0.000000000E+00  1.000102768E+01 
      1001  3.500000000E+02  0.000000000E+00  1.000102545E+01 
      1002  3.502500000E+02  0.000000000E+00  1.000101790E+01 
      1003  3.505000000E+02  0.000000000E+00  1.000100501E+01 
      1004  3.507500000E+02  0.000000000E+00  1.000098675E+01 
      1005  3.510000000E+02  0.000000000E+00  1.000096311E+01 
      1006  3.512500000E+02  0.000000000E+00  1.000093402E+01 
      1007  3.515000000E+02  0.000000000E+00  1.000089945E+01 
      1008  3.517500000E+02  0.000000000E+00  1.000085931E+01 
      1009  3.520000000E+02  0.000000000E+00  1.000081355E+01 
      1010  3.522500000E+02  0.000000000E+00  1.000076205E+01 
      1011  3.525000000E+02  0.000000000E+00  1.000070473E+01 
      1012  3.527500000E+02  0.000000000E+00  1.000064148E+01 
      1013  3.530000000E+02  0.000000000E+00  1.000057217E+01 
      1014  3.532500000E+02  0.000000000E+00  1.000049667E+01 
      1015  3.535000000E+02  0.000000000E+00  1.000041483E+01 
      1016  3.537500000E+02  0.000000000E+00  1.000032650E+01 
      1017  3.540000000E+02  0.000000000E+00  1.000023150E+01 
      1018  3.542500000E+02  0.000000000E+00  1.000012966E+01 
      1019  3.545000000E+02  0.000000000E+00  1.000002079E+01 
      1020  3.547500000E+02  0.000000000E+00  9.999904676E+00 
      1021  3.550000000E+02  0.000000000E+00  9.999781104E+00 
      1022  3.552500000E+02  0.000000000E+00  9.999649844E+00 
      1023  3.555000000E+02  0.000000000E+00  9.999510656E+00 
      1024  3.557500000E+02  0.000000000E+00  9.999363285E+00 
      1025  3.560000000E+02  0.000000000E+00  9.999207462E+00 
      1026  3.562500000E+02  0.000000000E+00  9.999042907E+00 
      1027  3.565000000E+02  0.000000000E+00  9.998869326E+00 
      1028  3.567500000E+02  0.000000000E+00  9.998686412E+00 
      1029  3.570000000E+02  0.000000000E+00  9.998493843E+00 
      1030  3.572500000E+02  0.000000000E+00  9.998291285E+00 
      1031  3.575000000E+02  0.000000000E+00  9.998078389E+00 
      1032  3.577500000E+02  0.000000000E+00  9.997854791E+00 
      1033  3.580000000E+02  0.000000000E+00  9.997620115E+00 
      1034  3.582500000E+02  0.000000000E+00  9.997373967E+00 
      1035  3.585000000E+02  0.000000000E+00  9.997115941E+00 
      1036  3.587500000E+02  0.000000000E+00  9.996845615E+00 
      1037  3.590000000E+02  0.000000000E+00  9.996562552E+00 
      1038  3.592500000E+02  0.000000000E+00  9.996266298E+00 
      1039  3.595000000E+02  0.000000000E+00  9.995956385E+00 
      1040  3.597500000E+02  0.000000000E+00  9.995632329E+00 
      1041  3.600000000E+02  0.000000000E+00  9.995293630E+00 
      1042  3.602500000E+02  0.000000000E+00  9.994939771E+00 
      1043  3.605000000E+02  0.000000000E+00  9.994570219E+00 
      1044  3.607500000E+02  0.000000000E+00  9.994184423E+00 
      1045  3.610000000E+02  0.000000000E+00  9.993781819E+00 
      1046  3.612500000E+02  0.000000000E+00  9.993361821E+00 
      1047  3.615000000E+02  0.000000000E+00  9.992923830E+00 
      1048  3.617500000E+02  0.000000000E+00  9.992467228E+00 
      1049  3.620000000E+02  0.000000000E+00  9.991991377E+00 
      1050  3.622500000E+02  0.000000000E+00  9.991495627E+00 
      1051  3.625000000E+02  0.000000000E+00  9.990979304E+00 
      1052  3.627500000E+02  0.000000000E+00  9.990441721E+00 
      1053  3.630000000E+02  0.000000000E+00  9.989882170E+00 
      1054  3.632500000E+02  0.000000000E+00  9.989299926E+00 
      1055  3.635000000E+02  0.000000000E+00  9.988694246E+00 
      1056  3.637500000E+02  0.000000000E+00  9.988064367E+00 
      1057  3.640000000E+02  0.000000000E+00  9.987409510E+00 
      1058  3.642500000E+02  0.000000000E+00  9.986728875E+00 
      1059  3.645000000E+02  0.000000000E+00  9.986021645E+00 
      1060  3.647500000E+02  0.000000000E+00  9.985286985E+00 
      1061  3.650000000E+02  0.000000000E+00  9.984524040E+00 
      1062  3.652500000E+02  0.000000000E+00  9.983731936E+00 
      1063  3.655000000E+02  0.000000000E+00  9.982909783E+00 
      1064  3.657500000E+02  0.000000000E+00  9.982056670E+00 
      1065  3.660000000E+02  0.000000000E+00  9.981171668E+00 
      1066  3.662500000E+02  0.000000000E+00  9.980253831E+00 
      1067  3.665000000E+02  0.000000000E+00  9.979302193E+00 
      1068  3.667500000E+02  0.000000000E+00  9.978315770E+00 
      1069  3.670000000E+02  0.000000000E+00  9.977293562E+00 
      1070  3.672500000E+02  0.000000000E+00  9.976234548E+00 
      1071  3.675000000E+02  0.000000000E+00  9.975137692E+00 
      1072  3.677500000E+02  0.000000000E+00  9.974001938E+00 
      1073  3.680000000E+02  0.000000000E+00  9.972826215E+00 
      1074  3.682500000E+02  0.000000000E+00  9.971609433E+00 
      1075  3.685000000E+02  0.000000000E+00  9.970350487E+00 
      1076  3.687500000E+02  0.000000000E+00  9.969048253E+00 
      1077  3.690000000E+02  0.000000000E+00  9.967701594E+00 
      1078  3.692500000E+02  0.000000000E+00  9.966309353E+00 
      1079  3.695000000E+02  0.000000000E+00  9.964870361E+00 
      1080  3.697500000E+02  0.000000000E+00  9.963383433E+00 
      1081  3.700000000E+02  0.000000000E+00  9.961847367E+00 
      1082  3.702500000E+02  0.000000000E+00  9.960260948E+00 
      1083  3.705000000E+02  0.000000000E+00  9.958622949E+00 
      1084  3.707500000E+02  0.000000000E+00  9.956932125E+00 
      1085  3.710000000E+02  0.000000000E+00  9.955187222E+00 
      1086  3.712500000E+02  0.000000000E+00  9.953386971E+00 
      1087  3.715000000E+02  0.000000000E+00  9.951530091E+00 
      1088  3.717500000E+02  0.000000000E+00  9.949615291E+00 
      1089  3.720000000E+02  0.000000000E+00  9.947641265E+00 
      1090  3.722500000E+02  0.000000000E+00  9.945606701E+00 
      1091  3.725000000E+02  0.000000000E+00  9.943510274E+00 
      1092  3.727500000E+02  0.000000000E+00  9.941350649E+00 
      1093  3.730000000E+02  0.000000000E+00  9.939126485E+00 
      1094  3.732500000E+02  0.000000000E+00  9.936836428E+00 
      1095  3.735000000E+02  0.000000000E+00  9.934479120E+00 
      1096  3.737500000E+02  0.000000000E+00  9.932053194E+00 
      1097  3.740000000E+02  0.000000000E+00  9.929557275E+00 
      1098  3.742500000E+02  0.000000000E+00  9.926989984E+00 
      1099  3.745000000E+02  0.000000000E+00  9.924349933E+00 
      1100  3.747500000E+02  0.000000000E+00  9.921635732E+00 
      1101  3.750000000E+02  0.000000000E+00  9.918845984E+00 
      1102  3.752500000E+02  0.000000000E+00  9.915979287E+00 
      1103  3.755000000E+02  0.000000000E+00  9.913034238E+00 
      1104  3.757500000E+02  0.000000000E+00  9.910009427E+00 
      1105  3.760000000E+02  0.000000000E+00  9.906903442E+00 
      1106  3.762500000E+02  0.000000000E+00  9.903714869E+00 
      1107  3.765000000E+02  0.000000000E+00  9.900442290E+00 
      1108  3.767500000E+02  0.000000000E+00  9.897084286E+00 
      1109  3.770000000E+02  0.000000000E+00  9.893639434E+00 
      1110  3.772500000E+02  0.000000000E+00  9.890106311E+00 
      1111  3.775000000E+02  0.000000000E+00  9.886483490E+00 
      1112  3.777500000E+02  0.000000000E+00  9.882769544E+00 
      1113  3.780000000E+02  0.000000000E+00  9.878963042E+00 
      1114  3.782500000E+02  0.000000000E+00  9.875062551E+00 
      1115  3.785000000E+02  0.000000000E+00  9.871066636E+00 
      1116  3.787500000E+02  0.000000000E+00  9.866973858E+00 
      1117  3.790000000E+02  0.000000000E+00  9.862782777E+00 
      1118  3.792500000E+02  0.000000000E+00  9.858491947E+00 
      1119  3.795000000E+02  0.000000000E+00  9.854099916E+00 
      1120  3.797500000E+02  0.000000000E+00  9.849605229E+00 
      1121  3.800000000E+02  0.000000000E+00  9.845006424E+00 
      1122  3.802500000E+02  0.000000000E+00  9.840302029E+00 
      1123  3.805000000E+02  0.000000000E+00  9.835490567E+00 
      1124  3.807500000E+02  0.000000000E+00  9.830570548E+00 
      1125  3.810000000E+02  0.000000000E+00  9.825540470E+00 
      1126  3.812500000E+02  0.000000000E+00  9.820398820E+00 
      1127  3.815000000E+02  0.000000000E+00  9.815144065E+00 
      1128  3.817500000E+02  0.000000000E+00  9.809774659E+00 
      1129  3.820000000E+02  0.000000000E+00  9.804289034E+00 
      1130  3.822500000E+02  0.000000000E+00  9.798685599E+00 
      1131  3.825000000E+02  0.000000000E+00  9.792962740E+00 
      1132  3.827500000E+02  0.000000000E+00  9.787118813E+00 
      1133  3.830000000E+02  0.000000000E+00  9.781152144E+00 
      1134  3.832500000E+02  0.000000000E+00  9.775061025E+00 
      1135  3.835000000E+02  0.000000000E+00  9.768843708E+00 
      1136  3.837500000E+02  0.000000000E+00  9.762498408E+00 
      1137  3.840000000E+02  0.000000000E+00  9.756023289E+00 
      1138  3.842500000E+02  0.000000000E+00  9.749416470E+00 
      1139  3.845000000E+02  0.000000000E+00  9.742676014E+00 
      1140  3.847500000E+02  0.000000000E+00  9.735799926E+00 
      1141  3.850000000E+02  0.000000000E+00  9.728786147E+00 
      1142  3.852500000E+02  0.000000000E+00  9.721632552E+00 
      1143  3.855000000E+02  0.000000000E+00  9.714336943E+00 
      1144  3.857500000E+02  0.000000000E+00  9.706897042E+00 
      1145  3.860000000E+02  0.000000000E+00  9.699310491E+00 
      1146  3.862500000E+02  0.000000000E+00  9.691574842E+00 
      1147  3.865000000E+02  0.000000000E+00  9.683687555E+00 
      1148  3.867500000E+02  0.000000000E+00  9.675645992E+00 
      1149  3.870000000E+02  0.000000000E+00  9.667447410E+00 
      1150  3.872500000E+02  0.000000000E+00  9.659088962E+00 
      1151  3.875000000E+02  0.000000000E+00  9.650567686E+00 
      1152  3.877500000E+02  0.000000000E+00  9.641880506E+00 
      1153  3.880000000E+02  0.000000000E+00  9.633024228E+00 
      1154  3.882500000E+02  0.000000000E+00  9.623995534E+00 
      1155  3.885000000E+02  0.000000000E+00  9.614790987E+00 
      1156  3.887500000E+02  0.000000000E+00  9.605407025E+00 
      1157  3.890000000E+02  0.000000000E+00  9.595839965E+00 
      1158  3.892500000E+02  0.000000000E+00  9.586086005E+00 
      1159  3.895000000E+02  0.000000000E+00  9.576141230E+00 
      1160  3.897500000E+02  0.000000000E+00  9.566001617E+00 
      1161  3.900000000E+02  0.000000000E+00  9.555663050E+00 
      1162  3.902500000E+02  0.000000000E+00  9.545121329E+00 
      1163  3.905000000E+02  0.000000000E+00  9.534372191E+00 
      1164  3.907500000E+02  0.000000000E+00  9.523411335E+00 
      1165  3.910000000E+02  0.000000000E+00  9.512234446E+00 
      1166  3.912500000E+02  0.000000000E+00  9.500837237E+00 
      1167  3.915000000E+02  0.000000000E+00  9.489215489E+00 
      1168  3.917500000E+02  0.000000000E+00  9.477365105E+00 
      1169  3.920000000E+02  0.000000000E+00  9.465282180E+00 
      1170  3.922500000E+02  0.000000000E+00  9.452963073E+00 
      1171  3.925000000E+02  0.000000000E+00  9.440404505E+00 
      1172  3.927500000E+02  0.000000000E+00  9.427603671E+00 
      1173  3.930000000E+02  0.000000000E+00  9.414558376E+00 
      1174  3.932500000E+02  0.000000000E+00  9.401267194E+00 
      1175  3.935000000E+02  0.000000000E+00  9.387729662E+00 
      1176  3.937500000E+02  0.000000000E+00  9.373946506E+00 
      1177  3.940000000E+02  0.000000000E+00  9.359919916E+00 
      1178  3.942500000E+02  0.000000000E+00  9.345653869E+00 
      1179  3.945000000E+02  0.000000000E+00  9.331154520E+00 
      1180  3.947500000E+02  0.000000000E+00  9.316430667E+00 
      1181  3.950000000E+02  0.000000000E+00  9.301494307E+00 
      1182  3.952500000E+02  0.000000000E+00  9.286361315E+00 
      1183  3.955000000E+02  0.000000000E+00  9.271052254E+00 
      1184  3.957500000E+02  0.000000000E+00  9.255593368E+00 
      1185  3.960000000E+02  0.000000000E+00  9.240017797E+00 
      1186  3.962500000E+02  0.000000000E+00  9.224367066E+00 
      1187  3.965000000E+02  0.000000000E+00  9.208692946E+00 
      1188  3.967500000E+02  0.000000000E+00  9.193059782E+00 
      1189  3.970000000E+02  0.000000000E+00  9.177547453E+00 
      1190  3.972500000E+02  0.000000000E+00  9.162255192E+00 
      1191  3.975000000E+02  0.000000000E+00  9.147306581E+00 
      1192  3.977500000E+02  0.000000000E+00  9.132856249E+00 
      1193  3.980000000E+02  0.000000000E+00  9.119099071E+00 
      1194  3.982500000E+02  0.000000000E+00  9.106283210E+00 
      1195  3.985000000E+02  0.000000000E+00  9.094729390E+00 
      1196  3.987500000E+02  0.000000000E+00  9.084860914E+00 
      1197  3.990000000E+02  0.000000000E+00  9.077253728E+00 
      1198  3.992500000E+02  0.000000000E+00  9.072727858E+00 
      1199  3.995000000E+02  0.000000000E+00  9.072534255E+00 
      1200  3.997500000E+02  0.000000000E+00  9.080086855E+00 
      1201  4.000000000E+02  0.000000000E+00  8.714664404E+00 
      1202  4.002000034E+02  0.000000000E+00  8.465645110E+00 
      1203  4.004016387E+02  0.000000000E+00  8.560240926E+00 
      1204  4.006049192E+02  0.000000000E+00  8.649804757E+00 
      1205  4.008098583E+02  0.000000000E+00  8.734691568E+00 
      1206  4.010164696E+02  0.000000000E+00  8.815044008E+00 
      1207  4.012247666E+02  0.000000000E+00  8.891012090E+00 
      1208  4.014347631E+02  0.000000000E+00  8.962751477E+00 
      1209  4.016464731E+02  0.000000000E+00  9.030421513E+00 
      1210  4.018599104E+02  0.000000000E+00  9.094183630E+00 
      1211  4.020750892E+02  0.000000000E+00  9.154200119E+00 
      1212  4.022920237E+02  0.000000000E+00  9.210633291E+00 
      1213  4.025107282E+02  0.000000000E+00  9.266824398E+00 
      1214  4.027312172E+02  0.000000000E+00  9.319525768E+00 
      1215  4.029535052E+02  0.000000000E+00  9.365676074E+00 
      1216  4.031776069E+02  0.000000000E+00  9.408904924E+00 
      1217  4.034035370E+02  0.000000000E+00  9.449360526E+00 
      1218  4.036313106E+02  0.000000000E+00  9.487187167E+00 
      1219  4.038609426E+02  0.000000000E+00  9.522524952E+00 
      1220  4.040924483E+02  0.000000000E+00  9.555509811E+00 
      1221  4.043258428E+02  0.000000000E+00  9.587996260E+00 
      1222  4.045611417E+02  0.000000000E+00  9.618240946E+00 
      1223  4.047983604E+02  0.000000000E+00  9.644624400E+00 
      1224  4.050375146E+02  0.000000000E+00  9.669173064E+00 
      1225  4.052786201E+02  0.000000000E+00  9.691997364E+00 
      1226  4.055216929E+02  0.000000000E+00  9.714328133E+00 
      1227  4.057667489E+02  0.000000000E+00  9.737303587E+00 
      1228  4.060138044E+02  0.000000000E+00  9.760986550E+00 
      1229  4.062628756E+02  0.000000000E+00  9.781581853E+00 
      1230  4.065139791E+02  0.000000000E+00  9.797832257E+00 
      1231  4.067671314E+02  0.000000000E+00  9.813380221E+00 
      1232  4.070223492E+02  0.000000000E+00  9.827250191E+00 
      1233  4.072796494E+02  0.000000000E+00  9.839708163E+00 
      1234  4.075390490E+02  0.000000000E+00  9.850465980E+00 
      1235  4.078005650E+02  0.000000000E+00  9.858734985E+00 
      1236  4.080642148E+02  0.000000000E+00  9.866427393E+00 
      1237  4.083300158E+02  0.000000000E+00  9.873449802E+00 
      1238  4.085979855E+02  0.000000000E+00  9.879801386E+00 
      1239  4.088681416E+02  0.000000000E+00  9.880231316E+00 
      1240  4.091405020E+02  0.000000000E+00  9.881454412E+00 
      1241  4.094150846E+02  0.000000000E+00  9.888969935E+00 
      1242  4.096919076E+02  0.000000000E+00  9.895879785E+00 
      1243  4.099709892E+02  0.000000000E+00  9.902229506E+00 
      1244  4.102523480E+02  0.000000000E+00  9.908061644E+00 
      1245  4.105360024E+02  0.000000000E+00  9.913415903E+00 
      1246  4.108219711E+02  0.000000000E+00  9.918329297E+00 
      1247  4.111102732E+02  0.000000000E+00  9.922836298E+00 
      1248  4.114009276E+02  0.000000000E+00  9.926968978E+00 
      1249  4.116939535E+02  0.000000000E+00  9.930757150E+00 
      1250  4.119893702E+02  0.000000000E+00  9.934228499E+00 
      1251  4.122871973E+02  0.000000000E+00  9.937408709E+00 
      1252  4.125874544E+02  0.000000000E+00  9.940321587E+00 
      1253  4.128901614E+02  0.000000000E+00  9.942989177E+00 
      1254  4.131953383E+02  0.000000000E+00  9.945431874E+00 
      1255  4.135030051E+02  0.000000000E+00  9.947668531E+00 
      1256  4.138131823E+02  0.000000000E+00  9.949716555E+00 
      1257  4.141258902E+02  0.000000000E+00  9.951592007E+00 
      1258  4.144411496E+02  0.000000000E+00  9.953309691E+00 
      1259  4.147589813E+02  0.000000000E+00  9.954883242E+00 
      1260  4.150794062E+02  0.000000000E+00  9.956325201E+00 
      1261  4.154024455E+02  0.000000000E+00  9.957647099E+00 
      1262  4.157281206E+02  0.000000000E+00  9.958859523E+00 
      1263  4.160564529E+02  0.000000000E+00  9.959972190E+00 
      1264  4.163874641E+02  0.000000000E+00  9.960994003E+00 
      1265  4.167211762E+02  0.000000000E+00  9.961933117E+00 
      1266  4.170576110E+02  0.000000000E+00  9.962796994E+00 
      1267  4.173967909E+02  0.000000000E+00  9.963592453E+00 
      1268  4.177387382E+02  0.000000000E+00  9.964325723E+00 
      1269  4.180834756E+02  0.000000000E+00  9.965002487E+00 
      1270  4.184310257E+02  0.000000000E+00  9.965627923E+00 
      1271  4.187814116E+02  0.000000000E+00  9.966206749E+00 
      1272  4.191346563E+02  0.000000000E+00  9.966743258E+00 
      1273  4.194907832E+02  0.000000000E+00  9.967241351E+00 
      1274  4.198498158E+02  0.000000000E+00  9.967704572E+00 
      1275  4.202117779E+02  0.000000000E+00  9.968136138E+00 
      1276  4.205766933E+02  0.000000000E+00  9.968538967E+00 
      1277  4.209445860E+02  0.000000000E+00  9.968915703E+00 
      1278  4.213154806E+02  0.000000000E+00  9.969268740E+00 
      1279  4.216894013E+02  0.000000000E+00  9.969600247E+00 
      1280  4.220663728E+02  0.000000000E+00  9.969912184E+00 
      1281  4.224464202E+02  0.000000000E+00  9.970206327E+00 
      1282  4.228295685E+02  0.000000000E+00  9.970484280E+00 
      1283  4.232158429E+02  0.000000000E+00  9.970747496E+00 
      1284  4.236052691E+02  0.000000000E+00  9.970997287E+00 
      1285  4.239978726E+02  0.000000000E+00  9.971234845E+00 
      1286  4.243936795E+02  0.000000000E+00  9.971461245E+00 
      1287  4.247927158E+02  0.000000000E+00  9.971677465E+00 
      1288  4.251950080E+02  0.000000000E+00  9.971884393E+00 
      1289  4.256005825E+02  0.000000000E+00  9.972082837E+00 
      1290  4.260094662E+02  0.000000000E+00  9.972273533E+00 
      1291  4.264216861E+02  0.000000000E+00  9.972457155E+00 
      1292  4.268372694E+02  0.000000000E+00  9.972634319E+00 
      1293  4.272562434E+02  0.000000000E+00  9.972805595E+00 
      1294  4.276786360E+02  0.000000000E+00  9.972971507E+00 
      1295  4.281044750E+02  0.000000000E+00  9.973132542E+00 
      1296  4.285337884E+02  0.000000000E+00  9.973289153E+00 
      1297  4.289666047E+02  0.000000000E+00  9.973441763E+00 
      1298  4.294029525E+02  0.000000000E+00  9.973590771E+00 
      1299  4.298428605E+02  0.000000000E+00  9.973736553E+00 
      1300  4.302863578E+02  0.000000000E+00  9.973879466E+00 
      1301  4.307334737E+02  0.000000000E+00  9.974019850E+00 
      1302  4.311842377E+02  0.000000000E+00  9.974158028E+00 
      1303  4.316386795E+02  0.000000000E+00  9.974294312E+00 
      1304  4.320968293E+02  0.000000000E+00  9.974429003E+00 
      1305  4.325587172E+02  0.000000000E+00  9.974562389E+00 
      1306  4.330243737E+02  0.000000000E+00  9.974694752E+00 
      1307  4.334938296E+02  0.000000000E+00  9.974826362E+00 
      1308  4.339671159E+02  0.000000000E+00  9.974957482E+00 
      1309  4.344442638E+02  0.000000000E+00  9.975088369E+00 
      1310  4.349253049E+02  0.000000000E+00  9.975219272E+00 
      1311  4.354102708E+02  0.000000000E+00  9.975350430E+00 
      1312  4.358991937E+02  0.000000000E+00  9.975482080E+00 
      1313  4.363921059E+02  0.000000000E+00  9.975614448E+00 
      1314  4.368890398E+02  0.000000000E+00  9.975747753E+00 
      1315  4.373900283E+02  0.000000000E+00  9.975882210E+00 
      1316  4.378951044E+02  0.000000000E+00  9.976018023E+00 
      1317  4.384043016E+02  0.000000000E+00  9.976155390E+00 
      1318  4.389176534E+02  0.000000000E+00  9.976294500E+00 
      1319  4.394351937E+02  0.000000000E+00  9.976435537E+00 
      1320  4.399569568E+02  0.000000000E+00  9.976578674E+00 
      1321  4.404829770E+02  0.000000000E+00  9.976724077E+00 
      1322  4.410132892E+02  0.000000000E+00  9.976871903E+00 
      1323  4.415479282E+02  0.000000000E+00  9.977022301E+00 
      1324  4.420869295E+02  0.000000000E+00  9.977175411E+00 
      1325  4.426303286E+02  0.000000000E+00  9.977331366E+00 
      1326  4.431781614E+02  0.000000000E+00  9.977490288E+00 
      1327  4.437304641E+02  0.000000000E+00  9.977652294E+00 
      1328  4.442872731E+02  0.000000000E+00  9.977817491E+00 
      1329  4.448486253E+02  0.000000000E+00  9.977985976E+00 
      1330  4.454145576E+02  0.000000000E+00  9.978157842E+00 
      1331  4.459851075E+02  0.000000000E+00  9.978333173E+00 
      1332  4.465603126E+02  0.000000000E+00  9.978512044E+00 
      1333  4.471402109E+02  0.000000000E+00  9.978694524E+00 
      1334  4.477248408E+02  0.000000000E+00  9.978880678E+00 
      1335  4.483142407E+02  0.000000000E+00  9.979070560E+00 
      1336  4.489084497E+02  0.000000000E+00  9.979264222E+00 
      1337  4.495075070E+02  0.000000000E+00  9.979461707E+00 
      1338  4.501114521E+02  0.000000000E+00  9.979663057E+00 
      1339  4.507203248E+02  0.000000000E+00  9.979868306E+00 
      1340  4.513341655E+02  0.000000000E+00  9.980077483E+00 
      1341  4.519530147E+02  0.000000000E+00  9.980290614E+00 
      1342  4.525769132E+02  0.000000000E+00  9.980507723E+00 
      1343  4.532059021E+02  0.000000000E+00  9.980728827E+00 
      1344  4.538400232E+02  0.000000000E+00  9.980953942E+00 
      1345  4.544793181E+02  0.000000000E+00  9.981183080E+00 
      1346  4.551238292E+02  0.000000000E+00  9.981416250E+00 
      1347  4.557735990E+02  0.000000000E+00  9.981653459E+00 
      1348  4.564286703E+02  0.000000000E+00  9.981894710E+00 
      1349  4.570890866E+02  0.000000000E+00  9.982140005E+00 
      1350  4.577548913E+02  0.000000000E+00  9.982389342E+00 
      1351  4.584261284E+02  0.000000000E+00  9.982642716E+00 
      1352  4.591028423E+02  0.000000000E+00  9.982900122E+00 
      1353  4.597850777E+02  0.000000000E+00  9.983161549E+00 
      1354  4.604728795E+02  0.000000000E+00  9.983426982E+00 
      1355  4.611662932E+02  0.000000000E+00  9.983696405E+00 
      1356  4.618653647E+02  0.000000000E+00  9.983969796E+00 
      1357  4.625701400E+02  0.000000000E+00  9.984247128E+00 
      1358  4.632806657E+02  0.000000000E+00  9.984528369E+00 
      1359  4.639969887E+02  0.000000000E+00  9.984813480E+00 
      1360  4.647191564E+02  0.000000000E+00  9.985102416E+00 
      1361  4.654472164E+02  0.000000000E+00  9.985395123E+00 
      1362  4.661812167E+02  0.000000000E+00  9.985691537E+00 
      1363  4.669212059E+02  0.000000000E+00  9.985991586E+00 
      1364  4.676672328E+02  0.000000000E+00  9.986295185E+00 
      1365  4.684193468E+02  0.000000000E+00  9.986602240E+00 
      1366  4.691775973E+02  0.000000000E+00  9.986912641E+00 
      1367  4.699420346E+02  0.000000000E+00  9.987226269E+00 
      1368  4.707127091E+02  0.000000000E+00  9.987542994E+00 
      1369  4.714896716E+02  0.000000000E+00  9.987862675E+00 
      1370  4.722729736E+02  0.000000000E+00  9.988185165E+00 
      1371  4.730626666E+02  0.000000000E+00  9.988510320E+00 
      1372  4.738588030E+02  0.000000000E+00  9.988838003E+00 
      1373  4.746614352E+02  0.000000000E+00  9.989168098E+00 
      1374  4.754706162E+02  0.000000000E+00  9.989500530E+00 
      1375  4.762863994E+02  0.000000000E+00  9.989835288E+00 
      1376  4.771088389E+02  0.000000000E+00  9.990172462E+00 
      1377  4.779379887E+02  0.000000000E+00  9.990512284E+00 
      1378  4.787739038E+02  0.000000000E+00  9.990855194E+00 
      1379  4.796166392E+02  0.000000000E+00  9.991201919E+00 
      1380  4.804662507E+02  0.000000000E+00  9.991553573E+00 
      1381  4.813227944E+02  0.000000000E+00  9.991911798E+00 
      1382  4.821863268E+02  0.000000000E+00  9.992278930E+00 
      1383  4.830569049E+02  0.000000000E+00  9.992658229E+00 
      1384  4.839345862E+02  0.000000000E+00  9.993054154E+00 
      1385  4.848194287E+02  0.000000000E+00  9.993472730E+00 
      1386  4.857114908E+02  0.000000000E+00  9.993922002E+00 
      1387  4.866108314E+02  0.000000000E+00  9.994412628E+00 
      1388  4.875175099E+02  0.000000000E+00  9.994958627E+00 
      1389  4.884315862E+02  0.000000000E+00  9.995578351E+00 
      1390  4.893531206E+02  0.000000000E+00  9.996295742E+00 
      1391  4.902821741E+02  0.000000000E+00  9.997141972E+00 
      1392  4.912188078E+02  0.000000000E+00  9.998157614E+00 
      1393  4.921630837E+02  0.000000000E+00  9.999395539E+00 
      1394  4.931150642E+02  0.000000000E+00  1.000092481E+01 
      1395  4.940748120E+02  0.000000000E+00  1.000283603E+01 
      1396  4.950423907E+02  0.000000000E+00  1.000524866E+01 
      1397  4.960178639E+02  0.000000000E+00  1.000832145E+01 
      1398  4.970012963E+02  0.000000000E+00  1.001224995E+01 
      1399  4.979927527E+02  0.000000000E+00  1.001978821E+01 
      1400  4.989922986E+02  0.000000000E+00  1.002940620E+01 
      1401  5.000000000E+02  0.000000000E+00  1.003369160E+01 
