nodenumber     x-coordinate     y-coordinate           udm-12 
         1  0.000000000E+00  0.000000000E+00  9.997751459E+00 
         2  1.007701384E+00  0.000000000E+00  9.997844966E+00 
         3  2.007247274E+00  0.000000000E+00  9.999126265E+00 
         4  2.998703673E+00  0.000000000E+00  1.000027984E+01 
         5  3.982136051E+00  0.000000000E+00  1.000024630E+01 
         6  4.957609346E+00  0.000000000E+00  1.000023577E+01 
         7  5.925187975E+00  0.000000000E+00  1.000023583E+01 
         8  6.884935829E+00  0.000000000E+00  1.000024352E+01 
         9  7.836916284E+00  0.000000000E+00  1.000025667E+01 
        10  8.781192203E+00  0.000000000E+00  1.000027373E+01 
        11  9.717825941E+00  0.000000000E+00  1.000029356E+01 
        12  1.064687935E+01  0.000000000E+00  1.000031533E+01 
        13  1.156841377E+01  0.000000000E+00  1.000033842E+01 
        14  1.248249006E+01  0.000000000E+00  1.000036237E+01 
        15  1.338916858E+01  0.000000000E+00  1.000038684E+01 
        16  1.428850920E+01  0.000000000E+00  1.000041155E+01 
        17  1.518057130E+01  0.000000000E+00  1.000043629E+01 
        18  1.606541380E+01  0.000000000E+00  1.000046088E+01 
        19  1.694309512E+01  0.000000000E+00  1.000048518E+01 
        20  1.781367322E+01  0.000000000E+00  1.000050906E+01 
        21  1.867720559E+01  0.000000000E+00  1.000053238E+01 
        22  1.953374925E+01  0.000000000E+00  1.000055504E+01 
        23  2.038336076E+01  0.000000000E+00  1.000057692E+01 
        24  2.122609622E+01  0.000000000E+00  1.000059792E+01 
        25  2.206201128E+01  0.000000000E+00  1.000061791E+01 
        26  2.289116114E+01  0.000000000E+00  1.000063679E+01 
        27  2.371360056E+01  0.000000000E+00  1.000065443E+01 
        28  2.452938383E+01  0.000000000E+00  1.000067069E+01 
        29  2.533856484E+01  0.000000000E+00  1.000068545E+01 
        30  2.614119701E+01  0.000000000E+00  1.000069856E+01 
        31  2.693733335E+01  0.000000000E+00  1.000070986E+01 
        32  2.772702642E+01  0.000000000E+00  1.000071920E+01 
        33  2.851032837E+01  0.000000000E+00  1.000072641E+01 
        34  2.928729093E+01  0.000000000E+00  1.000073129E+01 
        35  3.005796541E+01  0.000000000E+00  1.000073368E+01 
        36  3.082240268E+01  0.000000000E+00  1.000073335E+01 
        37  3.158065324E+01  0.000000000E+00  1.000073011E+01 
        38  3.233276716E+01  0.000000000E+00  1.000072372E+01 
        39  3.307879409E+01  0.000000000E+00  1.000071395E+01 
        40  3.381878330E+01  0.000000000E+00  1.000070057E+01 
        41  3.455278365E+01  0.000000000E+00  1.000068330E+01 
        42  3.528084362E+01  0.000000000E+00  1.000066189E+01 
        43  3.600301127E+01  0.000000000E+00  1.000063605E+01 
        44  3.671933431E+01  0.000000000E+00  1.000060550E+01 
        45  3.742986002E+01  0.000000000E+00  1.000056992E+01 
        46  3.813463533E+01  0.000000000E+00  1.000052900E+01 
        47  3.883370678E+01  0.000000000E+00  1.000048241E+01 
        48  3.952712052E+01  0.000000000E+00  1.000042983E+01 
        49  4.021492235E+01  0.000000000E+00  1.000037090E+01 
        50  4.089715769E+01  0.000000000E+00  1.000030525E+01 
        51  4.157387159E+01  0.000000000E+00  1.000023252E+01 
        52  4.224510872E+01  0.000000000E+00  1.000015233E+01 
        53  4.291091342E+01  0.000000000E+00  1.000006429E+01 
        54  4.357132966E+01  0.000000000E+00  9.999967990E+00 
        55  4.422640104E+01  0.000000000E+00  9.999863027E+00 
        56  4.487617081E+01  0.000000000E+00  9.999748980E+00 
        57  4.552068189E+01  0.000000000E+00  9.999625422E+00 
        58  4.615997684E+01  0.000000000E+00  9.999491917E+00 
        59  4.679409786E+01  0.000000000E+00  9.999348022E+00 
        60  4.742308684E+01  0.000000000E+00  9.999193289E+00 
        61  4.804698530E+01  0.000000000E+00  9.999027261E+00 
        62  4.866583446E+01  0.000000000E+00  9.998849478E+00 
        63  4.927967516E+01  0.000000000E+00  9.998659474E+00 
        64  4.988854795E+01  0.000000000E+00  9.998456779E+00 
        65  5.049249303E+01  0.000000000E+00  9.998240920E+00 
        66  5.109155028E+01  0.000000000E+00  9.998011421E+00 
        67  5.168575926E+01  0.000000000E+00  9.997767805E+00 
        68  5.227515921E+01  0.000000000E+00  9.997509594E+00 
        69  5.285978905E+01  0.000000000E+00  9.997236310E+00 
        70  5.343968738E+01  0.000000000E+00  9.996947475E+00 
        71  5.401489250E+01  0.000000000E+00  9.996642614E+00 
        72  5.458544238E+01  0.000000000E+00  9.996321254E+00 
        73  5.515137472E+01  0.000000000E+00  9.995982925E+00 
        74  5.571272686E+01  0.000000000E+00  9.995627166E+00 
        75  5.626953590E+01  0.000000000E+00  9.995253516E+00 
        76  5.682183858E+01  0.000000000E+00  9.994861525E+00 
        77  5.736967139E+01  0.000000000E+00  9.994450750E+00 
        78  5.791307049E+01  0.000000000E+00  9.994020758E+00 
        79  5.845207178E+01  0.000000000E+00  9.993571126E+00 
        80  5.898671083E+01  0.000000000E+00  9.993101444E+00 
        81  5.951702297E+01  0.000000000E+00  9.992611314E+00 
        82  6.004304320E+01  0.000000000E+00  9.992100353E+00 
        83  6.056480627E+01  0.000000000E+00  9.991568196E+00 
        84  6.108234661E+01  0.000000000E+00  9.991014496E+00 
        85  6.159569842E+01  0.000000000E+00  9.990438924E+00 
        86  6.210489559E+01  0.000000000E+00  9.989841175E+00 
        87  6.260997174E+01  0.000000000E+00  9.989220966E+00 
        88  6.311096022E+01  0.000000000E+00  9.988578042E+00 
        89  6.360789412E+01  0.000000000E+00  9.987912174E+00 
        90  6.410080625E+01  0.000000000E+00  9.987223168E+00 
        91  6.458972916E+01  0.000000000E+00  9.986510858E+00 
        92  6.507469514E+01  0.000000000E+00  9.985775121E+00 
        93  6.555573621E+01  0.000000000E+00  9.985015870E+00 
        94  6.603288413E+01  0.000000000E+00  9.984233063E+00 
        95  6.650617042E+01  0.000000000E+00  9.983426707E+00 
        96  6.697562632E+01  0.000000000E+00  9.982596859E+00 
        97  6.744128283E+01  0.000000000E+00  9.981743634E+00 
        98  6.790317071E+01  0.000000000E+00  9.980867211E+00 
        99  6.836132046E+01  0.000000000E+00  9.979967834E+00 
       100  6.881576232E+01  0.000000000E+00  9.979045823E+00 
       101  6.926652631E+01  0.000000000E+00  9.978101581E+00 
       102  6.971364219E+01  0.000000000E+00  9.977135597E+00 
       103  7.015713949E+01  0.000000000E+00  9.976148460E+00 
       104  7.059704749E+01  0.000000000E+00  9.975140866E+00 
       105  7.103339524E+01  0.000000000E+00  9.974113629E+00 
       106  7.146621156E+01  0.000000000E+00  9.973067689E+00 
       107  7.189552503E+01  0.000000000E+00  9.972004131E+00 
       108  7.232136399E+01  0.000000000E+00  9.970924192E+00 
       109  7.274375656E+01  0.000000000E+00  9.969829282E+00 
       110  7.316273064E+01  0.000000000E+00  9.968720995E+00 
       111  7.357831389E+01  0.000000000E+00  9.967601130E+00 
       112  7.399053376E+01  0.000000000E+00  9.966471711E+00 
       113  7.439941746E+01  0.000000000E+00  9.965335008E+00 
       114  7.480499201E+01  0.000000000E+00  9.964193561E+00 
       115  7.520728416E+01  0.000000000E+00  9.963050204E+00 
       116  7.560632051E+01  0.000000000E+00  9.961908095E+00 
       117  7.600212738E+01  0.000000000E+00  9.960770747E+00 
       118  7.639473092E+01  0.000000000E+00  9.959642058E+00 
       119  7.678415706E+01  0.000000000E+00  9.958526353E+00 
       120  7.717043151E+01  0.000000000E+00  9.957428418E+00 
       121  7.755357977E+01  0.000000000E+00  9.956353543E+00 
       122  7.793362715E+01  0.000000000E+00  9.955307573E+00 
       123  7.831059875E+01  0.000000000E+00  9.954296954E+00 
       124  7.868451945E+01  0.000000000E+00  9.953328786E+00 
       125  7.905541395E+01  0.000000000E+00  9.952410885E+00 
       126  7.942330674E+01  0.000000000E+00  9.951551847E+00 
       127  7.978822211E+01  0.000000000E+00  9.950761109E+00 
       128  8.015018416E+01  0.000000000E+00  9.950049032E+00 
       129  8.050921679E+01  0.000000000E+00  9.949426971E+00 
       130  8.086534371E+01  0.000000000E+00  9.948907366E+00 
       131  8.121858844E+01  0.000000000E+00  9.948503834E+00 
       132  8.156897429E+01  0.000000000E+00  9.948231261E+00 
       133  8.191652442E+01  0.000000000E+00  9.948105927E+00 
       134  8.226126177E+01  0.000000000E+00  9.948145554E+00 
       135  8.260320909E+01  0.000000000E+00  9.948369499E+00 
       136  8.294238899E+01  0.000000000E+00  9.948798902E+00 
       137  8.327882384E+01  0.000000000E+00  9.949456747E+00 
       138  8.361253587E+01  0.000000000E+00  9.950368045E+00 
       139  8.394354712E+01  0.000000000E+00  9.951559995E+00 
       140  8.427187943E+01  0.000000000E+00  9.953062152E+00 
       141  8.459755450E+01  0.000000000E+00  9.954906610E+00 
       142  8.492059382E+01  0.000000000E+00  9.957128192E+00 
       143  8.524101873E+01  0.000000000E+00  9.959764657E+00 
       144  8.555885039E+01  0.000000000E+00  9.962856923E+00 
       145  8.587410979E+01  0.000000000E+00  9.966449305E+00 
       146  8.618681774E+01  0.000000000E+00  9.970589759E+00 
       147  8.649699489E+01  0.000000000E+00  9.975330163E+00 
       148  8.680466173E+01  0.000000000E+00  9.980726595E+00 
       149  8.710983857E+01  0.000000000E+00  9.986839649E+00 
       150  8.741254556E+01  0.000000000E+00  9.993734761E+00 
       151  8.771280270E+01  0.000000000E+00  1.000148257E+01 
       152  8.801062980E+01  0.000000000E+00  1.001015928E+01 
       153  8.830604654E+01  0.000000000E+00  1.001984709E+01 
       154  8.859907242E+01  0.000000000E+00  1.003063463E+01 
       155  8.888972679E+01  0.000000000E+00  1.004261741E+01 
       156  8.917802885E+01  0.000000000E+00  1.005589834E+01 
       157  8.946399764E+01  0.000000000E+00  1.007058830E+01 
       158  8.974765203E+01  0.000000000E+00  1.008680669E+01 
       159  9.002901076E+01  0.000000000E+00  1.010468211E+01 
       160  9.030809241E+01  0.000000000E+00  1.012435303E+01 
       161  9.058491540E+01  0.000000000E+00  1.014596855E+01 
       162  9.085949802E+01  0.000000000E+00  1.016968922E+01 
       163  9.113185839E+01  0.000000000E+00  1.019568796E+01 
       164  9.140201451E+01  0.000000000E+00  1.022415101E+01 
       165  9.166998421E+01  0.000000000E+00  1.025527898E+01 
       166  9.193578518E+01  0.000000000E+00  1.028928809E+01 
       167  9.219943499E+01  0.000000000E+00  1.032641140E+01 
       168  9.246095103E+01  0.000000000E+00  1.036690028E+01 
       169  9.272035058E+01  0.000000000E+00  1.041102607E+01 
       170  9.297765077E+01  0.000000000E+00  1.045908098E+01 
       171  9.323286858E+01  0.000000000E+00  1.051138071E+01 
       172  9.348602087E+01  0.000000000E+00  1.056826821E+01 
       173  9.373712436E+01  0.000000000E+00  1.063142381E+01 
       174  9.398619563E+01  0.000000000E+00  1.070034726E+01 
       175  9.423325112E+01  0.000000000E+00  1.077433035E+01 
       176  9.447830715E+01  0.000000000E+00  1.079022226E+01 
       177  9.472137990E+01  0.000000000E+00  1.081151630E+01 
       178  9.496248543E+01  0.000000000E+00  1.089779124E+01 
       179  9.520163964E+01  0.000000000E+00  1.099641135E+01 
       180  9.543885834E+01  0.000000000E+00  1.111931726E+01 
       181  9.567415720E+01  0.000000000E+00  1.124703369E+01 
       182  9.590755173E+01  0.000000000E+00  1.136991823E+01 
       183  9.613905737E+01  0.000000000E+00  1.149971115E+01 
       184  9.636868940E+01  0.000000000E+00  1.164048820E+01 
       185  9.659646297E+01  0.000000000E+00  1.179320502E+01 
       186  9.682239314E+01  0.000000000E+00  1.195891425E+01 
       187  9.704649481E+01  0.000000000E+00  1.214435421E+01 
       188  9.726878279E+01  0.000000000E+00  1.234571117E+01 
       189  9.748927176E+01  0.000000000E+00  1.256513719E+01 
       190  9.770797628E+01  0.000000000E+00  1.280365324E+01 
       191  9.792491078E+01  0.000000000E+00  1.306386304E+01 
       192  9.814008960E+01  0.000000000E+00  1.334712101E+01 
       193  9.835352693E+01  0.000000000E+00  1.364901378E+01 
       194  9.856523689E+01  0.000000000E+00  1.397828310E+01 
       195  9.877523344E+01  0.000000000E+00  1.432795990E+01 
       196  9.898353045E+01  0.000000000E+00  1.471026822E+01 
       197  9.919014168E+01  0.000000000E+00  1.513850505E+01 
       198  9.939508077E+01  0.000000000E+00  1.560797753E+01 
       199  9.959836126E+01  0.000000000E+00  1.612352230E+01 
       200  9.979999657E+01  0.000000000E+00  1.669368816E+01 
       201  1.000000000E+02  0.000000000E+00  1.550763566E+01 
       202  1.002500000E+02  0.000000000E+00  1.371076622E+01 
       203  1.005000000E+02  0.000000000E+00  1.380324626E+01 
       204  1.007500000E+02  0.000000000E+00  1.385678911E+01 
       205  1.010000000E+02  0.000000000E+00  1.388846109E+01 
       206  1.012500000E+02  0.000000000E+00  1.390413834E+01 
       207  1.015000000E+02  0.000000000E+00  1.390761950E+01 
       208  1.017500000E+02  0.000000000E+00  1.390155466E+01 
       209  1.020000000E+02  0.000000000E+00  1.388789055E+01 
       210  1.022500000E+02  0.000000000E+00  1.386810904E+01 
       211  1.025000000E+02  0.000000000E+00  1.384336717E+01 
       212  1.027500000E+02  0.000000000E+00  1.381458548E+01 
       213  1.030000000E+02  0.000000000E+00  1.378250690E+01 
       214  1.032500000E+02  0.000000000E+00  1.374773767E+01 
       215  1.035000000E+02  0.000000000E+00  1.371077684E+01 
       216  1.037500000E+02  0.000000000E+00  1.367203814E+01 
       217  1.040000000E+02  0.000000000E+00  1.363186644E+01 
       218  1.042500000E+02  0.000000000E+00  1.359055062E+01 
       219  1.045000000E+02  0.000000000E+00  1.354833352E+01 
       220  1.047500000E+02  0.000000000E+00  1.350541994E+01 
       221  1.050000000E+02  0.000000000E+00  1.346198299E+01 
       222  1.052500000E+02  0.000000000E+00  1.341816934E+01 
       223  1.055000000E+02  0.000000000E+00  1.337410345E+01 
       224  1.057500000E+02  0.000000000E+00  1.332989104E+01 
       225  1.060000000E+02  0.000000000E+00  1.328562204E+01 
       226  1.062500000E+02  0.000000000E+00  1.324137297E+01 
       227  1.065000000E+02  0.000000000E+00  1.319720896E+01 
       228  1.067500000E+02  0.000000000E+00  1.315318549E+01 
       229  1.070000000E+02  0.000000000E+00  1.310934977E+01 
       230  1.072500000E+02  0.000000000E+00  1.306574196E+01 
       231  1.075000000E+02  0.000000000E+00  1.302239623E+01 
       232  1.077500000E+02  0.000000000E+00  1.297934157E+01 
       233  1.080000000E+02  0.000000000E+00  1.293660257E+01 
       234  1.082500000E+02  0.000000000E+00  1.289420004E+01 
       235  1.085000000E+02  0.000000000E+00  1.285215154E+01 
       236  1.087500000E+02  0.000000000E+00  1.281047184E+01 
       237  1.090000000E+02  0.000000000E+00  1.276917330E+01 
       238  1.092500000E+02  0.000000000E+00  1.272826624E+01 
       239  1.095000000E+02  0.000000000E+00  1.268775918E+01 
       240  1.097500000E+02  0.000000000E+00  1.264765911E+01 
       241  1.100000000E+02  0.000000000E+00  1.260797173E+01 
       242  1.102500000E+02  0.000000000E+00  1.256870156E+01 
       243  1.105000000E+02  0.000000000E+00  1.252985215E+01 
       244  1.107500000E+02  0.000000000E+00  1.249142621E+01 
       245  1.110000000E+02  0.000000000E+00  1.245342570E+01 
       246  1.112500000E+02  0.000000000E+00  1.241585195E+01 
       247  1.115000000E+02  0.000000000E+00  1.237870573E+01 
       248  1.117500000E+02  0.000000000E+00  1.234198734E+01 
       249  1.120000000E+02  0.000000000E+00  1.230569666E+01 
       250  1.122500000E+02  0.000000000E+00  1.226983319E+01 
       251  1.125000000E+02  0.000000000E+00  1.223439615E+01 
       252  1.127500000E+02  0.000000000E+00  1.219938445E+01 
       253  1.130000000E+02  0.000000000E+00  1.216479677E+01 
       254  1.132500000E+02  0.000000000E+00  1.213063160E+01 
       255  1.135000000E+02  0.000000000E+00  1.209688721E+01 
       256  1.137500000E+02  0.000000000E+00  1.206356174E+01 
       257  1.140000000E+02  0.000000000E+00  1.203065318E+01 
       258  1.142500000E+02  0.000000000E+00  1.199815938E+01 
       259  1.145000000E+02  0.000000000E+00  1.196607810E+01 
       260  1.147500000E+02  0.000000000E+00  1.193440699E+01 
       261  1.150000000E+02  0.000000000E+00  1.190314362E+01 
       262  1.152500000E+02  0.000000000E+00  1.187228547E+01 
       263  1.155000000E+02  0.000000000E+00  1.184182998E+01 
       264  1.157500000E+02  0.000000000E+00  1.181177451E+01 
       265  1.160000000E+02  0.000000000E+00  1.178211636E+01 
       266  1.162500000E+02  0.000000000E+00  1.175285281E+01 
       267  1.165000000E+02  0.000000000E+00  1.172398106E+01 
       268  1.167500000E+02  0.000000000E+00  1.169549831E+01 
       269  1.170000000E+02  0.000000000E+00  1.166740170E+01 
       270  1.172500000E+02  0.000000000E+00  1.163968835E+01 
       271  1.175000000E+02  0.000000000E+00  1.161235536E+01 
       272  1.177500000E+02  0.000000000E+00  1.158539979E+01 
       273  1.180000000E+02  0.000000000E+00  1.155881869E+01 
       274  1.182500000E+02  0.000000000E+00  1.153260909E+01 
       275  1.185000000E+02  0.000000000E+00  1.150676800E+01 
       276  1.187500000E+02  0.000000000E+00  1.148129242E+01 
       277  1.190000000E+02  0.000000000E+00  1.145617934E+01 
       278  1.192500000E+02  0.000000000E+00  1.143142574E+01 
       279  1.195000000E+02  0.000000000E+00  1.140702857E+01 
       280  1.197500000E+02  0.000000000E+00  1.138298481E+01 
       281  1.200000000E+02  0.000000000E+00  1.135929140E+01 
       282  1.202500000E+02  0.000000000E+00  1.133594530E+01 
       283  1.205000000E+02  0.000000000E+00  1.131294345E+01 
       284  1.207500000E+02  0.000000000E+00  1.129028280E+01 
       285  1.210000000E+02  0.000000000E+00  1.126796029E+01 
       286  1.212500000E+02  0.000000000E+00  1.124597287E+01 
       287  1.215000000E+02  0.000000000E+00  1.122431750E+01 
       288  1.217500000E+02  0.000000000E+00  1.120299111E+01 
       289  1.220000000E+02  0.000000000E+00  1.118199066E+01 
       290  1.222500000E+02  0.000000000E+00  1.116131312E+01 
       291  1.225000000E+02  0.000000000E+00  1.114095545E+01 
       292  1.227500000E+02  0.000000000E+00  1.112091462E+01 
       293  1.230000000E+02  0.000000000E+00  1.110118762E+01 
       294  1.232500000E+02  0.000000000E+00  1.108177143E+01 
       295  1.235000000E+02  0.000000000E+00  1.106266306E+01 
       296  1.237500000E+02  0.000000000E+00  1.104385952E+01 
       297  1.240000000E+02  0.000000000E+00  1.102535782E+01 
       298  1.242500000E+02  0.000000000E+00  1.100715501E+01 
       299  1.245000000E+02  0.000000000E+00  1.098924813E+01 
       300  1.247500000E+02  0.000000000E+00  1.097163424E+01 
       301  1.250000000E+02  0.000000000E+00  1.095431043E+01 
       302  1.252500000E+02  0.000000000E+00  1.093727378E+01 
       303  1.255000000E+02  0.000000000E+00  1.092052141E+01 
       304  1.257500000E+02  0.000000000E+00  1.090405044E+01 
       305  1.260000000E+02  0.000000000E+00  1.088785802E+01 
       306  1.262500000E+02  0.000000000E+00  1.087194131E+01 
       307  1.265000000E+02  0.000000000E+00  1.085629750E+01 
       308  1.267500000E+02  0.000000000E+00  1.084092378E+01 
       309  1.270000000E+02  0.000000000E+00  1.082581738E+01 
       310  1.272500000E+02  0.000000000E+00  1.081097555E+01 
       311  1.275000000E+02  0.000000000E+00  1.079639556E+01 
       312  1.277500000E+02  0.000000000E+00  1.078207469E+01 
       313  1.280000000E+02  0.000000000E+00  1.076801026E+01 
       314  1.282500000E+02  0.000000000E+00  1.075419962E+01 
       315  1.285000000E+02  0.000000000E+00  1.074064011E+01 
       316  1.287500000E+02  0.000000000E+00  1.072732913E+01 
       317  1.290000000E+02  0.000000000E+00  1.071426409E+01 
       318  1.292500000E+02  0.000000000E+00  1.070144244E+01 
       319  1.295000000E+02  0.000000000E+00  1.068886164E+01 
       320  1.297500000E+02  0.000000000E+00  1.067651919E+01 
       321  1.300000000E+02  0.000000000E+00  1.066441260E+01 
       322  1.302500000E+02  0.000000000E+00  1.065253943E+01 
       323  1.305000000E+02  0.000000000E+00  1.064089726E+01 
       324  1.307500000E+02  0.000000000E+00  1.062948371E+01 
       325  1.310000000E+02  0.000000000E+00  1.061829640E+01 
       326  1.312500000E+02  0.000000000E+00  1.060733302E+01 
       327  1.315000000E+02  0.000000000E+00  1.059659125E+01 
       328  1.317500000E+02  0.000000000E+00  1.058606885E+01 
       329  1.320000000E+02  0.000000000E+00  1.057576356E+01 
       330  1.322500000E+02  0.000000000E+00  1.056567319E+01 
       331  1.325000000E+02  0.000000000E+00  1.055579558E+01 
       332  1.327500000E+02  0.000000000E+00  1.054612857E+01 
       333  1.330000000E+02  0.000000000E+00  1.053667007E+01 
       334  1.332500000E+02  0.000000000E+00  1.052741801E+01 
       335  1.335000000E+02  0.000000000E+00  1.051837036E+01 
       336  1.337500000E+02  0.000000000E+00  1.050952511E+01 
       337  1.340000000E+02  0.000000000E+00  1.050088029E+01 
       338  1.342500000E+02  0.000000000E+00  1.049243399E+01 
       339  1.345000000E+02  0.000000000E+00  1.048418430E+01 
       340  1.347500000E+02  0.000000000E+00  1.047612937E+01 
       341  1.350000000E+02  0.000000000E+00  1.046826737E+01 
       342  1.352500000E+02  0.000000000E+00  1.046059653E+01 
       343  1.355000000E+02  0.000000000E+00  1.045311508E+01 
       344  1.357500000E+02  0.000000000E+00  1.044582133E+01 
       345  1.360000000E+02  0.000000000E+00  1.043871360E+01 
       346  1.362500000E+02  0.000000000E+00  1.043179025E+01 
       347  1.365000000E+02  0.000000000E+00  1.042504969E+01 
       348  1.367500000E+02  0.000000000E+00  1.041849036E+01 
       349  1.370000000E+02  0.000000000E+00  1.041211074E+01 
       350  1.372500000E+02  0.000000000E+00  1.040590935E+01 
       351  1.375000000E+02  0.000000000E+00  1.039988474E+01 
       352  1.377500000E+02  0.000000000E+00  1.039403552E+01 
       353  1.380000000E+02  0.000000000E+00  1.038836033E+01 
       354  1.382500000E+02  0.000000000E+00  1.038285783E+01 
       355  1.385000000E+02  0.000000000E+00  1.037752675E+01 
       356  1.387500000E+02  0.000000000E+00  1.037236585E+01 
       357  1.390000000E+02  0.000000000E+00  1.036737393E+01 
       358  1.392500000E+02  0.000000000E+00  1.036254982E+01 
       359  1.395000000E+02  0.000000000E+00  1.035789240E+01 
       360  1.397500000E+02  0.000000000E+00  1.035340061E+01 
       361  1.400000000E+02  0.000000000E+00  1.034907339E+01 
       362  1.402500000E+02  0.000000000E+00  1.034490975E+01 
       363  1.405000000E+02  0.000000000E+00  1.034090875E+01 
       364  1.407500000E+02  0.000000000E+00  1.033706946E+01 
       365  1.410000000E+02  0.000000000E+00  1.033339102E+01 
       366  1.412500000E+02  0.000000000E+00  1.032987260E+01 
       367  1.415000000E+02  0.000000000E+00  1.032651341E+01 
       368  1.417500000E+02  0.000000000E+00  1.032331271E+01 
       369  1.420000000E+02  0.000000000E+00  1.032026980E+01 
       370  1.422500000E+02  0.000000000E+00  1.031738403E+01 
       371  1.425000000E+02  0.000000000E+00  1.031465477E+01 
       372  1.427500000E+02  0.000000000E+00  1.031208146E+01 
       373  1.430000000E+02  0.000000000E+00  1.030966356E+01 
       374  1.432500000E+02  0.000000000E+00  1.030740059E+01 
       375  1.435000000E+02  0.000000000E+00  1.030529211E+01 
       376  1.437500000E+02  0.000000000E+00  1.030333773E+01 
       377  1.440000000E+02  0.000000000E+00  1.030153707E+01 
       378  1.442500000E+02  0.000000000E+00  1.029988984E+01 
       379  1.445000000E+02  0.000000000E+00  1.029839577E+01 
       380  1.447500000E+02  0.000000000E+00  1.029705463E+01 
       381  1.450000000E+02  0.000000000E+00  1.029586624E+01 
       382  1.452500000E+02  0.000000000E+00  1.029483046E+01 
       383  1.455000000E+02  0.000000000E+00  1.029394721E+01 
       384  1.457500000E+02  0.000000000E+00  1.029321644E+01 
       385  1.460000000E+02  0.000000000E+00  1.029263814E+01 
       386  1.462500000E+02  0.000000000E+00  1.029221236E+01 
       387  1.465000000E+02  0.000000000E+00  1.029193918E+01 
       388  1.467500000E+02  0.000000000E+00  1.029181873E+01 
       389  1.470000000E+02  0.000000000E+00  1.029185119E+01 
       390  1.472500000E+02  0.000000000E+00  1.029203677E+01 
       391  1.475000000E+02  0.000000000E+00  1.029237574E+01 
       392  1.477500000E+02  0.000000000E+00  1.029286841E+01 
       393  1.480000000E+02  0.000000000E+00  1.029351513E+01 
       394  1.482500000E+02  0.000000000E+00  1.029431630E+01 
       395  1.485000000E+02  0.000000000E+00  1.029527237E+01 
       396  1.487500000E+02  0.000000000E+00  1.029638381E+01 
       397  1.490000000E+02  0.000000000E+00  1.029765117E+01 
       398  1.492500000E+02  0.000000000E+00  1.029907501E+01 
       399  1.495000000E+02  0.000000000E+00  1.030065597E+01 
       400  1.497500000E+02  0.000000000E+00  1.030239471E+01 
       401  1.500000000E+02  0.000000000E+00  1.030429193E+01 
       402  1.502500000E+02  0.000000000E+00  1.030634841E+01 
       403  1.505000000E+02  0.000000000E+00  1.030856493E+01 
       404  1.507500000E+02  0.000000000E+00  1.031094234E+01 
       405  1.510000000E+02  0.000000000E+00  1.031348155E+01 
       406  1.512500000E+02  0.000000000E+00  1.031618347E+01 
       407  1.515000000E+02  0.000000000E+00  1.031904910E+01 
       408  1.517500000E+02  0.000000000E+00  1.032207945E+01 
       409  1.520000000E+02  0.000000000E+00  1.032527560E+01 
       410  1.522500000E+02  0.000000000E+00  1.032863866E+01 
       411  1.525000000E+02  0.000000000E+00  1.033216978E+01 
       412  1.527500000E+02  0.000000000E+00  1.033587019E+01 
       413  1.530000000E+02  0.000000000E+00  1.033974111E+01 
       414  1.532500000E+02  0.000000000E+00  1.034378384E+01 
       415  1.535000000E+02  0.000000000E+00  1.034799972E+01 
       416  1.537500000E+02  0.000000000E+00  1.035239013E+01 
       417  1.540000000E+02  0.000000000E+00  1.035695648E+01 
       418  1.542500000E+02  0.000000000E+00  1.036170026E+01 
       419  1.545000000E+02  0.000000000E+00  1.036662297E+01 
       420  1.547500000E+02  0.000000000E+00  1.037172616E+01 
       421  1.550000000E+02  0.000000000E+00  1.037701143E+01 
       422  1.552500000E+02  0.000000000E+00  1.038248043E+01 
       423  1.555000000E+02  0.000000000E+00  1.038813483E+01 
       424  1.557500000E+02  0.000000000E+00  1.039397638E+01 
       425  1.560000000E+02  0.000000000E+00  1.040000682E+01 
       426  1.562500000E+02  0.000000000E+00  1.040622799E+01 
       427  1.565000000E+02  0.000000000E+00  1.041264173E+01 
       428  1.567500000E+02  0.000000000E+00  1.041924995E+01 
       429  1.570000000E+02  0.000000000E+00  1.042605457E+01 
       430  1.572500000E+02  0.000000000E+00  1.043305759E+01 
       431  1.575000000E+02  0.000000000E+00  1.044026102E+01 
       432  1.577500000E+02  0.000000000E+00  1.044766693E+01 
       433  1.580000000E+02  0.000000000E+00  1.045527741E+01 
       434  1.582500000E+02  0.000000000E+00  1.046309463E+01 
       435  1.585000000E+02  0.000000000E+00  1.047112075E+01 
       436  1.587500000E+02  0.000000000E+00  1.047935801E+01 
       437  1.590000000E+02  0.000000000E+00  1.048780868E+01 
       438  1.592500000E+02  0.000000000E+00  1.049647504E+01 
       439  1.595000000E+02  0.000000000E+00  1.050535946E+01 
       440  1.597500000E+02  0.000000000E+00  1.051446431E+01 
       441  1.600000000E+02  0.000000000E+00  1.052379201E+01 
       442  1.602500000E+02  0.000000000E+00  1.053334501E+01 
       443  1.605000000E+02  0.000000000E+00  1.054312583E+01 
       444  1.607500000E+02  0.000000000E+00  1.055313697E+01 
       445  1.610000000E+02  0.000000000E+00  1.056338103E+01 
       446  1.612500000E+02  0.000000000E+00  1.057386059E+01 
       447  1.615000000E+02  0.000000000E+00  1.058457831E+01 
       448  1.617500000E+02  0.000000000E+00  1.059553686E+01 
       449  1.620000000E+02  0.000000000E+00  1.060673895E+01 
       450  1.622500000E+02  0.000000000E+00  1.061818732E+01 
       451  1.625000000E+02  0.000000000E+00  1.062988476E+01 
       452  1.627500000E+02  0.000000000E+00  1.064183408E+01 
       453  1.630000000E+02  0.000000000E+00  1.065403811E+01 
       454  1.632500000E+02  0.000000000E+00  1.066649975E+01 
       455  1.635000000E+02  0.000000000E+00  1.067922190E+01 
       456  1.637500000E+02  0.000000000E+00  1.069220749E+01 
       457  1.640000000E+02  0.000000000E+00  1.070545949E+01 
       458  1.642500000E+02  0.000000000E+00  1.071898092E+01 
       459  1.645000000E+02  0.000000000E+00  1.073277478E+01 
       460  1.647500000E+02  0.000000000E+00  1.074684415E+01 
       461  1.650000000E+02  0.000000000E+00  1.076119210E+01 
       462  1.652500000E+02  0.000000000E+00  1.077582174E+01 
       463  1.655000000E+02  0.000000000E+00  1.079073622E+01 
       464  1.657500000E+02  0.000000000E+00  1.080593869E+01 
       465  1.660000000E+02  0.000000000E+00  1.082143234E+01 
       466  1.662500000E+02  0.000000000E+00  1.083722038E+01 
       467  1.665000000E+02  0.000000000E+00  1.085330604E+01 
       468  1.667500000E+02  0.000000000E+00  1.086969258E+01 
       469  1.670000000E+02  0.000000000E+00  1.088638328E+01 
       470  1.672500000E+02  0.000000000E+00  1.090338144E+01 
       471  1.675000000E+02  0.000000000E+00  1.092069036E+01 
       472  1.677500000E+02  0.000000000E+00  1.093831339E+01 
       473  1.680000000E+02  0.000000000E+00  1.095625388E+01 
       474  1.682500000E+02  0.000000000E+00  1.097451521E+01 
       475  1.685000000E+02  0.000000000E+00  1.099310074E+01 
       476  1.687500000E+02  0.000000000E+00  1.101201390E+01 
       477  1.690000000E+02  0.000000000E+00  1.103125809E+01 
       478  1.692500000E+02  0.000000000E+00  1.105083673E+01 
       479  1.695000000E+02  0.000000000E+00  1.107075328E+01 
       480  1.697500000E+02  0.000000000E+00  1.109101118E+01 
       481  1.700000000E+02  0.000000000E+00  1.111161388E+01 
       482  1.702500000E+02  0.000000000E+00  1.113256487E+01 
       483  1.705000000E+02  0.000000000E+00  1.115386760E+01 
       484  1.707500000E+02  0.000000000E+00  1.117552558E+01 
       485  1.710000000E+02  0.000000000E+00  1.119754228E+01 
       486  1.712500000E+02  0.000000000E+00  1.121992120E+01 
       487  1.715000000E+02  0.000000000E+00  1.124266583E+01 
       488  1.717500000E+02  0.000000000E+00  1.126577967E+01 
       489  1.720000000E+02  0.000000000E+00  1.128926621E+01 
       490  1.722500000E+02  0.000000000E+00  1.131312896E+01 
       491  1.725000000E+02  0.000000000E+00  1.133737140E+01 
       492  1.727500000E+02  0.000000000E+00  1.136199703E+01 
       493  1.730000000E+02  0.000000000E+00  1.138700934E+01 
       494  1.732500000E+02  0.000000000E+00  1.141241180E+01 
       495  1.735000000E+02  0.000000000E+00  1.143820789E+01 
       496  1.737500000E+02  0.000000000E+00  1.146440108E+01 
       497  1.740000000E+02  0.000000000E+00  1.149099482E+01 
       498  1.742500000E+02  0.000000000E+00  1.151799255E+01 
       499  1.745000000E+02  0.000000000E+00  1.154539771E+01 
       500  1.747500000E+02  0.000000000E+00  1.157321372E+01 
       501  1.750000000E+02  0.000000000E+00  1.160144398E+01 
       502  1.752500000E+02  0.000000000E+00  1.163009187E+01 
       503  1.755000000E+02  0.000000000E+00  1.165916076E+01 
       504  1.757500000E+02  0.000000000E+00  1.168865401E+01 
       505  1.760000000E+02  0.000000000E+00  1.171857494E+01 
       506  1.762500000E+02  0.000000000E+00  1.174892685E+01 
       507  1.765000000E+02  0.000000000E+00  1.177971303E+01 
       508  1.767500000E+02  0.000000000E+00  1.181093673E+01 
       509  1.770000000E+02  0.000000000E+00  1.184260119E+01 
       510  1.772500000E+02  0.000000000E+00  1.187470959E+01 
       511  1.775000000E+02  0.000000000E+00  1.190726512E+01 
       512  1.777500000E+02  0.000000000E+00  1.194027090E+01 
       513  1.780000000E+02  0.000000000E+00  1.197373005E+01 
       514  1.782500000E+02  0.000000000E+00  1.200764564E+01 
       515  1.785000000E+02  0.000000000E+00  1.204202069E+01 
       516  1.787500000E+02  0.000000000E+00  1.207685822E+01 
       517  1.790000000E+02  0.000000000E+00  1.211216116E+01 
       518  1.792500000E+02  0.000000000E+00  1.214793244E+01 
       519  1.795000000E+02  0.000000000E+00  1.218417493E+01 
       520  1.797500000E+02  0.000000000E+00  1.222089145E+01 
       521  1.800000000E+02  0.000000000E+00  1.225808478E+01 
       522  1.802500000E+02  0.000000000E+00  1.229575766E+01 
       523  1.805000000E+02  0.000000000E+00  1.233391276E+01 
       524  1.807500000E+02  0.000000000E+00  1.237255271E+01 
       525  1.810000000E+02  0.000000000E+00  1.241168008E+01 
       526  1.812500000E+02  0.000000000E+00  1.245129738E+01 
       527  1.815000000E+02  0.000000000E+00  1.249140707E+01 
       528  1.817500000E+02  0.000000000E+00  1.253201155E+01 
       529  1.820000000E+02  0.000000000E+00  1.257311314E+01 
       530  1.822500000E+02  0.000000000E+00  1.261471410E+01 
       531  1.825000000E+02  0.000000000E+00  1.265681661E+01 
       532  1.827500000E+02  0.000000000E+00  1.269942281E+01 
       533  1.830000000E+02  0.000000000E+00  1.274253472E+01 
       534  1.832500000E+02  0.000000000E+00  1.278615431E+01 
       535  1.835000000E+02  0.000000000E+00  1.283028344E+01 
       536  1.837500000E+02  0.000000000E+00  1.287492390E+01 
       537  1.840000000E+02  0.000000000E+00  1.292007737E+01 
       538  1.842500000E+02  0.000000000E+00  1.296574544E+01 
       539  1.845000000E+02  0.000000000E+00  1.301192958E+01 
       540  1.847500000E+02  0.000000000E+00  1.305863115E+01 
       541  1.850000000E+02  0.000000000E+00  1.310585139E+01 
       542  1.852500000E+02  0.000000000E+00  1.315359141E+01 
       543  1.855000000E+02  0.000000000E+00  1.320185215E+01 
       544  1.857500000E+02  0.000000000E+00  1.325063442E+01 
       545  1.860000000E+02  0.000000000E+00  1.329993884E+01 
       546  1.862500000E+02  0.000000000E+00  1.334976586E+01 
       547  1.865000000E+02  0.000000000E+00  1.340011571E+01 
       548  1.867500000E+02  0.000000000E+00  1.345098839E+01 
       549  1.870000000E+02  0.000000000E+00  1.350238365E+01 
       550  1.872500000E+02  0.000000000E+00  1.355430095E+01 
       551  1.875000000E+02  0.000000000E+00  1.360673945E+01 
       552  1.877500000E+02  0.000000000E+00  1.365969793E+01 
       553  1.880000000E+02  0.000000000E+00  1.371317478E+01 
       554  1.882500000E+02  0.000000000E+00  1.376716794E+01 
       555  1.885000000E+02  0.000000000E+00  1.382167483E+01 
       556  1.887500000E+02  0.000000000E+00  1.387669228E+01 
       557  1.890000000E+02  0.000000000E+00  1.393221646E+01 
       558  1.892500000E+02  0.000000000E+00  1.398824278E+01 
       559  1.895000000E+02  0.000000000E+00  1.404476575E+01 
       560  1.897500000E+02  0.000000000E+00  1.410177891E+01 
       561  1.900000000E+02  0.000000000E+00  1.415927463E+01 
       562  1.902500000E+02  0.000000000E+00  1.421724395E+01 
       563  1.905000000E+02  0.000000000E+00  1.427567637E+01 
       564  1.907500000E+02  0.000000000E+00  1.433455963E+01 
       565  1.910000000E+02  0.000000000E+00  1.439387941E+01 
       566  1.912500000E+02  0.000000000E+00  1.445361902E+01 
       567  1.915000000E+02  0.000000000E+00  1.451375903E+01 
       568  1.917500000E+02  0.000000000E+00  1.457427680E+01 
       569  1.920000000E+02  0.000000000E+00  1.463514597E+01 
       570  1.922500000E+02  0.000000000E+00  1.469633589E+01 
       571  1.925000000E+02  0.000000000E+00  1.475781086E+01 
       572  1.927500000E+02  0.000000000E+00  1.481952934E+01 
       573  1.930000000E+02  0.000000000E+00  1.488144295E+01 
       574  1.932500000E+02  0.000000000E+00  1.494349532E+01 
       575  1.935000000E+02  0.000000000E+00  1.500562077E+01 
       576  1.937500000E+02  0.000000000E+00  1.506774268E+01 
       577  1.940000000E+02  0.000000000E+00  1.512977163E+01 
       578  1.942500000E+02  0.000000000E+00  1.519160318E+01 
       579  1.945000000E+02  0.000000000E+00  1.525311517E+01 
       580  1.947500000E+02  0.000000000E+00  1.531416463E+01 
       581  1.950000000E+02  0.000000000E+00  1.537458397E+01 
       582  1.952500000E+02  0.000000000E+00  1.543417643E+01 
       583  1.955000000E+02  0.000000000E+00  1.549271061E+01 
       584  1.957500000E+02  0.000000000E+00  1.554991385E+01 
       585  1.960000000E+02  0.000000000E+00  1.560546402E+01 
       586  1.962500000E+02  0.000000000E+00  1.565897956E+01 
       587  1.965000000E+02  0.000000000E+00  1.571000693E+01 
       588  1.967500000E+02  0.000000000E+00  1.575800486E+01 
       589  1.970000000E+02  0.000000000E+00  1.580232427E+01 
       590  1.972500000E+02  0.000000000E+00  1.584218218E+01 
       591  1.975000000E+02  0.000000000E+00  1.587662726E+01 
       592  1.977500000E+02  0.000000000E+00  1.590449308E+01 
       593  1.980000000E+02  0.000000000E+00  1.592433318E+01 
       594  1.982500000E+02  0.000000000E+00  1.593432732E+01 
       595  1.985000000E+02  0.000000000E+00  1.593214029E+01 
       596  1.987500000E+02  0.000000000E+00  1.591469721E+01 
       597  1.990000000E+02  0.000000000E+00  1.587779894E+01 
       598  1.992500000E+02  0.000000000E+00  1.581540087E+01 
       599  1.995000000E+02  0.000000000E+00  1.571810348E+01 
       600  1.997500000E+02  0.000000000E+00  1.555803736E+01 
       601  2.000000000E+02  0.000000000E+00  1.842719277E+01 
       602  2.001999988E+02  0.000000000E+00  2.029631769E+01 
       603  2.004032879E+02  0.000000000E+00  1.932850996E+01 
       604  2.006099214E+02  0.000000000E+00  1.846043487E+01 
       605  2.008199543E+02  0.000000000E+00  1.767594016E+01 
       606  2.010334426E+02  0.000000000E+00  1.696562505E+01 
       607  2.012504431E+02  0.000000000E+00  1.632138520E+01 
       608  2.014710137E+02  0.000000000E+00  1.573619686E+01 
       609  2.016952129E+02  0.000000000E+00  1.520394416E+01 
       610  2.019231006E+02  0.000000000E+00  1.471927918E+01 
       611  2.021547374E+02  0.000000000E+00  1.427750704E+01 
       612  2.023901849E+02  0.000000000E+00  1.387449080E+01 
       613  2.026295060E+02  0.000000000E+00  1.350657232E+01 
       614  2.028727642E+02  0.000000000E+00  1.317050590E+01 
       615  2.031200245E+02  0.000000000E+00  1.285756645E+01 
       616  2.033713525E+02  0.000000000E+00  1.256579979E+01 
       617  2.036268153E+02  0.000000000E+00  1.240626207E+01 
       618  2.038864808E+02  0.000000000E+00  1.226565836E+01 
       619  2.041504183E+02  0.000000000E+00  1.202752429E+01 
       620  2.044186979E+02  0.000000000E+00  1.181145653E+01 
       621  2.046913911E+02  0.000000000E+00  1.162024965E+01 
       622  2.049685706E+02  0.000000000E+00  1.144569317E+01 
       623  2.052503101E+02  0.000000000E+00  1.128641528E+01 
       624  2.055366847E+02  0.000000000E+00  1.114116743E+01 
       625  2.058277705E+02  0.000000000E+00  1.100881079E+01 
       626  2.061236452E+02  0.000000000E+00  1.088830448E+01 
       627  2.064243875E+02  0.000000000E+00  1.077869531E+01 
       628  2.067300774E+02  0.000000000E+00  1.067910884E+01 
       629  2.070407965E+02  0.000000000E+00  1.058874152E+01 
       630  2.073566273E+02  0.000000000E+00  1.050685382E+01 
       631  2.076776540E+02  0.000000000E+00  1.043276423E+01 
       632  2.080039622E+02  0.000000000E+00  1.036584387E+01 
       633  2.083356386E+02  0.000000000E+00  1.030551190E+01 
       634  2.086727716E+02  0.000000000E+00  1.025123129E+01 
       635  2.090154510E+02  0.000000000E+00  1.020250522E+01 
       636  2.093637679E+02  0.000000000E+00  1.015887377E+01 
       637  2.097178153E+02  0.000000000E+00  1.011991104E+01 
       638  2.100776872E+02  0.000000000E+00  1.008522252E+01 
       639  2.104434797E+02  0.000000000E+00  1.005444281E+01 
       640  2.108152899E+02  0.000000000E+00  1.002723347E+01 
       641  2.111932170E+02  0.000000000E+00  1.000328111E+01 
       642  2.115773617E+02  0.000000000E+00  9.982295695E+00 
       643  2.119678260E+02  0.000000000E+00  9.964008935E+00 
       644  2.123647142E+02  0.000000000E+00  9.948172841E+00 
       645  2.127681317E+02  0.000000000E+00  9.934558382E+00 
       646  2.131781861E+02  0.000000000E+00  9.922954240E+00 
       647  2.135949866E+02  0.000000000E+00  9.913165657E+00 
       648  2.140186441E+02  0.000000000E+00  9.905013350E+00 
       649  2.144492713E+02  0.000000000E+00  9.898332496E+00 
       650  2.148869831E+02  0.000000000E+00  9.892971776E+00 
       651  2.153318959E+02  0.000000000E+00  9.888792470E+00 
       652  2.157841282E+02  0.000000000E+00  9.885667605E+00 
       653  2.162438005E+02  0.000000000E+00  9.883481149E+00 
       654  2.167110350E+02  0.000000000E+00  9.882127244E+00 
       655  2.171859563E+02  0.000000000E+00  9.881509393E+00 
       656  2.176686908E+02  0.000000000E+00  9.881539823E+00 
       657  2.181593671E+02  0.000000000E+00  9.882138987E+00 
       658  2.186581157E+02  0.000000000E+00  9.883234770E+00 
       659  2.191650695E+02  0.000000000E+00  9.884761846E+00 
       660  2.196803635E+02  0.000000000E+00  9.886661222E+00 
       661  2.202041348E+02  0.000000000E+00  9.888879686E+00 
       662  2.207365230E+02  0.000000000E+00  9.891369313E+00 
       663  2.212776699E+02  0.000000000E+00  9.894086998E+00 
       664  2.218277194E+02  0.000000000E+00  9.896994018E+00 
       665  2.223868182E+02  0.000000000E+00  9.900055631E+00 
       666  2.229551149E+02  0.000000000E+00  9.903240696E+00 
       667  2.235327610E+02  0.000000000E+00  9.906521322E+00 
       668  2.241199103E+02  0.000000000E+00  9.909872549E+00 
       669  2.247167191E+02  0.000000000E+00  9.913272050E+00 
       670  2.253233464E+02  0.000000000E+00  9.916699858E+00 
       671  2.259399536E+02  0.000000000E+00  9.920138121E+00 
       672  2.265667050E+02  0.000000000E+00  9.923570875E+00 
       673  2.272037674E+02  0.000000000E+00  9.926983842E+00 
       674  2.278513104E+02  0.000000000E+00  9.930364246E+00 
       675  2.285095066E+02  0.000000000E+00  9.933700647E+00 
       676  2.291785311E+02  0.000000000E+00  9.936982795E+00 
       677  2.298585621E+02  0.000000000E+00  9.940201498E+00 
       678  2.305497807E+02  0.000000000E+00  9.943348502E+00 
       679  2.312523708E+02  0.000000000E+00  9.946416391E+00 
       680  2.319665197E+02  0.000000000E+00  9.949398489E+00 
       681  2.326924175E+02  0.000000000E+00  9.952288780E+00 
       682  2.334302574E+02  0.000000000E+00  9.955081834E+00 
       683  2.341802359E+02  0.000000000E+00  9.957772735E+00 
       684  2.349425527E+02  0.000000000E+00  9.960357027E+00 
       685  2.357174108E+02  0.000000000E+00  9.962830649E+00 
       686  2.365050165E+02  0.000000000E+00  9.965189889E+00 
       687  2.373055796E+02  0.000000000E+00  9.967431324E+00 
       688  2.381193132E+02  0.000000000E+00  9.969551778E+00 
       689  2.389464340E+02  0.000000000E+00  9.971548264E+00 
       690  2.397871622E+02  0.000000000E+00  9.973417934E+00 
       691  2.406417216E+02  0.000000000E+00  9.975158025E+00 
       692  2.415103399E+02  0.000000000E+00  9.976765796E+00 
       693  2.423932484E+02  0.000000000E+00  9.978238472E+00 
       694  2.432906820E+02  0.000000000E+00  9.979573164E+00 
       695  2.442028798E+02  0.000000000E+00  9.980766807E+00 
       696  2.451300847E+02  0.000000000E+00  9.981816063E+00 
       697  2.460725436E+02  0.000000000E+00  9.982717243E+00 
       698  2.470305073E+02  0.000000000E+00  9.983466193E+00 
       699  2.480042311E+02  0.000000000E+00  9.984058194E+00 
       700  2.489939742E+02  0.000000000E+00  9.984487828E+00 
       701  2.500000000E+02  0.000000000E+00  9.984748803E+00 
       702  2.510060258E+02  0.000000000E+00  9.984834094E+00 
       703  2.519957689E+02  0.000000000E+00  9.984747082E+00 
       704  2.529694927E+02  0.000000000E+00  9.984495667E+00 
       705  2.539274564E+02  0.000000000E+00  9.984086941E+00 
       706  2.548699153E+02  0.000000000E+00  9.983527088E+00 
       707  2.557971202E+02  0.000000000E+00  9.982821525E+00 
       708  2.567093180E+02  0.000000000E+00  9.981975016E+00 
       709  2.576067516E+02  0.000000000E+00  9.980991762E+00 
       710  2.584896601E+02  0.000000000E+00  9.979875484E+00 
       711  2.593582784E+02  0.000000000E+00  9.978629500E+00 
       712  2.602128379E+02  0.000000000E+00  9.977256789E+00 
       713  2.610535660E+02  0.000000000E+00  9.975760042E+00 
       714  2.618806868E+02  0.000000000E+00  9.974141713E+00 
       715  2.626944204E+02  0.000000000E+00  9.972404047E+00 
       716  2.634949835E+02  0.000000000E+00  9.970549112E+00 
       717  2.642825892E+02  0.000000000E+00  9.968578808E+00 
       718  2.650574473E+02  0.000000000E+00  9.966494878E+00 
       719  2.658197641E+02  0.000000000E+00  9.964298899E+00 
       720  2.665697426E+02  0.000000000E+00  9.961992268E+00 
       721  2.673075825E+02  0.000000000E+00  9.959576180E+00 
       722  2.680334803E+02  0.000000000E+00  9.957051588E+00 
       723  2.687476292E+02  0.000000000E+00  9.954419158E+00 
       724  2.694502193E+02  0.000000000E+00  9.951679206E+00 
       725  2.701414379E+02  0.000000000E+00  9.948831631E+00 
       726  2.708214689E+02  0.000000000E+00  9.945875829E+00 
       727  2.714904934E+02  0.000000000E+00  9.942810591E+00 
       728  2.721486896E+02  0.000000000E+00  9.939633993E+00 
       729  2.727962326E+02  0.000000000E+00  9.936343268E+00 
       730  2.734332950E+02  0.000000000E+00  9.932934659E+00 
       731  2.740600464E+02  0.000000000E+00  9.929403256E+00 
       732  2.746766536E+02  0.000000000E+00  9.925742819E+00 
       733  2.752832808E+02  0.000000000E+00  9.921945578E+00 
       734  2.758800897E+02  0.000000000E+00  9.918002011E+00 
       735  2.764672390E+02  0.000000000E+00  9.913900608E+00 
       736  2.770448851E+02  0.000000000E+00  9.909627607E+00 
       737  2.776131818E+02  0.000000000E+00  9.905166716E+00 
       738  2.781722806E+02  0.000000000E+00  9.900498801E+00 
       739  2.787223301E+02  0.000000000E+00  9.895601563E+00 
       740  2.792634769E+02  0.000000000E+00  9.890449186E+00 
       741  2.797958652E+02  0.000000000E+00  9.885011965E+00 
       742  2.803196365E+02  0.000000000E+00  9.879255908E+00 
       743  2.808349305E+02  0.000000000E+00  9.873142324E+00 
       744  2.813418843E+02  0.000000000E+00  9.866627383E+00 
       745  2.818406329E+02  0.000000000E+00  9.859661665E+00 
       746  2.823313092E+02  0.000000000E+00  9.852189686E+00 
       747  2.828140437E+02  0.000000000E+00  9.844149417E+00 
       748  2.832889650E+02  0.000000000E+00  9.835471787E+00 
       749  2.837561995E+02  0.000000000E+00  9.826080186E+00 
       750  2.842158718E+02  0.000000000E+00  9.815889956E+00 
       751  2.846681041E+02  0.000000000E+00  9.804807898E+00 
       752  2.851130169E+02  0.000000000E+00  9.792731777E+00 
       753  2.855507287E+02  0.000000000E+00  9.779549852E+00 
       754  2.859813560E+02  0.000000000E+00  9.765140426E+00 
       755  2.864050134E+02  0.000000000E+00  9.749371431E+00 
       756  2.868218139E+02  0.000000000E+00  9.732100053E+00 
       757  2.872318683E+02  0.000000000E+00  9.713172412E+00 
       758  2.876352858E+02  0.000000000E+00  9.692423312E+00 
       759  2.880321740E+02  0.000000000E+00  9.669676055E+00 
       760  2.884226383E+02  0.000000000E+00  9.644742363E+00 
       761  2.888067830E+02  0.000000000E+00  9.617422391E+00 
       762  2.891847101E+02  0.000000000E+00  9.587504865E+00 
       763  2.895565204E+02  0.000000000E+00  9.554767362E+00 
       764  2.899223128E+02  0.000000000E+00  9.518976722E+00 
       765  2.902821847E+02  0.000000000E+00  9.479889655E+00 
       766  2.906362321E+02  0.000000000E+00  9.437253499E+00 
       767  2.909845490E+02  0.000000000E+00  9.390807201E+00 
       768  2.913272284E+02  0.000000000E+00  9.340282500E+00 
       769  2.916643614E+02  0.000000000E+00  9.285405322E+00 
       770  2.919960378E+02  0.000000000E+00  9.225897442E+00 
       771  2.923223460E+02  0.000000000E+00  9.161478354E+00 
       772  2.926433727E+02  0.000000000E+00  9.091867415E+00 
       773  2.929592035E+02  0.000000000E+00  9.016786226E+00 
       774  2.932699226E+02  0.000000000E+00  8.935961272E+00 
       775  2.935756125E+02  0.000000000E+00  8.849126799E+00 
       776  2.938763548E+02  0.000000000E+00  8.756027907E+00 
       777  2.941722295E+02  0.000000000E+00  8.656423869E+00 
       778  2.944633153E+02  0.000000000E+00  8.550091627E+00 
       779  2.947496899E+02  0.000000000E+00  8.436829426E+00 
       780  2.950314294E+02  0.000000000E+00  8.316460582E+00 
       781  2.953086088E+02  0.000000000E+00  8.188837285E+00 
       782  2.955813021E+02  0.000000000E+00  8.053844419E+00 
       783  2.958495817E+02  0.000000000E+00  7.911403352E+00 
       784  2.961135192E+02  0.000000000E+00  7.761475588E+00 
       785  2.963731847E+02  0.000000000E+00  7.604066216E+00 
       786  2.966286475E+02  0.000000000E+00  7.439227129E+00 
       787  2.968799755E+02  0.000000000E+00  7.267059882E+00 
       788  2.971272358E+02  0.000000000E+00  7.087718130E+00 
       789  2.973704940E+02  0.000000000E+00  6.901409601E+00 
       790  2.976098151E+02  0.000000000E+00  6.708397475E+00 
       791  2.978452626E+02  0.000000000E+00  6.509001170E+00 
       792  2.980768994E+02  0.000000000E+00  6.303596439E+00 
       793  2.983047871E+02  0.000000000E+00  6.092614729E+00 
       794  2.985289863E+02  0.000000000E+00  5.876541861E+00 
       795  2.987495568E+02  0.000000000E+00  5.994018706E+00 
       796  2.989665574E+02  0.000000000E+00  6.119978172E+00 
       797  2.991800457E+02  0.000000000E+00  5.927680694E+00 
       798  2.993900786E+02  0.000000000E+00  5.732868040E+00 
       799  2.995967121E+02  0.000000000E+00  5.536278942E+00 
       800  2.998000012E+02  0.000000000E+00  5.339091826E+00 
       801  3.000000000E+02  0.000000000E+00  5.718273912E+00 
       802  3.002500000E+02  0.000000000E+00  6.284054455E+00 
       803  3.005000000E+02  0.000000000E+00  6.237409858E+00 
       804  3.007500000E+02  0.000000000E+00  6.212445404E+00 
       805  3.010000000E+02  0.000000000E+00  6.200592543E+00 
       806  3.012500000E+02  0.000000000E+00  6.198555920E+00 
       807  3.015000000E+02  0.000000000E+00  6.204136999E+00 
       808  3.017500000E+02  0.000000000E+00  6.215764141E+00 
       809  3.020000000E+02  0.000000000E+00  6.232261201E+00 
       810  3.022500000E+02  0.000000000E+00  6.252719882E+00 
       811  3.025000000E+02  0.000000000E+00  6.276422726E+00 
       812  3.027500000E+02  0.000000000E+00  6.302793383E+00 
       813  3.030000000E+02  0.000000000E+00  6.331362780E+00 
       814  3.032500000E+02  0.000000000E+00  6.361745202E+00 
       815  3.035000000E+02  0.000000000E+00  6.393620838E+00 
       816  3.037500000E+02  0.000000000E+00  6.426722700E+00 
       817  3.040000000E+02  0.000000000E+00  6.460826628E+00 
       818  3.042500000E+02  0.000000000E+00  6.495743528E+00 
       819  3.045000000E+02  0.000000000E+00  6.531313246E+00 
       820  3.047500000E+02  0.000000000E+00  6.567399679E+00 
       821  3.050000000E+02  0.000000000E+00  6.603886826E+00 
       822  3.052500000E+02  0.000000000E+00  6.640675574E+00 
       823  3.055000000E+02  0.000000000E+00  6.677681065E+00 
       824  3.057500000E+02  0.000000000E+00  6.714830518E+00 
       825  3.060000000E+02  0.000000000E+00  6.752061414E+00 
       826  3.062500000E+02  0.000000000E+00  6.789319985E+00 
       827  3.065000000E+02  0.000000000E+00  6.826559942E+00 
       828  3.067500000E+02  0.000000000E+00  6.863741399E+00 
       829  3.070000000E+02  0.000000000E+00  6.900829972E+00 
       830  3.072500000E+02  0.000000000E+00  6.937796001E+00 
       831  3.075000000E+02  0.000000000E+00  6.974613897E+00 
       832  3.077500000E+02  0.000000000E+00  7.011261582E+00 
       833  3.080000000E+02  0.000000000E+00  7.047720010E+00 
       834  3.082500000E+02  0.000000000E+00  7.083972754E+00 
       835  3.085000000E+02  0.000000000E+00  7.120005655E+00 
       836  3.087500000E+02  0.000000000E+00  7.155806521E+00 
       837  3.090000000E+02  0.000000000E+00  7.191364860E+00 
       838  3.092500000E+02  0.000000000E+00  7.226671660E+00 
       839  3.095000000E+02  0.000000000E+00  7.261719193E+00 
       840  3.097500000E+02  0.000000000E+00  7.296500849E+00 
       841  3.100000000E+02  0.000000000E+00  7.331010987E+00 
       842  3.102500000E+02  0.000000000E+00  7.365244814E+00 
       843  3.105000000E+02  0.000000000E+00  7.399198274E+00 
       844  3.107500000E+02  0.000000000E+00  7.432867955E+00 
       845  3.110000000E+02  0.000000000E+00  7.466251007E+00 
       846  3.112500000E+02  0.000000000E+00  7.499345074E+00 
       847  3.115000000E+02  0.000000000E+00  7.532148227E+00 
       848  3.117500000E+02  0.000000000E+00  7.564658917E+00 
       849  3.120000000E+02  0.000000000E+00  7.596875925E+00 
       850  3.122500000E+02  0.000000000E+00  7.628798325E+00 
       851  3.125000000E+02  0.000000000E+00  7.660425445E+00 
       852  3.127500000E+02  0.000000000E+00  7.691756841E+00 
       853  3.130000000E+02  0.000000000E+00  7.722792268E+00 
       854  3.132500000E+02  0.000000000E+00  7.753531657E+00 
       855  3.135000000E+02  0.000000000E+00  7.783975099E+00 
       856  3.137500000E+02  0.000000000E+00  7.814122820E+00 
       857  3.140000000E+02  0.000000000E+00  7.843975173E+00 
       858  3.142500000E+02  0.000000000E+00  7.873532620E+00 
       859  3.145000000E+02  0.000000000E+00  7.902795726E+00 
       860  3.147500000E+02  0.000000000E+00  7.931765139E+00 
       861  3.150000000E+02  0.000000000E+00  7.960441593E+00 
       862  3.152500000E+02  0.000000000E+00  7.988825892E+00 
       863  3.155000000E+02  0.000000000E+00  8.016918903E+00 
       864  3.157500000E+02  0.000000000E+00  8.044721557E+00 
       865  3.160000000E+02  0.000000000E+00  8.072234836E+00 
       866  3.162500000E+02  0.000000000E+00  8.099459772E+00 
       867  3.165000000E+02  0.000000000E+00  8.126397442E+00 
       868  3.167500000E+02  0.000000000E+00  8.153048965E+00 
       869  3.170000000E+02  0.000000000E+00  8.179415499E+00 
       870  3.172500000E+02  0.000000000E+00  8.205498234E+00 
       871  3.175000000E+02  0.000000000E+00  8.231298396E+00 
       872  3.177500000E+02  0.000000000E+00  8.256817240E+00 
       873  3.180000000E+02  0.000000000E+00  8.282056048E+00 
       874  3.182500000E+02  0.000000000E+00  8.307016129E+00 
       875  3.185000000E+02  0.000000000E+00  8.331698818E+00 
       876  3.187500000E+02  0.000000000E+00  8.356105469E+00 
       877  3.190000000E+02  0.000000000E+00  8.380237460E+00 
       878  3.192500000E+02  0.000000000E+00  8.404096190E+00 
       879  3.195000000E+02  0.000000000E+00  8.427683073E+00 
       880  3.197500000E+02  0.000000000E+00  8.450999544E+00 
       881  3.200000000E+02  0.000000000E+00  8.474047053E+00 
       882  3.202500000E+02  0.000000000E+00  8.496827065E+00 
       883  3.205000000E+02  0.000000000E+00  8.519341062E+00 
       884  3.207500000E+02  0.000000000E+00  8.541590536E+00 
       885  3.210000000E+02  0.000000000E+00  8.563576996E+00 
       886  3.212500000E+02  0.000000000E+00  8.585301961E+00 
       887  3.215000000E+02  0.000000000E+00  8.606766959E+00 
       888  3.217500000E+02  0.000000000E+00  8.627973534E+00 
       889  3.220000000E+02  0.000000000E+00  8.648923235E+00 
       890  3.222500000E+02  0.000000000E+00  8.669617624E+00 
       891  3.225000000E+02  0.000000000E+00  8.690058268E+00 
       892  3.227500000E+02  0.000000000E+00  8.710246746E+00 
       893  3.230000000E+02  0.000000000E+00  8.730184641E+00 
       894  3.232500000E+02  0.000000000E+00  8.749873546E+00 
       895  3.235000000E+02  0.000000000E+00  8.769315057E+00 
       896  3.237500000E+02  0.000000000E+00  8.788510779E+00 
       897  3.240000000E+02  0.000000000E+00  8.807462321E+00 
       898  3.242500000E+02  0.000000000E+00  8.826171296E+00 
       899  3.245000000E+02  0.000000000E+00  8.844639322E+00 
       900  3.247500000E+02  0.000000000E+00  8.862868021E+00 
       901  3.250000000E+02  0.000000000E+00  8.880859018E+00 
       902  3.252500000E+02  0.000000000E+00  8.898613941E+00 
       903  3.255000000E+02  0.000000000E+00  8.916134420E+00 
       904  3.257500000E+02  0.000000000E+00  8.933422088E+00 
       905  3.260000000E+02  0.000000000E+00  8.950478577E+00 
       906  3.262500000E+02  0.000000000E+00  8.967305523E+00 
       907  3.265000000E+02  0.000000000E+00  8.983904562E+00 
       908  3.267500000E+02  0.000000000E+00  9.000277327E+00 
       909  3.270000000E+02  0.000000000E+00  9.016425456E+00 
       910  3.272500000E+02  0.000000000E+00  9.032350581E+00 
       911  3.275000000E+02  0.000000000E+00  9.048054338E+00 
       912  3.277500000E+02  0.000000000E+00  9.063538358E+00 
       913  3.280000000E+02  0.000000000E+00  9.078804271E+00 
       914  3.282500000E+02  0.000000000E+00  9.093853706E+00 
       915  3.285000000E+02  0.000000000E+00  9.108688287E+00 
       916  3.287500000E+02  0.000000000E+00  9.123309638E+00 
       917  3.290000000E+02  0.000000000E+00  9.137719376E+00 
       918  3.292500000E+02  0.000000000E+00  9.151919118E+00 
       919  3.295000000E+02  0.000000000E+00  9.165910475E+00 
       920  3.297500000E+02  0.000000000E+00  9.179695053E+00 
       921  3.300000000E+02  0.000000000E+00  9.193274454E+00 
       922  3.302500000E+02  0.000000000E+00  9.206650275E+00 
       923  3.305000000E+02  0.000000000E+00  9.219824107E+00 
       924  3.307500000E+02  0.000000000E+00  9.232797535E+00 
       925  3.310000000E+02  0.000000000E+00  9.245572138E+00 
       926  3.312500000E+02  0.000000000E+00  9.258149489E+00 
       927  3.315000000E+02  0.000000000E+00  9.270531152E+00 
       928  3.317500000E+02  0.000000000E+00  9.282718687E+00 
       929  3.320000000E+02  0.000000000E+00  9.294713644E+00 
       930  3.322500000E+02  0.000000000E+00  9.306517566E+00 
       931  3.325000000E+02  0.000000000E+00  9.318131988E+00 
       932  3.327500000E+02  0.000000000E+00  9.329558435E+00 
       933  3.330000000E+02  0.000000000E+00  9.340798425E+00 
       934  3.332500000E+02  0.000000000E+00  9.351853466E+00 
       935  3.335000000E+02  0.000000000E+00  9.362725056E+00 
       936  3.337500000E+02  0.000000000E+00  9.373414685E+00 
       937  3.340000000E+02  0.000000000E+00  9.383923832E+00 
       938  3.342500000E+02  0.000000000E+00  9.394253964E+00 
       939  3.345000000E+02  0.000000000E+00  9.404406539E+00 
       940  3.347500000E+02  0.000000000E+00  9.414383005E+00 
       941  3.350000000E+02  0.000000000E+00  9.424184797E+00 
       942  3.352500000E+02  0.000000000E+00  9.433813339E+00 
       943  3.355000000E+02  0.000000000E+00  9.443270043E+00 
       944  3.357500000E+02  0.000000000E+00  9.452556310E+00 
       945  3.360000000E+02  0.000000000E+00  9.461673527E+00 
       946  3.362500000E+02  0.000000000E+00  9.470623070E+00 
       947  3.365000000E+02  0.000000000E+00  9.479406300E+00 
       948  3.367500000E+02  0.000000000E+00  9.488024567E+00 
       949  3.370000000E+02  0.000000000E+00  9.496479207E+00 
       950  3.372500000E+02  0.000000000E+00  9.504771542E+00 
       951  3.375000000E+02  0.000000000E+00  9.512902879E+00 
       952  3.377500000E+02  0.000000000E+00  9.520874512E+00 
       953  3.380000000E+02  0.000000000E+00  9.528687721E+00 
       954  3.382500000E+02  0.000000000E+00  9.536343771E+00 
       955  3.385000000E+02  0.000000000E+00  9.543843911E+00 
       956  3.387500000E+02  0.000000000E+00  9.551189376E+00 
       957  3.390000000E+02  0.000000000E+00  9.558381384E+00 
       958  3.392500000E+02  0.000000000E+00  9.565421139E+00 
       959  3.395000000E+02  0.000000000E+00  9.572309830E+00 
       960  3.397500000E+02  0.000000000E+00  9.579048626E+00 
       961  3.400000000E+02  0.000000000E+00  9.585638684E+00 
       962  3.402500000E+02  0.000000000E+00  9.592081141E+00 
       963  3.405000000E+02  0.000000000E+00  9.598377120E+00 
       964  3.407500000E+02  0.000000000E+00  9.604527724E+00 
       965  3.410000000E+02  0.000000000E+00  9.610534042E+00 
       966  3.412500000E+02  0.000000000E+00  9.616397144E+00 
       967  3.415000000E+02  0.000000000E+00  9.622118081E+00 
       968  3.417500000E+02  0.000000000E+00  9.627697889E+00 
       969  3.420000000E+02  0.000000000E+00  9.633137584E+00 
       970  3.422500000E+02  0.000000000E+00  9.638438164E+00 
       971  3.425000000E+02  0.000000000E+00  9.643600610E+00 
       972  3.427500000E+02  0.000000000E+00  9.648625881E+00 
       973  3.430000000E+02  0.000000000E+00  9.653514922E+00 
       974  3.432500000E+02  0.000000000E+00  9.658268655E+00 
       975  3.435000000E+02  0.000000000E+00  9.662887984E+00 
       976  3.437500000E+02  0.000000000E+00  9.667373795E+00 
       977  3.440000000E+02  0.000000000E+00  9.671726954E+00 
       978  3.442500000E+02  0.000000000E+00  9.675948305E+00 
       979  3.445000000E+02  0.000000000E+00  9.680038675E+00 
       980  3.447500000E+02  0.000000000E+00  9.683998870E+00 
       981  3.450000000E+02  0.000000000E+00  9.687829676E+00 
       982  3.452500000E+02  0.000000000E+00  9.691531858E+00 
       983  3.455000000E+02  0.000000000E+00  9.695106162E+00 
       984  3.457500000E+02  0.000000000E+00  9.698553311E+00 
       985  3.460000000E+02  0.000000000E+00  9.701874011E+00 
       986  3.462500000E+02  0.000000000E+00  9.705068943E+00 
       987  3.465000000E+02  0.000000000E+00  9.708138769E+00 
       988  3.467500000E+02  0.000000000E+00  9.711084131E+00 
       989  3.470000000E+02  0.000000000E+00  9.713905648E+00 
       990  3.472500000E+02  0.000000000E+00  9.716603917E+00 
       991  3.475000000E+02  0.000000000E+00  9.719179516E+00 
       992  3.477500000E+02  0.000000000E+00  9.721632999E+00 
       993  3.480000000E+02  0.000000000E+00  9.723964900E+00 
       994  3.482500000E+02  0.000000000E+00  9.726175730E+00 
       995  3.485000000E+02  0.000000000E+00  9.728265979E+00 
       996  3.487500000E+02  0.000000000E+00  9.730236113E+00 
       997  3.490000000E+02  0.000000000E+00  9.732086578E+00 
       998  3.492500000E+02  0.000000000E+00  9.733817798E+00 
       999  3.495000000E+02  0.000000000E+00  9.735430173E+00 
      1000  3.497500000E+02  0.000000000E+00  9.736924080E+00 
      1001  3.500000000E+02  0.000000000E+00  9.738299877E+00 
      1002  3.502500000E+02  0.000000000E+00  9.739557895E+00 
      1003  3.505000000E+02  0.000000000E+00  9.740698447E+00 
      1004  3.507500000E+02  0.000000000E+00  9.741721819E+00 
      1005  3.510000000E+02  0.000000000E+00  9.742628277E+00 
      1006  3.512500000E+02  0.000000000E+00  9.743418064E+00 
      1007  3.515000000E+02  0.000000000E+00  9.744091397E+00 
      1008  3.517500000E+02  0.000000000E+00  9.744648475E+00 
      1009  3.520000000E+02  0.000000000E+00  9.745089470E+00 
      1010  3.522500000E+02  0.000000000E+00  9.745414534E+00 
      1011  3.525000000E+02  0.000000000E+00  9.745623792E+00 
      1012  3.527500000E+02  0.000000000E+00  9.745717350E+00 
      1013  3.530000000E+02  0.000000000E+00  9.745695289E+00 
      1014  3.532500000E+02  0.000000000E+00  9.745557666E+00 
      1015  3.535000000E+02  0.000000000E+00  9.745304517E+00 
      1016  3.537500000E+02  0.000000000E+00  9.744935853E+00 
      1017  3.540000000E+02  0.000000000E+00  9.744451662E+00 
      1018  3.542500000E+02  0.000000000E+00  9.743851910E+00 
      1019  3.545000000E+02  0.000000000E+00  9.743136537E+00 
      1020  3.547500000E+02  0.000000000E+00  9.742305464E+00 
      1021  3.550000000E+02  0.000000000E+00  9.741358584E+00 
      1022  3.552500000E+02  0.000000000E+00  9.740295771E+00 
      1023  3.555000000E+02  0.000000000E+00  9.739116872E+00 
      1024  3.557500000E+02  0.000000000E+00  9.737821713E+00 
      1025  3.560000000E+02  0.000000000E+00  9.736410097E+00 
      1026  3.562500000E+02  0.000000000E+00  9.734881802E+00 
      1027  3.565000000E+02  0.000000000E+00  9.733236585E+00 
      1028  3.567500000E+02  0.000000000E+00  9.731474177E+00 
      1029  3.570000000E+02  0.000000000E+00  9.729594289E+00 
      1030  3.572500000E+02  0.000000000E+00  9.727596606E+00 
      1031  3.575000000E+02  0.000000000E+00  9.725480792E+00 
      1032  3.577500000E+02  0.000000000E+00  9.723246487E+00 
      1033  3.580000000E+02  0.000000000E+00  9.720893308E+00 
      1034  3.582500000E+02  0.000000000E+00  9.718420851E+00 
      1035  3.585000000E+02  0.000000000E+00  9.715828685E+00 
      1036  3.587500000E+02  0.000000000E+00  9.713116359E+00 
      1037  3.590000000E+02  0.000000000E+00  9.710283400E+00 
      1038  3.592500000E+02  0.000000000E+00  9.707329311E+00 
      1039  3.595000000E+02  0.000000000E+00  9.704253571E+00 
      1040  3.597500000E+02  0.000000000E+00  9.701055639E+00 
      1041  3.600000000E+02  0.000000000E+00  9.697734949E+00 
      1042  3.602500000E+02  0.000000000E+00  9.694290915E+00 
      1043  3.605000000E+02  0.000000000E+00  9.690722927E+00 
      1044  3.607500000E+02  0.000000000E+00  9.687030354E+00 
      1045  3.610000000E+02  0.000000000E+00  9.683212541E+00 
      1046  3.612500000E+02  0.000000000E+00  9.679268813E+00 
      1047  3.615000000E+02  0.000000000E+00  9.675198471E+00 
      1048  3.617500000E+02  0.000000000E+00  9.671000796E+00 
      1049  3.620000000E+02  0.000000000E+00  9.666675046E+00 
      1050  3.622500000E+02  0.000000000E+00  9.662220457E+00 
      1051  3.625000000E+02  0.000000000E+00  9.657636245E+00 
      1052  3.627500000E+02  0.000000000E+00  9.652921603E+00 
      1053  3.630000000E+02  0.000000000E+00  9.648075704E+00 
      1054  3.632500000E+02  0.000000000E+00  9.643097698E+00 
      1055  3.635000000E+02  0.000000000E+00  9.637986716E+00 
      1056  3.637500000E+02  0.000000000E+00  9.632741867E+00 
      1057  3.640000000E+02  0.000000000E+00  9.627362238E+00 
      1058  3.642500000E+02  0.000000000E+00  9.621846898E+00 
      1059  3.645000000E+02  0.000000000E+00  9.616194893E+00 
      1060  3.647500000E+02  0.000000000E+00  9.610405250E+00 
      1061  3.650000000E+02  0.000000000E+00  9.604476975E+00 
      1062  3.652500000E+02  0.000000000E+00  9.598409054E+00 
      1063  3.655000000E+02  0.000000000E+00  9.592200453E+00 
      1064  3.657500000E+02  0.000000000E+00  9.585850119E+00 
      1065  3.660000000E+02  0.000000000E+00  9.579356979E+00 
      1066  3.662500000E+02  0.000000000E+00  9.572719939E+00 
      1067  3.665000000E+02  0.000000000E+00  9.565937887E+00 
      1068  3.667500000E+02  0.000000000E+00  9.559009693E+00 
      1069  3.670000000E+02  0.000000000E+00  9.551934207E+00 
      1070  3.672500000E+02  0.000000000E+00  9.544710258E+00 
      1071  3.675000000E+02  0.000000000E+00  9.537336660E+00 
      1072  3.677500000E+02  0.000000000E+00  9.529812206E+00 
      1073  3.680000000E+02  0.000000000E+00  9.522135672E+00 
      1074  3.682500000E+02  0.000000000E+00  9.514305816E+00 
      1075  3.685000000E+02  0.000000000E+00  9.506321377E+00 
      1076  3.687500000E+02  0.000000000E+00  9.498181078E+00 
      1077  3.690000000E+02  0.000000000E+00  9.489883624E+00 
      1078  3.692500000E+02  0.000000000E+00  9.481427701E+00 
      1079  3.695000000E+02  0.000000000E+00  9.472811980E+00 
      1080  3.697500000E+02  0.000000000E+00  9.464035114E+00 
      1081  3.700000000E+02  0.000000000E+00  9.455095741E+00 
      1082  3.702500000E+02  0.000000000E+00  9.445992480E+00 
      1083  3.705000000E+02  0.000000000E+00  9.436723937E+00 
      1084  3.707500000E+02  0.000000000E+00  9.427288699E+00 
      1085  3.710000000E+02  0.000000000E+00  9.417685339E+00 
      1086  3.712500000E+02  0.000000000E+00  9.407912415E+00 
      1087  3.715000000E+02  0.000000000E+00  9.397968467E+00 
      1088  3.717500000E+02  0.000000000E+00  9.387852023E+00 
      1089  3.720000000E+02  0.000000000E+00  9.377561596E+00 
      1090  3.722500000E+02  0.000000000E+00  9.367095681E+00 
      1091  3.725000000E+02  0.000000000E+00  9.356452764E+00 
      1092  3.727500000E+02  0.000000000E+00  9.345631312E+00 
      1093  3.730000000E+02  0.000000000E+00  9.334629782E+00 
      1094  3.732500000E+02  0.000000000E+00  9.323446615E+00 
      1095  3.735000000E+02  0.000000000E+00  9.312080241E+00 
      1096  3.737500000E+02  0.000000000E+00  9.300529074E+00 
      1097  3.740000000E+02  0.000000000E+00  9.288791519E+00 
      1098  3.742500000E+02  0.000000000E+00  9.276865965E+00 
      1099  3.745000000E+02  0.000000000E+00  9.264750792E+00 
      1100  3.747500000E+02  0.000000000E+00  9.252444366E+00 
      1101  3.750000000E+02  0.000000000E+00  9.239945042E+00 
      1102  3.752500000E+02  0.000000000E+00  9.227251165E+00 
      1103  3.755000000E+02  0.000000000E+00  9.214361067E+00 
      1104  3.757500000E+02  0.000000000E+00  9.201273071E+00 
      1105  3.760000000E+02  0.000000000E+00  9.187985489E+00 
      1106  3.762500000E+02  0.000000000E+00  9.174496623E+00 
      1107  3.765000000E+02  0.000000000E+00  9.160804766E+00 
      1108  3.767500000E+02  0.000000000E+00  9.146908200E+00 
      1109  3.770000000E+02  0.000000000E+00  9.132805201E+00 
      1110  3.772500000E+02  0.000000000E+00  9.118494033E+00 
      1111  3.775000000E+02  0.000000000E+00  9.103972954E+00 
      1112  3.777500000E+02  0.000000000E+00  9.089240213E+00 
      1113  3.780000000E+02  0.000000000E+00  9.074294053E+00 
      1114  3.782500000E+02  0.000000000E+00  9.059132708E+00 
      1115  3.785000000E+02  0.000000000E+00  9.043754406E+00 
      1116  3.787500000E+02  0.000000000E+00  9.028157369E+00 
      1117  3.790000000E+02  0.000000000E+00  9.012339814E+00 
      1118  3.792500000E+02  0.000000000E+00  8.996299951E+00 
      1119  3.795000000E+02  0.000000000E+00  8.980035986E+00 
      1120  3.797500000E+02  0.000000000E+00  8.963546120E+00 
      1121  3.800000000E+02  0.000000000E+00  8.946828552E+00 
      1122  3.802500000E+02  0.000000000E+00  8.929881476E+00 
      1123  3.805000000E+02  0.000000000E+00  8.912703083E+00 
      1124  3.807500000E+02  0.000000000E+00  8.895291563E+00 
      1125  3.810000000E+02  0.000000000E+00  8.877645106E+00 
      1126  3.812500000E+02  0.000000000E+00  8.859761898E+00 
      1127  3.815000000E+02  0.000000000E+00  8.841640129E+00 
      1128  3.817500000E+02  0.000000000E+00  8.823277988E+00 
      1129  3.820000000E+02  0.000000000E+00  8.804673666E+00 
      1130  3.822500000E+02  0.000000000E+00  8.785825358E+00 
      1131  3.825000000E+02  0.000000000E+00  8.766731263E+00 
      1132  3.827500000E+02  0.000000000E+00  8.747389586E+00 
      1133  3.830000000E+02  0.000000000E+00  8.727798538E+00 
      1134  3.832500000E+02  0.000000000E+00  8.707956340E+00 
      1135  3.835000000E+02  0.000000000E+00  8.687861223E+00 
      1136  3.837500000E+02  0.000000000E+00  8.667511429E+00 
      1137  3.840000000E+02  0.000000000E+00  8.646905216E+00 
      1138  3.842500000E+02  0.000000000E+00  8.626040859E+00 
      1139  3.845000000E+02  0.000000000E+00  8.604916653E+00 
      1140  3.847500000E+02  0.000000000E+00  8.583530916E+00 
      1141  3.850000000E+02  0.000000000E+00  8.561881991E+00 
      1142  3.852500000E+02  0.000000000E+00  8.539968256E+00 
      1143  3.855000000E+02  0.000000000E+00  8.517788121E+00 
      1144  3.857500000E+02  0.000000000E+00  8.495340038E+00 
      1145  3.860000000E+02  0.000000000E+00  8.472622508E+00 
      1146  3.862500000E+02  0.000000000E+00  8.449634084E+00 
      1147  3.865000000E+02  0.000000000E+00  8.426373382E+00 
      1148  3.867500000E+02  0.000000000E+00  8.402839091E+00 
      1149  3.870000000E+02  0.000000000E+00  8.379029980E+00 
      1150  3.872500000E+02  0.000000000E+00  8.354944914E+00 
      1151  3.875000000E+02  0.000000000E+00  8.330582866E+00 
      1152  3.877500000E+02  0.000000000E+00  8.305942932E+00 
      1153  3.880000000E+02  0.000000000E+00  8.281024353E+00 
      1154  3.882500000E+02  0.000000000E+00  8.255826533E+00 
      1155  3.885000000E+02  0.000000000E+00  8.230349065E+00 
      1156  3.887500000E+02  0.000000000E+00  8.204591758E+00 
      1157  3.890000000E+02  0.000000000E+00  8.178554673E+00 
      1158  3.892500000E+02  0.000000000E+00  8.152238156E+00 
      1159  3.895000000E+02  0.000000000E+00  8.125642882E+00 
      1160  3.897500000E+02  0.000000000E+00  8.098769911E+00 
      1161  3.900000000E+02  0.000000000E+00  8.071620735E+00 
      1162  3.902500000E+02  0.000000000E+00  8.044197356E+00 
      1163  3.905000000E+02  0.000000000E+00  8.016502353E+00 
      1164  3.907500000E+02  0.000000000E+00  7.988538978E+00 
      1165  3.910000000E+02  0.000000000E+00  7.960311257E+00 
      1166  3.912500000E+02  0.000000000E+00  7.931824107E+00 
      1167  3.915000000E+02  0.000000000E+00  7.903083476E+00 
      1168  3.917500000E+02  0.000000000E+00  7.874096505E+00 
      1169  3.920000000E+02  0.000000000E+00  7.844871709E+00 
      1170  3.922500000E+02  0.000000000E+00  7.815419197E+00 
      1171  3.925000000E+02  0.000000000E+00  7.785750918E+00 
      1172  3.927500000E+02  0.000000000E+00  7.755880959E+00 
      1173  3.930000000E+02  0.000000000E+00  7.725825880E+00 
      1174  3.932500000E+02  0.000000000E+00  7.695605114E+00 
      1175  3.935000000E+02  0.000000000E+00  7.665241431E+00 
      1176  3.937500000E+02  0.000000000E+00  7.634761482E+00 
      1177  3.940000000E+02  0.000000000E+00  7.604196439E+00 
      1178  3.942500000E+02  0.000000000E+00  7.573582752E+00 
      1179  3.945000000E+02  0.000000000E+00  7.542963035E+00 
      1180  3.947500000E+02  0.000000000E+00  7.512387132E+00 
      1181  3.950000000E+02  0.000000000E+00  7.481913369E+00 
      1182  3.952500000E+02  0.000000000E+00  7.451610064E+00 
      1183  3.955000000E+02  0.000000000E+00  7.421557343E+00 
      1184  3.957500000E+02  0.000000000E+00  7.391849331E+00 
      1185  3.960000000E+02  0.000000000E+00  7.362596825E+00 
      1186  3.962500000E+02  0.000000000E+00  7.333930584E+00 
      1187  3.965000000E+02  0.000000000E+00  7.306005398E+00 
      1188  3.967500000E+02  0.000000000E+00  7.279005193E+00 
      1189  3.970000000E+02  0.000000000E+00  7.253149496E+00 
      1190  3.972500000E+02  0.000000000E+00  7.228701774E+00 
      1191  3.975000000E+02  0.000000000E+00  7.205980343E+00 
      1192  3.977500000E+02  0.000000000E+00  7.185372957E+00 
      1193  3.980000000E+02  0.000000000E+00  7.167356835E+00 
      1194  3.982500000E+02  0.000000000E+00  7.152527036E+00 
      1195  3.985000000E+02  0.000000000E+00  7.141638297E+00 
      1196  3.987500000E+02  0.000000000E+00  7.135670057E+00 
      1197  3.990000000E+02  0.000000000E+00  7.135934658E+00 
      1198  3.992500000E+02  0.000000000E+00  7.144274381E+00 
      1199  3.995000000E+02  0.000000000E+00  7.163463302E+00 
      1200  3.997500000E+02  0.000000000E+00  7.200845381E+00 
      1201  4.000000000E+02  0.000000000E+00  6.490699542E+00 
      1202  4.002000034E+02  0.000000000E+00  5.999189693E+00 
      1203  4.004016387E+02  0.000000000E+00  6.190753874E+00 
      1204  4.006049192E+02  0.000000000E+00  6.377875736E+00 
      1205  4.008098583E+02  0.000000000E+00  6.559764515E+00 
      1206  4.010164696E+02  0.000000000E+00  6.736134168E+00 
      1207  4.012247666E+02  0.000000000E+00  6.906764074E+00 
      1208  4.014347631E+02  0.000000000E+00  7.071487073E+00 
      1209  4.016464731E+02  0.000000000E+00  7.230183695E+00 
      1210  4.018599104E+02  0.000000000E+00  7.382777540E+00 
      1211  4.020750892E+02  0.000000000E+00  7.529231031E+00 
      1212  4.022920237E+02  0.000000000E+00  7.669541501E+00 
      1213  4.025107282E+02  0.000000000E+00  7.811150298E+00 
      1214  4.027312172E+02  0.000000000E+00  7.946274215E+00 
      1215  4.029535052E+02  0.000000000E+00  8.067477860E+00 
      1216  4.031776069E+02  0.000000000E+00  8.182849973E+00 
      1217  4.034035370E+02  0.000000000E+00  8.292512098E+00 
      1218  4.036313106E+02  0.000000000E+00  8.396601582E+00 
      1219  4.038609426E+02  0.000000000E+00  8.495269115E+00 
      1220  4.040924483E+02  0.000000000E+00  8.588676419E+00 
      1221  4.043258428E+02  0.000000000E+00  8.681523112E+00 
      1222  4.045611417E+02  0.000000000E+00  8.769135464E+00 
      1223  4.047983604E+02  0.000000000E+00  8.847112258E+00 
      1224  4.050375146E+02  0.000000000E+00  8.920588916E+00 
      1225  4.052786201E+02  0.000000000E+00  8.989751876E+00 
      1226  4.055216929E+02  0.000000000E+00  9.058018755E+00 
      1227  4.057667489E+02  0.000000000E+00  9.128819333E+00 
      1228  4.060138044E+02  0.000000000E+00  9.203000490E+00 
      1229  4.062628756E+02  0.000000000E+00  9.269110543E+00 
      1230  4.065139791E+02  0.000000000E+00  9.322864616E+00 
      1231  4.067671314E+02  0.000000000E+00  9.375881437E+00 
      1232  4.070223492E+02  0.000000000E+00  9.424539893E+00 
      1233  4.072796494E+02  0.000000000E+00  9.470035067E+00 
      1234  4.075390490E+02  0.000000000E+00  9.510038953E+00 
      1235  4.078005650E+02  0.000000000E+00  9.540683768E+00 
      1236  4.080642148E+02  0.000000000E+00  9.569762702E+00 
      1237  4.083300158E+02  0.000000000E+00  9.596718567E+00 
      1238  4.085979855E+02  0.000000000E+00  9.621470060E+00 
      1239  4.088681416E+02  0.000000000E+00  9.613797234E+00 
      1240  4.091405020E+02  0.000000000E+00  9.607142056E+00 
      1241  4.094150846E+02  0.000000000E+00  9.633005721E+00 
      1242  4.096919076E+02  0.000000000E+00  9.657019752E+00 
      1243  4.099709892E+02  0.000000000E+00  9.679306742E+00 
      1244  4.102523480E+02  0.000000000E+00  9.699982907E+00 
      1245  4.105360024E+02  0.000000000E+00  9.719158232E+00 
      1246  4.108219711E+02  0.000000000E+00  9.736936628E+00 
      1247  4.111102732E+02  0.000000000E+00  9.753416107E+00 
      1248  4.114009276E+02  0.000000000E+00  9.768688971E+00 
      1249  4.116939535E+02  0.000000000E+00  9.782842021E+00 
      1250  4.119893702E+02  0.000000000E+00  9.795956759E+00 
      1251  4.122871973E+02  0.000000000E+00  9.808109606E+00 
      1252  4.125874544E+02  0.000000000E+00  9.819372123E+00 
      1253  4.128901614E+02  0.000000000E+00  9.829811228E+00 
      1254  4.131953383E+02  0.000000000E+00  9.839489415E+00 
      1255  4.135030051E+02  0.000000000E+00  9.848464976E+00 
      1256  4.138131823E+02  0.000000000E+00  9.856792213E+00 
      1257  4.141258902E+02  0.000000000E+00  9.864521650E+00 
      1258  4.144411496E+02  0.000000000E+00  9.871700239E+00 
      1259  4.147589813E+02  0.000000000E+00  9.878371562E+00 
      1260  4.150794062E+02  0.000000000E+00  9.884576022E+00 
      1261  4.154024455E+02  0.000000000E+00  9.890351039E+00 
      1262  4.157281206E+02  0.000000000E+00  9.895731222E+00 
      1263  4.160564529E+02  0.000000000E+00  9.900748549E+00 
      1264  4.163874641E+02  0.000000000E+00  9.905432536E+00 
      1265  4.167211762E+02  0.000000000E+00  9.909810389E+00 
      1266  4.170576110E+02  0.000000000E+00  9.913907164E+00 
      1267  4.173967909E+02  0.000000000E+00  9.917745907E+00 
      1268  4.177387382E+02  0.000000000E+00  9.921347796E+00 
      1269  4.180834756E+02  0.000000000E+00  9.924732266E+00 
      1270  4.184310257E+02  0.000000000E+00  9.927917139E+00 
      1271  4.187814116E+02  0.000000000E+00  9.930918736E+00 
      1272  4.191346563E+02  0.000000000E+00  9.933751989E+00 
      1273  4.194907832E+02  0.000000000E+00  9.936430546E+00 
      1274  4.198498158E+02  0.000000000E+00  9.938966865E+00 
      1275  4.202117779E+02  0.000000000E+00  9.941372308E+00 
      1276  4.205766933E+02  0.000000000E+00  9.943657227E+00 
      1277  4.209445860E+02  0.000000000E+00  9.945831043E+00 
      1278  4.213154806E+02  0.000000000E+00  9.947902322E+00 
      1279  4.216894013E+02  0.000000000E+00  9.949878844E+00 
      1280  4.220663728E+02  0.000000000E+00  9.951767670E+00 
      1281  4.224464202E+02  0.000000000E+00  9.953575200E+00 
      1282  4.228295685E+02  0.000000000E+00  9.955307232E+00 
      1283  4.232158429E+02  0.000000000E+00  9.956969014E+00 
      1284  4.236052691E+02  0.000000000E+00  9.958565292E+00 
      1285  4.239978726E+02  0.000000000E+00  9.960100353E+00 
      1286  4.243936795E+02  0.000000000E+00  9.961578072E+00 
      1287  4.247927158E+02  0.000000000E+00  9.963001944E+00 
      1288  4.251950080E+02  0.000000000E+00  9.964375125E+00 
      1289  4.256005825E+02  0.000000000E+00  9.965700461E+00 
      1290  4.260094662E+02  0.000000000E+00  9.966980518E+00 
      1291  4.264216861E+02  0.000000000E+00  9.968217612E+00 
      1292  4.268372694E+02  0.000000000E+00  9.969413833E+00 
      1293  4.272562434E+02  0.000000000E+00  9.970571067E+00 
      1294  4.276786360E+02  0.000000000E+00  9.971691019E+00 
      1295  4.281044750E+02  0.000000000E+00  9.972775229E+00 
      1296  4.285337884E+02  0.000000000E+00  9.973825097E+00 
      1297  4.289666047E+02  0.000000000E+00  9.974841888E+00 
      1298  4.294029525E+02  0.000000000E+00  9.975826757E+00 
      1299  4.298428605E+02  0.000000000E+00  9.976780755E+00 
      1300  4.302863578E+02  0.000000000E+00  9.977704846E+00 
      1301  4.307334737E+02  0.000000000E+00  9.978599914E+00 
      1302  4.311842377E+02  0.000000000E+00  9.979466774E+00 
      1303  4.316386795E+02  0.000000000E+00  9.980306182E+00 
      1304  4.320968293E+02  0.000000000E+00  9.981118840E+00 
      1305  4.325587172E+02  0.000000000E+00  9.981905407E+00 
      1306  4.330243737E+02  0.000000000E+00  9.982666502E+00 
      1307  4.334938296E+02  0.000000000E+00  9.983402711E+00 
      1308  4.339671159E+02  0.000000000E+00  9.984114592E+00 
      1309  4.344442638E+02  0.000000000E+00  9.984802677E+00 
      1310  4.349253049E+02  0.000000000E+00  9.985467481E+00 
      1311  4.354102708E+02  0.000000000E+00  9.986109500E+00 
      1312  4.358991937E+02  0.000000000E+00  9.986729217E+00 
      1313  4.363921059E+02  0.000000000E+00  9.987327106E+00 
      1314  4.368890398E+02  0.000000000E+00  9.987903628E+00 
      1315  4.373900283E+02  0.000000000E+00  9.988459241E+00 
      1316  4.378951044E+02  0.000000000E+00  9.988994394E+00 
      1317  4.384043016E+02  0.000000000E+00  9.989509535E+00 
      1318  4.389176534E+02  0.000000000E+00  9.990005107E+00 
      1319  4.394351937E+02  0.000000000E+00  9.990481553E+00 
      1320  4.399569568E+02  0.000000000E+00  9.990939312E+00 
      1321  4.404829770E+02  0.000000000E+00  9.991378824E+00 
      1322  4.410132892E+02  0.000000000E+00  9.991800528E+00 
      1323  4.415479282E+02  0.000000000E+00  9.992204864E+00 
      1324  4.420869295E+02  0.000000000E+00  9.992592270E+00 
      1325  4.426303286E+02  0.000000000E+00  9.992963186E+00 
      1326  4.431781614E+02  0.000000000E+00  9.993318050E+00 
      1327  4.437304641E+02  0.000000000E+00  9.993657303E+00 
      1328  4.442872731E+02  0.000000000E+00  9.993981381E+00 
      1329  4.448486253E+02  0.000000000E+00  9.994290724E+00 
      1330  4.454145576E+02  0.000000000E+00  9.994585768E+00 
      1331  4.459851075E+02  0.000000000E+00  9.994866949E+00 
      1332  4.465603126E+02  0.000000000E+00  9.995134702E+00 
      1333  4.471402109E+02  0.000000000E+00  9.995389459E+00 
      1334  4.477248408E+02  0.000000000E+00  9.995631649E+00 
      1335  4.483142407E+02  0.000000000E+00  9.995861700E+00 
      1336  4.489084497E+02  0.000000000E+00  9.996080035E+00 
      1337  4.495075070E+02  0.000000000E+00  9.996287073E+00 
      1338  4.501114521E+02  0.000000000E+00  9.996483230E+00 
      1339  4.507203248E+02  0.000000000E+00  9.996668916E+00 
      1340  4.513341655E+02  0.000000000E+00  9.996844538E+00 
      1341  4.519530147E+02  0.000000000E+00  9.997010495E+00 
      1342  4.525769132E+02  0.000000000E+00  9.997167181E+00 
      1343  4.532059021E+02  0.000000000E+00  9.997314983E+00 
      1344  4.538400232E+02  0.000000000E+00  9.997454282E+00 
      1345  4.544793181E+02  0.000000000E+00  9.997585452E+00 
      1346  4.551238292E+02  0.000000000E+00  9.997708858E+00 
      1347  4.557735990E+02  0.000000000E+00  9.997824859E+00 
      1348  4.564286703E+02  0.000000000E+00  9.997933804E+00 
      1349  4.570890866E+02  0.000000000E+00  9.998036036E+00 
      1350  4.577548913E+02  0.000000000E+00  9.998131888E+00 
      1351  4.584261284E+02  0.000000000E+00  9.998221683E+00 
      1352  4.591028423E+02  0.000000000E+00  9.998305738E+00 
      1353  4.597850777E+02  0.000000000E+00  9.998384359E+00 
      1354  4.604728795E+02  0.000000000E+00  9.998457843E+00 
      1355  4.611662932E+02  0.000000000E+00  9.998526479E+00 
      1356  4.618653647E+02  0.000000000E+00  9.998590545E+00 
      1357  4.625701400E+02  0.000000000E+00  9.998650312E+00 
      1358  4.632806657E+02  0.000000000E+00  9.998706041E+00 
      1359  4.639969887E+02  0.000000000E+00  9.998757985E+00 
      1360  4.647191564E+02  0.000000000E+00  9.998806386E+00 
      1361  4.654472164E+02  0.000000000E+00  9.998851480E+00 
      1362  4.661812167E+02  0.000000000E+00  9.998893494E+00 
      1363  4.669212059E+02  0.000000000E+00  9.998932650E+00 
      1364  4.676672328E+02  0.000000000E+00  9.998969158E+00 
      1365  4.684193468E+02  0.000000000E+00  9.999003226E+00 
      1366  4.691775973E+02  0.000000000E+00  9.999035055E+00 
      1367  4.699420346E+02  0.000000000E+00  9.999064841E+00 
      1368  4.707127091E+02  0.000000000E+00  9.999092778E+00 
      1369  4.714896716E+02  0.000000000E+00  9.999119058E+00 
      1370  4.722729736E+02  0.000000000E+00  9.999143873E+00 
      1371  4.730626666E+02  0.000000000E+00  9.999167418E+00 
      1372  4.738588030E+02  0.000000000E+00  9.999189896E+00 
      1373  4.746614352E+02  0.000000000E+00  9.999211520E+00 
      1374  4.754706162E+02  0.000000000E+00  9.999232522E+00 
      1375  4.762863994E+02  0.000000000E+00  9.999253158E+00 
      1376  4.771088389E+02  0.000000000E+00  9.999273719E+00 
      1377  4.779379887E+02  0.000000000E+00  9.999294547E+00 
      1378  4.787739038E+02  0.000000000E+00  9.999316054E+00 
      1379  4.796166392E+02  0.000000000E+00  9.999338744E+00 
      1380  4.804662507E+02  0.000000000E+00  9.999363252E+00 
      1381  4.813227944E+02  0.000000000E+00  9.999390389E+00 
      1382  4.821863268E+02  0.000000000E+00  9.999421206E+00 
      1383  4.830569049E+02  0.000000000E+00  9.999457085E+00 
      1384  4.839345862E+02  0.000000000E+00  9.999499852E+00 
      1385  4.848194287E+02  0.000000000E+00  9.999551949E+00 
      1386  4.857114908E+02  0.000000000E+00  9.999616659E+00 
      1387  4.866108314E+02  0.000000000E+00  9.999698418E+00 
      1388  4.875175099E+02  0.000000000E+00  9.999803248E+00 
      1389  4.884315862E+02  0.000000000E+00  9.999939362E+00 
      1390  4.893531206E+02  0.000000000E+00  1.000011800E+01 
      1391  4.902821741E+02  0.000000000E+00  1.000035457E+01 
      1392  4.912188078E+02  0.000000000E+00  1.000067034E+01 
      1393  4.921630837E+02  0.000000000E+00  1.000109464E+01 
      1394  4.931150642E+02  0.000000000E+00  1.000166811E+01 
      1395  4.940748120E+02  0.000000000E+00  1.000244720E+01 
      1396  4.950423907E+02  0.000000000E+00  1.000351054E+01 
      1397  4.960178639E+02  0.000000000E+00  1.000496801E+01 
      1398  4.970012963E+02  0.000000000E+00  1.000696371E+01 
      1399  4.979927527E+02  0.000000000E+00  1.001114781E+01 
      1400  4.989922986E+02  0.000000000E+00  1.001673671E+01 
      1401  5.000000000E+02  0.000000000E+00  1.001929532E+01 
