nodenumber     x-coordinate     y-coordinate           udm-12 
         1  0.000000000E+00  0.000000000E+00  9.998154077E+00 
         2  1.007701384E+00  0.000000000E+00  9.998228975E+00 
         3  2.007247274E+00  0.000000000E+00  9.999275686E+00 
         4  2.998703673E+00  0.000000000E+00  1.000021655E+01 
         5  3.982136051E+00  0.000000000E+00  1.000018326E+01 
         6  4.957609346E+00  0.000000000E+00  1.000016871E+01 
         7  5.925187975E+00  0.000000000E+00  1.000016263E+01 
         8  6.884935829E+00  0.000000000E+00  1.000016251E+01 
         9  7.836916284E+00  0.000000000E+00  1.000016652E+01 
        10  8.781192203E+00  0.000000000E+00  1.000017330E+01 
        11  9.717825941E+00  0.000000000E+00  1.000018186E+01 
        12  1.064687935E+01  0.000000000E+00  1.000019144E+01 
        13  1.156841377E+01  0.000000000E+00  1.000020148E+01 
        14  1.248249006E+01  0.000000000E+00  1.000021153E+01 
        15  1.338916858E+01  0.000000000E+00  1.000022123E+01 
        16  1.428850920E+01  0.000000000E+00  1.000023027E+01 
        17  1.518057130E+01  0.000000000E+00  1.000023841E+01 
        18  1.606541380E+01  0.000000000E+00  1.000024541E+01 
        19  1.694309512E+01  0.000000000E+00  1.000025106E+01 
        20  1.781367322E+01  0.000000000E+00  1.000025516E+01 
        21  1.867720559E+01  0.000000000E+00  1.000025751E+01 
        22  1.953374925E+01  0.000000000E+00  1.000025792E+01 
        23  2.038336076E+01  0.000000000E+00  1.000025619E+01 
        24  2.122609622E+01  0.000000000E+00  1.000025211E+01 
        25  2.206201128E+01  0.000000000E+00  1.000024547E+01 
        26  2.289116114E+01  0.000000000E+00  1.000023606E+01 
        27  2.371360056E+01  0.000000000E+00  1.000022365E+01 
        28  2.452938383E+01  0.000000000E+00  1.000020801E+01 
        29  2.533856484E+01  0.000000000E+00  1.000018888E+01 
        30  2.614119701E+01  0.000000000E+00  1.000016603E+01 
        31  2.693733335E+01  0.000000000E+00  1.000013917E+01 
        32  2.772702642E+01  0.000000000E+00  1.000010804E+01 
        33  2.851032837E+01  0.000000000E+00  1.000007234E+01 
        34  2.928729093E+01  0.000000000E+00  1.000003177E+01 
        35  3.005796541E+01  0.000000000E+00  9.999986022E+00 
        36  3.082240268E+01  0.000000000E+00  9.999934777E+00 
        37  3.158065324E+01  0.000000000E+00  9.999877699E+00 
        38  3.233276716E+01  0.000000000E+00  9.999814443E+00 
        39  3.307879409E+01  0.000000000E+00  9.999744653E+00 
        40  3.381878330E+01  0.000000000E+00  9.999667963E+00 
        41  3.455278365E+01  0.000000000E+00  9.999583996E+00 
        42  3.528084362E+01  0.000000000E+00  9.999492366E+00 
        43  3.600301127E+01  0.000000000E+00  9.999392676E+00 
        44  3.671933431E+01  0.000000000E+00  9.999284518E+00 
        45  3.742986002E+01  0.000000000E+00  9.999167479E+00 
        46  3.813463533E+01  0.000000000E+00  9.999041135E+00 
        47  3.883370678E+01  0.000000000E+00  9.998905052E+00 
        48  3.952712052E+01  0.000000000E+00  9.998758793E+00 
        49  4.021492235E+01  0.000000000E+00  9.998601911E+00 
        50  4.089715769E+01  0.000000000E+00  9.998433952E+00 
        51  4.157387159E+01  0.000000000E+00  9.998254459E+00 
        52  4.224510872E+01  0.000000000E+00  9.998062969E+00 
        53  4.291091342E+01  0.000000000E+00  9.997859012E+00 
        54  4.357132966E+01  0.000000000E+00  9.997642118E+00 
        55  4.422640104E+01  0.000000000E+00  9.997411812E+00 
        56  4.487617081E+01  0.000000000E+00  9.997167618E+00 
        57  4.552068189E+01  0.000000000E+00  9.996909057E+00 
        58  4.615997684E+01  0.000000000E+00  9.996635652E+00 
        59  4.679409786E+01  0.000000000E+00  9.996346924E+00 
        60  4.742308684E+01  0.000000000E+00  9.996042395E+00 
        61  4.804698530E+01  0.000000000E+00  9.995721591E+00 
        62  4.866583446E+01  0.000000000E+00  9.995384039E+00 
        63  4.927967516E+01  0.000000000E+00  9.995029271E+00 
        64  4.988854795E+01  0.000000000E+00  9.994656823E+00 
        65  5.049249303E+01  0.000000000E+00  9.994266236E+00 
        66  5.109155028E+01  0.000000000E+00  9.993857058E+00 
        67  5.168575926E+01  0.000000000E+00  9.993428845E+00 
        68  5.227515921E+01  0.000000000E+00  9.992981159E+00 
        69  5.285978905E+01  0.000000000E+00  9.992513574E+00 
        70  5.343968738E+01  0.000000000E+00  9.992025672E+00 
        71  5.401489250E+01  0.000000000E+00  9.991517046E+00 
        72  5.458544238E+01  0.000000000E+00  9.990987302E+00 
        73  5.515137472E+01  0.000000000E+00  9.990436060E+00 
        74  5.571272686E+01  0.000000000E+00  9.989862951E+00 
        75  5.626953590E+01  0.000000000E+00  9.989267622E+00 
        76  5.682183858E+01  0.000000000E+00  9.988649738E+00 
        77  5.736967139E+01  0.000000000E+00  9.988008979E+00 
        78  5.791307049E+01  0.000000000E+00  9.987345042E+00 
        79  5.845207178E+01  0.000000000E+00  9.986657645E+00 
        80  5.898671083E+01  0.000000000E+00  9.985946527E+00 
        81  5.951702297E+01  0.000000000E+00  9.985211447E+00 
        82  6.004304320E+01  0.000000000E+00  9.984452186E+00 
        83  6.056480627E+01  0.000000000E+00  9.983668552E+00 
        84  6.108234661E+01  0.000000000E+00  9.982860378E+00 
        85  6.159569842E+01  0.000000000E+00  9.982027522E+00 
        86  6.210489559E+01  0.000000000E+00  9.981169873E+00 
        87  6.260997174E+01  0.000000000E+00  9.980287350E+00 
        88  6.311096022E+01  0.000000000E+00  9.979379907E+00 
        89  6.360789412E+01  0.000000000E+00  9.978447531E+00 
        90  6.410080625E+01  0.000000000E+00  9.977490247E+00 
        91  6.458972916E+01  0.000000000E+00  9.976508119E+00 
        92  6.507469514E+01  0.000000000E+00  9.975501258E+00 
        93  6.555573621E+01  0.000000000E+00  9.974469817E+00 
        94  6.603288413E+01  0.000000000E+00  9.973414003E+00 
        95  6.650617042E+01  0.000000000E+00  9.972334074E+00 
        96  6.697562632E+01  0.000000000E+00  9.971230348E+00 
        97  6.744128283E+01  0.000000000E+00  9.970103208E+00 
        98  6.790317071E+01  0.000000000E+00  9.968953103E+00 
        99  6.836132046E+01  0.000000000E+00  9.967780560E+00 
       100  6.881576232E+01  0.000000000E+00  9.966586186E+00 
       101  6.926652631E+01  0.000000000E+00  9.965370679E+00 
       102  6.971364219E+01  0.000000000E+00  9.964134833E+00 
       103  7.015713949E+01  0.000000000E+00  9.962879552E+00 
       104  7.059704749E+01  0.000000000E+00  9.961605853E+00 
       105  7.103339524E+01  0.000000000E+00  9.960314885E+00 
       106  7.146621156E+01  0.000000000E+00  9.959007936E+00 
       107  7.189552503E+01  0.000000000E+00  9.957686450E+00 
       108  7.232136399E+01  0.000000000E+00  9.956352038E+00 
       109  7.274375656E+01  0.000000000E+00  9.955006499E+00 
       110  7.316273064E+01  0.000000000E+00  9.953651837E+00 
       111  7.357831389E+01  0.000000000E+00  9.952290279E+00 
       112  7.399053376E+01  0.000000000E+00  9.950924299E+00 
       113  7.439941746E+01  0.000000000E+00  9.949556641E+00 
       114  7.480499201E+01  0.000000000E+00  9.948190346E+00 
       115  7.520728416E+01  0.000000000E+00  9.946828779E+00 
       116  7.560632051E+01  0.000000000E+00  9.945475664E+00 
       117  7.600212738E+01  0.000000000E+00  9.944135112E+00 
       118  7.639473092E+01  0.000000000E+00  9.942811666E+00 
       119  7.678415706E+01  0.000000000E+00  9.941510333E+00 
       120  7.717043151E+01  0.000000000E+00  9.940236635E+00 
       121  7.755357977E+01  0.000000000E+00  9.938996651E+00 
       122  7.793362715E+01  0.000000000E+00  9.937797073E+00 
       123  7.831059875E+01  0.000000000E+00  9.936645258E+00 
       124  7.868451945E+01  0.000000000E+00  9.935549291E+00 
       125  7.905541395E+01  0.000000000E+00  9.934518049E+00 
       126  7.942330674E+01  0.000000000E+00  9.933561271E+00 
       127  7.978822211E+01  0.000000000E+00  9.932689636E+00 
       128  8.015018416E+01  0.000000000E+00  9.931914840E+00 
       129  8.050921679E+01  0.000000000E+00  9.931249690E+00 
       130  8.086534371E+01  0.000000000E+00  9.930708193E+00 
       131  8.121858844E+01  0.000000000E+00  9.930305662E+00 
       132  8.156897429E+01  0.000000000E+00  9.930058825E+00 
       133  8.191652442E+01  0.000000000E+00  9.929985934E+00 
       134  8.226126177E+01  0.000000000E+00  9.930106881E+00 
       135  8.260320909E+01  0.000000000E+00  9.930443376E+00 
       136  8.294238899E+01  0.000000000E+00  9.931019070E+00 
       137  8.327882384E+01  0.000000000E+00  9.931859681E+00 
       138  8.361253587E+01  0.000000000E+00  9.932993183E+00 
       139  8.394354712E+01  0.000000000E+00  9.934449981E+00 
       140  8.427187943E+01  0.000000000E+00  9.936263101E+00 
       141  8.459755450E+01  0.000000000E+00  9.938468386E+00 
       142  8.492059382E+01  0.000000000E+00  9.941104719E+00 
       143  8.524101873E+01  0.000000000E+00  9.944214246E+00 
       144  8.555885039E+01  0.000000000E+00  9.947842631E+00 
       145  8.587410979E+01  0.000000000E+00  9.952039313E+00 
       146  8.618681774E+01  0.000000000E+00  9.956857792E+00 
       147  8.649699489E+01  0.000000000E+00  9.962355930E+00 
       148  8.680466173E+01  0.000000000E+00  9.968596275E+00 
       149  8.710983857E+01  0.000000000E+00  9.975646409E+00 
       150  8.741254556E+01  0.000000000E+00  9.983579318E+00 
       151  8.771280270E+01  0.000000000E+00  9.992473792E+00 
       152  8.801062980E+01  0.000000000E+00  1.000241486E+01 
       153  8.830604654E+01  0.000000000E+00  1.001349423E+01 
       154  8.859907242E+01  0.000000000E+00  1.002581082E+01 
       155  8.888972679E+01  0.000000000E+00  1.003947128E+01 
       156  8.917802885E+01  0.000000000E+00  1.005459055E+01 
       157  8.946399764E+01  0.000000000E+00  1.007129252E+01 
       158  8.974765203E+01  0.000000000E+00  1.008971069E+01 
       159  9.002901076E+01  0.000000000E+00  1.010998892E+01 
       160  9.030809241E+01  0.000000000E+00  1.013228222E+01 
       161  9.058491540E+01  0.000000000E+00  1.015675763E+01 
       162  9.085949802E+01  0.000000000E+00  1.018359518E+01 
       163  9.113185839E+01  0.000000000E+00  1.021298894E+01 
       164  9.140201451E+01  0.000000000E+00  1.024514816E+01 
       165  9.166998421E+01  0.000000000E+00  1.028029850E+01 
       166  9.193578518E+01  0.000000000E+00  1.031868349E+01 
       167  9.219943499E+01  0.000000000E+00  1.036056600E+01 
       168  9.246095103E+01  0.000000000E+00  1.040622995E+01 
       169  9.272035058E+01  0.000000000E+00  1.045598230E+01 
       170  9.297765077E+01  0.000000000E+00  1.051015449E+01 
       171  9.323286858E+01  0.000000000E+00  1.056910522E+01 
       172  9.348602087E+01  0.000000000E+00  1.063322444E+01 
       173  9.373712436E+01  0.000000000E+00  1.070440131E+01 
       174  9.398619563E+01  0.000000000E+00  1.078208142E+01 
       175  9.423325112E+01  0.000000000E+00  1.086548084E+01 
       176  9.447830715E+01  0.000000000E+00  1.088422828E+01 
       177  9.472137990E+01  0.000000000E+00  1.090921017E+01 
       178  9.496248543E+01  0.000000000E+00  1.100689013E+01 
       179  9.520163964E+01  0.000000000E+00  1.111845995E+01 
       180  9.543885834E+01  0.000000000E+00  1.125715187E+01 
       181  9.567415720E+01  0.000000000E+00  1.140146238E+01 
       182  9.590755173E+01  0.000000000E+00  1.154079951E+01 
       183  9.613905737E+01  0.000000000E+00  1.168820512E+01 
       184  9.636868940E+01  0.000000000E+00  1.184824901E+01 
       185  9.659646297E+01  0.000000000E+00  1.202206489E+01 
       186  9.682239314E+01  0.000000000E+00  1.221090702E+01 
       187  9.704649481E+01  0.000000000E+00  1.242233068E+01 
       188  9.726878279E+01  0.000000000E+00  1.265224968E+01 
       189  9.748927176E+01  0.000000000E+00  1.290320105E+01 
       190  9.770797628E+01  0.000000000E+00  1.317648425E+01 
       191  9.792491078E+01  0.000000000E+00  1.347520243E+01 
       192  9.814008960E+01  0.000000000E+00  1.380108997E+01 
       193  9.835352693E+01  0.000000000E+00  1.414953963E+01 
       194  9.856523689E+01  0.000000000E+00  1.453057864E+01 
       195  9.877523344E+01  0.000000000E+00  1.493681441E+01 
       196  9.898353045E+01  0.000000000E+00  1.538233268E+01 
       197  9.919014168E+01  0.000000000E+00  1.588253210E+01 
       198  9.939508077E+01  0.000000000E+00  1.643287411E+01 
       199  9.959836126E+01  0.000000000E+00  1.703958834E+01 
       200  9.979999657E+01  0.000000000E+00  1.771347983E+01 
       201  1.000000000E+02  0.000000000E+00  1.636422637E+01 
       202  1.002500000E+02  0.000000000E+00  1.430894559E+01 
       203  1.005000000E+02  0.000000000E+00  1.442571326E+01 
       204  1.007500000E+02  0.000000000E+00  1.449658005E+01 
       205  1.010000000E+02  0.000000000E+00  1.454171605E+01 
       206  1.012500000E+02  0.000000000E+00  1.456801164E+01 
       207  1.015000000E+02  0.000000000E+00  1.457991438E+01 
       208  1.017500000E+02  0.000000000E+00  1.458052340E+01 
       209  1.020000000E+02  0.000000000E+00  1.457211347E+01 
       210  1.022500000E+02  0.000000000E+00  1.455641530E+01 
       211  1.025000000E+02  0.000000000E+00  1.453477993E+01 
       212  1.027500000E+02  0.000000000E+00  1.450828219E+01 
       213  1.030000000E+02  0.000000000E+00  1.447778957E+01 
       214  1.032500000E+02  0.000000000E+00  1.444401015E+01 
       215  1.035000000E+02  0.000000000E+00  1.440752698E+01 
       216  1.037500000E+02  0.000000000E+00  1.436882363E+01 
       217  1.040000000E+02  0.000000000E+00  1.432830344E+01 
       218  1.042500000E+02  0.000000000E+00  1.428630446E+01 
       219  1.045000000E+02  0.000000000E+00  1.424311107E+01 
       220  1.047500000E+02  0.000000000E+00  1.419896332E+01 
       221  1.050000000E+02  0.000000000E+00  1.415406437E+01 
       222  1.052500000E+02  0.000000000E+00  1.410858651E+01 
       223  1.055000000E+02  0.000000000E+00  1.406267618E+01 
       224  1.057500000E+02  0.000000000E+00  1.401645797E+01 
       225  1.060000000E+02  0.000000000E+00  1.397003806E+01 
       226  1.062500000E+02  0.000000000E+00  1.392350702E+01 
       227  1.065000000E+02  0.000000000E+00  1.387694216E+01 
       228  1.067500000E+02  0.000000000E+00  1.383040952E+01 
       229  1.070000000E+02  0.000000000E+00  1.378396552E+01 
       230  1.072500000E+02  0.000000000E+00  1.373765839E+01 
       231  1.075000000E+02  0.000000000E+00  1.369152933E+01 
       232  1.077500000E+02  0.000000000E+00  1.364561357E+01 
       233  1.080000000E+02  0.000000000E+00  1.359994120E+01 
       234  1.082500000E+02  0.000000000E+00  1.355453789E+01 
       235  1.085000000E+02  0.000000000E+00  1.350942555E+01 
       236  1.087500000E+02  0.000000000E+00  1.346462284E+01 
       237  1.090000000E+02  0.000000000E+00  1.342014563E+01 
       238  1.092500000E+02  0.000000000E+00  1.337600739E+01 
       239  1.095000000E+02  0.000000000E+00  1.333221954E+01 
       240  1.097500000E+02  0.000000000E+00  1.328879171E+01 
       241  1.100000000E+02  0.000000000E+00  1.324573200E+01 
       242  1.102500000E+02  0.000000000E+00  1.320304720E+01 
       243  1.105000000E+02  0.000000000E+00  1.316074293E+01 
       244  1.107500000E+02  0.000000000E+00  1.311882386E+01 
       245  1.110000000E+02  0.000000000E+00  1.307729379E+01 
       246  1.112500000E+02  0.000000000E+00  1.303615578E+01 
       247  1.115000000E+02  0.000000000E+00  1.299541225E+01 
       248  1.117500000E+02  0.000000000E+00  1.295506508E+01 
       249  1.120000000E+02  0.000000000E+00  1.291511565E+01 
       250  1.122500000E+02  0.000000000E+00  1.287556494E+01 
       251  1.125000000E+02  0.000000000E+00  1.283641355E+01 
       252  1.127500000E+02  0.000000000E+00  1.279766177E+01 
       253  1.130000000E+02  0.000000000E+00  1.275930962E+01 
       254  1.132500000E+02  0.000000000E+00  1.272135686E+01 
       255  1.135000000E+02  0.000000000E+00  1.268380306E+01 
       256  1.137500000E+02  0.000000000E+00  1.264664757E+01 
       257  1.140000000E+02  0.000000000E+00  1.260988962E+01 
       258  1.142500000E+02  0.000000000E+00  1.257352826E+01 
       259  1.145000000E+02  0.000000000E+00  1.253756242E+01 
       260  1.147500000E+02  0.000000000E+00  1.250199093E+01 
       261  1.150000000E+02  0.000000000E+00  1.246681251E+01 
       262  1.152500000E+02  0.000000000E+00  1.243202579E+01 
       263  1.155000000E+02  0.000000000E+00  1.239762933E+01 
       264  1.157500000E+02  0.000000000E+00  1.236362159E+01 
       265  1.160000000E+02  0.000000000E+00  1.233000100E+01 
       266  1.162500000E+02  0.000000000E+00  1.229676592E+01 
       267  1.165000000E+02  0.000000000E+00  1.226391465E+01 
       268  1.167500000E+02  0.000000000E+00  1.223144545E+01 
       269  1.170000000E+02  0.000000000E+00  1.219935654E+01 
       270  1.172500000E+02  0.000000000E+00  1.216764609E+01 
       271  1.175000000E+02  0.000000000E+00  1.213631224E+01 
       272  1.177500000E+02  0.000000000E+00  1.210535312E+01 
       273  1.180000000E+02  0.000000000E+00  1.207476678E+01 
       274  1.182500000E+02  0.000000000E+00  1.204455130E+01 
       275  1.185000000E+02  0.000000000E+00  1.201470470E+01 
       276  1.187500000E+02  0.000000000E+00  1.198522498E+01 
       277  1.190000000E+02  0.000000000E+00  1.195611013E+01 
       278  1.192500000E+02  0.000000000E+00  1.192735812E+01 
       279  1.195000000E+02  0.000000000E+00  1.189896689E+01 
       280  1.197500000E+02  0.000000000E+00  1.187093439E+01 
       281  1.200000000E+02  0.000000000E+00  1.184325853E+01 
       282  1.202500000E+02  0.000000000E+00  1.181593721E+01 
       283  1.205000000E+02  0.000000000E+00  1.178896833E+01 
       284  1.207500000E+02  0.000000000E+00  1.176234978E+01 
       285  1.210000000E+02  0.000000000E+00  1.173607943E+01 
       286  1.212500000E+02  0.000000000E+00  1.171015514E+01 
       287  1.215000000E+02  0.000000000E+00  1.168457478E+01 
       288  1.217500000E+02  0.000000000E+00  1.165933619E+01 
       289  1.220000000E+02  0.000000000E+00  1.163443723E+01 
       290  1.222500000E+02  0.000000000E+00  1.160987573E+01 
       291  1.225000000E+02  0.000000000E+00  1.158564954E+01 
       292  1.227500000E+02  0.000000000E+00  1.156175649E+01 
       293  1.230000000E+02  0.000000000E+00  1.153819441E+01 
       294  1.232500000E+02  0.000000000E+00  1.151496115E+01 
       295  1.235000000E+02  0.000000000E+00  1.149205452E+01 
       296  1.237500000E+02  0.000000000E+00  1.146947238E+01 
       297  1.240000000E+02  0.000000000E+00  1.144721254E+01 
       298  1.242500000E+02  0.000000000E+00  1.142527286E+01 
       299  1.245000000E+02  0.000000000E+00  1.140365117E+01 
       300  1.247500000E+02  0.000000000E+00  1.138234532E+01 
       301  1.250000000E+02  0.000000000E+00  1.136135315E+01 
       302  1.252500000E+02  0.000000000E+00  1.134067252E+01 
       303  1.255000000E+02  0.000000000E+00  1.132030130E+01 
       304  1.257500000E+02  0.000000000E+00  1.130023734E+01 
       305  1.260000000E+02  0.000000000E+00  1.128047853E+01 
       306  1.262500000E+02  0.000000000E+00  1.126102275E+01 
       307  1.265000000E+02  0.000000000E+00  1.124186789E+01 
       308  1.267500000E+02  0.000000000E+00  1.122301185E+01 
       309  1.270000000E+02  0.000000000E+00  1.120445255E+01 
       310  1.272500000E+02  0.000000000E+00  1.118618791E+01 
       311  1.275000000E+02  0.000000000E+00  1.116821586E+01 
       312  1.277500000E+02  0.000000000E+00  1.115053435E+01 
       313  1.280000000E+02  0.000000000E+00  1.113314134E+01 
       314  1.282500000E+02  0.000000000E+00  1.111603480E+01 
       315  1.285000000E+02  0.000000000E+00  1.109921273E+01 
       316  1.287500000E+02  0.000000000E+00  1.108267312E+01 
       317  1.290000000E+02  0.000000000E+00  1.106641400E+01 
       318  1.292500000E+02  0.000000000E+00  1.105043339E+01 
       319  1.295000000E+02  0.000000000E+00  1.103472935E+01 
       320  1.297500000E+02  0.000000000E+00  1.101929994E+01 
       321  1.300000000E+02  0.000000000E+00  1.100414326E+01 
       322  1.302500000E+02  0.000000000E+00  1.098925741E+01 
       323  1.305000000E+02  0.000000000E+00  1.097464050E+01 
       324  1.307500000E+02  0.000000000E+00  1.096029069E+01 
       325  1.310000000E+02  0.000000000E+00  1.094620613E+01 
       326  1.312500000E+02  0.000000000E+00  1.093238501E+01 
       327  1.315000000E+02  0.000000000E+00  1.091882554E+01 
       328  1.317500000E+02  0.000000000E+00  1.090552593E+01 
       329  1.320000000E+02  0.000000000E+00  1.089248444E+01 
       330  1.322500000E+02  0.000000000E+00  1.087969934E+01 
       331  1.325000000E+02  0.000000000E+00  1.086716892E+01 
       332  1.327500000E+02  0.000000000E+00  1.085489151E+01 
       333  1.330000000E+02  0.000000000E+00  1.084286544E+01 
       334  1.332500000E+02  0.000000000E+00  1.083108907E+01 
       335  1.335000000E+02  0.000000000E+00  1.081956081E+01 
       336  1.337500000E+02  0.000000000E+00  1.080827907E+01 
       337  1.340000000E+02  0.000000000E+00  1.079724230E+01 
       338  1.342500000E+02  0.000000000E+00  1.078644895E+01 
       339  1.345000000E+02  0.000000000E+00  1.077589754E+01 
       340  1.347500000E+02  0.000000000E+00  1.076558657E+01 
       341  1.350000000E+02  0.000000000E+00  1.075551462E+01 
       342  1.352500000E+02  0.000000000E+00  1.074568025E+01 
       343  1.355000000E+02  0.000000000E+00  1.073608207E+01 
       344  1.357500000E+02  0.000000000E+00  1.072671873E+01 
       345  1.360000000E+02  0.000000000E+00  1.071758888E+01 
       346  1.362500000E+02  0.000000000E+00  1.070869123E+01 
       347  1.365000000E+02  0.000000000E+00  1.070002450E+01 
       348  1.367500000E+02  0.000000000E+00  1.069158744E+01 
       349  1.370000000E+02  0.000000000E+00  1.068337885E+01 
       350  1.372500000E+02  0.000000000E+00  1.067539755E+01 
       351  1.375000000E+02  0.000000000E+00  1.066764237E+01 
       352  1.377500000E+02  0.000000000E+00  1.066011222E+01 
       353  1.380000000E+02  0.000000000E+00  1.065280599E+01 
       354  1.382500000E+02  0.000000000E+00  1.064572264E+01 
       355  1.385000000E+02  0.000000000E+00  1.063886114E+01 
       356  1.387500000E+02  0.000000000E+00  1.063222050E+01 
       357  1.390000000E+02  0.000000000E+00  1.062579978E+01 
       358  1.392500000E+02  0.000000000E+00  1.061959804E+01 
       359  1.395000000E+02  0.000000000E+00  1.061361441E+01 
       360  1.397500000E+02  0.000000000E+00  1.060784802E+01 
       361  1.400000000E+02  0.000000000E+00  1.060229806E+01 
       362  1.402500000E+02  0.000000000E+00  1.059696374E+01 
       363  1.405000000E+02  0.000000000E+00  1.059184432E+01 
       364  1.407500000E+02  0.000000000E+00  1.058693906E+01 
       365  1.410000000E+02  0.000000000E+00  1.058224731E+01 
       366  1.412500000E+02  0.000000000E+00  1.057776840E+01 
       367  1.415000000E+02  0.000000000E+00  1.057350174E+01 
       368  1.417500000E+02  0.000000000E+00  1.056944674E+01 
       369  1.420000000E+02  0.000000000E+00  1.056560287E+01 
       370  1.422500000E+02  0.000000000E+00  1.056196963E+01 
       371  1.425000000E+02  0.000000000E+00  1.055854655E+01 
       372  1.427500000E+02  0.000000000E+00  1.055533320E+01 
       373  1.430000000E+02  0.000000000E+00  1.055232919E+01 
       374  1.432500000E+02  0.000000000E+00  1.054953416E+01 
       375  1.435000000E+02  0.000000000E+00  1.054694780E+01 
       376  1.437500000E+02  0.000000000E+00  1.054456982E+01 
       377  1.440000000E+02  0.000000000E+00  1.054239998E+01 
       378  1.442500000E+02  0.000000000E+00  1.054043807E+01 
       379  1.445000000E+02  0.000000000E+00  1.053868391E+01 
       380  1.447500000E+02  0.000000000E+00  1.053713738E+01 
       381  1.450000000E+02  0.000000000E+00  1.053579838E+01 
       382  1.452500000E+02  0.000000000E+00  1.053466684E+01 
       383  1.455000000E+02  0.000000000E+00  1.053374276E+01 
       384  1.457500000E+02  0.000000000E+00  1.053302613E+01 
       385  1.460000000E+02  0.000000000E+00  1.053251703E+01 
       386  1.462500000E+02  0.000000000E+00  1.053221553E+01 
       387  1.465000000E+02  0.000000000E+00  1.053212178E+01 
       388  1.467500000E+02  0.000000000E+00  1.053223593E+01 
       389  1.470000000E+02  0.000000000E+00  1.053255818E+01 
       390  1.472500000E+02  0.000000000E+00  1.053308880E+01 
       391  1.475000000E+02  0.000000000E+00  1.053382804E+01 
       392  1.477500000E+02  0.000000000E+00  1.053477623E+01 
       393  1.480000000E+02  0.000000000E+00  1.053593373E+01 
       394  1.482500000E+02  0.000000000E+00  1.053730092E+01 
       395  1.485000000E+02  0.000000000E+00  1.053887824E+01 
       396  1.487500000E+02  0.000000000E+00  1.054066616E+01 
       397  1.490000000E+02  0.000000000E+00  1.054266517E+01 
       398  1.492500000E+02  0.000000000E+00  1.054487583E+01 
       399  1.495000000E+02  0.000000000E+00  1.054729870E+01 
       400  1.497500000E+02  0.000000000E+00  1.054993441E+01 
       401  1.500000000E+02  0.000000000E+00  1.055278362E+01 
       402  1.502500000E+02  0.000000000E+00  1.055584700E+01 
       403  1.505000000E+02  0.000000000E+00  1.055912530E+01 
       404  1.507500000E+02  0.000000000E+00  1.056261926E+01 
       405  1.510000000E+02  0.000000000E+00  1.056632970E+01 
       406  1.512500000E+02  0.000000000E+00  1.057025745E+01 
       407  1.515000000E+02  0.000000000E+00  1.057440339E+01 
       408  1.517500000E+02  0.000000000E+00  1.057876841E+01 
       409  1.520000000E+02  0.000000000E+00  1.058335347E+01 
       410  1.522500000E+02  0.000000000E+00  1.058815955E+01 
       411  1.525000000E+02  0.000000000E+00  1.059318766E+01 
       412  1.527500000E+02  0.000000000E+00  1.059843885E+01 
       413  1.530000000E+02  0.000000000E+00  1.060391421E+01 
       414  1.532500000E+02  0.000000000E+00  1.060961487E+01 
       415  1.535000000E+02  0.000000000E+00  1.061554197E+01 
       416  1.537500000E+02  0.000000000E+00  1.062169671E+01 
       417  1.540000000E+02  0.000000000E+00  1.062808030E+01 
       418  1.542500000E+02  0.000000000E+00  1.063469401E+01 
       419  1.545000000E+02  0.000000000E+00  1.064153913E+01 
       420  1.547500000E+02  0.000000000E+00  1.064861698E+01 
       421  1.550000000E+02  0.000000000E+00  1.065592892E+01 
       422  1.552500000E+02  0.000000000E+00  1.066347633E+01 
       423  1.555000000E+02  0.000000000E+00  1.067126064E+01 
       424  1.557500000E+02  0.000000000E+00  1.067928330E+01 
       425  1.560000000E+02  0.000000000E+00  1.068754579E+01 
       426  1.562500000E+02  0.000000000E+00  1.069604964E+01 
       427  1.565000000E+02  0.000000000E+00  1.070479638E+01 
       428  1.567500000E+02  0.000000000E+00  1.071378759E+01 
       429  1.570000000E+02  0.000000000E+00  1.072302488E+01 
       430  1.572500000E+02  0.000000000E+00  1.073250989E+01 
       431  1.575000000E+02  0.000000000E+00  1.074224427E+01 
       432  1.577500000E+02  0.000000000E+00  1.075222973E+01 
       433  1.580000000E+02  0.000000000E+00  1.076246798E+01 
       434  1.582500000E+02  0.000000000E+00  1.077296077E+01 
       435  1.585000000E+02  0.000000000E+00  1.078370989E+01 
       436  1.587500000E+02  0.000000000E+00  1.079471713E+01 
       437  1.590000000E+02  0.000000000E+00  1.080598432E+01 
       438  1.592500000E+02  0.000000000E+00  1.081751332E+01 
       439  1.595000000E+02  0.000000000E+00  1.082930601E+01 
       440  1.597500000E+02  0.000000000E+00  1.084136429E+01 
       441  1.600000000E+02  0.000000000E+00  1.085369010E+01 
       442  1.602500000E+02  0.000000000E+00  1.086628538E+01 
       443  1.605000000E+02  0.000000000E+00  1.087915212E+01 
       444  1.607500000E+02  0.000000000E+00  1.089229230E+01 
       445  1.610000000E+02  0.000000000E+00  1.090570796E+01 
       446  1.612500000E+02  0.000000000E+00  1.091940113E+01 
       447  1.615000000E+02  0.000000000E+00  1.093337387E+01 
       448  1.617500000E+02  0.000000000E+00  1.094762827E+01 
       449  1.620000000E+02  0.000000000E+00  1.096216643E+01 
       450  1.622500000E+02  0.000000000E+00  1.097699047E+01 
       451  1.625000000E+02  0.000000000E+00  1.099210253E+01 
       452  1.627500000E+02  0.000000000E+00  1.100750476E+01 
       453  1.630000000E+02  0.000000000E+00  1.102319933E+01 
       454  1.632500000E+02  0.000000000E+00  1.103918844E+01 
       455  1.635000000E+02  0.000000000E+00  1.105547429E+01 
       456  1.637500000E+02  0.000000000E+00  1.107205909E+01 
       457  1.640000000E+02  0.000000000E+00  1.108894508E+01 
       458  1.642500000E+02  0.000000000E+00  1.110613450E+01 
       459  1.645000000E+02  0.000000000E+00  1.112362961E+01 
       460  1.647500000E+02  0.000000000E+00  1.114143268E+01 
       461  1.650000000E+02  0.000000000E+00  1.115954599E+01 
       462  1.652500000E+02  0.000000000E+00  1.117797183E+01 
       463  1.655000000E+02  0.000000000E+00  1.119671249E+01 
       464  1.657500000E+02  0.000000000E+00  1.121577029E+01 
       465  1.660000000E+02  0.000000000E+00  1.123514754E+01 
       466  1.662500000E+02  0.000000000E+00  1.125484656E+01 
       467  1.665000000E+02  0.000000000E+00  1.127486967E+01 
       468  1.667500000E+02  0.000000000E+00  1.129521922E+01 
       469  1.670000000E+02  0.000000000E+00  1.131589754E+01 
       470  1.672500000E+02  0.000000000E+00  1.133690696E+01 
       471  1.675000000E+02  0.000000000E+00  1.135824983E+01 
       472  1.677500000E+02  0.000000000E+00  1.137992849E+01 
       473  1.680000000E+02  0.000000000E+00  1.140194529E+01 
       474  1.682500000E+02  0.000000000E+00  1.142430257E+01 
       475  1.685000000E+02  0.000000000E+00  1.144700268E+01 
       476  1.687500000E+02  0.000000000E+00  1.147004794E+01 
       477  1.690000000E+02  0.000000000E+00  1.149344071E+01 
       478  1.692500000E+02  0.000000000E+00  1.151718332E+01 
       479  1.695000000E+02  0.000000000E+00  1.154127808E+01 
       480  1.697500000E+02  0.000000000E+00  1.156572733E+01 
       481  1.700000000E+02  0.000000000E+00  1.159053339E+01 
       482  1.702500000E+02  0.000000000E+00  1.161569855E+01 
       483  1.705000000E+02  0.000000000E+00  1.164122511E+01 
       484  1.707500000E+02  0.000000000E+00  1.166711537E+01 
       485  1.710000000E+02  0.000000000E+00  1.169337161E+01 
       486  1.712500000E+02  0.000000000E+00  1.171999608E+01 
       487  1.715000000E+02  0.000000000E+00  1.174699105E+01 
       488  1.717500000E+02  0.000000000E+00  1.177435875E+01 
       489  1.720000000E+02  0.000000000E+00  1.180210140E+01 
       490  1.722500000E+02  0.000000000E+00  1.183022122E+01 
       491  1.725000000E+02  0.000000000E+00  1.185872039E+01 
       492  1.727500000E+02  0.000000000E+00  1.188760109E+01 
       493  1.730000000E+02  0.000000000E+00  1.191686548E+01 
       494  1.732500000E+02  0.000000000E+00  1.194651568E+01 
       495  1.735000000E+02  0.000000000E+00  1.197655381E+01 
       496  1.737500000E+02  0.000000000E+00  1.200698196E+01 
       497  1.740000000E+02  0.000000000E+00  1.203780220E+01 
       498  1.742500000E+02  0.000000000E+00  1.206901658E+01 
       499  1.745000000E+02  0.000000000E+00  1.210062710E+01 
       500  1.747500000E+02  0.000000000E+00  1.213263577E+01 
       501  1.750000000E+02  0.000000000E+00  1.216504455E+01 
       502  1.752500000E+02  0.000000000E+00  1.219785537E+01 
       503  1.755000000E+02  0.000000000E+00  1.223107014E+01 
       504  1.757500000E+02  0.000000000E+00  1.226469073E+01 
       505  1.760000000E+02  0.000000000E+00  1.229871900E+01 
       506  1.762500000E+02  0.000000000E+00  1.233315674E+01 
       507  1.765000000E+02  0.000000000E+00  1.236800575E+01 
       508  1.767500000E+02  0.000000000E+00  1.240326775E+01 
       509  1.770000000E+02  0.000000000E+00  1.243894447E+01 
       510  1.772500000E+02  0.000000000E+00  1.247503756E+01 
       511  1.775000000E+02  0.000000000E+00  1.251154867E+01 
       512  1.777500000E+02  0.000000000E+00  1.254847937E+01 
       513  1.780000000E+02  0.000000000E+00  1.258583123E+01 
       514  1.782500000E+02  0.000000000E+00  1.262360576E+01 
       515  1.785000000E+02  0.000000000E+00  1.266180442E+01 
       516  1.787500000E+02  0.000000000E+00  1.270042863E+01 
       517  1.790000000E+02  0.000000000E+00  1.273947978E+01 
       518  1.792500000E+02  0.000000000E+00  1.277895920E+01 
       519  1.795000000E+02  0.000000000E+00  1.281886818E+01 
       520  1.797500000E+02  0.000000000E+00  1.285920794E+01 
       521  1.800000000E+02  0.000000000E+00  1.289997969E+01 
       522  1.802500000E+02  0.000000000E+00  1.294118454E+01 
       523  1.805000000E+02  0.000000000E+00  1.298282359E+01 
       524  1.807500000E+02  0.000000000E+00  1.302489787E+01 
       525  1.810000000E+02  0.000000000E+00  1.306740834E+01 
       526  1.812500000E+02  0.000000000E+00  1.311035592E+01 
       527  1.815000000E+02  0.000000000E+00  1.315374147E+01 
       528  1.817500000E+02  0.000000000E+00  1.319756578E+01 
       529  1.820000000E+02  0.000000000E+00  1.324182958E+01 
       530  1.822500000E+02  0.000000000E+00  1.328653353E+01 
       531  1.825000000E+02  0.000000000E+00  1.333167824E+01 
       532  1.827500000E+02  0.000000000E+00  1.337726422E+01 
       533  1.830000000E+02  0.000000000E+00  1.342329192E+01 
       534  1.832500000E+02  0.000000000E+00  1.346976173E+01 
       535  1.835000000E+02  0.000000000E+00  1.351667392E+01 
       536  1.837500000E+02  0.000000000E+00  1.356402871E+01 
       537  1.840000000E+02  0.000000000E+00  1.361182620E+01 
       538  1.842500000E+02  0.000000000E+00  1.366006642E+01 
       539  1.845000000E+02  0.000000000E+00  1.370874928E+01 
       540  1.847500000E+02  0.000000000E+00  1.375787457E+01 
       541  1.850000000E+02  0.000000000E+00  1.380744198E+01 
       542  1.852500000E+02  0.000000000E+00  1.385745106E+01 
       543  1.855000000E+02  0.000000000E+00  1.390790123E+01 
       544  1.857500000E+02  0.000000000E+00  1.395879174E+01 
       545  1.860000000E+02  0.000000000E+00  1.401012169E+01 
       546  1.862500000E+02  0.000000000E+00  1.406188997E+01 
       547  1.865000000E+02  0.000000000E+00  1.411409529E+01 
       548  1.867500000E+02  0.000000000E+00  1.416673612E+01 
       549  1.870000000E+02  0.000000000E+00  1.421981066E+01 
       550  1.872500000E+02  0.000000000E+00  1.427331684E+01 
       551  1.875000000E+02  0.000000000E+00  1.432725226E+01 
       552  1.877500000E+02  0.000000000E+00  1.438161417E+01 
       553  1.880000000E+02  0.000000000E+00  1.443639936E+01 
       554  1.882500000E+02  0.000000000E+00  1.449160421E+01 
       555  1.885000000E+02  0.000000000E+00  1.454722450E+01 
       556  1.887500000E+02  0.000000000E+00  1.460325545E+01 
       557  1.890000000E+02  0.000000000E+00  1.465969153E+01 
       558  1.892500000E+02  0.000000000E+00  1.471652643E+01 
       559  1.895000000E+02  0.000000000E+00  1.477375291E+01 
       560  1.897500000E+02  0.000000000E+00  1.483136263E+01 
       561  1.900000000E+02  0.000000000E+00  1.488934604E+01 
       562  1.902500000E+02  0.000000000E+00  1.494769216E+01 
       563  1.905000000E+02  0.000000000E+00  1.500638835E+01 
       564  1.907500000E+02  0.000000000E+00  1.506542006E+01 
       565  1.910000000E+02  0.000000000E+00  1.512477052E+01 
       566  1.912500000E+02  0.000000000E+00  1.518442040E+01 
       567  1.915000000E+02  0.000000000E+00  1.524434736E+01 
       568  1.917500000E+02  0.000000000E+00  1.530452561E+01 
       569  1.920000000E+02  0.000000000E+00  1.536492532E+01 
       570  1.922500000E+02  0.000000000E+00  1.542551193E+01 
       571  1.925000000E+02  0.000000000E+00  1.548624544E+01 
       572  1.927500000E+02  0.000000000E+00  1.554707942E+01 
       573  1.930000000E+02  0.000000000E+00  1.560796002E+01 
       574  1.932500000E+02  0.000000000E+00  1.566882462E+01 
       575  1.935000000E+02  0.000000000E+00  1.572960046E+01 
       576  1.937500000E+02  0.000000000E+00  1.579020278E+01 
       577  1.940000000E+02  0.000000000E+00  1.585053286E+01 
       578  1.942500000E+02  0.000000000E+00  1.591047548E+01 
       579  1.945000000E+02  0.000000000E+00  1.596989609E+01 
       580  1.947500000E+02  0.000000000E+00  1.602863733E+01 
       581  1.950000000E+02  0.000000000E+00  1.608651486E+01 
       582  1.952500000E+02  0.000000000E+00  1.614331244E+01 
       583  1.955000000E+02  0.000000000E+00  1.619877589E+01 
       584  1.957500000E+02  0.000000000E+00  1.625260584E+01 
       585  1.960000000E+02  0.000000000E+00  1.630444876E+01 
       586  1.962500000E+02  0.000000000E+00  1.635388600E+01 
       587  1.965000000E+02  0.000000000E+00  1.640042012E+01 
       588  1.967500000E+02  0.000000000E+00  1.644345758E+01 
       589  1.970000000E+02  0.000000000E+00  1.648228679E+01 
       590  1.972500000E+02  0.000000000E+00  1.651604949E+01 
       591  1.975000000E+02  0.000000000E+00  1.654370298E+01 
       592  1.977500000E+02  0.000000000E+00  1.656396893E+01 
       593  1.980000000E+02  0.000000000E+00  1.657526203E+01 
       594  1.982500000E+02  0.000000000E+00  1.657558715E+01 
       595  1.985000000E+02  0.000000000E+00  1.656238414E+01 
       596  1.987500000E+02  0.000000000E+00  1.653228065E+01 
       597  1.990000000E+02  0.000000000E+00  1.648066865E+01 
       598  1.992500000E+02  0.000000000E+00  1.640090939E+01 
       599  1.995000000E+02  0.000000000E+00  1.628266899E+01 
       600  1.997500000E+02  0.000000000E+00  1.609510037E+01 
       601  2.000000000E+02  0.000000000E+00  1.915856966E+01 
       602  2.001999988E+02  0.000000000E+00  2.114479045E+01 
       603  2.004032879E+02  0.000000000E+00  2.008101049E+01 
       604  2.006099214E+02  0.000000000E+00  1.912981859E+01 
       605  2.008199543E+02  0.000000000E+00  1.827261687E+01 
       606  2.010334426E+02  0.000000000E+00  1.749847243E+01 
       607  2.012504431E+02  0.000000000E+00  1.679800975E+01 
       608  2.014710137E+02  0.000000000E+00  1.616314393E+01 
       609  2.016952129E+02  0.000000000E+00  1.558686858E+01 
       610  2.019231006E+02  0.000000000E+00  1.506308475E+01 
       611  2.021547374E+02  0.000000000E+00  1.458646137E+01 
       612  2.023901849E+02  0.000000000E+00  1.415232031E+01 
       613  2.026295060E+02  0.000000000E+00  1.375654126E+01 
       614  2.028727642E+02  0.000000000E+00  1.339548235E+01 
       615  2.031200245E+02  0.000000000E+00  1.305988690E+01 
       616  2.033713525E+02  0.000000000E+00  1.274752349E+01 
       617  2.036268153E+02  0.000000000E+00  1.257333053E+01 
       618  2.038864808E+02  0.000000000E+00  1.241981777E+01 
       619  2.041504183E+02  0.000000000E+00  1.216611834E+01 
       620  2.044186979E+02  0.000000000E+00  1.193600203E+01 
       621  2.046913911E+02  0.000000000E+00  1.173227579E+01 
       622  2.049685706E+02  0.000000000E+00  1.154635091E+01 
       623  2.052503101E+02  0.000000000E+00  1.137673594E+01 
       624  2.055366847E+02  0.000000000E+00  1.122207694E+01 
       625  2.058277705E+02  0.000000000E+00  1.108114198E+01 
       626  2.061236452E+02  0.000000000E+00  1.095280776E+01 
       627  2.064243875E+02  0.000000000E+00  1.083604796E+01 
       628  2.067300774E+02  0.000000000E+00  1.072992309E+01 
       629  2.070407965E+02  0.000000000E+00  1.063357164E+01 
       630  2.073566273E+02  0.000000000E+00  1.054620230E+01 
       631  2.076776540E+02  0.000000000E+00  1.046708719E+01 
       632  2.080039622E+02  0.000000000E+00  1.039555592E+01 
       633  2.083356386E+02  0.000000000E+00  1.033099029E+01 
       634  2.086727716E+02  0.000000000E+00  1.027281968E+01 
       635  2.090154510E+02  0.000000000E+00  1.022051700E+01 
       636  2.093637679E+02  0.000000000E+00  1.017359500E+01 
       637  2.097178153E+02  0.000000000E+00  1.013160307E+01 
       638  2.100776872E+02  0.000000000E+00  1.009412439E+01 
       639  2.104434797E+02  0.000000000E+00  1.006077329E+01 
       640  2.108152899E+02  0.000000000E+00  1.003119299E+01 
       641  2.111932170E+02  0.000000000E+00  1.000505349E+01 
       642  2.115773617E+02  0.000000000E+00  9.982049652E+00 
       643  2.119678260E+02  0.000000000E+00  9.961899500E+00 
       644  2.123647142E+02  0.000000000E+00  9.944342626E+00 
       645  2.127681317E+02  0.000000000E+00  9.929138736E+00 
       646  2.131781861E+02  0.000000000E+00  9.916066303E+00 
       647  2.135949866E+02  0.000000000E+00  9.904921320E+00 
       648  2.140186441E+02  0.000000000E+00  9.895516138E+00 
       649  2.144492713E+02  0.000000000E+00  9.887678367E+00 
       650  2.148869831E+02  0.000000000E+00  9.881249858E+00 
       651  2.153318959E+02  0.000000000E+00  9.876085737E+00 
       652  2.157841282E+02  0.000000000E+00  9.872053488E+00 
       653  2.162438005E+02  0.000000000E+00  9.869032095E+00 
       654  2.167110350E+02  0.000000000E+00  9.866911222E+00 
       655  2.171859563E+02  0.000000000E+00  9.865590442E+00 
       656  2.176686908E+02  0.000000000E+00  9.864978447E+00 
       657  2.181593671E+02  0.000000000E+00  9.864992373E+00 
       658  2.186581157E+02  0.000000000E+00  9.865557262E+00 
       659  2.191650695E+02  0.000000000E+00  9.866605319E+00 
       660  2.196803635E+02  0.000000000E+00  9.868075269E+00 
       661  2.202041348E+02  0.000000000E+00  9.869911878E+00 
       662  2.207365230E+02  0.000000000E+00  9.872065406E+00 
       663  2.212776699E+02  0.000000000E+00  9.874491116E+00 
       664  2.218277194E+02  0.000000000E+00  9.877148802E+00 
       665  2.223868182E+02  0.000000000E+00  9.880002367E+00 
       666  2.229551149E+02  0.000000000E+00  9.883019410E+00 
       667  2.235327610E+02  0.000000000E+00  9.886170857E+00 
       668  2.241199103E+02  0.000000000E+00  9.889430615E+00 
       669  2.247167191E+02  0.000000000E+00  9.892775255E+00 
       670  2.253233464E+02  0.000000000E+00  9.896183718E+00 
       671  2.259399536E+02  0.000000000E+00  9.899637048E+00 
       672  2.265667050E+02  0.000000000E+00  9.903118153E+00 
       673  2.272037674E+02  0.000000000E+00  9.906611580E+00 
       674  2.278513104E+02  0.000000000E+00  9.910103321E+00 
       675  2.285095066E+02  0.000000000E+00  9.913580631E+00 
       676  2.291785311E+02  0.000000000E+00  9.917031868E+00 
       677  2.298585621E+02  0.000000000E+00  9.920446352E+00 
       678  2.305497807E+02  0.000000000E+00  9.923814239E+00 
       679  2.312523708E+02  0.000000000E+00  9.927126404E+00 
       680  2.319665197E+02  0.000000000E+00  9.930374344E+00 
       681  2.326924175E+02  0.000000000E+00  9.933550089E+00 
       682  2.334302574E+02  0.000000000E+00  9.936646125E+00 
       683  2.341802359E+02  0.000000000E+00  9.939655323E+00 
       684  2.349425527E+02  0.000000000E+00  9.942570879E+00 
       685  2.357174108E+02  0.000000000E+00  9.945386257E+00 
       686  2.365050165E+02  0.000000000E+00  9.948095137E+00 
       687  2.373055796E+02  0.000000000E+00  9.950691371E+00 
       688  2.381193132E+02  0.000000000E+00  9.953168938E+00 
       689  2.389464340E+02  0.000000000E+00  9.955521900E+00 
       690  2.397871622E+02  0.000000000E+00  9.957744361E+00 
       691  2.406417216E+02  0.000000000E+00  9.959830425E+00 
       692  2.415103399E+02  0.000000000E+00  9.961774150E+00 
       693  2.423932484E+02  0.000000000E+00  9.963569506E+00 
       694  2.432906820E+02  0.000000000E+00  9.965210322E+00 
       695  2.442028798E+02  0.000000000E+00  9.966690237E+00 
       696  2.451300847E+02  0.000000000E+00  9.968002641E+00 
       697  2.460725436E+02  0.000000000E+00  9.969140614E+00 
       698  2.470305073E+02  0.000000000E+00  9.970096862E+00 
       699  2.480042311E+02  0.000000000E+00  9.970863637E+00 
       700  2.489939742E+02  0.000000000E+00  9.971432665E+00 
       701  2.500000000E+02  0.000000000E+00  9.971795029E+00 
       702  2.510060258E+02  0.000000000E+00  9.971940628E+00 
       703  2.519957689E+02  0.000000000E+00  9.971872860E+00 
       704  2.529694927E+02  0.000000000E+00  9.971601980E+00 
       705  2.539274564E+02  0.000000000E+00  9.971137591E+00 
       706  2.548699153E+02  0.000000000E+00  9.970488594E+00 
       707  2.557971202E+02  0.000000000E+00  9.969663273E+00 
       708  2.567093180E+02  0.000000000E+00  9.968669351E+00 
       709  2.576067516E+02  0.000000000E+00  9.967514060E+00 
       710  2.584896601E+02  0.000000000E+00  9.966204186E+00 
       711  2.593582784E+02  0.000000000E+00  9.964746118E+00 
       712  2.602128379E+02  0.000000000E+00  9.963145890E+00 
       713  2.610535660E+02  0.000000000E+00  9.961409211E+00 
       714  2.618806868E+02  0.000000000E+00  9.959541488E+00 
       715  2.626944204E+02  0.000000000E+00  9.957547848E+00 
       716  2.634949835E+02  0.000000000E+00  9.955433143E+00 
       717  2.642825892E+02  0.000000000E+00  9.953201955E+00 
       718  2.650574473E+02  0.000000000E+00  9.950858586E+00 
       719  2.658197641E+02  0.000000000E+00  9.948407043E+00 
       720  2.665697426E+02  0.000000000E+00  9.945851016E+00 
       721  2.673075825E+02  0.000000000E+00  9.943193838E+00 
       722  2.680334803E+02  0.000000000E+00  9.940438447E+00 
       723  2.687476292E+02  0.000000000E+00  9.937587327E+00 
       724  2.694502193E+02  0.000000000E+00  9.934642445E+00 
       725  2.701414379E+02  0.000000000E+00  9.931605171E+00 
       726  2.708214689E+02  0.000000000E+00  9.928476188E+00 
       727  2.714904934E+02  0.000000000E+00  9.925255387E+00 
       728  2.721486896E+02  0.000000000E+00  9.921941753E+00 
       729  2.727962326E+02  0.000000000E+00  9.918533223E+00 
       730  2.734332950E+02  0.000000000E+00  9.915026543E+00 
       731  2.740600464E+02  0.000000000E+00  9.911417095E+00 
       732  2.746766536E+02  0.000000000E+00  9.907698713E+00 
       733  2.752832808E+02  0.000000000E+00  9.903863477E+00 
       734  2.758800897E+02  0.000000000E+00  9.899901486E+00 
       735  2.764672390E+02  0.000000000E+00  9.895800612E+00 
       736  2.770448851E+02  0.000000000E+00  9.891546227E+00 
       737  2.776131818E+02  0.000000000E+00  9.887120916E+00 
       738  2.781722806E+02  0.000000000E+00  9.882504155E+00 
       739  2.787223301E+02  0.000000000E+00  9.877671980E+00 
       740  2.792634769E+02  0.000000000E+00  9.872596618E+00 
       741  2.797958652E+02  0.000000000E+00  9.867246103E+00 
       742  2.803196365E+02  0.000000000E+00  9.861583868E+00 
       743  2.808349305E+02  0.000000000E+00  9.855568316E+00 
       744  2.813418843E+02  0.000000000E+00  9.849152362E+00 
       745  2.818406329E+02  0.000000000E+00  9.842282974E+00 
       746  2.823313092E+02  0.000000000E+00  9.834900674E+00 
       747  2.828140437E+02  0.000000000E+00  9.826939047E+00 
       748  2.832889650E+02  0.000000000E+00  9.818324227E+00 
       749  2.837561995E+02  0.000000000E+00  9.808974379E+00 
       750  2.842158718E+02  0.000000000E+00  9.798799184E+00 
       751  2.846681041E+02  0.000000000E+00  9.787699325E+00 
       752  2.851130169E+02  0.000000000E+00  9.775565982E+00 
       753  2.855507287E+02  0.000000000E+00  9.762280355E+00 
       754  2.859813560E+02  0.000000000E+00  9.747713206E+00 
       755  2.864050134E+02  0.000000000E+00  9.731724439E+00 
       756  2.868218139E+02  0.000000000E+00  9.714162731E+00 
       757  2.872318683E+02  0.000000000E+00  9.694865218E+00 
       758  2.876352858E+02  0.000000000E+00  9.673657253E+00 
       759  2.880321740E+02  0.000000000E+00  9.650352254E+00 
       760  2.884226383E+02  0.000000000E+00  9.624751643E+00 
       761  2.888067830E+02  0.000000000E+00  9.596644904E+00 
       762  2.891847101E+02  0.000000000E+00  9.565809775E+00 
       763  2.895565204E+02  0.000000000E+00  9.532012582E+00 
       764  2.899223128E+02  0.000000000E+00  9.495008736E+00 
       765  2.902821847E+02  0.000000000E+00  9.454543420E+00 
       766  2.906362321E+02  0.000000000E+00  9.410352466E+00 
       767  2.909845490E+02  0.000000000E+00  9.362163443E+00 
       768  2.913272284E+02  0.000000000E+00  9.309696986E+00 
       769  2.916643614E+02  0.000000000E+00  9.252668348E+00 
       770  2.919960378E+02  0.000000000E+00  9.190789228E+00 
       771  2.923223460E+02  0.000000000E+00  9.123769836E+00 
       772  2.926433727E+02  0.000000000E+00  9.051321243E+00 
       773  2.929592035E+02  0.000000000E+00  8.973157975E+00 
       774  2.932699226E+02  0.000000000E+00  8.889000898E+00 
       775  2.935756125E+02  0.000000000E+00  8.798580324E+00 
       776  2.938763548E+02  0.000000000E+00  8.701639369E+00 
       777  2.941722295E+02  0.000000000E+00  8.597937514E+00 
       778  2.944633153E+02  0.000000000E+00  8.487254361E+00 
       779  2.947496899E+02  0.000000000E+00  8.369393505E+00 
       780  2.950314294E+02  0.000000000E+00  8.244186541E+00 
       781  2.953086088E+02  0.000000000E+00  8.111497072E+00 
       782  2.955813021E+02  0.000000000E+00  7.971224719E+00 
       783  2.958495817E+02  0.000000000E+00  7.823309061E+00 
       784  2.961135192E+02  0.000000000E+00  7.667733400E+00 
       785  2.963731847E+02  0.000000000E+00  7.504528263E+00 
       786  2.966286475E+02  0.000000000E+00  7.333774634E+00 
       787  2.968799755E+02  0.000000000E+00  7.155606750E+00 
       788  2.971272358E+02  0.000000000E+00  6.970214419E+00 
       789  2.973704940E+02  0.000000000E+00  6.777844795E+00 
       790  2.976098151E+02  0.000000000E+00  6.578803489E+00 
       791  2.978452626E+02  0.000000000E+00  6.373455013E+00 
       792  2.980768994E+02  0.000000000E+00  6.162222458E+00 
       793  2.983047871E+02  0.000000000E+00  5.945586372E+00 
       794  2.985289863E+02  0.000000000E+00  5.724082890E+00 
       795  2.987495568E+02  0.000000000E+00  5.828564303E+00 
       796  2.989665574E+02  0.000000000E+00  5.941275793E+00 
       797  2.991800457E+02  0.000000000E+00  5.743079281E+00 
       798  2.993900786E+02  0.000000000E+00  5.542708119E+00 
       799  2.995967121E+02  0.000000000E+00  5.340965629E+00 
       800  2.998000012E+02  0.000000000E+00  5.139231606E+00 
       801  3.000000000E+02  0.000000000E+00  5.514802479E+00 
       802  3.002500000E+02  0.000000000E+00  6.075444782E+00 
       803  3.005000000E+02  0.000000000E+00  6.022721246E+00 
       804  3.007500000E+02  0.000000000E+00  5.992227428E+00 
       805  3.010000000E+02  0.000000000E+00  5.975233494E+00 
       806  3.012500000E+02  0.000000000E+00  5.968367090E+00 
       807  3.015000000E+02  0.000000000E+00  5.969377207E+00 
       808  3.017500000E+02  0.000000000E+00  5.976654310E+00 
       809  3.020000000E+02  0.000000000E+00  5.988993830E+00 
       810  3.022500000E+02  0.000000000E+00  6.005465587E+00 
       811  3.025000000E+02  0.000000000E+00  6.025334959E+00 
       812  3.027500000E+02  0.000000000E+00  6.048011926E+00 
       813  3.030000000E+02  0.000000000E+00  6.073016415E+00 
       814  3.032500000E+02  0.000000000E+00  6.099953764E+00 
       815  3.035000000E+02  0.000000000E+00  6.128496805E+00 
       816  3.037500000E+02  0.000000000E+00  6.158372462E+00 
       817  3.040000000E+02  0.000000000E+00  6.189351505E+00 
       818  3.042500000E+02  0.000000000E+00  6.221240574E+00 
       819  3.045000000E+02  0.000000000E+00  6.253875898E+00 
       820  3.047500000E+02  0.000000000E+00  6.287118286E+00 
       821  3.050000000E+02  0.000000000E+00  6.320849083E+00 
       822  3.052500000E+02  0.000000000E+00  6.354966876E+00 
       823  3.055000000E+02  0.000000000E+00  6.389384796E+00 
       824  3.057500000E+02  0.000000000E+00  6.424028284E+00 
       825  3.060000000E+02  0.000000000E+00  6.458833241E+00 
       826  3.062500000E+02  0.000000000E+00  6.493744475E+00 
       827  3.065000000E+02  0.000000000E+00  6.528714406E+00 
       828  3.067500000E+02  0.000000000E+00  6.563701969E+00 
       829  3.070000000E+02  0.000000000E+00  6.598671683E+00 
       830  3.072500000E+02  0.000000000E+00  6.633592871E+00 
       831  3.075000000E+02  0.000000000E+00  6.668438985E+00 
       832  3.077500000E+02  0.000000000E+00  6.703187037E+00 
       833  3.080000000E+02  0.000000000E+00  6.737817110E+00 
       834  3.082500000E+02  0.000000000E+00  6.772311940E+00 
       835  3.085000000E+02  0.000000000E+00  6.806656558E+00 
       836  3.087500000E+02  0.000000000E+00  6.840837978E+00 
       837  3.090000000E+02  0.000000000E+00  6.874844937E+00 
       838  3.092500000E+02  0.000000000E+00  6.908667661E+00 
       839  3.095000000E+02  0.000000000E+00  6.942297671E+00 
       840  3.097500000E+02  0.000000000E+00  6.975727611E+00 
       841  3.100000000E+02  0.000000000E+00  7.008951104E+00 
       842  3.102500000E+02  0.000000000E+00  7.041962621E+00 
       843  3.105000000E+02  0.000000000E+00  7.074757374E+00 
       844  3.107500000E+02  0.000000000E+00  7.107331220E+00 
       845  3.110000000E+02  0.000000000E+00  7.139680579E+00 
       846  3.112500000E+02  0.000000000E+00  7.171802361E+00 
       847  3.115000000E+02  0.000000000E+00  7.203693908E+00 
       848  3.117500000E+02  0.000000000E+00  7.235352937E+00 
       849  3.120000000E+02  0.000000000E+00  7.266777493E+00 
       850  3.122500000E+02  0.000000000E+00  7.297965912E+00 
       851  3.125000000E+02  0.000000000E+00  7.328916786E+00 
       852  3.127500000E+02  0.000000000E+00  7.359628926E+00 
       853  3.130000000E+02  0.000000000E+00  7.390101346E+00 
       854  3.132500000E+02  0.000000000E+00  7.420333231E+00 
       855  3.135000000E+02  0.000000000E+00  7.450323921E+00 
       856  3.137500000E+02  0.000000000E+00  7.480072894E+00 
       857  3.140000000E+02  0.000000000E+00  7.509579749E+00 
       858  3.142500000E+02  0.000000000E+00  7.538844196E+00 
       859  3.145000000E+02  0.000000000E+00  7.567866040E+00 
       860  3.147500000E+02  0.000000000E+00  7.596645174E+00 
       861  3.150000000E+02  0.000000000E+00  7.625181570E+00 
       862  3.152500000E+02  0.000000000E+00  7.653475268E+00 
       863  3.155000000E+02  0.000000000E+00  7.681526377E+00 
       864  3.157500000E+02  0.000000000E+00  7.709335060E+00 
       865  3.160000000E+02  0.000000000E+00  7.736901534E+00 
       866  3.162500000E+02  0.000000000E+00  7.764226066E+00 
       867  3.165000000E+02  0.000000000E+00  7.791308964E+00 
       868  3.167500000E+02  0.000000000E+00  7.818150581E+00 
       869  3.170000000E+02  0.000000000E+00  7.844751303E+00 
       870  3.172500000E+02  0.000000000E+00  7.871111555E+00 
       871  3.175000000E+02  0.000000000E+00  7.897231792E+00 
       872  3.177500000E+02  0.000000000E+00  7.923112499E+00 
       873  3.180000000E+02  0.000000000E+00  7.948754190E+00 
       874  3.182500000E+02  0.000000000E+00  7.974157405E+00 
       875  3.185000000E+02  0.000000000E+00  7.999322709E+00 
       876  3.187500000E+02  0.000000000E+00  8.024250689E+00 
       877  3.190000000E+02  0.000000000E+00  8.048941956E+00 
       878  3.192500000E+02  0.000000000E+00  8.073397139E+00 
       879  3.195000000E+02  0.000000000E+00  8.097616890E+00 
       880  3.197500000E+02  0.000000000E+00  8.121601875E+00 
       881  3.200000000E+02  0.000000000E+00  8.145352782E+00 
       882  3.202500000E+02  0.000000000E+00  8.168870314E+00 
       883  3.205000000E+02  0.000000000E+00  8.192155189E+00 
       884  3.207500000E+02  0.000000000E+00  8.215208142E+00 
       885  3.210000000E+02  0.000000000E+00  8.238029920E+00 
       886  3.212500000E+02  0.000000000E+00  8.260621287E+00 
       887  3.215000000E+02  0.000000000E+00  8.282983016E+00 
       888  3.217500000E+02  0.000000000E+00  8.305115897E+00 
       889  3.220000000E+02  0.000000000E+00  8.327020728E+00 
       890  3.222500000E+02  0.000000000E+00  8.348698321E+00 
       891  3.225000000E+02  0.000000000E+00  8.370149498E+00 
       892  3.227500000E+02  0.000000000E+00  8.391375091E+00 
       893  3.230000000E+02  0.000000000E+00  8.412375942E+00 
       894  3.232500000E+02  0.000000000E+00  8.433152902E+00 
       895  3.235000000E+02  0.000000000E+00  8.453706833E+00 
       896  3.237500000E+02  0.000000000E+00  8.474038602E+00 
       897  3.240000000E+02  0.000000000E+00  8.494149086E+00 
       898  3.242500000E+02  0.000000000E+00  8.514039170E+00 
       899  3.245000000E+02  0.000000000E+00  8.533709744E+00 
       900  3.247500000E+02  0.000000000E+00  8.553161709E+00 
       901  3.250000000E+02  0.000000000E+00  8.572395966E+00 
       902  3.252500000E+02  0.000000000E+00  8.591413429E+00 
       903  3.255000000E+02  0.000000000E+00  8.610215011E+00 
       904  3.257500000E+02  0.000000000E+00  8.628801636E+00 
       905  3.260000000E+02  0.000000000E+00  8.647174228E+00 
       906  3.262500000E+02  0.000000000E+00  8.665333719E+00 
       907  3.265000000E+02  0.000000000E+00  8.683281043E+00 
       908  3.267500000E+02  0.000000000E+00  8.701017138E+00 
       909  3.270000000E+02  0.000000000E+00  8.718542947E+00 
       910  3.272500000E+02  0.000000000E+00  8.735859415E+00 
       911  3.275000000E+02  0.000000000E+00  8.752967488E+00 
       912  3.277500000E+02  0.000000000E+00  8.769868118E+00 
       913  3.280000000E+02  0.000000000E+00  8.786562257E+00 
       914  3.282500000E+02  0.000000000E+00  8.803050858E+00 
       915  3.285000000E+02  0.000000000E+00  8.819334876E+00 
       916  3.287500000E+02  0.000000000E+00  8.835415270E+00 
       917  3.290000000E+02  0.000000000E+00  8.851292995E+00 
       918  3.292500000E+02  0.000000000E+00  8.866969009E+00 
       919  3.295000000E+02  0.000000000E+00  8.882444272E+00 
       920  3.297500000E+02  0.000000000E+00  8.897719741E+00 
       921  3.300000000E+02  0.000000000E+00  8.912796373E+00 
       922  3.302500000E+02  0.000000000E+00  8.927675125E+00 
       923  3.305000000E+02  0.000000000E+00  8.942356955E+00 
       924  3.307500000E+02  0.000000000E+00  8.956842815E+00 
       925  3.310000000E+02  0.000000000E+00  8.971133661E+00 
       926  3.312500000E+02  0.000000000E+00  8.985230443E+00 
       927  3.315000000E+02  0.000000000E+00  8.999134111E+00 
       928  3.317500000E+02  0.000000000E+00  9.012845611E+00 
       929  3.320000000E+02  0.000000000E+00  9.026365890E+00 
       930  3.322500000E+02  0.000000000E+00  9.039695887E+00 
       931  3.325000000E+02  0.000000000E+00  9.052836542E+00 
       932  3.327500000E+02  0.000000000E+00  9.065788789E+00 
       933  3.330000000E+02  0.000000000E+00  9.078553561E+00 
       934  3.332500000E+02  0.000000000E+00  9.091131785E+00 
       935  3.335000000E+02  0.000000000E+00  9.103524384E+00 
       936  3.337500000E+02  0.000000000E+00  9.115732277E+00 
       937  3.340000000E+02  0.000000000E+00  9.127756379E+00 
       938  3.342500000E+02  0.000000000E+00  9.139597599E+00 
       939  3.345000000E+02  0.000000000E+00  9.151256841E+00 
       940  3.347500000E+02  0.000000000E+00  9.162735005E+00 
       941  3.350000000E+02  0.000000000E+00  9.174032984E+00 
       942  3.352500000E+02  0.000000000E+00  9.185151665E+00 
       943  3.355000000E+02  0.000000000E+00  9.196091930E+00 
       944  3.357500000E+02  0.000000000E+00  9.206854654E+00 
       945  3.360000000E+02  0.000000000E+00  9.217440706E+00 
       946  3.362500000E+02  0.000000000E+00  9.227850948E+00 
       947  3.365000000E+02  0.000000000E+00  9.238086234E+00 
       948  3.367500000E+02  0.000000000E+00  9.248147413E+00 
       949  3.370000000E+02  0.000000000E+00  9.258035324E+00 
       950  3.372500000E+02  0.000000000E+00  9.267750801E+00 
       951  3.375000000E+02  0.000000000E+00  9.277294668E+00 
       952  3.377500000E+02  0.000000000E+00  9.286667742E+00 
       953  3.380000000E+02  0.000000000E+00  9.295870832E+00 
       954  3.382500000E+02  0.000000000E+00  9.304904739E+00 
       955  3.385000000E+02  0.000000000E+00  9.313770253E+00 
       956  3.387500000E+02  0.000000000E+00  9.322468157E+00 
       957  3.390000000E+02  0.000000000E+00  9.330999225E+00 
       958  3.392500000E+02  0.000000000E+00  9.339364222E+00 
       959  3.395000000E+02  0.000000000E+00  9.347563902E+00 
       960  3.397500000E+02  0.000000000E+00  9.355599011E+00 
       961  3.400000000E+02  0.000000000E+00  9.363470285E+00 
       962  3.402500000E+02  0.000000000E+00  9.371178449E+00 
       963  3.405000000E+02  0.000000000E+00  9.378724218E+00 
       964  3.407500000E+02  0.000000000E+00  9.386108297E+00 
       965  3.410000000E+02  0.000000000E+00  9.393331381E+00 
       966  3.412500000E+02  0.000000000E+00  9.400394155E+00 
       967  3.415000000E+02  0.000000000E+00  9.407297290E+00 
       968  3.417500000E+02  0.000000000E+00  9.414041448E+00 
       969  3.420000000E+02  0.000000000E+00  9.420627281E+00 
       970  3.422500000E+02  0.000000000E+00  9.427055428E+00 
       971  3.425000000E+02  0.000000000E+00  9.433326516E+00 
       972  3.427500000E+02  0.000000000E+00  9.439441162E+00 
       973  3.430000000E+02  0.000000000E+00  9.445399969E+00 
       974  3.432500000E+02  0.000000000E+00  9.451203530E+00 
       975  3.435000000E+02  0.000000000E+00  9.456852424E+00 
       976  3.437500000E+02  0.000000000E+00  9.462347220E+00 
       977  3.440000000E+02  0.000000000E+00  9.467688473E+00 
       978  3.442500000E+02  0.000000000E+00  9.472876725E+00 
       979  3.445000000E+02  0.000000000E+00  9.477912506E+00 
       980  3.447500000E+02  0.000000000E+00  9.482796334E+00 
       981  3.450000000E+02  0.000000000E+00  9.487528711E+00 
       982  3.452500000E+02  0.000000000E+00  9.492110130E+00 
       983  3.455000000E+02  0.000000000E+00  9.496541066E+00 
       984  3.457500000E+02  0.000000000E+00  9.500821986E+00 
       985  3.460000000E+02  0.000000000E+00  9.504953338E+00 
       986  3.462500000E+02  0.000000000E+00  9.508935560E+00 
       987  3.465000000E+02  0.000000000E+00  9.512769076E+00 
       988  3.467500000E+02  0.000000000E+00  9.516454293E+00 
       989  3.470000000E+02  0.000000000E+00  9.519991609E+00 
       990  3.472500000E+02  0.000000000E+00  9.523381403E+00 
       991  3.475000000E+02  0.000000000E+00  9.526624042E+00 
       992  3.477500000E+02  0.000000000E+00  9.529719879E+00 
       993  3.480000000E+02  0.000000000E+00  9.532669253E+00 
       994  3.482500000E+02  0.000000000E+00  9.535472486E+00 
       995  3.485000000E+02  0.000000000E+00  9.538129888E+00 
       996  3.487500000E+02  0.000000000E+00  9.540641753E+00 
       997  3.490000000E+02  0.000000000E+00  9.543008361E+00 
       998  3.492500000E+02  0.000000000E+00  9.545229975E+00 
       999  3.495000000E+02  0.000000000E+00  9.547306846E+00 
      1000  3.497500000E+02  0.000000000E+00  9.549239208E+00 
      1001  3.500000000E+02  0.000000000E+00  9.551027280E+00 
      1002  3.502500000E+02  0.000000000E+00  9.552671267E+00 
      1003  3.505000000E+02  0.000000000E+00  9.554171358E+00 
      1004  3.507500000E+02  0.000000000E+00  9.555527726E+00 
      1005  3.510000000E+02  0.000000000E+00  9.556740530E+00 
      1006  3.512500000E+02  0.000000000E+00  9.557809912E+00 
      1007  3.515000000E+02  0.000000000E+00  9.558735999E+00 
      1008  3.517500000E+02  0.000000000E+00  9.559518904E+00 
      1009  3.520000000E+02  0.000000000E+00  9.560158722E+00 
      1010  3.522500000E+02  0.000000000E+00  9.560655533E+00 
      1011  3.525000000E+02  0.000000000E+00  9.561009403E+00 
      1012  3.527500000E+02  0.000000000E+00  9.561220380E+00 
      1013  3.530000000E+02  0.000000000E+00  9.561288498E+00 
      1014  3.532500000E+02  0.000000000E+00  9.561213774E+00 
      1015  3.535000000E+02  0.000000000E+00  9.560996209E+00 
      1016  3.537500000E+02  0.000000000E+00  9.560635789E+00 
      1017  3.540000000E+02  0.000000000E+00  9.560132484E+00 
      1018  3.542500000E+02  0.000000000E+00  9.559486249E+00 
      1019  3.545000000E+02  0.000000000E+00  9.558697020E+00 
      1020  3.547500000E+02  0.000000000E+00  9.557764721E+00 
      1021  3.550000000E+02  0.000000000E+00  9.556689257E+00 
      1022  3.552500000E+02  0.000000000E+00  9.555470519E+00 
      1023  3.555000000E+02  0.000000000E+00  9.554108381E+00 
      1024  3.557500000E+02  0.000000000E+00  9.552602702E+00 
      1025  3.560000000E+02  0.000000000E+00  9.550953323E+00 
      1026  3.562500000E+02  0.000000000E+00  9.549160071E+00 
      1027  3.565000000E+02  0.000000000E+00  9.547222756E+00 
      1028  3.567500000E+02  0.000000000E+00  9.545141174E+00 
      1029  3.570000000E+02  0.000000000E+00  9.542915102E+00 
      1030  3.572500000E+02  0.000000000E+00  9.540544304E+00 
      1031  3.575000000E+02  0.000000000E+00  9.538028527E+00 
      1032  3.577500000E+02  0.000000000E+00  9.535367502E+00 
      1033  3.580000000E+02  0.000000000E+00  9.532560943E+00 
      1034  3.582500000E+02  0.000000000E+00  9.529608552E+00 
      1035  3.585000000E+02  0.000000000E+00  9.526510011E+00 
      1036  3.587500000E+02  0.000000000E+00  9.523264989E+00 
      1037  3.590000000E+02  0.000000000E+00  9.519873139E+00 
      1038  3.592500000E+02  0.000000000E+00  9.516334097E+00 
      1039  3.595000000E+02  0.000000000E+00  9.512647485E+00 
      1040  3.597500000E+02  0.000000000E+00  9.508812910E+00 
      1041  3.600000000E+02  0.000000000E+00  9.504829961E+00 
      1042  3.602500000E+02  0.000000000E+00  9.500698215E+00 
      1043  3.605000000E+02  0.000000000E+00  9.496417230E+00 
      1044  3.607500000E+02  0.000000000E+00  9.491986553E+00 
      1045  3.610000000E+02  0.000000000E+00  9.487405712E+00 
      1046  3.612500000E+02  0.000000000E+00  9.482674223E+00 
      1047  3.615000000E+02  0.000000000E+00  9.477791584E+00 
      1048  3.617500000E+02  0.000000000E+00  9.472757281E+00 
      1049  3.620000000E+02  0.000000000E+00  9.467570783E+00 
      1050  3.622500000E+02  0.000000000E+00  9.462231546E+00 
      1051  3.625000000E+02  0.000000000E+00  9.456739011E+00 
      1052  3.627500000E+02  0.000000000E+00  9.451092602E+00 
      1053  3.630000000E+02  0.000000000E+00  9.445291733E+00 
      1054  3.632500000E+02  0.000000000E+00  9.439335799E+00 
      1055  3.635000000E+02  0.000000000E+00  9.433224184E+00 
      1056  3.637500000E+02  0.000000000E+00  9.426956258E+00 
      1057  3.640000000E+02  0.000000000E+00  9.420531373E+00 
      1058  3.642500000E+02  0.000000000E+00  9.413948872E+00 
      1059  3.645000000E+02  0.000000000E+00  9.407208082E+00 
      1060  3.647500000E+02  0.000000000E+00  9.400308315E+00 
      1061  3.650000000E+02  0.000000000E+00  9.393248873E+00 
      1062  3.652500000E+02  0.000000000E+00  9.386029040E+00 
      1063  3.655000000E+02  0.000000000E+00  9.378648091E+00 
      1064  3.657500000E+02  0.000000000E+00  9.371105285E+00 
      1065  3.660000000E+02  0.000000000E+00  9.363399869E+00 
      1066  3.662500000E+02  0.000000000E+00  9.355531077E+00 
      1067  3.665000000E+02  0.000000000E+00  9.347498131E+00 
      1068  3.667500000E+02  0.000000000E+00  9.339300239E+00 
      1069  3.670000000E+02  0.000000000E+00  9.330936597E+00 
      1070  3.672500000E+02  0.000000000E+00  9.322406388E+00 
      1071  3.675000000E+02  0.000000000E+00  9.313708786E+00 
      1072  3.677500000E+02  0.000000000E+00  9.304842948E+00 
      1073  3.680000000E+02  0.000000000E+00  9.295808024E+00 
      1074  3.682500000E+02  0.000000000E+00  9.286603149E+00 
      1075  3.685000000E+02  0.000000000E+00  9.277227447E+00 
      1076  3.687500000E+02  0.000000000E+00  9.267680032E+00 
      1077  3.690000000E+02  0.000000000E+00  9.257960005E+00 
      1078  3.692500000E+02  0.000000000E+00  9.248066458E+00 
      1079  3.695000000E+02  0.000000000E+00  9.237998470E+00 
      1080  3.697500000E+02  0.000000000E+00  9.227755112E+00 
      1081  3.700000000E+02  0.000000000E+00  9.217335440E+00 
      1082  3.702500000E+02  0.000000000E+00  9.206738505E+00 
      1083  3.705000000E+02  0.000000000E+00  9.195963345E+00 
      1084  3.707500000E+02  0.000000000E+00  9.185008987E+00 
      1085  3.710000000E+02  0.000000000E+00  9.173874451E+00 
      1086  3.712500000E+02  0.000000000E+00  9.162558746E+00 
      1087  3.715000000E+02  0.000000000E+00  9.151060871E+00 
      1088  3.717500000E+02  0.000000000E+00  9.139379817E+00 
      1089  3.720000000E+02  0.000000000E+00  9.127514565E+00 
      1090  3.722500000E+02  0.000000000E+00  9.115464089E+00 
      1091  3.725000000E+02  0.000000000E+00  9.103227352E+00 
      1092  3.727500000E+02  0.000000000E+00  9.090803311E+00 
      1093  3.730000000E+02  0.000000000E+00  9.078190912E+00 
      1094  3.732500000E+02  0.000000000E+00  9.065389097E+00 
      1095  3.735000000E+02  0.000000000E+00  9.052396797E+00 
      1096  3.737500000E+02  0.000000000E+00  9.039212937E+00 
      1097  3.740000000E+02  0.000000000E+00  9.025836435E+00 
      1098  3.742500000E+02  0.000000000E+00  9.012266201E+00 
      1099  3.745000000E+02  0.000000000E+00  8.998501138E+00 
      1100  3.747500000E+02  0.000000000E+00  8.984540144E+00 
      1101  3.750000000E+02  0.000000000E+00  8.970382111E+00 
      1102  3.752500000E+02  0.000000000E+00  8.956025922E+00 
      1103  3.755000000E+02  0.000000000E+00  8.941470457E+00 
      1104  3.757500000E+02  0.000000000E+00  8.926714590E+00 
      1105  3.760000000E+02  0.000000000E+00  8.911757189E+00 
      1106  3.762500000E+02  0.000000000E+00  8.896597117E+00 
      1107  3.765000000E+02  0.000000000E+00  8.881233234E+00 
      1108  3.767500000E+02  0.000000000E+00  8.865664393E+00 
      1109  3.770000000E+02  0.000000000E+00  8.849889445E+00 
      1110  3.772500000E+02  0.000000000E+00  8.833907237E+00 
      1111  3.775000000E+02  0.000000000E+00  8.817716611E+00 
      1112  3.777500000E+02  0.000000000E+00  8.801316407E+00 
      1113  3.780000000E+02  0.000000000E+00  8.784705462E+00 
      1114  3.782500000E+02  0.000000000E+00  8.767882610E+00 
      1115  3.785000000E+02  0.000000000E+00  8.750846684E+00 
      1116  3.787500000E+02  0.000000000E+00  8.733596513E+00 
      1117  3.790000000E+02  0.000000000E+00  8.716130929E+00 
      1118  3.792500000E+02  0.000000000E+00  8.698448758E+00 
      1119  3.795000000E+02  0.000000000E+00  8.680548828E+00 
      1120  3.797500000E+02  0.000000000E+00  8.662429967E+00 
      1121  3.800000000E+02  0.000000000E+00  8.644091004E+00 
      1122  3.802500000E+02  0.000000000E+00  8.625530766E+00 
      1123  3.805000000E+02  0.000000000E+00  8.606748086E+00 
      1124  3.807500000E+02  0.000000000E+00  8.587741795E+00 
      1125  3.810000000E+02  0.000000000E+00  8.568510730E+00 
      1126  3.812500000E+02  0.000000000E+00  8.549053729E+00 
      1127  3.815000000E+02  0.000000000E+00  8.529369636E+00 
      1128  3.817500000E+02  0.000000000E+00  8.509457300E+00 
      1129  3.820000000E+02  0.000000000E+00  8.489315576E+00 
      1130  3.822500000E+02  0.000000000E+00  8.468943325E+00 
      1131  3.825000000E+02  0.000000000E+00  8.448339419E+00 
      1132  3.827500000E+02  0.000000000E+00  8.427502736E+00 
      1133  3.830000000E+02  0.000000000E+00  8.406432168E+00 
      1134  3.832500000E+02  0.000000000E+00  8.385126619E+00 
      1135  3.835000000E+02  0.000000000E+00  8.363585007E+00 
      1136  3.837500000E+02  0.000000000E+00  8.341806266E+00 
      1137  3.840000000E+02  0.000000000E+00  8.319789351E+00 
      1138  3.842500000E+02  0.000000000E+00  8.297533236E+00 
      1139  3.845000000E+02  0.000000000E+00  8.275036920E+00 
      1140  3.847500000E+02  0.000000000E+00  8.252299431E+00 
      1141  3.850000000E+02  0.000000000E+00  8.229319827E+00 
      1142  3.852500000E+02  0.000000000E+00  8.206097204E+00 
      1143  3.855000000E+02  0.000000000E+00  8.182630696E+00 
      1144  3.857500000E+02  0.000000000E+00  8.158919485E+00 
      1145  3.860000000E+02  0.000000000E+00  8.134962808E+00 
      1146  3.862500000E+02  0.000000000E+00  8.110759960E+00 
      1147  3.865000000E+02  0.000000000E+00  8.086310305E+00 
      1148  3.867500000E+02  0.000000000E+00  8.061613287E+00 
      1149  3.870000000E+02  0.000000000E+00  8.036668441E+00 
      1150  3.872500000E+02  0.000000000E+00  8.011475403E+00 
      1151  3.875000000E+02  0.000000000E+00  7.986033929E+00 
      1152  3.877500000E+02  0.000000000E+00  7.960343908E+00 
      1153  3.880000000E+02  0.000000000E+00  7.934405384E+00 
      1154  3.882500000E+02  0.000000000E+00  7.908218581E+00 
      1155  3.885000000E+02  0.000000000E+00  7.881783924E+00 
      1156  3.887500000E+02  0.000000000E+00  7.855102072E+00 
      1157  3.890000000E+02  0.000000000E+00  7.828173952E+00 
      1158  3.892500000E+02  0.000000000E+00  7.801000800E+00 
      1159  3.895000000E+02  0.000000000E+00  7.773584207E+00 
      1160  3.897500000E+02  0.000000000E+00  7.745926169E+00 
      1161  3.900000000E+02  0.000000000E+00  7.718029155E+00 
      1162  3.902500000E+02  0.000000000E+00  7.689896170E+00 
      1163  3.905000000E+02  0.000000000E+00  7.661530844E+00 
      1164  3.907500000E+02  0.000000000E+00  7.632937524E+00 
      1165  3.910000000E+02  0.000000000E+00  7.604121383E+00 
      1166  3.912500000E+02  0.000000000E+00  7.575088548E+00 
      1167  3.915000000E+02  0.000000000E+00  7.545846249E+00 
      1168  3.917500000E+02  0.000000000E+00  7.516402985E+00 
      1169  3.920000000E+02  0.000000000E+00  7.486768728E+00 
      1170  3.922500000E+02  0.000000000E+00  7.456955148E+00 
      1171  3.925000000E+02  0.000000000E+00  7.426975884E+00 
      1172  3.927500000E+02  0.000000000E+00  7.396846852E+00 
      1173  3.930000000E+02  0.000000000E+00  7.366586610E+00 
      1174  3.932500000E+02  0.000000000E+00  7.336216781E+00 
      1175  3.935000000E+02  0.000000000E+00  7.305762551E+00 
      1176  3.937500000E+02  0.000000000E+00  7.275253244E+00 
      1177  3.940000000E+02  0.000000000E+00  7.244723013E+00 
      1178  3.942500000E+02  0.000000000E+00  7.214211638E+00 
      1179  3.945000000E+02  0.000000000E+00  7.183765483E+00 
      1180  3.947500000E+02  0.000000000E+00  7.153438619E+00 
      1181  3.950000000E+02  0.000000000E+00  7.123294174E+00 
      1182  3.952500000E+02  0.000000000E+00  7.093405938E+00 
      1183  3.955000000E+02  0.000000000E+00  7.063860302E+00 
      1184  3.957500000E+02  0.000000000E+00  7.034758597E+00 
      1185  3.960000000E+02  0.000000000E+00  7.006219958E+00 
      1186  3.962500000E+02  0.000000000E+00  6.978384828E+00 
      1187  3.965000000E+02  0.000000000E+00  6.951419307E+00 
      1188  3.967500000E+02  0.000000000E+00  6.925520605E+00 
      1189  3.970000000E+02  0.000000000E+00  6.900923955E+00 
      1190  3.972500000E+02  0.000000000E+00  6.877911517E+00 
      1191  3.975000000E+02  0.000000000E+00  6.856824021E+00 
      1192  3.977500000E+02  0.000000000E+00  6.838076356E+00 
      1193  3.980000000E+02  0.000000000E+00  6.822178939E+00 
      1194  3.982500000E+02  0.000000000E+00  6.809767976E+00 
      1195  3.985000000E+02  0.000000000E+00  6.801650052E+00 
      1196  3.987500000E+02  0.000000000E+00  6.798871355E+00 
      1197  3.990000000E+02  0.000000000E+00  6.802832750E+00 
      1198  3.992500000E+02  0.000000000E+00  6.815499078E+00 
      1199  3.995000000E+02  0.000000000E+00  6.839825517E+00 
      1200  3.997500000E+02  0.000000000E+00  6.883590384E+00 
      1201  4.000000000E+02  0.000000000E+00  6.151614493E+00 
      1202  4.002000034E+02  0.000000000E+00  5.644330980E+00 
      1203  4.004016387E+02  0.000000000E+00  5.845518282E+00 
      1204  4.006049192E+02  0.000000000E+00  6.042959351E+00 
      1205  4.008098583E+02  0.000000000E+00  6.235562788E+00 
      1206  4.010164696E+02  0.000000000E+00  6.422947163E+00 
      1207  4.012247666E+02  0.000000000E+00  6.604805967E+00 
      1208  4.014347631E+02  0.000000000E+00  6.780892868E+00 
      1209  4.016464731E+02  0.000000000E+00  6.951015973E+00 
      1210  4.018599104E+02  0.000000000E+00  7.115032963E+00 
      1211  4.020750892E+02  0.000000000E+00  7.272846703E+00 
      1212  4.022920237E+02  0.000000000E+00  7.424401199E+00 
      1213  4.025107282E+02  0.000000000E+00  7.577394446E+00 
      1214  4.027312172E+02  0.000000000E+00  7.723690672E+00 
      1215  4.029535052E+02  0.000000000E+00  7.855508502E+00 
      1216  4.031776069E+02  0.000000000E+00  7.981221321E+00 
      1217  4.034035370E+02  0.000000000E+00  8.100925514E+00 
      1218  4.036313106E+02  0.000000000E+00  8.214737891E+00 
      1219  4.038609426E+02  0.000000000E+00  8.322792878E+00 
      1220  4.040924483E+02  0.000000000E+00  8.425239850E+00 
      1221  4.043258428E+02  0.000000000E+00  8.527007876E+00 
      1222  4.045611417E+02  0.000000000E+00  8.623165634E+00 
      1223  4.047983604E+02  0.000000000E+00  8.709067383E+00 
      1224  4.050375146E+02  0.000000000E+00  8.790105074E+00 
      1225  4.052786201E+02  0.000000000E+00  8.866467608E+00 
      1226  4.055216929E+02  0.000000000E+00  8.941764685E+00 
      1227  4.057667489E+02  0.000000000E+00  9.019652694E+00 
      1228  4.060138044E+02  0.000000000E+00  9.101127975E+00 
      1229  4.062628756E+02  0.000000000E+00  9.173962741E+00 
      1230  4.065139791E+02  0.000000000E+00  9.233518744E+00 
      1231  4.067671314E+02  0.000000000E+00  9.292258069E+00 
      1232  4.070223492E+02  0.000000000E+00  9.346252991E+00 
      1233  4.072796494E+02  0.000000000E+00  9.396816541E+00 
      1234  4.075390490E+02  0.000000000E+00  9.441363719E+00 
      1235  4.078005650E+02  0.000000000E+00  9.475663095E+00 
      1236  4.080642148E+02  0.000000000E+00  9.508211339E+00 
      1237  4.083300158E+02  0.000000000E+00  9.538399461E+00 
      1238  4.085979855E+02  0.000000000E+00  9.566139224E+00 
      1239  4.088681416E+02  0.000000000E+00  9.560164762E+00 
      1240  4.091405020E+02  0.000000000E+00  9.555171921E+00 
      1241  4.094150846E+02  0.000000000E+00  9.583806323E+00 
      1242  4.096919076E+02  0.000000000E+00  9.610397287E+00 
      1243  4.099709892E+02  0.000000000E+00  9.635078959E+00 
      1244  4.102523480E+02  0.000000000E+00  9.657978740E+00 
      1245  4.105360024E+02  0.000000000E+00  9.679217408E+00 
      1246  4.108219711E+02  0.000000000E+00  9.698909244E+00 
      1247  4.111102732E+02  0.000000000E+00  9.717162207E+00 
      1248  4.114009276E+02  0.000000000E+00  9.734078102E+00 
      1249  4.116939535E+02  0.000000000E+00  9.749752788E+00 
      1250  4.119893702E+02  0.000000000E+00  9.764276383E+00 
      1251  4.122871973E+02  0.000000000E+00  9.777733481E+00 
      1252  4.125874544E+02  0.000000000E+00  9.790203380E+00 
      1253  4.128901614E+02  0.000000000E+00  9.801760303E+00 
      1254  4.131953383E+02  0.000000000E+00  9.812473637E+00 
      1255  4.135030051E+02  0.000000000E+00  9.822408155E+00 
      1256  4.138131823E+02  0.000000000E+00  9.831624247E+00 
      1257  4.141258902E+02  0.000000000E+00  9.840178146E+00 
      1258  4.144411496E+02  0.000000000E+00  9.848122146E+00 
      1259  4.147589813E+02  0.000000000E+00  9.855504820E+00 
      1260  4.150794062E+02  0.000000000E+00  9.862371230E+00 
      1261  4.154024455E+02  0.000000000E+00  9.868763131E+00 
      1262  4.157281206E+02  0.000000000E+00  9.874719165E+00 
      1263  4.160564529E+02  0.000000000E+00  9.880275054E+00 
      1264  4.163874641E+02  0.000000000E+00  9.885463783E+00 
      1265  4.167211762E+02  0.000000000E+00  9.890315768E+00 
      1266  4.170576110E+02  0.000000000E+00  9.894859033E+00 
      1267  4.173967909E+02  0.000000000E+00  9.899119360E+00 
      1268  4.177387382E+02  0.000000000E+00  9.903120445E+00 
      1269  4.180834756E+02  0.000000000E+00  9.906884042E+00 
      1270  4.184310257E+02  0.000000000E+00  9.910430096E+00 
      1271  4.187814116E+02  0.000000000E+00  9.913776874E+00 
      1272  4.191346563E+02  0.000000000E+00  9.916941089E+00 
      1273  4.194907832E+02  0.000000000E+00  9.919938009E+00 
      1274  4.198498158E+02  0.000000000E+00  9.922781572E+00 
      1275  4.202117779E+02  0.000000000E+00  9.925484479E+00 
      1276  4.205766933E+02  0.000000000E+00  9.928058298E+00 
      1277  4.209445860E+02  0.000000000E+00  9.930513547E+00 
      1278  4.213154806E+02  0.000000000E+00  9.932859780E+00 
      1279  4.216894013E+02  0.000000000E+00  9.935105663E+00 
      1280  4.220663728E+02  0.000000000E+00  9.937259050E+00 
      1281  4.224464202E+02  0.000000000E+00  9.939327047E+00 
      1282  4.228295685E+02  0.000000000E+00  9.941316079E+00 
      1283  4.232158429E+02  0.000000000E+00  9.943231944E+00 
      1284  4.236052691E+02  0.000000000E+00  9.945079871E+00 
      1285  4.239978726E+02  0.000000000E+00  9.946864569E+00 
      1286  4.243936795E+02  0.000000000E+00  9.948590273E+00 
      1287  4.247927158E+02  0.000000000E+00  9.950260788E+00 
      1288  4.251950080E+02  0.000000000E+00  9.951879529E+00 
      1289  4.256005825E+02  0.000000000E+00  9.953449556E+00 
      1290  4.260094662E+02  0.000000000E+00  9.954973611E+00 
      1291  4.264216861E+02  0.000000000E+00  9.956454145E+00 
      1292  4.268372694E+02  0.000000000E+00  9.957893349E+00 
      1293  4.272562434E+02  0.000000000E+00  9.959293181E+00 
      1294  4.276786360E+02  0.000000000E+00  9.960655388E+00 
      1295  4.281044750E+02  0.000000000E+00  9.961981528E+00 
      1296  4.285337884E+02  0.000000000E+00  9.963272991E+00 
      1297  4.289666047E+02  0.000000000E+00  9.964531019E+00 
      1298  4.294029525E+02  0.000000000E+00  9.965756717E+00 
      1299  4.298428605E+02  0.000000000E+00  9.966951077E+00 
      1300  4.302863578E+02  0.000000000E+00  9.968114981E+00 
      1301  4.307334737E+02  0.000000000E+00  9.969249224E+00 
      1302  4.311842377E+02  0.000000000E+00  9.970354518E+00 
      1303  4.316386795E+02  0.000000000E+00  9.971431507E+00 
      1304  4.320968293E+02  0.000000000E+00  9.972480771E+00 
      1305  4.325587172E+02  0.000000000E+00  9.973502839E+00 
      1306  4.330243737E+02  0.000000000E+00  9.974498198E+00 
      1307  4.334938296E+02  0.000000000E+00  9.975467291E+00 
      1308  4.339671159E+02  0.000000000E+00  9.976410534E+00 
      1309  4.344442638E+02  0.000000000E+00  9.977328312E+00 
      1310  4.349253049E+02  0.000000000E+00  9.978220992E+00 
      1311  4.354102708E+02  0.000000000E+00  9.979088919E+00 
      1312  4.358991937E+02  0.000000000E+00  9.979932429E+00 
      1313  4.363921059E+02  0.000000000E+00  9.980751842E+00 
      1314  4.368890398E+02  0.000000000E+00  9.981547476E+00 
      1315  4.373900283E+02  0.000000000E+00  9.982319638E+00 
      1316  4.378951044E+02  0.000000000E+00  9.983068637E+00 
      1317  4.384043016E+02  0.000000000E+00  9.983794779E+00 
      1318  4.389176534E+02  0.000000000E+00  9.984498371E+00 
      1319  4.394351937E+02  0.000000000E+00  9.985179723E+00 
      1320  4.399569568E+02  0.000000000E+00  9.985839146E+00 
      1321  4.404829770E+02  0.000000000E+00  9.986476958E+00 
      1322  4.410132892E+02  0.000000000E+00  9.987093480E+00 
      1323  4.415479282E+02  0.000000000E+00  9.987689042E+00 
      1324  4.420869295E+02  0.000000000E+00  9.988263975E+00 
      1325  4.426303286E+02  0.000000000E+00  9.988818622E+00 
      1326  4.431781614E+02  0.000000000E+00  9.989353329E+00 
      1327  4.437304641E+02  0.000000000E+00  9.989868451E+00 
      1328  4.442872731E+02  0.000000000E+00  9.990364348E+00 
      1329  4.448486253E+02  0.000000000E+00  9.990841388E+00 
      1330  4.454145576E+02  0.000000000E+00  9.991299946E+00 
      1331  4.459851075E+02  0.000000000E+00  9.991740403E+00 
      1332  4.465603126E+02  0.000000000E+00  9.992163145E+00 
      1333  4.471402109E+02  0.000000000E+00  9.992568565E+00 
      1334  4.477248408E+02  0.000000000E+00  9.992957061E+00 
      1335  4.483142407E+02  0.000000000E+00  9.993329036E+00 
      1336  4.489084497E+02  0.000000000E+00  9.993684897E+00 
      1337  4.495075070E+02  0.000000000E+00  9.994025054E+00 
      1338  4.501114521E+02  0.000000000E+00  9.994349922E+00 
      1339  4.507203248E+02  0.000000000E+00  9.994659919E+00 
      1340  4.513341655E+02  0.000000000E+00  9.994955463E+00 
      1341  4.519530147E+02  0.000000000E+00  9.995236975E+00 
      1342  4.525769132E+02  0.000000000E+00  9.995504878E+00 
      1343  4.532059021E+02  0.000000000E+00  9.995759594E+00 
      1344  4.538400232E+02  0.000000000E+00  9.996001544E+00 
      1345  4.544793181E+02  0.000000000E+00  9.996231151E+00 
      1346  4.551238292E+02  0.000000000E+00  9.996448835E+00 
      1347  4.557735990E+02  0.000000000E+00  9.996655012E+00 
      1348  4.564286703E+02  0.000000000E+00  9.996850100E+00 
      1349  4.570890866E+02  0.000000000E+00  9.997034510E+00 
      1350  4.577548913E+02  0.000000000E+00  9.997208651E+00 
      1351  4.584261284E+02  0.000000000E+00  9.997372928E+00 
      1352  4.591028423E+02  0.000000000E+00  9.997527742E+00 
      1353  4.597850777E+02  0.000000000E+00  9.997673487E+00 
      1354  4.604728795E+02  0.000000000E+00  9.997810552E+00 
      1355  4.611662932E+02  0.000000000E+00  9.997939323E+00 
      1356  4.618653647E+02  0.000000000E+00  9.998060175E+00 
      1357  4.625701400E+02  0.000000000E+00  9.998173479E+00 
      1358  4.632806657E+02  0.000000000E+00  9.998279601E+00 
      1359  4.639969887E+02  0.000000000E+00  9.998378896E+00 
      1360  4.647191564E+02  0.000000000E+00  9.998471713E+00 
      1361  4.654472164E+02  0.000000000E+00  9.998558396E+00 
      1362  4.661812167E+02  0.000000000E+00  9.998639278E+00 
      1363  4.669212059E+02  0.000000000E+00  9.998714686E+00 
      1364  4.676672328E+02  0.000000000E+00  9.998784940E+00 
      1365  4.684193468E+02  0.000000000E+00  9.998850352E+00 
      1366  4.691775973E+02  0.000000000E+00  9.998911229E+00 
      1367  4.699420346E+02  0.000000000E+00  9.998967869E+00 
      1368  4.707127091E+02  0.000000000E+00  9.999020567E+00 
      1369  4.714896716E+02  0.000000000E+00  9.999069613E+00 
      1370  4.722729736E+02  0.000000000E+00  9.999115292E+00 
      1371  4.730626666E+02  0.000000000E+00  9.999157891E+00 
      1372  4.738588030E+02  0.000000000E+00  9.999197697E+00 
      1373  4.746614352E+02  0.000000000E+00  9.999235002E+00 
      1374  4.754706162E+02  0.000000000E+00  9.999270108E+00 
      1375  4.762863994E+02  0.000000000E+00  9.999303335E+00 
      1376  4.771088389E+02  0.000000000E+00  9.999335023E+00 
      1377  4.779379887E+02  0.000000000E+00  9.999365552E+00 
      1378  4.787739038E+02  0.000000000E+00  9.999395351E+00 
      1379  4.796166392E+02  0.000000000E+00  9.999424922E+00 
      1380  4.804662507E+02  0.000000000E+00  9.999454865E+00 
      1381  4.813227944E+02  0.000000000E+00  9.999485921E+00 
      1382  4.821863268E+02  0.000000000E+00  9.999519018E+00 
      1383  4.830569049E+02  0.000000000E+00  9.999555351E+00 
      1384  4.839345862E+02  0.000000000E+00  9.999596469E+00 
      1385  4.848194287E+02  0.000000000E+00  9.999644422E+00 
      1386  4.857114908E+02  0.000000000E+00  9.999701935E+00 
      1387  4.866108314E+02  0.000000000E+00  9.999772675E+00 
      1388  4.875175099E+02  0.000000000E+00  9.999861599E+00 
      1389  4.884315862E+02  0.000000000E+00  9.999975450E+00 
      1390  4.893531206E+02  0.000000000E+00  1.000012344E+01 
      1391  4.902821741E+02  0.000000000E+00  1.000031822E+01 
      1392  4.912188078E+02  0.000000000E+00  1.000057720E+01 
      1393  4.921630837E+02  0.000000000E+00  1.000092444E+01 
      1394  4.931150642E+02  0.000000000E+00  1.000139325E+01 
      1395  4.940748120E+02  0.000000000E+00  1.000202997E+01 
      1396  4.950423907E+02  0.000000000E+00  1.000289914E+01 
      1397  4.960178639E+02  0.000000000E+00  1.000409102E+01 
      1398  4.970012963E+02  0.000000000E+00  1.000572400E+01 
      1399  4.979927527E+02  0.000000000E+00  1.000915229E+01 
      1400  4.989922986E+02  0.000000000E+00  1.001373289E+01 
      1401  5.000000000E+02  0.000000000E+00  1.001582955E+01 
