nodenumber     x-coordinate     y-coordinate           udm-12 
         1  0.000000000E+00  0.000000000E+00  9.997299004E+00 
         2  1.007701384E+00  0.000000000E+00  9.997405108E+00 
         3  2.007247274E+00  0.000000000E+00  9.998928896E+00 
         4  2.998703673E+00  0.000000000E+00  1.000029954E+01 
         5  3.982136051E+00  0.000000000E+00  1.000024749E+01 
         6  4.957609346E+00  0.000000000E+00  1.000022331E+01 
         7  5.925187975E+00  0.000000000E+00  1.000021213E+01 
         8  6.884935829E+00  0.000000000E+00  1.000021036E+01 
         9  7.836916284E+00  0.000000000E+00  1.000021540E+01 
        10  8.781192203E+00  0.000000000E+00  1.000022540E+01 
        11  9.717825941E+00  0.000000000E+00  1.000023900E+01 
        12  1.064687935E+01  0.000000000E+00  1.000025524E+01 
        13  1.156841377E+01  0.000000000E+00  1.000027341E+01 
        14  1.248249006E+01  0.000000000E+00  1.000029300E+01 
        15  1.338916858E+01  0.000000000E+00  1.000031362E+01 
        16  1.428850920E+01  0.000000000E+00  1.000033499E+01 
        17  1.518057130E+01  0.000000000E+00  1.000035691E+01 
        18  1.606541380E+01  0.000000000E+00  1.000037921E+01 
        19  1.694309512E+01  0.000000000E+00  1.000040177E+01 
        20  1.781367322E+01  0.000000000E+00  1.000042450E+01 
        21  1.867720559E+01  0.000000000E+00  1.000044730E+01 
        22  1.953374925E+01  0.000000000E+00  1.000047012E+01 
        23  2.038336076E+01  0.000000000E+00  1.000049289E+01 
        24  2.122609622E+01  0.000000000E+00  1.000051556E+01 
        25  2.206201128E+01  0.000000000E+00  1.000053807E+01 
        26  2.289116114E+01  0.000000000E+00  1.000056038E+01 
        27  2.371360056E+01  0.000000000E+00  1.000058243E+01 
        28  2.452938383E+01  0.000000000E+00  1.000060417E+01 
        29  2.533856484E+01  0.000000000E+00  1.000062553E+01 
        30  2.614119701E+01  0.000000000E+00  1.000064646E+01 
        31  2.693733335E+01  0.000000000E+00  1.000066690E+01 
        32  2.772702642E+01  0.000000000E+00  1.000068676E+01 
        33  2.851032837E+01  0.000000000E+00  1.000070598E+01 
        34  2.928729093E+01  0.000000000E+00  1.000072447E+01 
        35  3.005796541E+01  0.000000000E+00  1.000074214E+01 
        36  3.082240268E+01  0.000000000E+00  1.000075889E+01 
        37  3.158065324E+01  0.000000000E+00  1.000077462E+01 
        38  3.233276716E+01  0.000000000E+00  1.000078921E+01 
        39  3.307879409E+01  0.000000000E+00  1.000080255E+01 
        40  3.381878330E+01  0.000000000E+00  1.000081450E+01 
        41  3.455278365E+01  0.000000000E+00  1.000082492E+01 
        42  3.528084362E+01  0.000000000E+00  1.000083367E+01 
        43  3.600301127E+01  0.000000000E+00  1.000084058E+01 
        44  3.671933431E+01  0.000000000E+00  1.000084548E+01 
        45  3.742986002E+01  0.000000000E+00  1.000084820E+01 
        46  3.813463533E+01  0.000000000E+00  1.000084854E+01 
        47  3.883370678E+01  0.000000000E+00  1.000084630E+01 
        48  3.952712052E+01  0.000000000E+00  1.000084127E+01 
        49  4.021492235E+01  0.000000000E+00  1.000083322E+01 
        50  4.089715769E+01  0.000000000E+00  1.000082192E+01 
        51  4.157387159E+01  0.000000000E+00  1.000080712E+01 
        52  4.224510872E+01  0.000000000E+00  1.000078856E+01 
        53  4.291091342E+01  0.000000000E+00  1.000076597E+01 
        54  4.357132966E+01  0.000000000E+00  1.000073907E+01 
        55  4.422640104E+01  0.000000000E+00  1.000070756E+01 
        56  4.487617081E+01  0.000000000E+00  1.000067113E+01 
        57  4.552068189E+01  0.000000000E+00  1.000062947E+01 
        58  4.615997684E+01  0.000000000E+00  1.000058225E+01 
        59  4.679409786E+01  0.000000000E+00  1.000052912E+01 
        60  4.742308684E+01  0.000000000E+00  1.000046974E+01 
        61  4.804698530E+01  0.000000000E+00  1.000040375E+01 
        62  4.866583446E+01  0.000000000E+00  1.000033076E+01 
        63  4.927967516E+01  0.000000000E+00  1.000025040E+01 
        64  4.988854795E+01  0.000000000E+00  1.000016228E+01 
        65  5.049249303E+01  0.000000000E+00  1.000006598E+01 
        66  5.109155028E+01  0.000000000E+00  9.999961114E+00 
        67  5.168575926E+01  0.000000000E+00  9.999847249E+00 
        68  5.227515921E+01  0.000000000E+00  9.999723962E+00 
        69  5.285978905E+01  0.000000000E+00  9.999590819E+00 
        70  5.343968738E+01  0.000000000E+00  9.999447383E+00 
        71  5.401489250E+01  0.000000000E+00  9.999293208E+00 
        72  5.458544238E+01  0.000000000E+00  9.999127845E+00 
        73  5.515137472E+01  0.000000000E+00  9.998950840E+00 
        74  5.571272686E+01  0.000000000E+00  9.998761738E+00 
        75  5.626953590E+01  0.000000000E+00  9.998560081E+00 
        76  5.682183858E+01  0.000000000E+00  9.998345409E+00 
        77  5.736967139E+01  0.000000000E+00  9.998117262E+00 
        78  5.791307049E+01  0.000000000E+00  9.997875184E+00 
        79  5.845207178E+01  0.000000000E+00  9.997618717E+00 
        80  5.898671083E+01  0.000000000E+00  9.997347409E+00 
        81  5.951702297E+01  0.000000000E+00  9.997060812E+00 
        82  6.004304320E+01  0.000000000E+00  9.996758484E+00 
        83  6.056480627E+01  0.000000000E+00  9.996439991E+00 
        84  6.108234661E+01  0.000000000E+00  9.996104908E+00 
        85  6.159569842E+01  0.000000000E+00  9.995752821E+00 
        86  6.210489559E+01  0.000000000E+00  9.995383326E+00 
        87  6.260997174E+01  0.000000000E+00  9.994996037E+00 
        88  6.311096022E+01  0.000000000E+00  9.994590582E+00 
        89  6.360789412E+01  0.000000000E+00  9.994166608E+00 
        90  6.410080625E+01  0.000000000E+00  9.993723784E+00 
        91  6.458972916E+01  0.000000000E+00  9.993261801E+00 
        92  6.507469514E+01  0.000000000E+00  9.992780376E+00 
        93  6.555573621E+01  0.000000000E+00  9.992279257E+00 
        94  6.603288413E+01  0.000000000E+00  9.991758223E+00 
        95  6.650617042E+01  0.000000000E+00  9.991217090E+00 
        96  6.697562632E+01  0.000000000E+00  9.990655715E+00 
        97  6.744128283E+01  0.000000000E+00  9.990073998E+00 
        98  6.790317071E+01  0.000000000E+00  9.989471888E+00 
        99  6.836132046E+01  0.000000000E+00  9.988849390E+00 
       100  6.881576232E+01  0.000000000E+00  9.988206568E+00 
       101  6.926652631E+01  0.000000000E+00  9.987543553E+00 
       102  6.971364219E+01  0.000000000E+00  9.986860550E+00 
       103  7.015713949E+01  0.000000000E+00  9.986157844E+00 
       104  7.059704749E+01  0.000000000E+00  9.985435811E+00 
       105  7.103339524E+01  0.000000000E+00  9.984694925E+00 
       106  7.146621156E+01  0.000000000E+00  9.983935768E+00 
       107  7.189552503E+01  0.000000000E+00  9.983159045E+00 
       108  7.232136399E+01  0.000000000E+00  9.982365590E+00 
       109  7.274375656E+01  0.000000000E+00  9.981556384E+00 
       110  7.316273064E+01  0.000000000E+00  9.980732571E+00 
       111  7.357831389E+01  0.000000000E+00  9.979895468E+00 
       112  7.399053376E+01  0.000000000E+00  9.979046587E+00 
       113  7.439941746E+01  0.000000000E+00  9.978187656E+00 
       114  7.480499201E+01  0.000000000E+00  9.977320635E+00 
       115  7.520728416E+01  0.000000000E+00  9.976447742E+00 
       116  7.560632051E+01  0.000000000E+00  9.975571480E+00 
       117  7.600212738E+01  0.000000000E+00  9.974694658E+00 
       118  7.639473092E+01  0.000000000E+00  9.973820428E+00 
       119  7.678415706E+01  0.000000000E+00  9.972952312E+00 
       120  7.717043151E+01  0.000000000E+00  9.972094239E+00 
       121  7.755357977E+01  0.000000000E+00  9.971250584E+00 
       122  7.793362715E+01  0.000000000E+00  9.970426207E+00 
       123  7.831059875E+01  0.000000000E+00  9.969626498E+00 
       124  7.868451945E+01  0.000000000E+00  9.968857426E+00 
       125  7.905541395E+01  0.000000000E+00  9.968125592E+00 
       126  7.942330674E+01  0.000000000E+00  9.967438281E+00 
       127  7.978822211E+01  0.000000000E+00  9.966803527E+00 
       128  8.015018416E+01  0.000000000E+00  9.966230176E+00 
       129  8.050921679E+01  0.000000000E+00  9.965727958E+00 
       130  8.086534371E+01  0.000000000E+00  9.965307558E+00 
       131  8.121858844E+01  0.000000000E+00  9.964980704E+00 
       132  8.156897429E+01  0.000000000E+00  9.964760247E+00 
       133  8.191652442E+01  0.000000000E+00  9.964660273E+00 
       134  8.226126177E+01  0.000000000E+00  9.964696139E+00 
       135  8.260320909E+01  0.000000000E+00  9.964884654E+00 
       136  8.294238899E+01  0.000000000E+00  9.965244210E+00 
       137  8.327882384E+01  0.000000000E+00  9.965794825E+00 
       138  8.361253587E+01  0.000000000E+00  9.966558312E+00 
       139  8.394354712E+01  0.000000000E+00  9.967558423E+00 
       140  8.427187943E+01  0.000000000E+00  9.968820993E+00 
       141  8.459755450E+01  0.000000000E+00  9.970374106E+00 
       142  8.492059382E+01  0.000000000E+00  9.972248259E+00 
       143  8.524101873E+01  0.000000000E+00  9.974476549E+00 
       144  8.555885039E+01  0.000000000E+00  9.977094863E+00 
       145  8.587410979E+01  0.000000000E+00  9.980142091E+00 
       146  8.618681774E+01  0.000000000E+00  9.983660344E+00 
       147  8.649699489E+01  0.000000000E+00  9.987695191E+00 
       148  8.680466173E+01  0.000000000E+00  9.992295912E+00 
       149  8.710983857E+01  0.000000000E+00  9.997515767E+00 
       150  8.741254556E+01  0.000000000E+00  1.000341229E+01 
       151  8.771280270E+01  0.000000000E+00  1.001004758E+01 
       152  8.801062980E+01  0.000000000E+00  1.001748866E+01 
       153  8.830604654E+01  0.000000000E+00  1.002580779E+01 
       154  8.859907242E+01  0.000000000E+00  1.003508291E+01 
       155  8.888972679E+01  0.000000000E+00  1.004539795E+01 
       156  8.917802885E+01  0.000000000E+00  1.005684336E+01 
       157  8.946399764E+01  0.000000000E+00  1.006951654E+01 
       158  8.974765203E+01  0.000000000E+00  1.008352233E+01 
       159  9.002901076E+01  0.000000000E+00  1.009897357E+01 
       160  9.030809241E+01  0.000000000E+00  1.011599171E+01 
       161  9.058491540E+01  0.000000000E+00  1.013470742E+01 
       162  9.085949802E+01  0.000000000E+00  1.015526129E+01 
       163  9.113185839E+01  0.000000000E+00  1.017780456E+01 
       164  9.140201451E+01  0.000000000E+00  1.020249998E+01 
       165  9.166998421E+01  0.000000000E+00  1.022952267E+01 
       166  9.193578518E+01  0.000000000E+00  1.025906108E+01 
       167  9.219943499E+01  0.000000000E+00  1.029131809E+01 
       168  9.246095103E+01  0.000000000E+00  1.032651214E+01 
       169  9.272035058E+01  0.000000000E+00  1.036487866E+01 
       170  9.297765077E+01  0.000000000E+00  1.040667054E+01 
       171  9.323286858E+01  0.000000000E+00  1.045216040E+01 
       172  9.348602087E+01  0.000000000E+00  1.050164427E+01 
       173  9.373712436E+01  0.000000000E+00  1.055658455E+01 
       174  9.398619563E+01  0.000000000E+00  1.061654140E+01 
       175  9.423325112E+01  0.000000000E+00  1.068089110E+01 
       176  9.447830715E+01  0.000000000E+00  1.069420184E+01 
       177  9.472137990E+01  0.000000000E+00  1.071210907E+01 
       178  9.496248543E+01  0.000000000E+00  1.078684341E+01 
       179  9.520163964E+01  0.000000000E+00  1.087234361E+01 
       180  9.543885834E+01  0.000000000E+00  1.097917462E+01 
       181  9.567415720E+01  0.000000000E+00  1.109003929E+01 
       182  9.590755173E+01  0.000000000E+00  1.119633788E+01 
       183  9.613905737E+01  0.000000000E+00  1.130843481E+01 
       184  9.636868940E+01  0.000000000E+00  1.142989424E+01 
       185  9.659646297E+01  0.000000000E+00  1.156150465E+01 
       186  9.682239314E+01  0.000000000E+00  1.170413048E+01 
       187  9.704649481E+01  0.000000000E+00  1.186366632E+01 
       188  9.726878279E+01  0.000000000E+00  1.203663185E+01 
       189  9.748927176E+01  0.000000000E+00  1.222481472E+01 
       190  9.770797628E+01  0.000000000E+00  1.242899209E+01 
       191  9.792491078E+01  0.000000000E+00  1.265130182E+01 
       192  9.814008960E+01  0.000000000E+00  1.289276847E+01 
       193  9.835352693E+01  0.000000000E+00  1.314927821E+01 
       194  9.856523689E+01  0.000000000E+00  1.342831033E+01 
       195  9.877523344E+01  0.000000000E+00  1.372346184E+01 
       196  9.898353045E+01  0.000000000E+00  1.404514592E+01 
       197  9.919014168E+01  0.000000000E+00  1.440463526E+01 
       198  9.939508077E+01  0.000000000E+00  1.479730432E+01 
       199  9.959836126E+01  0.000000000E+00  1.522680615E+01 
       200  9.979999657E+01  0.000000000E+00  1.569974763E+01 
       201  1.000000000E+02  0.000000000E+00  1.467491646E+01 
       202  1.002500000E+02  0.000000000E+00  1.313078900E+01 
       203  1.005000000E+02  0.000000000E+00  1.320136655E+01 
       204  1.007500000E+02  0.000000000E+00  1.323955806E+01 
       205  1.010000000E+02  0.000000000E+00  1.325953437E+01 
       206  1.012500000E+02  0.000000000E+00  1.326621421E+01 
       207  1.015000000E+02  0.000000000E+00  1.326278246E+01 
       208  1.017500000E+02  0.000000000E+00  1.325146385E+01 
       209  1.020000000E+02  0.000000000E+00  1.323389404E+01 
       210  1.022500000E+02  0.000000000E+00  1.321131873E+01 
       211  1.025000000E+02  0.000000000E+00  1.318471081E+01 
       212  1.027500000E+02  0.000000000E+00  1.315484432E+01 
       213  1.030000000E+02  0.000000000E+00  1.312234386E+01 
       214  1.032500000E+02  0.000000000E+00  1.308771895E+01 
       215  1.035000000E+02  0.000000000E+00  1.305138886E+01 
       216  1.037500000E+02  0.000000000E+00  1.301370090E+01 
       217  1.040000000E+02  0.000000000E+00  1.297494444E+01 
       218  1.042500000E+02  0.000000000E+00  1.293536159E+01 
       219  1.045000000E+02  0.000000000E+00  1.289515568E+01 
       220  1.047500000E+02  0.000000000E+00  1.285449794E+01 
       221  1.050000000E+02  0.000000000E+00  1.281353288E+01 
       222  1.052500000E+02  0.000000000E+00  1.277238273E+01 
       223  1.055000000E+02  0.000000000E+00  1.273115094E+01 
       224  1.057500000E+02  0.000000000E+00  1.268992519E+01 
       225  1.060000000E+02  0.000000000E+00  1.264877978E+01 
       226  1.062500000E+02  0.000000000E+00  1.260777773E+01 
       227  1.065000000E+02  0.000000000E+00  1.256697244E+01 
       228  1.067500000E+02  0.000000000E+00  1.252640911E+01 
       229  1.070000000E+02  0.000000000E+00  1.248612600E+01 
       230  1.072500000E+02  0.000000000E+00  1.244615539E+01 
       231  1.075000000E+02  0.000000000E+00  1.240652448E+01 
       232  1.077500000E+02  0.000000000E+00  1.236725610E+01 
       233  1.080000000E+02  0.000000000E+00  1.232836934E+01 
       234  1.082500000E+02  0.000000000E+00  1.228988010E+01 
       235  1.085000000E+02  0.000000000E+00  1.225180150E+01 
       236  1.087500000E+02  0.000000000E+00  1.221414433E+01 
       237  1.090000000E+02  0.000000000E+00  1.217691730E+01 
       238  1.092500000E+02  0.000000000E+00  1.214012740E+01 
       239  1.095000000E+02  0.000000000E+00  1.210378010E+01 
       240  1.097500000E+02  0.000000000E+00  1.206787954E+01 
       241  1.100000000E+02  0.000000000E+00  1.203242879E+01 
       242  1.102500000E+02  0.000000000E+00  1.199742990E+01 
       243  1.105000000E+02  0.000000000E+00  1.196288411E+01 
       244  1.107500000E+02  0.000000000E+00  1.192879193E+01 
       245  1.110000000E+02  0.000000000E+00  1.189515323E+01 
       246  1.112500000E+02  0.000000000E+00  1.186196737E+01 
       247  1.115000000E+02  0.000000000E+00  1.182923320E+01 
       248  1.117500000E+02  0.000000000E+00  1.179694920E+01 
       249  1.120000000E+02  0.000000000E+00  1.176511348E+01 
       250  1.122500000E+02  0.000000000E+00  1.173372384E+01 
       251  1.125000000E+02  0.000000000E+00  1.170277782E+01 
       252  1.127500000E+02  0.000000000E+00  1.167227274E+01 
       253  1.130000000E+02  0.000000000E+00  1.164220571E+01 
       254  1.132500000E+02  0.000000000E+00  1.161257368E+01 
       255  1.135000000E+02  0.000000000E+00  1.158337343E+01 
       256  1.137500000E+02  0.000000000E+00  1.155460162E+01 
       257  1.140000000E+02  0.000000000E+00  1.152625481E+01 
       258  1.142500000E+02  0.000000000E+00  1.149832944E+01 
       259  1.145000000E+02  0.000000000E+00  1.147082189E+01 
       260  1.147500000E+02  0.000000000E+00  1.144372846E+01 
       261  1.150000000E+02  0.000000000E+00  1.141704536E+01 
       262  1.152500000E+02  0.000000000E+00  1.139076880E+01 
       263  1.155000000E+02  0.000000000E+00  1.136489490E+01 
       264  1.157500000E+02  0.000000000E+00  1.133941977E+01 
       265  1.160000000E+02  0.000000000E+00  1.131433946E+01 
       266  1.162500000E+02  0.000000000E+00  1.128965002E+01 
       267  1.165000000E+02  0.000000000E+00  1.126534748E+01 
       268  1.167500000E+02  0.000000000E+00  1.124142782E+01 
       269  1.170000000E+02  0.000000000E+00  1.121788704E+01 
       270  1.172500000E+02  0.000000000E+00  1.119472113E+01 
       271  1.175000000E+02  0.000000000E+00  1.117192604E+01 
       272  1.177500000E+02  0.000000000E+00  1.114949776E+01 
       273  1.180000000E+02  0.000000000E+00  1.112743225E+01 
       274  1.182500000E+02  0.000000000E+00  1.110572548E+01 
       275  1.185000000E+02  0.000000000E+00  1.108437343E+01 
       276  1.187500000E+02  0.000000000E+00  1.106337207E+01 
       277  1.190000000E+02  0.000000000E+00  1.104271740E+01 
       278  1.192500000E+02  0.000000000E+00  1.102240541E+01 
       279  1.195000000E+02  0.000000000E+00  1.100243211E+01 
       280  1.197500000E+02  0.000000000E+00  1.098279353E+01 
       281  1.200000000E+02  0.000000000E+00  1.096348569E+01 
       282  1.202500000E+02  0.000000000E+00  1.094450465E+01 
       283  1.205000000E+02  0.000000000E+00  1.092584647E+01 
       284  1.207500000E+02  0.000000000E+00  1.090750725E+01 
       285  1.210000000E+02  0.000000000E+00  1.088948308E+01 
       286  1.212500000E+02  0.000000000E+00  1.087177008E+01 
       287  1.215000000E+02  0.000000000E+00  1.085436441E+01 
       288  1.217500000E+02  0.000000000E+00  1.083726223E+01 
       289  1.220000000E+02  0.000000000E+00  1.082045972E+01 
       290  1.222500000E+02  0.000000000E+00  1.080395311E+01 
       291  1.225000000E+02  0.000000000E+00  1.078773862E+01 
       292  1.227500000E+02  0.000000000E+00  1.077181252E+01 
       293  1.230000000E+02  0.000000000E+00  1.075617109E+01 
       294  1.232500000E+02  0.000000000E+00  1.074081066E+01 
       295  1.235000000E+02  0.000000000E+00  1.072572757E+01 
       296  1.237500000E+02  0.000000000E+00  1.071091817E+01 
       297  1.240000000E+02  0.000000000E+00  1.069637888E+01 
       298  1.242500000E+02  0.000000000E+00  1.068210612E+01 
       299  1.245000000E+02  0.000000000E+00  1.066809635E+01 
       300  1.247500000E+02  0.000000000E+00  1.065434606E+01 
       301  1.250000000E+02  0.000000000E+00  1.064085175E+01 
       302  1.252500000E+02  0.000000000E+00  1.062761000E+01 
       303  1.255000000E+02  0.000000000E+00  1.061461737E+01 
       304  1.257500000E+02  0.000000000E+00  1.060187049E+01 
       305  1.260000000E+02  0.000000000E+00  1.058936600E+01 
       306  1.262500000E+02  0.000000000E+00  1.057710058E+01 
       307  1.265000000E+02  0.000000000E+00  1.056507094E+01 
       308  1.267500000E+02  0.000000000E+00  1.055327385E+01 
       309  1.270000000E+02  0.000000000E+00  1.054170607E+01 
       310  1.272500000E+02  0.000000000E+00  1.053036443E+01 
       311  1.275000000E+02  0.000000000E+00  1.051924579E+01 
       312  1.277500000E+02  0.000000000E+00  1.050834702E+01 
       313  1.280000000E+02  0.000000000E+00  1.049766507E+01 
       314  1.282500000E+02  0.000000000E+00  1.048719688E+01 
       315  1.285000000E+02  0.000000000E+00  1.047693947E+01 
       316  1.287500000E+02  0.000000000E+00  1.046688986E+01 
       317  1.290000000E+02  0.000000000E+00  1.045704513E+01 
       318  1.292500000E+02  0.000000000E+00  1.044740239E+01 
       319  1.295000000E+02  0.000000000E+00  1.043795878E+01 
       320  1.297500000E+02  0.000000000E+00  1.042871150E+01 
       321  1.300000000E+02  0.000000000E+00  1.041965777E+01 
       322  1.302500000E+02  0.000000000E+00  1.041079486E+01 
       323  1.305000000E+02  0.000000000E+00  1.040212006E+01 
       324  1.307500000E+02  0.000000000E+00  1.039363072E+01 
       325  1.310000000E+02  0.000000000E+00  1.038532421E+01 
       326  1.312500000E+02  0.000000000E+00  1.037719796E+01 
       327  1.315000000E+02  0.000000000E+00  1.036924943E+01 
       328  1.317500000E+02  0.000000000E+00  1.036147612E+01 
       329  1.320000000E+02  0.000000000E+00  1.035387557E+01 
       330  1.322500000E+02  0.000000000E+00  1.034644535E+01 
       331  1.325000000E+02  0.000000000E+00  1.033918308E+01 
       332  1.327500000E+02  0.000000000E+00  1.033208644E+01 
       333  1.330000000E+02  0.000000000E+00  1.032515311E+01 
       334  1.332500000E+02  0.000000000E+00  1.031838083E+01 
       335  1.335000000E+02  0.000000000E+00  1.031176740E+01 
       336  1.337500000E+02  0.000000000E+00  1.030531064E+01 
       337  1.340000000E+02  0.000000000E+00  1.029900840E+01 
       338  1.342500000E+02  0.000000000E+00  1.029285859E+01 
       339  1.345000000E+02  0.000000000E+00  1.028685917E+01 
       340  1.347500000E+02  0.000000000E+00  1.028100812E+01 
       341  1.350000000E+02  0.000000000E+00  1.027530346E+01 
       342  1.352500000E+02  0.000000000E+00  1.026974328E+01 
       343  1.355000000E+02  0.000000000E+00  1.026432568E+01 
       344  1.357500000E+02  0.000000000E+00  1.025904882E+01 
       345  1.360000000E+02  0.000000000E+00  1.025391090E+01 
       346  1.362500000E+02  0.000000000E+00  1.024891014E+01 
       347  1.365000000E+02  0.000000000E+00  1.024404485E+01 
       348  1.367500000E+02  0.000000000E+00  1.023931333E+01 
       349  1.370000000E+02  0.000000000E+00  1.023471395E+01 
       350  1.372500000E+02  0.000000000E+00  1.023024512E+01 
       351  1.375000000E+02  0.000000000E+00  1.022590529E+01 
       352  1.377500000E+02  0.000000000E+00  1.022169294E+01 
       353  1.380000000E+02  0.000000000E+00  1.021760663E+01 
       354  1.382500000E+02  0.000000000E+00  1.021364491E+01 
       355  1.385000000E+02  0.000000000E+00  1.020980641E+01 
       356  1.387500000E+02  0.000000000E+00  1.020608978E+01 
       357  1.390000000E+02  0.000000000E+00  1.020249375E+01 
       358  1.392500000E+02  0.000000000E+00  1.019901704E+01 
       359  1.395000000E+02  0.000000000E+00  1.019565845E+01 
       360  1.397500000E+02  0.000000000E+00  1.019241681E+01 
       361  1.400000000E+02  0.000000000E+00  1.018929100E+01 
       362  1.402500000E+02  0.000000000E+00  1.018627993E+01 
       363  1.405000000E+02  0.000000000E+00  1.018338257E+01 
       364  1.407500000E+02  0.000000000E+00  1.018059791E+01 
       365  1.410000000E+02  0.000000000E+00  1.017792500E+01 
       366  1.412500000E+02  0.000000000E+00  1.017536294E+01 
       367  1.415000000E+02  0.000000000E+00  1.017291086E+01 
       368  1.417500000E+02  0.000000000E+00  1.017056792E+01 
       369  1.420000000E+02  0.000000000E+00  1.016833336E+01 
       370  1.422500000E+02  0.000000000E+00  1.016620643E+01 
       371  1.425000000E+02  0.000000000E+00  1.016418643E+01 
       372  1.427500000E+02  0.000000000E+00  1.016227272E+01 
       373  1.430000000E+02  0.000000000E+00  1.016046469E+01 
       374  1.432500000E+02  0.000000000E+00  1.015876178E+01 
       375  1.435000000E+02  0.000000000E+00  1.015716345E+01 
       376  1.437500000E+02  0.000000000E+00  1.015566925E+01 
       377  1.440000000E+02  0.000000000E+00  1.015427872E+01 
       378  1.442500000E+02  0.000000000E+00  1.015299149E+01 
       379  1.445000000E+02  0.000000000E+00  1.015180720E+01 
       380  1.447500000E+02  0.000000000E+00  1.015072556E+01 
       381  1.450000000E+02  0.000000000E+00  1.014974631E+01 
       382  1.452500000E+02  0.000000000E+00  1.014886923E+01 
       383  1.455000000E+02  0.000000000E+00  1.014809415E+01 
       384  1.457500000E+02  0.000000000E+00  1.014742095E+01 
       385  1.460000000E+02  0.000000000E+00  1.014684954E+01 
       386  1.462500000E+02  0.000000000E+00  1.014637989E+01 
       387  1.465000000E+02  0.000000000E+00  1.014601201E+01 
       388  1.467500000E+02  0.000000000E+00  1.014574594E+01 
       389  1.470000000E+02  0.000000000E+00  1.014558179E+01 
       390  1.472500000E+02  0.000000000E+00  1.014551970E+01 
       391  1.475000000E+02  0.000000000E+00  1.014555984E+01 
       392  1.477500000E+02  0.000000000E+00  1.014570246E+01 
       393  1.480000000E+02  0.000000000E+00  1.014594783E+01 
       394  1.482500000E+02  0.000000000E+00  1.014629627E+01 
       395  1.485000000E+02  0.000000000E+00  1.014674814E+01 
       396  1.487500000E+02  0.000000000E+00  1.014730386E+01 
       397  1.490000000E+02  0.000000000E+00  1.014796389E+01 
       398  1.492500000E+02  0.000000000E+00  1.014872873E+01 
       399  1.495000000E+02  0.000000000E+00  1.014959893E+01 
       400  1.497500000E+02  0.000000000E+00  1.015057508E+01 
       401  1.500000000E+02  0.000000000E+00  1.015165782E+01 
       402  1.502500000E+02  0.000000000E+00  1.015284784E+01 
       403  1.505000000E+02  0.000000000E+00  1.015414588E+01 
       404  1.507500000E+02  0.000000000E+00  1.015555270E+01 
       405  1.510000000E+02  0.000000000E+00  1.015706914E+01 
       406  1.512500000E+02  0.000000000E+00  1.015869607E+01 
       407  1.515000000E+02  0.000000000E+00  1.016043441E+01 
       408  1.517500000E+02  0.000000000E+00  1.016228513E+01 
       409  1.520000000E+02  0.000000000E+00  1.016424923E+01 
       410  1.522500000E+02  0.000000000E+00  1.016632777E+01 
       411  1.525000000E+02  0.000000000E+00  1.016852187E+01 
       412  1.527500000E+02  0.000000000E+00  1.017083267E+01 
       413  1.530000000E+02  0.000000000E+00  1.017326139E+01 
       414  1.532500000E+02  0.000000000E+00  1.017580926E+01 
       415  1.535000000E+02  0.000000000E+00  1.017847759E+01 
       416  1.537500000E+02  0.000000000E+00  1.018126771E+01 
       417  1.540000000E+02  0.000000000E+00  1.018418103E+01 
       418  1.542500000E+02  0.000000000E+00  1.018721899E+01 
       419  1.545000000E+02  0.000000000E+00  1.019038307E+01 
       420  1.547500000E+02  0.000000000E+00  1.019367480E+01 
       421  1.550000000E+02  0.000000000E+00  1.019709579E+01 
       422  1.552500000E+02  0.000000000E+00  1.020064765E+01 
       423  1.555000000E+02  0.000000000E+00  1.020433208E+01 
       424  1.557500000E+02  0.000000000E+00  1.020815080E+01 
       425  1.560000000E+02  0.000000000E+00  1.021210560E+01 
       426  1.562500000E+02  0.000000000E+00  1.021619830E+01 
       427  1.565000000E+02  0.000000000E+00  1.022043079E+01 
       428  1.567500000E+02  0.000000000E+00  1.022480499E+01 
       429  1.570000000E+02  0.000000000E+00  1.022932288E+01 
       430  1.572500000E+02  0.000000000E+00  1.023398648E+01 
       431  1.575000000E+02  0.000000000E+00  1.023879788E+01 
       432  1.577500000E+02  0.000000000E+00  1.024375918E+01 
       433  1.580000000E+02  0.000000000E+00  1.024887258E+01 
       434  1.582500000E+02  0.000000000E+00  1.025414029E+01 
       435  1.585000000E+02  0.000000000E+00  1.025956459E+01 
       436  1.587500000E+02  0.000000000E+00  1.026514780E+01 
       437  1.590000000E+02  0.000000000E+00  1.027089229E+01 
       438  1.592500000E+02  0.000000000E+00  1.027680048E+01 
       439  1.595000000E+02  0.000000000E+00  1.028287484E+01 
       440  1.597500000E+02  0.000000000E+00  1.028911791E+01 
       441  1.600000000E+02  0.000000000E+00  1.029553223E+01 
       442  1.602500000E+02  0.000000000E+00  1.030212045E+01 
       443  1.605000000E+02  0.000000000E+00  1.030888522E+01 
       444  1.607500000E+02  0.000000000E+00  1.031582926E+01 
       445  1.610000000E+02  0.000000000E+00  1.032295535E+01 
       446  1.612500000E+02  0.000000000E+00  1.033026630E+01 
       447  1.615000000E+02  0.000000000E+00  1.033776497E+01 
       448  1.617500000E+02  0.000000000E+00  1.034545428E+01 
       449  1.620000000E+02  0.000000000E+00  1.035333720E+01 
       450  1.622500000E+02  0.000000000E+00  1.036141674E+01 
       451  1.625000000E+02  0.000000000E+00  1.036969596E+01 
       452  1.627500000E+02  0.000000000E+00  1.037817797E+01 
       453  1.630000000E+02  0.000000000E+00  1.038686593E+01 
       454  1.632500000E+02  0.000000000E+00  1.039576304E+01 
       455  1.635000000E+02  0.000000000E+00  1.040487256E+01 
       456  1.637500000E+02  0.000000000E+00  1.041419778E+01 
       457  1.640000000E+02  0.000000000E+00  1.042374206E+01 
       458  1.642500000E+02  0.000000000E+00  1.043350880E+01 
       459  1.645000000E+02  0.000000000E+00  1.044350143E+01 
       460  1.647500000E+02  0.000000000E+00  1.045372344E+01 
       461  1.650000000E+02  0.000000000E+00  1.046417837E+01 
       462  1.652500000E+02  0.000000000E+00  1.047486979E+01 
       463  1.655000000E+02  0.000000000E+00  1.048580133E+01 
       464  1.657500000E+02  0.000000000E+00  1.049697666E+01 
       465  1.660000000E+02  0.000000000E+00  1.050839949E+01 
       466  1.662500000E+02  0.000000000E+00  1.052007358E+01 
       467  1.665000000E+02  0.000000000E+00  1.053200273E+01 
       468  1.667500000E+02  0.000000000E+00  1.054419079E+01 
       469  1.670000000E+02  0.000000000E+00  1.055664163E+01 
       470  1.672500000E+02  0.000000000E+00  1.056935919E+01 
       471  1.675000000E+02  0.000000000E+00  1.058234744E+01 
       472  1.677500000E+02  0.000000000E+00  1.059561037E+01 
       473  1.680000000E+02  0.000000000E+00  1.060915205E+01 
       474  1.682500000E+02  0.000000000E+00  1.062297656E+01 
       475  1.685000000E+02  0.000000000E+00  1.063708802E+01 
       476  1.687500000E+02  0.000000000E+00  1.065149060E+01 
       477  1.690000000E+02  0.000000000E+00  1.066618850E+01 
       478  1.692500000E+02  0.000000000E+00  1.068118595E+01 
       479  1.695000000E+02  0.000000000E+00  1.069648723E+01 
       480  1.697500000E+02  0.000000000E+00  1.071209664E+01 
       481  1.700000000E+02  0.000000000E+00  1.072801852E+01 
       482  1.702500000E+02  0.000000000E+00  1.074425725E+01 
       483  1.705000000E+02  0.000000000E+00  1.076081723E+01 
       484  1.707500000E+02  0.000000000E+00  1.077770289E+01 
       485  1.710000000E+02  0.000000000E+00  1.079491869E+01 
       486  1.712500000E+02  0.000000000E+00  1.081246913E+01 
       487  1.715000000E+02  0.000000000E+00  1.083035874E+01 
       488  1.717500000E+02  0.000000000E+00  1.084859205E+01 
       489  1.720000000E+02  0.000000000E+00  1.086717364E+01 
       490  1.722500000E+02  0.000000000E+00  1.088610810E+01 
       491  1.725000000E+02  0.000000000E+00  1.090540006E+01 
       492  1.727500000E+02  0.000000000E+00  1.092505415E+01 
       493  1.730000000E+02  0.000000000E+00  1.094507504E+01 
       494  1.732500000E+02  0.000000000E+00  1.096546740E+01 
       495  1.735000000E+02  0.000000000E+00  1.098623594E+01 
       496  1.737500000E+02  0.000000000E+00  1.100738537E+01 
       497  1.740000000E+02  0.000000000E+00  1.102892042E+01 
       498  1.742500000E+02  0.000000000E+00  1.105084582E+01 
       499  1.745000000E+02  0.000000000E+00  1.107316635E+01 
       500  1.747500000E+02  0.000000000E+00  1.109588676E+01 
       501  1.750000000E+02  0.000000000E+00  1.111901182E+01 
       502  1.752500000E+02  0.000000000E+00  1.114254633E+01 
       503  1.755000000E+02  0.000000000E+00  1.116649506E+01 
       504  1.757500000E+02  0.000000000E+00  1.119086281E+01 
       505  1.760000000E+02  0.000000000E+00  1.121565439E+01 
       506  1.762500000E+02  0.000000000E+00  1.124087457E+01 
       507  1.765000000E+02  0.000000000E+00  1.126652816E+01 
       508  1.767500000E+02  0.000000000E+00  1.129261995E+01 
       509  1.770000000E+02  0.000000000E+00  1.131915473E+01 
       510  1.772500000E+02  0.000000000E+00  1.134613728E+01 
       511  1.775000000E+02  0.000000000E+00  1.137357237E+01 
       512  1.777500000E+02  0.000000000E+00  1.140146477E+01 
       513  1.780000000E+02  0.000000000E+00  1.142981922E+01 
       514  1.782500000E+02  0.000000000E+00  1.145864048E+01 
       515  1.785000000E+02  0.000000000E+00  1.148793325E+01 
       516  1.787500000E+02  0.000000000E+00  1.151770224E+01 
       517  1.790000000E+02  0.000000000E+00  1.154795213E+01 
       518  1.792500000E+02  0.000000000E+00  1.157868759E+01 
       519  1.795000000E+02  0.000000000E+00  1.160991325E+01 
       520  1.797500000E+02  0.000000000E+00  1.164163371E+01 
       521  1.800000000E+02  0.000000000E+00  1.167385356E+01 
       522  1.802500000E+02  0.000000000E+00  1.170657734E+01 
       523  1.805000000E+02  0.000000000E+00  1.173980957E+01 
       524  1.807500000E+02  0.000000000E+00  1.177355472E+01 
       525  1.810000000E+02  0.000000000E+00  1.180781723E+01 
       526  1.812500000E+02  0.000000000E+00  1.184260148E+01 
       527  1.815000000E+02  0.000000000E+00  1.187791184E+01 
       528  1.817500000E+02  0.000000000E+00  1.191375260E+01 
       529  1.820000000E+02  0.000000000E+00  1.195012800E+01 
       530  1.822500000E+02  0.000000000E+00  1.198704224E+01 
       531  1.825000000E+02  0.000000000E+00  1.202449946E+01 
       532  1.827500000E+02  0.000000000E+00  1.206250372E+01 
       533  1.830000000E+02  0.000000000E+00  1.210105903E+01 
       534  1.832500000E+02  0.000000000E+00  1.214016932E+01 
       535  1.835000000E+02  0.000000000E+00  1.217983846E+01 
       536  1.837500000E+02  0.000000000E+00  1.222007022E+01 
       537  1.840000000E+02  0.000000000E+00  1.226086828E+01 
       538  1.842500000E+02  0.000000000E+00  1.230223625E+01 
       539  1.845000000E+02  0.000000000E+00  1.234417763E+01 
       540  1.847500000E+02  0.000000000E+00  1.238669579E+01 
       541  1.850000000E+02  0.000000000E+00  1.242979402E+01 
       542  1.852500000E+02  0.000000000E+00  1.247347546E+01 
       543  1.855000000E+02  0.000000000E+00  1.251774311E+01 
       544  1.857500000E+02  0.000000000E+00  1.256259985E+01 
       545  1.860000000E+02  0.000000000E+00  1.260804837E+01 
       546  1.862500000E+02  0.000000000E+00  1.265409119E+01 
       547  1.865000000E+02  0.000000000E+00  1.270073063E+01 
       548  1.867500000E+02  0.000000000E+00  1.274796878E+01 
       549  1.870000000E+02  0.000000000E+00  1.279580753E+01 
       550  1.872500000E+02  0.000000000E+00  1.284424846E+01 
       551  1.875000000E+02  0.000000000E+00  1.289329287E+01 
       552  1.877500000E+02  0.000000000E+00  1.294294172E+01 
       553  1.880000000E+02  0.000000000E+00  1.299319559E+01 
       554  1.882500000E+02  0.000000000E+00  1.304405466E+01 
       555  1.885000000E+02  0.000000000E+00  1.309551858E+01 
       556  1.887500000E+02  0.000000000E+00  1.314758652E+01 
       557  1.890000000E+02  0.000000000E+00  1.320025698E+01 
       558  1.892500000E+02  0.000000000E+00  1.325352778E+01 
       559  1.895000000E+02  0.000000000E+00  1.330739594E+01 
       560  1.897500000E+02  0.000000000E+00  1.336185754E+01 
       561  1.900000000E+02  0.000000000E+00  1.341690763E+01 
       562  1.902500000E+02  0.000000000E+00  1.347254003E+01 
       563  1.905000000E+02  0.000000000E+00  1.352874716E+01 
       564  1.907500000E+02  0.000000000E+00  1.358551987E+01 
       565  1.910000000E+02  0.000000000E+00  1.364284710E+01 
       566  1.912500000E+02  0.000000000E+00  1.370071569E+01 
       567  1.915000000E+02  0.000000000E+00  1.375910996E+01 
       568  1.917500000E+02  0.000000000E+00  1.381801139E+01 
       569  1.920000000E+02  0.000000000E+00  1.387739810E+01 
       570  1.922500000E+02  0.000000000E+00  1.393724431E+01 
       571  1.925000000E+02  0.000000000E+00  1.399751978E+01 
       572  1.927500000E+02  0.000000000E+00  1.405818896E+01 
       573  1.930000000E+02  0.000000000E+00  1.411921022E+01 
       574  1.932500000E+02  0.000000000E+00  1.418053477E+01 
       575  1.935000000E+02  0.000000000E+00  1.424210547E+01 
       576  1.937500000E+02  0.000000000E+00  1.430385542E+01 
       577  1.940000000E+02  0.000000000E+00  1.436570626E+01 
       578  1.942500000E+02  0.000000000E+00  1.442756620E+01 
       579  1.945000000E+02  0.000000000E+00  1.448932767E+01 
       580  1.947500000E+02  0.000000000E+00  1.455086445E+01 
       581  1.950000000E+02  0.000000000E+00  1.461202836E+01 
       582  1.952500000E+02  0.000000000E+00  1.467264520E+01 
       583  1.955000000E+02  0.000000000E+00  1.473250985E+01 
       584  1.957500000E+02  0.000000000E+00  1.479138032E+01 
       585  1.960000000E+02  0.000000000E+00  1.484897051E+01 
       586  1.962500000E+02  0.000000000E+00  1.490494127E+01 
       587  1.965000000E+02  0.000000000E+00  1.495888920E+01 
       588  1.967500000E+02  0.000000000E+00  1.501033265E+01 
       589  1.970000000E+02  0.000000000E+00  1.505869377E+01 
       590  1.972500000E+02  0.000000000E+00  1.510327525E+01 
       591  1.975000000E+02  0.000000000E+00  1.514322961E+01 
       592  1.977500000E+02  0.000000000E+00  1.517751762E+01 
       593  1.980000000E+02  0.000000000E+00  1.520485043E+01 
       594  1.982500000E+02  0.000000000E+00  1.522360629E+01 
       595  1.985000000E+02  0.000000000E+00  1.523170512E+01 
       596  1.987500000E+02  0.000000000E+00  1.522640916E+01 
       597  1.990000000E+02  0.000000000E+00  1.520398234E+01 
       598  1.992500000E+02  0.000000000E+00  1.515905229E+01 
       599  1.995000000E+02  0.000000000E+00  1.508327526E+01 
       600  1.997500000E+02  0.000000000E+00  1.495210621E+01 
       601  2.000000000E+02  0.000000000E+00  1.757669357E+01 
       602  2.001999988E+02  0.000000000E+00  1.929557237E+01 
       603  2.004032879E+02  0.000000000E+00  1.843871127E+01 
       604  2.006099214E+02  0.000000000E+00  1.766723733E+01 
       605  2.008199543E+02  0.000000000E+00  1.696765804E+01 
       606  2.010334426E+02  0.000000000E+00  1.633223164E+01 
       607  2.012504431E+02  0.000000000E+00  1.575423997E+01 
       608  2.014710137E+02  0.000000000E+00  1.522782381E+01 
       609  2.016952129E+02  0.000000000E+00  1.474785064E+01 
       610  2.019231006E+02  0.000000000E+00  1.430980663E+01 
       611  2.021547374E+02  0.000000000E+00  1.390970735E+01 
       612  2.023901849E+02  0.000000000E+00  1.354402338E+01 
       613  2.026295060E+02  0.000000000E+00  1.320961796E+01 
       614  2.028727642E+02  0.000000000E+00  1.290369440E+01 
       615  2.031200245E+02  0.000000000E+00  1.261823752E+01 
       616  2.033713525E+02  0.000000000E+00  1.235159802E+01 
       617  2.036268153E+02  0.000000000E+00  1.220816468E+01 
       618  2.038864808E+02  0.000000000E+00  1.208166538E+01 
       619  2.041504183E+02  0.000000000E+00  1.186292762E+01 
       620  2.044186979E+02  0.000000000E+00  1.166436371E+01 
       621  2.046913911E+02  0.000000000E+00  1.148868232E+01 
       622  2.049685706E+02  0.000000000E+00  1.132823518E+01 
       623  2.052503101E+02  0.000000000E+00  1.118179297E+01 
       624  2.055366847E+02  0.000000000E+00  1.104823306E+01 
       625  2.058277705E+02  0.000000000E+00  1.092652818E+01 
       626  2.061236452E+02  0.000000000E+00  1.081573650E+01 
       627  2.064243875E+02  0.000000000E+00  1.071499300E+01 
       628  2.067300774E+02  0.000000000E+00  1.062350189E+01 
       629  2.070407965E+02  0.000000000E+00  1.054052990E+01 
       630  2.073566273E+02  0.000000000E+00  1.046540050E+01 
       631  2.076776540E+02  0.000000000E+00  1.039748869E+01 
       632  2.080039622E+02  0.000000000E+00  1.033621646E+01 
       633  2.083356386E+02  0.000000000E+00  1.028104879E+01 
       634  2.086727716E+02  0.000000000E+00  1.023149001E+01 
       635  2.090154510E+02  0.000000000E+00  1.018708073E+01 
       636  2.093637679E+02  0.000000000E+00  1.014739490E+01 
       637  2.097178153E+02  0.000000000E+00  1.011203738E+01 
       638  2.100776872E+02  0.000000000E+00  1.008064158E+01 
       639  2.104434797E+02  0.000000000E+00  1.005286750E+01 
       640  2.108152899E+02  0.000000000E+00  1.002839981E+01 
       641  2.111932170E+02  0.000000000E+00  1.000694619E+01 
       642  2.115773617E+02  0.000000000E+00  9.988235815E+00 
       643  2.119678260E+02  0.000000000E+00  9.972017908E+00 
       644  2.123647142E+02  0.000000000E+00  9.958060473E+00 
       645  2.127681317E+02  0.000000000E+00  9.946149074E+00 
       646  2.131781861E+02  0.000000000E+00  9.936085719E+00 
       647  2.135949866E+02  0.000000000E+00  9.927687813E+00 
       648  2.140186441E+02  0.000000000E+00  9.920787174E+00 
       649  2.144492713E+02  0.000000000E+00  9.915229107E+00 
       650  2.148869831E+02  0.000000000E+00  9.910871534E+00 
       651  2.153318959E+02  0.000000000E+00  9.907584160E+00 
       652  2.157841282E+02  0.000000000E+00  9.905247699E+00 
       653  2.162438005E+02  0.000000000E+00  9.903753129E+00 
       654  2.167110350E+02  0.000000000E+00  9.903000948E+00 
       655  2.171859563E+02  0.000000000E+00  9.902900361E+00 
       656  2.176686908E+02  0.000000000E+00  9.903369018E+00 
       657  2.181593671E+02  0.000000000E+00  9.904332282E+00 
       658  2.186581157E+02  0.000000000E+00  9.905722345E+00 
       659  2.191650695E+02  0.000000000E+00  9.907477946E+00 
       660  2.196803635E+02  0.000000000E+00  9.909543802E+00 
       661  2.202041348E+02  0.000000000E+00  9.911870122E+00 
       662  2.207365230E+02  0.000000000E+00  9.914412137E+00 
       663  2.212776699E+02  0.000000000E+00  9.917129680E+00 
       664  2.218277194E+02  0.000000000E+00  9.919986777E+00 
       665  2.223868182E+02  0.000000000E+00  9.922951272E+00 
       666  2.229551149E+02  0.000000000E+00  9.925994481E+00 
       667  2.235327610E+02  0.000000000E+00  9.929090866E+00 
       668  2.241199103E+02  0.000000000E+00  9.932217742E+00 
       669  2.247167191E+02  0.000000000E+00  9.935354997E+00 
       670  2.253233464E+02  0.000000000E+00  9.938484846E+00 
       671  2.259399536E+02  0.000000000E+00  9.941591601E+00 
       672  2.265667050E+02  0.000000000E+00  9.944661463E+00 
       673  2.272037674E+02  0.000000000E+00  9.947682334E+00 
       674  2.278513104E+02  0.000000000E+00  9.950643646E+00 
       675  2.285095066E+02  0.000000000E+00  9.953536206E+00 
       676  2.291785311E+02  0.000000000E+00  9.956352062E+00 
       677  2.298585621E+02  0.000000000E+00  9.959084375E+00 
       678  2.305497807E+02  0.000000000E+00  9.961727310E+00 
       679  2.312523708E+02  0.000000000E+00  9.964275936E+00 
       680  2.319665197E+02  0.000000000E+00  9.966726131E+00 
       681  2.326924175E+02  0.000000000E+00  9.969074509E+00 
       682  2.334302574E+02  0.000000000E+00  9.971318337E+00 
       683  2.341802359E+02  0.000000000E+00  9.973455470E+00 
       684  2.349425527E+02  0.000000000E+00  9.975484289E+00 
       685  2.357174108E+02  0.000000000E+00  9.977403638E+00 
       686  2.365050165E+02  0.000000000E+00  9.979212765E+00 
       687  2.373055796E+02  0.000000000E+00  9.980911267E+00 
       688  2.381193132E+02  0.000000000E+00  9.982499035E+00 
       689  2.389464340E+02  0.000000000E+00  9.983976191E+00 
       690  2.397871622E+02  0.000000000E+00  9.985343033E+00 
       691  2.406417216E+02  0.000000000E+00  9.986599971E+00 
       692  2.415103399E+02  0.000000000E+00  9.987747459E+00 
       693  2.423932484E+02  0.000000000E+00  9.988785924E+00 
       694  2.432906820E+02  0.000000000E+00  9.989715690E+00 
       695  2.442028798E+02  0.000000000E+00  9.990536891E+00 
       696  2.451300847E+02  0.000000000E+00  9.991249379E+00 
       697  2.460725436E+02  0.000000000E+00  9.991852618E+00 
       698  2.470305073E+02  0.000000000E+00  9.992345575E+00 
       699  2.480042311E+02  0.000000000E+00  9.992726584E+00 
       700  2.489939742E+02  0.000000000E+00  9.992993207E+00 
       701  2.500000000E+02  0.000000000E+00  9.993142069E+00 
       702  2.510060258E+02  0.000000000E+00  9.993169334E+00 
       703  2.519957689E+02  0.000000000E+00  9.993077898E+00 
       704  2.529694927E+02  0.000000000E+00  9.992872856E+00 
       705  2.539274564E+02  0.000000000E+00  9.992558332E+00 
       706  2.548699153E+02  0.000000000E+00  9.992137506E+00 
       707  2.557971202E+02  0.000000000E+00  9.991612761E+00 
       708  2.567093180E+02  0.000000000E+00  9.990985804E+00 
       709  2.576067516E+02  0.000000000E+00  9.990257766E+00 
       710  2.584896601E+02  0.000000000E+00  9.989429301E+00 
       711  2.593582784E+02  0.000000000E+00  9.988500671E+00 
       712  2.602128379E+02  0.000000000E+00  9.987471817E+00 
       713  2.610535660E+02  0.000000000E+00  9.986342425E+00 
       714  2.618806868E+02  0.000000000E+00  9.985111977E+00 
       715  2.626944204E+02  0.000000000E+00  9.983779798E+00 
       716  2.634949835E+02  0.000000000E+00  9.982345085E+00 
       717  2.642825892E+02  0.000000000E+00  9.980806936E+00 
       718  2.650574473E+02  0.000000000E+00  9.979164362E+00 
       719  2.658197641E+02  0.000000000E+00  9.977416294E+00 
       720  2.665697426E+02  0.000000000E+00  9.975561573E+00 
       721  2.673075825E+02  0.000000000E+00  9.973598942E+00 
       722  2.680334803E+02  0.000000000E+00  9.971527013E+00 
       723  2.687476292E+02  0.000000000E+00  9.969344237E+00 
       724  2.694502193E+02  0.000000000E+00  9.967048848E+00 
       725  2.701414379E+02  0.000000000E+00  9.964638808E+00 
       726  2.708214689E+02  0.000000000E+00  9.962111732E+00 
       727  2.714904934E+02  0.000000000E+00  9.959464800E+00 
       728  2.721486896E+02  0.000000000E+00  9.956694659E+00 
       729  2.727962326E+02  0.000000000E+00  9.953797301E+00 
       730  2.734332950E+02  0.000000000E+00  9.950767938E+00 
       731  2.740600464E+02  0.000000000E+00  9.947600848E+00 
       732  2.746766536E+02  0.000000000E+00  9.944289213E+00 
       733  2.752832808E+02  0.000000000E+00  9.940824928E+00 
       734  2.758800897E+02  0.000000000E+00  9.937198405E+00 
       735  2.764672390E+02  0.000000000E+00  9.933398342E+00 
       736  2.770448851E+02  0.000000000E+00  9.929411485E+00 
       737  2.776131818E+02  0.000000000E+00  9.925222358E+00 
       738  2.781722806E+02  0.000000000E+00  9.920812975E+00 
       739  2.787223301E+02  0.000000000E+00  9.916162538E+00 
       740  2.792634769E+02  0.000000000E+00  9.911247097E+00 
       741  2.797958652E+02  0.000000000E+00  9.906039205E+00 
       742  2.803196365E+02  0.000000000E+00  9.900507539E+00 
       743  2.808349305E+02  0.000000000E+00  9.894616508E+00 
       744  2.813418843E+02  0.000000000E+00  9.888325841E+00 
       745  2.818406329E+02  0.000000000E+00  9.881590150E+00 
       746  2.823313092E+02  0.000000000E+00  9.874358485E+00 
       747  2.828140437E+02  0.000000000E+00  9.866573872E+00 
       748  2.832889650E+02  0.000000000E+00  9.858172842E+00 
       749  2.837561995E+02  0.000000000E+00  9.849084948E+00 
       750  2.842158718E+02  0.000000000E+00  9.839232287E+00 
       751  2.846681041E+02  0.000000000E+00  9.828529010E+00 
       752  2.851130169E+02  0.000000000E+00  9.816880854E+00 
       753  2.855507287E+02  0.000000000E+00  9.804184677E+00 
       754  2.859813560E+02  0.000000000E+00  9.790328017E+00 
       755  2.864050134E+02  0.000000000E+00  9.775188682E+00 
       756  2.868218139E+02  0.000000000E+00  9.758634370E+00 
       757  2.872318683E+02  0.000000000E+00  9.740522340E+00 
       758  2.876352858E+02  0.000000000E+00  9.720699140E+00 
       759  2.880321740E+02  0.000000000E+00  9.699000400E+00 
       760  2.884226383E+02  0.000000000E+00  9.675250707E+00 
       761  2.888067830E+02  0.000000000E+00  9.649263575E+00 
       762  2.891847101E+02  0.000000000E+00  9.620841515E+00 
       763  2.895565204E+02  0.000000000E+00  9.589776233E+00 
       764  2.899223128E+02  0.000000000E+00  9.555848956E+00 
       765  2.902821847E+02  0.000000000E+00  9.518830915E+00 
       766  2.906362321E+02  0.000000000E+00  9.478483982E+00 
       767  2.909845490E+02  0.000000000E+00  9.434561488E+00 
       768  2.913272284E+02  0.000000000E+00  9.386809245E+00 
       769  2.916643614E+02  0.000000000E+00  9.334966742E+00 
       770  2.919960378E+02  0.000000000E+00  9.278768594E+00 
       771  2.923223460E+02  0.000000000E+00  9.217946176E+00 
       772  2.926433727E+02  0.000000000E+00  9.152229516E+00 
       773  2.929592035E+02  0.000000000E+00  9.081349398E+00 
       774  2.932699226E+02  0.000000000E+00  9.005039718E+00 
       775  2.935756125E+02  0.000000000E+00  8.923040052E+00 
       776  2.938763548E+02  0.000000000E+00  8.835098444E+00 
       777  2.941722295E+02  0.000000000E+00  8.740974404E+00 
       778  2.944633153E+02  0.000000000E+00  8.640442091E+00 
       779  2.947496899E+02  0.000000000E+00  8.533293639E+00 
       780  2.950314294E+02  0.000000000E+00  8.419342627E+00 
       781  2.953086088E+02  0.000000000E+00  8.298427614E+00 
       782  2.955813021E+02  0.000000000E+00  8.170415717E+00 
       783  2.958495817E+02  0.000000000E+00  8.035206198E+00 
       784  2.961135192E+02  0.000000000E+00  7.892733967E+00 
       785  2.963731847E+02  0.000000000E+00  7.742972930E+00 
       786  2.966286475E+02  0.000000000E+00  7.585939183E+00 
       787  2.968799755E+02  0.000000000E+00  7.421693913E+00 
       788  2.971272358E+02  0.000000000E+00  7.250345963E+00 
       789  2.973704940E+02  0.000000000E+00  7.072054018E+00 
       790  2.976098151E+02  0.000000000E+00  6.887028281E+00 
       791  2.978452626E+02  0.000000000E+00  6.695531663E+00 
       792  2.980768994E+02  0.000000000E+00  6.497880351E+00 
       793  2.983047871E+02  0.000000000E+00  6.294443750E+00 
       794  2.985289863E+02  0.000000000E+00  6.085643814E+00 
       795  2.987495568E+02  0.000000000E+00  6.215344692E+00 
       796  2.989665574E+02  0.000000000E+00  6.353754422E+00 
       797  2.991800457E+02  0.000000000E+00  6.169006027E+00 
       798  2.993900786E+02  0.000000000E+00  5.981336802E+00 
       799  2.995967121E+02  0.000000000E+00  5.791406076E+00 
       800  2.998000012E+02  0.000000000E+00  5.600159176E+00 
       801  3.000000000E+02  0.000000000E+00  5.980153007E+00 
       802  3.002500000E+02  0.000000000E+00  6.547105968E+00 
       803  3.005000000E+02  0.000000000E+00  6.507118588E+00 
       804  3.007500000E+02  0.000000000E+00  6.488047611E+00 
       805  3.010000000E+02  0.000000000E+00  6.481555739E+00 
       806  3.012500000E+02  0.000000000E+00  6.484453126E+00 
       807  3.015000000E+02  0.000000000E+00  6.494613146E+00 
       808  3.017500000E+02  0.000000000E+00  6.510516270E+00 
       809  3.020000000E+02  0.000000000E+00  6.531025646E+00 
       810  3.022500000E+02  0.000000000E+00  6.555263453E+00 
       811  3.025000000E+02  0.000000000E+00  6.582536353E+00 
       812  3.027500000E+02  0.000000000E+00  6.612287380E+00 
       813  3.030000000E+02  0.000000000E+00  6.644063255E+00 
       814  3.032500000E+02  0.000000000E+00  6.677491284E+00 
       815  3.035000000E+02  0.000000000E+00  6.712262487E+00 
       816  3.037500000E+02  0.000000000E+00  6.748118962E+00 
       817  3.040000000E+02  0.000000000E+00  6.784844255E+00 
       818  3.042500000E+02  0.000000000E+00  6.822255845E+00 
       819  3.045000000E+02  0.000000000E+00  6.860199235E+00 
       820  3.047500000E+02  0.000000000E+00  6.898543219E+00 
       821  3.050000000E+02  0.000000000E+00  6.937176076E+00 
       822  3.052500000E+02  0.000000000E+00  6.976002464E+00 
       823  3.055000000E+02  0.000000000E+00  7.014940869E+00 
       824  3.057500000E+02  0.000000000E+00  7.053921497E+00 
       825  3.060000000E+02  0.000000000E+00  7.092884520E+00 
       826  3.062500000E+02  0.000000000E+00  7.131778610E+00 
       827  3.065000000E+02  0.000000000E+00  7.170559708E+00 
       828  3.067500000E+02  0.000000000E+00  7.209189985E+00 
       829  3.070000000E+02  0.000000000E+00  7.247636961E+00 
       830  3.072500000E+02  0.000000000E+00  7.285872759E+00 
       831  3.075000000E+02  0.000000000E+00  7.323873464E+00 
       832  3.077500000E+02  0.000000000E+00  7.361618586E+00 
       833  3.080000000E+02  0.000000000E+00  7.399090586E+00 
       834  3.082500000E+02  0.000000000E+00  7.436274485E+00 
       835  3.085000000E+02  0.000000000E+00  7.473157515E+00 
       836  3.087500000E+02  0.000000000E+00  7.509728827E+00 
       837  3.090000000E+02  0.000000000E+00  7.545979236E+00 
       838  3.092500000E+02  0.000000000E+00  7.581901002E+00 
       839  3.095000000E+02  0.000000000E+00  7.617487642E+00 
       840  3.097500000E+02  0.000000000E+00  7.652733763E+00 
       841  3.100000000E+02  0.000000000E+00  7.687634927E+00 
       842  3.102500000E+02  0.000000000E+00  7.722187522E+00 
       843  3.105000000E+02  0.000000000E+00  7.756388658E+00 
       844  3.107500000E+02  0.000000000E+00  7.790236079E+00 
       845  3.110000000E+02  0.000000000E+00  7.823728078E+00 
       846  3.112500000E+02  0.000000000E+00  7.856863431E+00 
       847  3.115000000E+02  0.000000000E+00  7.889641338E+00 
       848  3.117500000E+02  0.000000000E+00  7.922061367E+00 
       849  3.120000000E+02  0.000000000E+00  7.954123412E+00 
       850  3.122500000E+02  0.000000000E+00  7.985827653E+00 
       851  3.125000000E+02  0.000000000E+00  8.017174520E+00 
       852  3.127500000E+02  0.000000000E+00  8.048164666E+00 
       853  3.130000000E+02  0.000000000E+00  8.078798940E+00 
       854  3.132500000E+02  0.000000000E+00  8.109078361E+00 
       855  3.135000000E+02  0.000000000E+00  8.139004105E+00 
       856  3.137500000E+02  0.000000000E+00  8.168577480E+00 
       857  3.140000000E+02  0.000000000E+00  8.197799917E+00 
       858  3.142500000E+02  0.000000000E+00  8.226672954E+00 
       859  3.145000000E+02  0.000000000E+00  8.255198225E+00 
       860  3.147500000E+02  0.000000000E+00  8.283377449E+00 
       861  3.150000000E+02  0.000000000E+00  8.311212422E+00 
       862  3.152500000E+02  0.000000000E+00  8.338705009E+00 
       863  3.155000000E+02  0.000000000E+00  8.365857137E+00 
       864  3.157500000E+02  0.000000000E+00  8.392670789E+00 
       865  3.160000000E+02  0.000000000E+00  8.419147997E+00 
       866  3.162500000E+02  0.000000000E+00  8.445290841E+00 
       867  3.165000000E+02  0.000000000E+00  8.471101440E+00 
       868  3.167500000E+02  0.000000000E+00  8.496581951E+00 
       869  3.170000000E+02  0.000000000E+00  8.521734566E+00 
       870  3.172500000E+02  0.000000000E+00  8.546561506E+00 
       871  3.175000000E+02  0.000000000E+00  8.571065022E+00 
       872  3.177500000E+02  0.000000000E+00  8.595247391E+00 
       873  3.180000000E+02  0.000000000E+00  8.619110911E+00 
       874  3.182500000E+02  0.000000000E+00  8.642657903E+00 
       875  3.185000000E+02  0.000000000E+00  8.665890709E+00 
       876  3.187500000E+02  0.000000000E+00  8.688811685E+00 
       877  3.190000000E+02  0.000000000E+00  8.711423206E+00 
       878  3.192500000E+02  0.000000000E+00  8.733727662E+00 
       879  3.195000000E+02  0.000000000E+00  8.755727454E+00 
       880  3.197500000E+02  0.000000000E+00  8.777424997E+00 
       881  3.200000000E+02  0.000000000E+00  8.798822718E+00 
       882  3.202500000E+02  0.000000000E+00  8.819923050E+00 
       883  3.205000000E+02  0.000000000E+00  8.840728439E+00 
       884  3.207500000E+02  0.000000000E+00  8.861241335E+00 
       885  3.210000000E+02  0.000000000E+00  8.881464199E+00 
       886  3.212500000E+02  0.000000000E+00  8.901399494E+00 
       887  3.215000000E+02  0.000000000E+00  8.921049691E+00 
       888  3.217500000E+02  0.000000000E+00  8.940417264E+00 
       889  3.220000000E+02  0.000000000E+00  8.959504691E+00 
       890  3.222500000E+02  0.000000000E+00  8.978314452E+00 
       891  3.225000000E+02  0.000000000E+00  8.996849030E+00 
       892  3.227500000E+02  0.000000000E+00  9.015110909E+00 
       893  3.230000000E+02  0.000000000E+00  9.033102574E+00 
       894  3.232500000E+02  0.000000000E+00  9.050826509E+00 
       895  3.235000000E+02  0.000000000E+00  9.068285199E+00 
       896  3.237500000E+02  0.000000000E+00  9.085481127E+00 
       897  3.240000000E+02  0.000000000E+00  9.102416774E+00 
       898  3.242500000E+02  0.000000000E+00  9.119094619E+00 
       899  3.245000000E+02  0.000000000E+00  9.135517138E+00 
       900  3.247500000E+02  0.000000000E+00  9.151686802E+00 
       901  3.250000000E+02  0.000000000E+00  9.167606080E+00 
       902  3.252500000E+02  0.000000000E+00  9.183277436E+00 
       903  3.255000000E+02  0.000000000E+00  9.198703328E+00 
       904  3.257500000E+02  0.000000000E+00  9.213886209E+00 
       905  3.260000000E+02  0.000000000E+00  9.228828524E+00 
       906  3.262500000E+02  0.000000000E+00  9.243532715E+00 
       907  3.265000000E+02  0.000000000E+00  9.258001214E+00 
       908  3.267500000E+02  0.000000000E+00  9.272236446E+00 
       909  3.270000000E+02  0.000000000E+00  9.286240828E+00 
       910  3.272500000E+02  0.000000000E+00  9.300016768E+00 
       911  3.275000000E+02  0.000000000E+00  9.313566665E+00 
       912  3.277500000E+02  0.000000000E+00  9.326892910E+00 
       913  3.280000000E+02  0.000000000E+00  9.339997881E+00 
       914  3.282500000E+02  0.000000000E+00  9.352883950E+00 
       915  3.285000000E+02  0.000000000E+00  9.365553474E+00 
       916  3.287500000E+02  0.000000000E+00  9.378008801E+00 
       917  3.290000000E+02  0.000000000E+00  9.390252267E+00 
       918  3.292500000E+02  0.000000000E+00  9.402286195E+00 
       919  3.295000000E+02  0.000000000E+00  9.414112898E+00 
       920  3.297500000E+02  0.000000000E+00  9.425734674E+00 
       921  3.300000000E+02  0.000000000E+00  9.437153808E+00 
       922  3.302500000E+02  0.000000000E+00  9.448372571E+00 
       923  3.305000000E+02  0.000000000E+00  9.459393223E+00 
       924  3.307500000E+02  0.000000000E+00  9.470218006E+00 
       925  3.310000000E+02  0.000000000E+00  9.480849148E+00 
       926  3.312500000E+02  0.000000000E+00  9.491288865E+00 
       927  3.315000000E+02  0.000000000E+00  9.501539353E+00 
       928  3.317500000E+02  0.000000000E+00  9.511602796E+00 
       929  3.320000000E+02  0.000000000E+00  9.521481359E+00 
       930  3.322500000E+02  0.000000000E+00  9.531177194E+00 
       931  3.325000000E+02  0.000000000E+00  9.540692432E+00 
       932  3.327500000E+02  0.000000000E+00  9.550029191E+00 
       933  3.330000000E+02  0.000000000E+00  9.559189568E+00 
       934  3.332500000E+02  0.000000000E+00  9.568175644E+00 
       935  3.335000000E+02  0.000000000E+00  9.576989484E+00 
       936  3.337500000E+02  0.000000000E+00  9.585633130E+00 
       937  3.340000000E+02  0.000000000E+00  9.594108609E+00 
       938  3.342500000E+02  0.000000000E+00  9.602417928E+00 
       939  3.345000000E+02  0.000000000E+00  9.610563075E+00 
       940  3.347500000E+02  0.000000000E+00  9.618546018E+00 
       941  3.350000000E+02  0.000000000E+00  9.626368705E+00 
       942  3.352500000E+02  0.000000000E+00  9.634033065E+00 
       943  3.355000000E+02  0.000000000E+00  9.641541006E+00 
       944  3.357500000E+02  0.000000000E+00  9.648894415E+00 
       945  3.360000000E+02  0.000000000E+00  9.656095159E+00 
       946  3.362500000E+02  0.000000000E+00  9.663145084E+00 
       947  3.365000000E+02  0.000000000E+00  9.670046014E+00 
       948  3.367500000E+02  0.000000000E+00  9.676799752E+00 
       949  3.370000000E+02  0.000000000E+00  9.683408078E+00 
       950  3.372500000E+02  0.000000000E+00  9.689872752E+00 
       951  3.375000000E+02  0.000000000E+00  9.696195510E+00 
       952  3.377500000E+02  0.000000000E+00  9.702378066E+00 
       953  3.380000000E+02  0.000000000E+00  9.708422111E+00 
       954  3.382500000E+02  0.000000000E+00  9.714329315E+00 
       955  3.385000000E+02  0.000000000E+00  9.720101322E+00 
       956  3.387500000E+02  0.000000000E+00  9.725739755E+00 
       957  3.390000000E+02  0.000000000E+00  9.731246211E+00 
       958  3.392500000E+02  0.000000000E+00  9.736622267E+00 
       959  3.395000000E+02  0.000000000E+00  9.741869472E+00 
       960  3.397500000E+02  0.000000000E+00  9.746989354E+00 
       961  3.400000000E+02  0.000000000E+00  9.751983415E+00 
       962  3.402500000E+02  0.000000000E+00  9.756853134E+00 
       963  3.405000000E+02  0.000000000E+00  9.761599963E+00 
       964  3.407500000E+02  0.000000000E+00  9.766225332E+00 
       965  3.410000000E+02  0.000000000E+00  9.770730645E+00 
       966  3.412500000E+02  0.000000000E+00  9.775117281E+00 
       967  3.415000000E+02  0.000000000E+00  9.779386592E+00 
       968  3.417500000E+02  0.000000000E+00  9.783539907E+00 
       969  3.420000000E+02  0.000000000E+00  9.787578529E+00 
       970  3.422500000E+02  0.000000000E+00  9.791503735E+00 
       971  3.425000000E+02  0.000000000E+00  9.795316775E+00 
       972  3.427500000E+02  0.000000000E+00  9.799018876E+00 
       973  3.430000000E+02  0.000000000E+00  9.802611236E+00 
       974  3.432500000E+02  0.000000000E+00  9.806095028E+00 
       975  3.435000000E+02  0.000000000E+00  9.809471399E+00 
       976  3.437500000E+02  0.000000000E+00  9.812741469E+00 
       977  3.440000000E+02  0.000000000E+00  9.815906333E+00 
       978  3.442500000E+02  0.000000000E+00  9.818967056E+00 
       979  3.445000000E+02  0.000000000E+00  9.821924681E+00 
       980  3.447500000E+02  0.000000000E+00  9.824780219E+00 
       981  3.450000000E+02  0.000000000E+00  9.827534659E+00 
       982  3.452500000E+02  0.000000000E+00  9.830188959E+00 
       983  3.455000000E+02  0.000000000E+00  9.832744053E+00 
       984  3.457500000E+02  0.000000000E+00  9.835200844E+00 
       985  3.460000000E+02  0.000000000E+00  9.837560213E+00 
       986  3.462500000E+02  0.000000000E+00  9.839823009E+00 
       987  3.465000000E+02  0.000000000E+00  9.841990056E+00 
       988  3.467500000E+02  0.000000000E+00  9.844062150E+00 
       989  3.470000000E+02  0.000000000E+00  9.846040058E+00 
       990  3.472500000E+02  0.000000000E+00  9.847924522E+00 
       991  3.475000000E+02  0.000000000E+00  9.849716255E+00 
       992  3.477500000E+02  0.000000000E+00  9.851415942E+00 
       993  3.480000000E+02  0.000000000E+00  9.853024241E+00 
       994  3.482500000E+02  0.000000000E+00  9.854541780E+00 
       995  3.485000000E+02  0.000000000E+00  9.855969163E+00 
       996  3.487500000E+02  0.000000000E+00  9.857306962E+00 
       997  3.490000000E+02  0.000000000E+00  9.858555724E+00 
       998  3.492500000E+02  0.000000000E+00  9.859715966E+00 
       999  3.495000000E+02  0.000000000E+00  9.860788179E+00 
      1000  3.497500000E+02  0.000000000E+00  9.861772824E+00 
      1001  3.500000000E+02  0.000000000E+00  9.862670334E+00 
      1002  3.502500000E+02  0.000000000E+00  9.863481115E+00 
      1003  3.505000000E+02  0.000000000E+00  9.864205545E+00 
      1004  3.507500000E+02  0.000000000E+00  9.864843972E+00 
      1005  3.510000000E+02  0.000000000E+00  9.865396717E+00 
      1006  3.512500000E+02  0.000000000E+00  9.865864074E+00 
      1007  3.515000000E+02  0.000000000E+00  9.866246305E+00 
      1008  3.517500000E+02  0.000000000E+00  9.866543649E+00 
      1009  3.520000000E+02  0.000000000E+00  9.866756311E+00 
      1010  3.522500000E+02  0.000000000E+00  9.866884473E+00 
      1011  3.525000000E+02  0.000000000E+00  9.866928286E+00 
      1012  3.527500000E+02  0.000000000E+00  9.866887871E+00 
      1013  3.530000000E+02  0.000000000E+00  9.866763325E+00 
      1014  3.532500000E+02  0.000000000E+00  9.866554714E+00 
      1015  3.535000000E+02  0.000000000E+00  9.866262076E+00 
      1016  3.537500000E+02  0.000000000E+00  9.865885421E+00 
      1017  3.540000000E+02  0.000000000E+00  9.865424731E+00 
      1018  3.542500000E+02  0.000000000E+00  9.864879960E+00 
      1019  3.545000000E+02  0.000000000E+00  9.864251031E+00 
      1020  3.547500000E+02  0.000000000E+00  9.863537844E+00 
      1021  3.550000000E+02  0.000000000E+00  9.862740266E+00 
      1022  3.552500000E+02  0.000000000E+00  9.861858137E+00 
      1023  3.555000000E+02  0.000000000E+00  9.860891272E+00 
      1024  3.557500000E+02  0.000000000E+00  9.859839453E+00 
      1025  3.560000000E+02  0.000000000E+00  9.858702437E+00 
      1026  3.562500000E+02  0.000000000E+00  9.857479953E+00 
      1027  3.565000000E+02  0.000000000E+00  9.856171700E+00 
      1028  3.567500000E+02  0.000000000E+00  9.854777350E+00 
      1029  3.570000000E+02  0.000000000E+00  9.853296548E+00 
      1030  3.572500000E+02  0.000000000E+00  9.851728910E+00 
      1031  3.575000000E+02  0.000000000E+00  9.850074023E+00 
      1032  3.577500000E+02  0.000000000E+00  9.848331449E+00 
      1033  3.580000000E+02  0.000000000E+00  9.846500719E+00 
      1034  3.582500000E+02  0.000000000E+00  9.844581339E+00 
      1035  3.585000000E+02  0.000000000E+00  9.842572786E+00 
      1036  3.587500000E+02  0.000000000E+00  9.840474508E+00 
      1037  3.590000000E+02  0.000000000E+00  9.838285928E+00 
      1038  3.592500000E+02  0.000000000E+00  9.836006439E+00 
      1039  3.595000000E+02  0.000000000E+00  9.833635409E+00 
      1040  3.597500000E+02  0.000000000E+00  9.831172175E+00 
      1041  3.600000000E+02  0.000000000E+00  9.828616050E+00 
      1042  3.602500000E+02  0.000000000E+00  9.825966319E+00 
      1043  3.605000000E+02  0.000000000E+00  9.823222237E+00 
      1044  3.607500000E+02  0.000000000E+00  9.820383036E+00 
      1045  3.610000000E+02  0.000000000E+00  9.817447916E+00 
      1046  3.612500000E+02  0.000000000E+00  9.814416055E+00 
      1047  3.615000000E+02  0.000000000E+00  9.811286599E+00 
      1048  3.617500000E+02  0.000000000E+00  9.808058672E+00 
      1049  3.620000000E+02  0.000000000E+00  9.804731367E+00 
      1050  3.622500000E+02  0.000000000E+00  9.801303752E+00 
      1051  3.625000000E+02  0.000000000E+00  9.797774869E+00 
      1052  3.627500000E+02  0.000000000E+00  9.794143732E+00 
      1053  3.630000000E+02  0.000000000E+00  9.790409328E+00 
      1054  3.632500000E+02  0.000000000E+00  9.786570619E+00 
      1055  3.635000000E+02  0.000000000E+00  9.782626540E+00 
      1056  3.637500000E+02  0.000000000E+00  9.778576000E+00 
      1057  3.640000000E+02  0.000000000E+00  9.774417881E+00 
      1058  3.642500000E+02  0.000000000E+00  9.770151040E+00 
      1059  3.645000000E+02  0.000000000E+00  9.765774307E+00 
      1060  3.647500000E+02  0.000000000E+00  9.761286486E+00 
      1061  3.650000000E+02  0.000000000E+00  9.756686357E+00 
      1062  3.652500000E+02  0.000000000E+00  9.751972671E+00 
      1063  3.655000000E+02  0.000000000E+00  9.747144156E+00 
      1064  3.657500000E+02  0.000000000E+00  9.742199514E+00 
      1065  3.660000000E+02  0.000000000E+00  9.737137422E+00 
      1066  3.662500000E+02  0.000000000E+00  9.731956530E+00 
      1067  3.665000000E+02  0.000000000E+00  9.726655464E+00 
      1068  3.667500000E+02  0.000000000E+00  9.721232825E+00 
      1069  3.670000000E+02  0.000000000E+00  9.715687189E+00 
      1070  3.672500000E+02  0.000000000E+00  9.710017107E+00 
      1071  3.675000000E+02  0.000000000E+00  9.704221105E+00 
      1072  3.677500000E+02  0.000000000E+00  9.698297685E+00 
      1073  3.680000000E+02  0.000000000E+00  9.692245324E+00 
      1074  3.682500000E+02  0.000000000E+00  9.686062476E+00 
      1075  3.685000000E+02  0.000000000E+00  9.679747568E+00 
      1076  3.687500000E+02  0.000000000E+00  9.673299007E+00 
      1077  3.690000000E+02  0.000000000E+00  9.666715172E+00 
      1078  3.692500000E+02  0.000000000E+00  9.659994421E+00 
      1079  3.695000000E+02  0.000000000E+00  9.653135086E+00 
      1080  3.697500000E+02  0.000000000E+00  9.646135479E+00 
      1081  3.700000000E+02  0.000000000E+00  9.638993885E+00 
      1082  3.702500000E+02  0.000000000E+00  9.631708567E+00 
      1083  3.705000000E+02  0.000000000E+00  9.624277767E+00 
      1084  3.707500000E+02  0.000000000E+00  9.616699701E+00 
      1085  3.710000000E+02  0.000000000E+00  9.608972564E+00 
      1086  3.712500000E+02  0.000000000E+00  9.601094528E+00 
      1087  3.715000000E+02  0.000000000E+00  9.593063743E+00 
      1088  3.717500000E+02  0.000000000E+00  9.584878336E+00 
      1089  3.720000000E+02  0.000000000E+00  9.576536413E+00 
      1090  3.722500000E+02  0.000000000E+00  9.568036056E+00 
      1091  3.725000000E+02  0.000000000E+00  9.559375328E+00 
      1092  3.727500000E+02  0.000000000E+00  9.550552269E+00 
      1093  3.730000000E+02  0.000000000E+00  9.541564897E+00 
      1094  3.732500000E+02  0.000000000E+00  9.532411209E+00 
      1095  3.735000000E+02  0.000000000E+00  9.523089184E+00 
      1096  3.737500000E+02  0.000000000E+00  9.513596775E+00 
      1097  3.740000000E+02  0.000000000E+00  9.503931919E+00 
      1098  3.742500000E+02  0.000000000E+00  9.494092530E+00 
      1099  3.745000000E+02  0.000000000E+00  9.484076502E+00 
      1100  3.747500000E+02  0.000000000E+00  9.473881710E+00 
      1101  3.750000000E+02  0.000000000E+00  9.463506009E+00 
      1102  3.752500000E+02  0.000000000E+00  9.452947234E+00 
      1103  3.755000000E+02  0.000000000E+00  9.442203200E+00 
      1104  3.757500000E+02  0.000000000E+00  9.431271704E+00 
      1105  3.760000000E+02  0.000000000E+00  9.420150525E+00 
      1106  3.762500000E+02  0.000000000E+00  9.408837420E+00 
      1107  3.765000000E+02  0.000000000E+00  9.397330132E+00 
      1108  3.767500000E+02  0.000000000E+00  9.385626382E+00 
      1109  3.770000000E+02  0.000000000E+00  9.373723875E+00 
      1110  3.772500000E+02  0.000000000E+00  9.361620299E+00 
      1111  3.775000000E+02  0.000000000E+00  9.349313323E+00 
      1112  3.777500000E+02  0.000000000E+00  9.336800600E+00 
      1113  3.780000000E+02  0.000000000E+00  9.324079767E+00 
      1114  3.782500000E+02  0.000000000E+00  9.311148444E+00 
      1115  3.785000000E+02  0.000000000E+00  9.298004233E+00 
      1116  3.787500000E+02  0.000000000E+00  9.284644724E+00 
      1117  3.790000000E+02  0.000000000E+00  9.271067489E+00 
      1118  3.792500000E+02  0.000000000E+00  9.257270086E+00 
      1119  3.795000000E+02  0.000000000E+00  9.243250058E+00 
      1120  3.797500000E+02  0.000000000E+00  9.229004935E+00 
      1121  3.800000000E+02  0.000000000E+00  9.214532233E+00 
      1122  3.802500000E+02  0.000000000E+00  9.199829455E+00 
      1123  3.805000000E+02  0.000000000E+00  9.184894090E+00 
      1124  3.807500000E+02  0.000000000E+00  9.169723618E+00 
      1125  3.810000000E+02  0.000000000E+00  9.154315505E+00 
      1126  3.812500000E+02  0.000000000E+00  9.138667207E+00 
      1127  3.815000000E+02  0.000000000E+00  9.122776172E+00 
      1128  3.817500000E+02  0.000000000E+00  9.106639837E+00 
      1129  3.820000000E+02  0.000000000E+00  9.090255631E+00 
      1130  3.822500000E+02  0.000000000E+00  9.073620977E+00 
      1131  3.825000000E+02  0.000000000E+00  9.056733292E+00 
      1132  3.827500000E+02  0.000000000E+00  9.039589986E+00 
      1133  3.830000000E+02  0.000000000E+00  9.022188468E+00 
      1134  3.832500000E+02  0.000000000E+00  9.004526144E+00 
      1135  3.835000000E+02  0.000000000E+00  8.986600421E+00 
      1136  3.837500000E+02  0.000000000E+00  8.968408705E+00 
      1137  3.840000000E+02  0.000000000E+00  8.949948408E+00 
      1138  3.842500000E+02  0.000000000E+00  8.931216948E+00 
      1139  3.845000000E+02  0.000000000E+00  8.912211752E+00 
      1140  3.847500000E+02  0.000000000E+00  8.892930259E+00 
      1141  3.850000000E+02  0.000000000E+00  8.873369921E+00 
      1142  3.852500000E+02  0.000000000E+00  8.853528213E+00 
      1143  3.855000000E+02  0.000000000E+00  8.833402633E+00 
      1144  3.857500000E+02  0.000000000E+00  8.812990707E+00 
      1145  3.860000000E+02  0.000000000E+00  8.792289997E+00 
      1146  3.862500000E+02  0.000000000E+00  8.771298106E+00 
      1147  3.865000000E+02  0.000000000E+00  8.750012685E+00 
      1148  3.867500000E+02  0.000000000E+00  8.728431447E+00 
      1149  3.870000000E+02  0.000000000E+00  8.706552169E+00 
      1150  3.872500000E+02  0.000000000E+00  8.684372708E+00 
      1151  3.875000000E+02  0.000000000E+00  8.661891016E+00 
      1152  3.877500000E+02  0.000000000E+00  8.639105150E+00 
      1153  3.880000000E+02  0.000000000E+00  8.616013293E+00 
      1154  3.882500000E+02  0.000000000E+00  8.592613773E+00 
      1155  3.885000000E+02  0.000000000E+00  8.568905086E+00 
      1156  3.887500000E+02  0.000000000E+00  8.544885922E+00 
      1157  3.890000000E+02  0.000000000E+00  8.520555195E+00 
      1158  3.892500000E+02  0.000000000E+00  8.495912079E+00 
      1159  3.895000000E+02  0.000000000E+00  8.470956048E+00 
      1160  3.897500000E+02  0.000000000E+00  8.445686921E+00 
      1161  3.900000000E+02  0.000000000E+00  8.420104917E+00 
      1162  3.902500000E+02  0.000000000E+00  8.394210718E+00 
      1163  3.905000000E+02  0.000000000E+00  8.368005537E+00 
      1164  3.907500000E+02  0.000000000E+00  8.341491204E+00 
      1165  3.910000000E+02  0.000000000E+00  8.314670259E+00 
      1166  3.912500000E+02  0.000000000E+00  8.287546062E+00 
      1167  3.915000000E+02  0.000000000E+00  8.260122925E+00 
      1168  3.917500000E+02  0.000000000E+00  8.232406253E+00 
      1169  3.920000000E+02  0.000000000E+00  8.204402722E+00 
      1170  3.922500000E+02  0.000000000E+00  8.176120475E+00 
      1171  3.925000000E+02  0.000000000E+00  8.147569356E+00 
      1172  3.927500000E+02  0.000000000E+00  8.118761175E+00 
      1173  3.930000000E+02  0.000000000E+00  8.089710027E+00 
      1174  3.932500000E+02  0.000000000E+00  8.060432657E+00 
      1175  3.935000000E+02  0.000000000E+00  8.030948889E+00 
      1176  3.937500000E+02  0.000000000E+00  8.001282127E+00 
      1177  3.940000000E+02  0.000000000E+00  7.971459947E+00 
      1178  3.942500000E+02  0.000000000E+00  7.941514794E+00 
      1179  3.945000000E+02  0.000000000E+00  7.911484803E+00 
      1180  3.947500000E+02  0.000000000E+00  7.881414773E+00 
      1181  3.950000000E+02  0.000000000E+00  7.851357328E+00 
      1182  3.952500000E+02  0.000000000E+00  7.821374309E+00 
      1183  3.955000000E+02  0.000000000E+00  7.791538442E+00 
      1184  3.957500000E+02  0.000000000E+00  7.761935362E+00 
      1185  3.960000000E+02  0.000000000E+00  7.732666076E+00 
      1186  3.962500000E+02  0.000000000E+00  7.703849986E+00 
      1187  3.965000000E+02  0.000000000E+00  7.675628642E+00 
      1188  3.967500000E+02  0.000000000E+00  7.648170439E+00 
      1189  3.970000000E+02  0.000000000E+00  7.621676580E+00 
      1190  3.972500000E+02  0.000000000E+00  7.596388741E+00 
      1191  3.975000000E+02  0.000000000E+00  7.572599127E+00 
      1192  3.977500000E+02  0.000000000E+00  7.550663919E+00 
      1193  3.980000000E+02  0.000000000E+00  7.531021725E+00 
      1194  3.982500000E+02  0.000000000E+00  7.514219749E+00 
      1195  3.985000000E+02  0.000000000E+00  7.500952414E+00 
      1196  3.987500000E+02  0.000000000E+00  7.492121438E+00 
      1197  3.990000000E+02  0.000000000E+00  7.488935898E+00 
      1198  3.992500000E+02  0.000000000E+00  7.493094669E+00 
      1199  3.995000000E+02  0.000000000E+00  7.507158908E+00 
      1200  3.997500000E+02  0.000000000E+00  7.537947075E+00 
      1201  4.000000000E+02  0.000000000E+00  6.859191062E+00 
      1202  4.002000034E+02  0.000000000E+00  6.390053895E+00 
      1203  4.004016387E+02  0.000000000E+00  6.569661008E+00 
      1204  4.006049192E+02  0.000000000E+00  6.744245051E+00 
      1205  4.008098583E+02  0.000000000E+00  6.913309785E+00 
      1206  4.010164696E+02  0.000000000E+00  7.076665650E+00 
      1207  4.012247666E+02  0.000000000E+00  7.234178046E+00 
      1208  4.014347631E+02  0.000000000E+00  7.385758009E+00 
      1209  4.016464731E+02  0.000000000E+00  7.531356536E+00 
      1210  4.018599104E+02  0.000000000E+00  7.670960388E+00 
      1211  4.020750892E+02  0.000000000E+00  7.804588150E+00 
      1212  4.022920237E+02  0.000000000E+00  7.932286611E+00 
      1213  4.025107282E+02  0.000000000E+00  8.061132984E+00 
      1214  4.027312172E+02  0.000000000E+00  8.183801572E+00 
      1215  4.029535052E+02  0.000000000E+00  8.293302949E+00 
      1216  4.031776069E+02  0.000000000E+00  8.397324930E+00 
      1217  4.034035370E+02  0.000000000E+00  8.496009464E+00 
      1218  4.036313106E+02  0.000000000E+00  8.589509743E+00 
      1219  4.038609426E+02  0.000000000E+00  8.677988126E+00 
      1220  4.040924483E+02  0.000000000E+00  8.761614231E+00 
      1221  4.043258428E+02  0.000000000E+00  8.844793572E+00 
      1222  4.045611417E+02  0.000000000E+00  8.923170617E+00 
      1223  4.047983604E+02  0.000000000E+00  8.992645829E+00 
      1224  4.050375146E+02  0.000000000E+00  9.058028382E+00 
      1225  4.052786201E+02  0.000000000E+00  9.119498812E+00 
      1226  4.055216929E+02  0.000000000E+00  9.180237759E+00 
      1227  4.057667489E+02  0.000000000E+00  9.243408016E+00 
      1228  4.060138044E+02  0.000000000E+00  9.309710453E+00 
      1229  4.062628756E+02  0.000000000E+00  9.368601147E+00 
      1230  4.065139791E+02  0.000000000E+00  9.416189152E+00 
      1231  4.067671314E+02  0.000000000E+00  9.463124887E+00 
      1232  4.070223492E+02  0.000000000E+00  9.506127013E+00 
      1233  4.072796494E+02  0.000000000E+00  9.546264739E+00 
      1234  4.075390490E+02  0.000000000E+00  9.581479115E+00 
      1235  4.078005650E+02  0.000000000E+00  9.608295206E+00 
      1236  4.080642148E+02  0.000000000E+00  9.633738576E+00 
      1237  4.083300158E+02  0.000000000E+00  9.657307955E+00 
      1238  4.085979855E+02  0.000000000E+00  9.678929612E+00 
      1239  4.088681416E+02  0.000000000E+00  9.670054830E+00 
      1240  4.091405020E+02  0.000000000E+00  9.662200978E+00 
      1241  4.094150846E+02  0.000000000E+00  9.685084155E+00 
      1242  4.096919076E+02  0.000000000E+00  9.706323403E+00 
      1243  4.099709892E+02  0.000000000E+00  9.726028778E+00 
      1244  4.102523480E+02  0.000000000E+00  9.744304410E+00 
      1245  4.105360024E+02  0.000000000E+00  9.761248667E+00 
      1246  4.108219711E+02  0.000000000E+00  9.776954326E+00 
      1247  4.111102732E+02  0.000000000E+00  9.791508760E+00 
      1248  4.114009276E+02  0.000000000E+00  9.804994132E+00 
      1249  4.116939535E+02  0.000000000E+00  9.817487599E+00 
      1250  4.119893702E+02  0.000000000E+00  9.829061516E+00 
      1251  4.122871973E+02  0.000000000E+00  9.839783648E+00 
      1252  4.125874544E+02  0.000000000E+00  9.849717377E+00 
      1253  4.128901614E+02  0.000000000E+00  9.858921911E+00 
      1254  4.131953383E+02  0.000000000E+00  9.867452492E+00 
      1255  4.135030051E+02  0.000000000E+00  9.875360599E+00 
      1256  4.138131823E+02  0.000000000E+00  9.882694151E+00 
      1257  4.141258902E+02  0.000000000E+00  9.889497696E+00 
      1258  4.144411496E+02  0.000000000E+00  9.895812606E+00 
      1259  4.147589813E+02  0.000000000E+00  9.901677258E+00 
      1260  4.150794062E+02  0.000000000E+00  9.907127215E+00 
      1261  4.154024455E+02  0.000000000E+00  9.912195391E+00 
      1262  4.157281206E+02  0.000000000E+00  9.916912222E+00 
      1263  4.160564529E+02  0.000000000E+00  9.921305820E+00 
      1264  4.163874641E+02  0.000000000E+00  9.925402123E+00 
      1265  4.167211762E+02  0.000000000E+00  9.929225040E+00 
      1266  4.170576110E+02  0.000000000E+00  9.932796587E+00 
      1267  4.173967909E+02  0.000000000E+00  9.936137016E+00 
      1268  4.177387382E+02  0.000000000E+00  9.939264940E+00 
      1269  4.180834756E+02  0.000000000E+00  9.942197447E+00 
      1270  4.184310257E+02  0.000000000E+00  9.944950212E+00 
      1271  4.187814116E+02  0.000000000E+00  9.947537598E+00 
      1272  4.191346563E+02  0.000000000E+00  9.949972757E+00 
      1273  4.194907832E+02  0.000000000E+00  9.952267719E+00 
      1274  4.198498158E+02  0.000000000E+00  9.954433479E+00 
      1275  4.202117779E+02  0.000000000E+00  9.956480078E+00 
      1276  4.205766933E+02  0.000000000E+00  9.958416678E+00 
      1277  4.209445860E+02  0.000000000E+00  9.960251632E+00 
      1278  4.213154806E+02  0.000000000E+00  9.961992554E+00 
      1279  4.216894013E+02  0.000000000E+00  9.963646372E+00 
      1280  4.220663728E+02  0.000000000E+00  9.965219393E+00 
      1281  4.224464202E+02  0.000000000E+00  9.966717352E+00 
      1282  4.228295685E+02  0.000000000E+00  9.968145464E+00 
      1283  4.232158429E+02  0.000000000E+00  9.969508465E+00 
      1284  4.236052691E+02  0.000000000E+00  9.970810660E+00 
      1285  4.239978726E+02  0.000000000E+00  9.972055956E+00 
      1286  4.243936795E+02  0.000000000E+00  9.973247904E+00 
      1287  4.247927158E+02  0.000000000E+00  9.974389729E+00 
      1288  4.251950080E+02  0.000000000E+00  9.975484357E+00 
      1289  4.256005825E+02  0.000000000E+00  9.976534453E+00 
      1290  4.260094662E+02  0.000000000E+00  9.977542435E+00 
      1291  4.264216861E+02  0.000000000E+00  9.978510508E+00 
      1292  4.268372694E+02  0.000000000E+00  9.979440676E+00 
      1293  4.272562434E+02  0.000000000E+00  9.980334772E+00 
      1294  4.276786360E+02  0.000000000E+00  9.981194467E+00 
      1295  4.281044750E+02  0.000000000E+00  9.982021290E+00 
      1296  4.285337884E+02  0.000000000E+00  9.982816646E+00 
      1297  4.289666047E+02  0.000000000E+00  9.983581824E+00 
      1298  4.294029525E+02  0.000000000E+00  9.984318013E+00 
      1299  4.298428605E+02  0.000000000E+00  9.985026312E+00 
      1300  4.302863578E+02  0.000000000E+00  9.985707739E+00 
      1301  4.307334737E+02  0.000000000E+00  9.986363243E+00 
      1302  4.311842377E+02  0.000000000E+00  9.986993709E+00 
      1303  4.316386795E+02  0.000000000E+00  9.987599968E+00 
      1304  4.320968293E+02  0.000000000E+00  9.988182800E+00 
      1305  4.325587172E+02  0.000000000E+00  9.988742944E+00 
      1306  4.330243737E+02  0.000000000E+00  9.989281101E+00 
      1307  4.334938296E+02  0.000000000E+00  9.989797939E+00 
      1308  4.339671159E+02  0.000000000E+00  9.990294096E+00 
      1309  4.344442638E+02  0.000000000E+00  9.990770186E+00 
      1310  4.349253049E+02  0.000000000E+00  9.991226799E+00 
      1311  4.354102708E+02  0.000000000E+00  9.991664508E+00 
      1312  4.358991937E+02  0.000000000E+00  9.992083868E+00 
      1313  4.363921059E+02  0.000000000E+00  9.992485417E+00 
      1314  4.368890398E+02  0.000000000E+00  9.992869684E+00 
      1315  4.373900283E+02  0.000000000E+00  9.993237184E+00 
      1316  4.378951044E+02  0.000000000E+00  9.993588420E+00 
      1317  4.384043016E+02  0.000000000E+00  9.993923890E+00 
      1318  4.389176534E+02  0.000000000E+00  9.994244081E+00 
      1319  4.394351937E+02  0.000000000E+00  9.994549472E+00 
      1320  4.399569568E+02  0.000000000E+00  9.994840536E+00 
      1321  4.404829770E+02  0.000000000E+00  9.995117739E+00 
      1322  4.410132892E+02  0.000000000E+00  9.995381540E+00 
      1323  4.415479282E+02  0.000000000E+00  9.995632394E+00 
      1324  4.420869295E+02  0.000000000E+00  9.995870747E+00 
      1325  4.426303286E+02  0.000000000E+00  9.996097040E+00 
      1326  4.431781614E+02  0.000000000E+00  9.996311708E+00 
      1327  4.437304641E+02  0.000000000E+00  9.996515180E+00 
      1328  4.442872731E+02  0.000000000E+00  9.996707878E+00 
      1329  4.448486253E+02  0.000000000E+00  9.996890218E+00 
      1330  4.454145576E+02  0.000000000E+00  9.997062608E+00 
      1331  4.459851075E+02  0.000000000E+00  9.997225451E+00 
      1332  4.465603126E+02  0.000000000E+00  9.997379140E+00 
      1333  4.471402109E+02  0.000000000E+00  9.997524061E+00 
      1334  4.477248408E+02  0.000000000E+00  9.997660594E+00 
      1335  4.483142407E+02  0.000000000E+00  9.997789108E+00 
      1336  4.489084497E+02  0.000000000E+00  9.997909965E+00 
      1337  4.495075070E+02  0.000000000E+00  9.998023518E+00 
      1338  4.501114521E+02  0.000000000E+00  9.998130111E+00 
      1339  4.507203248E+02  0.000000000E+00  9.998230077E+00 
      1340  4.513341655E+02  0.000000000E+00  9.998323743E+00 
      1341  4.519530147E+02  0.000000000E+00  9.998411424E+00 
      1342  4.525769132E+02  0.000000000E+00  9.998493423E+00 
      1343  4.532059021E+02  0.000000000E+00  9.998570037E+00 
      1344  4.538400232E+02  0.000000000E+00  9.998641550E+00 
      1345  4.544793181E+02  0.000000000E+00  9.998708238E+00 
      1346  4.551238292E+02  0.000000000E+00  9.998770364E+00 
      1347  4.557735990E+02  0.000000000E+00  9.998828183E+00 
      1348  4.564286703E+02  0.000000000E+00  9.998881939E+00 
      1349  4.570890866E+02  0.000000000E+00  9.998931864E+00 
      1350  4.577548913E+02  0.000000000E+00  9.998978183E+00 
      1351  4.584261284E+02  0.000000000E+00  9.999021108E+00 
      1352  4.591028423E+02  0.000000000E+00  9.999060844E+00 
      1353  4.597850777E+02  0.000000000E+00  9.999097583E+00 
      1354  4.604728795E+02  0.000000000E+00  9.999131511E+00 
      1355  4.611662932E+02  0.000000000E+00  9.999162802E+00 
      1356  4.618653647E+02  0.000000000E+00  9.999191624E+00 
      1357  4.625701400E+02  0.000000000E+00  9.999218135E+00 
      1358  4.632806657E+02  0.000000000E+00  9.999242484E+00 
      1359  4.639969887E+02  0.000000000E+00  9.999264815E+00 
      1360  4.647191564E+02  0.000000000E+00  9.999285263E+00 
      1361  4.654472164E+02  0.000000000E+00  9.999303958E+00 
      1362  4.661812167E+02  0.000000000E+00  9.999321024E+00 
      1363  4.669212059E+02  0.000000000E+00  9.999336579E+00 
      1364  4.676672328E+02  0.000000000E+00  9.999350739E+00 
      1365  4.684193468E+02  0.000000000E+00  9.999363616E+00 
      1366  4.691775973E+02  0.000000000E+00  9.999375320E+00 
      1367  4.699420346E+02  0.000000000E+00  9.999385961E+00 
      1368  4.707127091E+02  0.000000000E+00  9.999395651E+00 
      1369  4.714896716E+02  0.000000000E+00  9.999404504E+00 
      1370  4.722729736E+02  0.000000000E+00  9.999412642E+00 
      1371  4.730626666E+02  0.000000000E+00  9.999420194E+00 
      1372  4.738588030E+02  0.000000000E+00  9.999427306E+00 
      1373  4.746614352E+02  0.000000000E+00  9.999434141E+00 
      1374  4.754706162E+02  0.000000000E+00  9.999440887E+00 
      1375  4.762863994E+02  0.000000000E+00  9.999447769E+00 
      1376  4.771088389E+02  0.000000000E+00  9.999455061E+00 
      1377  4.779379887E+02  0.000000000E+00  9.999463099E+00 
      1378  4.787739038E+02  0.000000000E+00  9.999472306E+00 
      1379  4.796166392E+02  0.000000000E+00  9.999483222E+00 
      1380  4.804662507E+02  0.000000000E+00  9.999496543E+00 
      1381  4.813227944E+02  0.000000000E+00  9.999513178E+00 
      1382  4.821863268E+02  0.000000000E+00  9.999534324E+00 
      1383  4.830569049E+02  0.000000000E+00  9.999561566E+00 
      1384  4.839345862E+02  0.000000000E+00  9.999597024E+00 
      1385  4.848194287E+02  0.000000000E+00  9.999643547E+00 
      1386  4.857114908E+02  0.000000000E+00  9.999704980E+00 
      1387  4.866108314E+02  0.000000000E+00  9.999786544E+00 
      1388  4.875175099E+02  0.000000000E+00  9.999895346E+00 
      1389  4.884315862E+02  0.000000000E+00  1.000004111E+01 
      1390  4.893531206E+02  0.000000000E+00  1.000023718E+01 
      1391  4.902821741E+02  0.000000000E+00  1.000050193E+01 
      1392  4.912188078E+02  0.000000000E+00  1.000086071E+01 
      1393  4.921630837E+02  0.000000000E+00  1.000134863E+01 
      1394  4.931150642E+02  0.000000000E+00  1.000201447E+01 
      1395  4.940748120E+02  0.000000000E+00  1.000292612E+01 
      1396  4.950423907E+02  0.000000000E+00  1.000417833E+01 
      1397  4.960178639E+02  0.000000000E+00  1.000590382E+01 
      1398  4.970012963E+02  0.000000000E+00  1.000827710E+01 
      1399  4.979927527E+02  0.000000000E+00  1.001327453E+01 
      1400  4.989922986E+02  0.000000000E+00  1.001996899E+01 
      1401  5.000000000E+02  0.000000000E+00  1.002304063E+01 
