nodenumber     x-coordinate     y-coordinate           udm-12 
         1  0.000000000E+00  0.000000000E+00  9.997882570E+00 
         2  1.007701384E+00  0.000000000E+00  9.997969948E+00 
         3  2.007247274E+00  0.000000000E+00  9.999174579E+00 
         4  2.998703673E+00  0.000000000E+00  1.000025842E+01 
         5  3.982136051E+00  0.000000000E+00  1.000022450E+01 
         6  4.957609346E+00  0.000000000E+00  1.000021227E+01 
         7  5.925187975E+00  0.000000000E+00  1.000021000E+01 
         8  6.884935829E+00  0.000000000E+00  1.000021488E+01 
         9  7.836916284E+00  0.000000000E+00  1.000022485E+01 
        10  8.781192203E+00  0.000000000E+00  1.000023842E+01 
        11  9.717825941E+00  0.000000000E+00  1.000025450E+01 
        12  1.064687935E+01  0.000000000E+00  1.000027229E+01 
        13  1.156841377E+01  0.000000000E+00  1.000029120E+01 
        14  1.248249006E+01  0.000000000E+00  1.000031078E+01 
        15  1.338916858E+01  0.000000000E+00  1.000033068E+01 
        16  1.428850920E+01  0.000000000E+00  1.000035063E+01 
        17  1.518057130E+01  0.000000000E+00  1.000037040E+01 
        18  1.606541380E+01  0.000000000E+00  1.000038980E+01 
        19  1.694309512E+01  0.000000000E+00  1.000040868E+01 
        20  1.781367322E+01  0.000000000E+00  1.000042689E+01 
        21  1.867720559E+01  0.000000000E+00  1.000044428E+01 
        22  1.953374925E+01  0.000000000E+00  1.000046072E+01 
        23  2.038336076E+01  0.000000000E+00  1.000047608E+01 
        24  2.122609622E+01  0.000000000E+00  1.000049023E+01 
        25  2.206201128E+01  0.000000000E+00  1.000050301E+01 
        26  2.289116114E+01  0.000000000E+00  1.000051429E+01 
        27  2.371360056E+01  0.000000000E+00  1.000052393E+01 
        28  2.452938383E+01  0.000000000E+00  1.000053175E+01 
        29  2.533856484E+01  0.000000000E+00  1.000053760E+01 
        30  2.614119701E+01  0.000000000E+00  1.000054129E+01 
        31  2.693733335E+01  0.000000000E+00  1.000054265E+01 
        32  2.772702642E+01  0.000000000E+00  1.000054149E+01 
        33  2.851032837E+01  0.000000000E+00  1.000053759E+01 
        34  2.928729093E+01  0.000000000E+00  1.000053074E+01 
        35  3.005796541E+01  0.000000000E+00  1.000052072E+01 
        36  3.082240268E+01  0.000000000E+00  1.000050729E+01 
        37  3.158065324E+01  0.000000000E+00  1.000049020E+01 
        38  3.233276716E+01  0.000000000E+00  1.000046919E+01 
        39  3.307879409E+01  0.000000000E+00  1.000044399E+01 
        40  3.381878330E+01  0.000000000E+00  1.000041432E+01 
        41  3.455278365E+01  0.000000000E+00  1.000037988E+01 
        42  3.528084362E+01  0.000000000E+00  1.000034037E+01 
        43  3.600301127E+01  0.000000000E+00  1.000029547E+01 
        44  3.671933431E+01  0.000000000E+00  1.000024485E+01 
        45  3.742986002E+01  0.000000000E+00  1.000018817E+01 
        46  3.813463533E+01  0.000000000E+00  1.000012509E+01 
        47  3.883370678E+01  0.000000000E+00  1.000005522E+01 
        48  3.952712052E+01  0.000000000E+00  9.999978218E+00 
        49  4.021492235E+01  0.000000000E+00  9.999893682E+00 
        50  4.089715769E+01  0.000000000E+00  9.999801223E+00 
        51  4.157387159E+01  0.000000000E+00  9.999700439E+00 
        52  4.224510872E+01  0.000000000E+00  9.999590917E+00 
        53  4.291091342E+01  0.000000000E+00  9.999472236E+00 
        54  4.357132966E+01  0.000000000E+00  9.999343966E+00 
        55  4.422640104E+01  0.000000000E+00  9.999205670E+00 
        56  4.487617081E+01  0.000000000E+00  9.999056904E+00 
        57  4.552068189E+01  0.000000000E+00  9.998897215E+00 
        58  4.615997684E+01  0.000000000E+00  9.998726147E+00 
        59  4.679409786E+01  0.000000000E+00  9.998543237E+00 
        60  4.742308684E+01  0.000000000E+00  9.998348018E+00 
        61  4.804698530E+01  0.000000000E+00  9.998140017E+00 
        62  4.866583446E+01  0.000000000E+00  9.997918760E+00 
        63  4.927967516E+01  0.000000000E+00  9.997683771E+00 
        64  4.988854795E+01  0.000000000E+00  9.997434569E+00 
        65  5.049249303E+01  0.000000000E+00  9.997170675E+00 
        66  5.109155028E+01  0.000000000E+00  9.996891610E+00 
        67  5.168575926E+01  0.000000000E+00  9.996596894E+00 
        68  5.227515921E+01  0.000000000E+00  9.996286050E+00 
        69  5.285978905E+01  0.000000000E+00  9.995958604E+00 
        70  5.343968738E+01  0.000000000E+00  9.995614085E+00 
        71  5.401489250E+01  0.000000000E+00  9.995252027E+00 
        72  5.458544238E+01  0.000000000E+00  9.994871968E+00 
        73  5.515137472E+01  0.000000000E+00  9.994473456E+00 
        74  5.571272686E+01  0.000000000E+00  9.994056044E+00 
        75  5.626953590E+01  0.000000000E+00  9.993619295E+00 
        76  5.682183858E+01  0.000000000E+00  9.993162781E+00 
        77  5.736967139E+01  0.000000000E+00  9.992686086E+00 
        78  5.791307049E+01  0.000000000E+00  9.992188807E+00 
        79  5.845207178E+01  0.000000000E+00  9.991670552E+00 
        80  5.898671083E+01  0.000000000E+00  9.991130947E+00 
        81  5.951702297E+01  0.000000000E+00  9.990569633E+00 
        82  6.004304320E+01  0.000000000E+00  9.989986268E+00 
        83  6.056480627E+01  0.000000000E+00  9.989380530E+00 
        84  6.108234661E+01  0.000000000E+00  9.988752119E+00 
        85  6.159569842E+01  0.000000000E+00  9.988100757E+00 
        86  6.210489559E+01  0.000000000E+00  9.987426189E+00 
        87  6.260997174E+01  0.000000000E+00  9.986728189E+00 
        88  6.311096022E+01  0.000000000E+00  9.986006558E+00 
        89  6.360789412E+01  0.000000000E+00  9.985261130E+00 
        90  6.410080625E+01  0.000000000E+00  9.984491770E+00 
        91  6.458972916E+01  0.000000000E+00  9.983698382E+00 
        92  6.507469514E+01  0.000000000E+00  9.982880908E+00 
        93  6.555573621E+01  0.000000000E+00  9.982039332E+00 
        94  6.603288413E+01  0.000000000E+00  9.981173687E+00 
        95  6.650617042E+01  0.000000000E+00  9.980284054E+00 
        96  6.697562632E+01  0.000000000E+00  9.979370569E+00 
        97  6.744128283E+01  0.000000000E+00  9.978433429E+00 
        98  6.790317071E+01  0.000000000E+00  9.977472894E+00 
        99  6.836132046E+01  0.000000000E+00  9.976489296E+00 
       100  6.881576232E+01  0.000000000E+00  9.975483044E+00 
       101  6.926652631E+01  0.000000000E+00  9.974454632E+00 
       102  6.971364219E+01  0.000000000E+00  9.973404644E+00 
       103  7.015713949E+01  0.000000000E+00  9.972333768E+00 
       104  7.059704749E+01  0.000000000E+00  9.971242800E+00 
       105  7.103339524E+01  0.000000000E+00  9.970132660E+00 
       106  7.146621156E+01  0.000000000E+00  9.969004397E+00 
       107  7.189552503E+01  0.000000000E+00  9.967859209E+00 
       108  7.232136399E+01  0.000000000E+00  9.966698453E+00 
       109  7.274375656E+01  0.000000000E+00  9.965523658E+00 
       110  7.316273064E+01  0.000000000E+00  9.964336550E+00 
       111  7.357831389E+01  0.000000000E+00  9.963139062E+00 
       112  7.399053376E+01  0.000000000E+00  9.961933359E+00 
       113  7.439941746E+01  0.000000000E+00  9.960721861E+00 
       114  7.480499201E+01  0.000000000E+00  9.959507264E+00 
       115  7.520728416E+01  0.000000000E+00  9.958292568E+00 
       116  7.560632051E+01  0.000000000E+00  9.957081110E+00 
       117  7.600212738E+01  0.000000000E+00  9.955876587E+00 
       118  7.639473092E+01  0.000000000E+00  9.954683101E+00 
       119  7.678415706E+01  0.000000000E+00  9.953505187E+00 
       120  7.717043151E+01  0.000000000E+00  9.952347859E+00 
       121  7.755357977E+01  0.000000000E+00  9.951216655E+00 
       122  7.793362715E+01  0.000000000E+00  9.950117681E+00 
       123  7.831059875E+01  0.000000000E+00  9.949057664E+00 
       124  7.868451945E+01  0.000000000E+00  9.948044010E+00 
       125  7.905541395E+01  0.000000000E+00  9.947084864E+00 
       126  7.942330674E+01  0.000000000E+00  9.946189174E+00 
       127  7.978822211E+01  0.000000000E+00  9.945366761E+00 
       128  8.015018416E+01  0.000000000E+00  9.944628398E+00 
       129  8.050921679E+01  0.000000000E+00  9.943985889E+00 
       130  8.086534371E+01  0.000000000E+00  9.943452159E+00 
       131  8.121858844E+01  0.000000000E+00  9.943041347E+00 
       132  8.156897429E+01  0.000000000E+00  9.942768910E+00 
       133  8.191652442E+01  0.000000000E+00  9.942651744E+00 
       134  8.226126177E+01  0.000000000E+00  9.942708232E+00 
       135  8.260320909E+01  0.000000000E+00  9.942958454E+00 
       136  8.294238899E+01  0.000000000E+00  9.943424339E+00 
       137  8.327882384E+01  0.000000000E+00  9.944129713E+00 
       138  8.361253587E+01  0.000000000E+00  9.945100505E+00 
       139  8.394354712E+01  0.000000000E+00  9.946364908E+00 
       140  8.427187943E+01  0.000000000E+00  9.947953553E+00 
       141  8.459755450E+01  0.000000000E+00  9.949899695E+00 
       142  8.492059382E+01  0.000000000E+00  9.952239417E+00 
       143  8.524101873E+01  0.000000000E+00  9.955011842E+00 
       144  8.555885039E+01  0.000000000E+00  9.958259360E+00 
       145  8.587410979E+01  0.000000000E+00  9.962027876E+00 
       146  8.618681774E+01  0.000000000E+00  9.966367070E+00 
       147  8.649699489E+01  0.000000000E+00  9.971330678E+00 
       148  8.680466173E+01  0.000000000E+00  9.976976789E+00 
       149  8.710983857E+01  0.000000000E+00  9.983368169E+00 
       150  8.741254556E+01  0.000000000E+00  9.990572601E+00 
       151  8.771280270E+01  0.000000000E+00  9.998663254E+00 
       152  8.801062980E+01  0.000000000E+00  1.000771908E+01 
       153  8.830604654E+01  0.000000000E+00  1.001782523E+01 
       154  8.859907242E+01  0.000000000E+00  1.002907353E+01 
       155  8.888972679E+01  0.000000000E+00  1.004156295E+01 
       156  8.917802885E+01  0.000000000E+00  1.005540013E+01 
       157  8.946399764E+01  0.000000000E+00  1.007070000E+01 
       158  8.974765203E+01  0.000000000E+00  1.008758632E+01 
       159  9.002901076E+01  0.000000000E+00  1.010619243E+01 
       160  9.030809241E+01  0.000000000E+00  1.012666192E+01 
       161  9.058491540E+01  0.000000000E+00  1.014914946E+01 
       162  9.085949802E+01  0.000000000E+00  1.017382161E+01 
       163  9.113185839E+01  0.000000000E+00  1.020085785E+01 
       164  9.140201451E+01  0.000000000E+00  1.023045149E+01 
       165  9.166998421E+01  0.000000000E+00  1.026281093E+01 
       166  9.193578518E+01  0.000000000E+00  1.029816077E+01 
       167  9.219943499E+01  0.000000000E+00  1.033674327E+01 
       168  9.246095103E+01  0.000000000E+00  1.037881981E+01 
       169  9.272035058E+01  0.000000000E+00  1.042467268E+01 
       170  9.297765077E+01  0.000000000E+00  1.047460615E+01 
       171  9.323286858E+01  0.000000000E+00  1.052894911E+01 
       172  9.348602087E+01  0.000000000E+00  1.058805889E+01 
       173  9.373712436E+01  0.000000000E+00  1.065368052E+01 
       174  9.398619563E+01  0.000000000E+00  1.072529668E+01 
       175  9.423325112E+01  0.000000000E+00  1.080217529E+01 
       176  9.447830715E+01  0.000000000E+00  1.081891104E+01 
       177  9.472137990E+01  0.000000000E+00  1.084130141E+01 
       178  9.496248543E+01  0.000000000E+00  1.093107294E+01 
       179  9.520163964E+01  0.000000000E+00  1.103366647E+01 
       180  9.543885834E+01  0.000000000E+00  1.116142733E+01 
       181  9.567415720E+01  0.000000000E+00  1.129424252E+01 
       182  9.590755173E+01  0.000000000E+00  1.142216894E+01 
       183  9.613905737E+01  0.000000000E+00  1.155735357E+01 
       184  9.636868940E+01  0.000000000E+00  1.170402526E+01 
       185  9.659646297E+01  0.000000000E+00  1.186319298E+01 
       186  9.682239314E+01  0.000000000E+00  1.203596964E+01 
       187  9.704649481E+01  0.000000000E+00  1.222934681E+01 
       188  9.726878279E+01  0.000000000E+00  1.243942057E+01 
       189  9.748927176E+01  0.000000000E+00  1.266845868E+01 
       190  9.770797628E+01  0.000000000E+00  1.291756355E+01 
       191  9.792491078E+01  0.000000000E+00  1.318948821E+01 
       192  9.814008960E+01  0.000000000E+00  1.348569787E+01 
       193  9.835352693E+01  0.000000000E+00  1.380170796E+01 
       194  9.856523689E+01  0.000000000E+00  1.414665141E+01 
       195  9.877523344E+01  0.000000000E+00  1.451341300E+01 
       196  9.898353045E+01  0.000000000E+00  1.491478165E+01 
       197  9.919014168E+01  0.000000000E+00  1.536468989E+01 
       198  9.939508077E+01  0.000000000E+00  1.585846686E+01 
       199  9.959836126E+01  0.000000000E+00  1.640135222E+01 
       200  9.979999657E+01  0.000000000E+00  1.700255009E+01 
       201  1.000000000E+02  0.000000000E+00  1.576653250E+01 
       202  1.002500000E+02  0.000000000E+00  1.389086757E+01 
       203  1.005000000E+02  0.000000000E+00  1.399044711E+01 
       204  1.007500000E+02  0.000000000E+00  1.404900862E+01 
       205  1.010000000E+02  0.000000000E+00  1.408454358E+01 
       206  1.012500000E+02  0.000000000E+00  1.410323188E+01 
       207  1.015000000E+02  0.000000000E+00  1.410906663E+01 
       208  1.017500000E+02  0.000000000E+00  1.410483258E+01 
       209  1.020000000E+02  0.000000000E+00  1.409257490E+01 
       210  1.022500000E+02  0.000000000E+00  1.407385015E+01 
       211  1.025000000E+02  0.000000000E+00  1.404987360E+01 
       212  1.027500000E+02  0.000000000E+00  1.402161214E+01 
       213  1.030000000E+02  0.000000000E+00  1.398984609E+01 
       214  1.032500000E+02  0.000000000E+00  1.395521228E+01 
       215  1.035000000E+02  0.000000000E+00  1.391823501E+01 
       216  1.037500000E+02  0.000000000E+00  1.387934895E+01 
       217  1.040000000E+02  0.000000000E+00  1.383891655E+01 
       218  1.042500000E+02  0.000000000E+00  1.379724144E+01 
       219  1.045000000E+02  0.000000000E+00  1.375457894E+01 
       220  1.047500000E+02  0.000000000E+00  1.371114443E+01 
       221  1.050000000E+02  0.000000000E+00  1.366712002E+01 
       222  1.052500000E+02  0.000000000E+00  1.362266010E+01 
       223  1.055000000E+02  0.000000000E+00  1.357789568E+01 
       224  1.057500000E+02  0.000000000E+00  1.353293815E+01 
       225  1.060000000E+02  0.000000000E+00  1.348788232E+01 
       226  1.062500000E+02  0.000000000E+00  1.344280889E+01 
       227  1.065000000E+02  0.000000000E+00  1.339778666E+01 
       228  1.067500000E+02  0.000000000E+00  1.335287425E+01 
       229  1.070000000E+02  0.000000000E+00  1.330812161E+01 
       230  1.072500000E+02  0.000000000E+00  1.326357133E+01 
       231  1.075000000E+02  0.000000000E+00  1.321925966E+01 
       232  1.077500000E+02  0.000000000E+00  1.317521745E+01 
       233  1.080000000E+02  0.000000000E+00  1.313147091E+01 
       234  1.082500000E+02  0.000000000E+00  1.308804231E+01 
       235  1.085000000E+02  0.000000000E+00  1.304495049E+01 
       236  1.087500000E+02  0.000000000E+00  1.300221136E+01 
       237  1.090000000E+02  0.000000000E+00  1.295983833E+01 
       238  1.092500000E+02  0.000000000E+00  1.291784263E+01 
       239  1.095000000E+02  0.000000000E+00  1.287623365E+01 
       240  1.097500000E+02  0.000000000E+00  1.283501916E+01 
       241  1.100000000E+02  0.000000000E+00  1.279420553E+01 
       242  1.102500000E+02  0.000000000E+00  1.275379797E+01 
       243  1.105000000E+02  0.000000000E+00  1.271380063E+01 
       244  1.107500000E+02  0.000000000E+00  1.267421678E+01 
       245  1.110000000E+02  0.000000000E+00  1.263504893E+01 
       246  1.112500000E+02  0.000000000E+00  1.259629891E+01 
       247  1.115000000E+02  0.000000000E+00  1.255796796E+01 
       248  1.117500000E+02  0.000000000E+00  1.252005685E+01 
       249  1.120000000E+02  0.000000000E+00  1.248256588E+01 
       250  1.122500000E+02  0.000000000E+00  1.244549500E+01 
       251  1.125000000E+02  0.000000000E+00  1.240884382E+01 
       252  1.127500000E+02  0.000000000E+00  1.237261164E+01 
       253  1.130000000E+02  0.000000000E+00  1.233679756E+01 
       254  1.132500000E+02  0.000000000E+00  1.230140040E+01 
       255  1.135000000E+02  0.000000000E+00  1.226641884E+01 
       256  1.137500000E+02  0.000000000E+00  1.223185136E+01 
       257  1.140000000E+02  0.000000000E+00  1.219769631E+01 
       258  1.142500000E+02  0.000000000E+00  1.216395189E+01 
       259  1.145000000E+02  0.000000000E+00  1.213061620E+01 
       260  1.147500000E+02  0.000000000E+00  1.209768725E+01 
       261  1.150000000E+02  0.000000000E+00  1.206516292E+01 
       262  1.152500000E+02  0.000000000E+00  1.203304105E+01 
       263  1.155000000E+02  0.000000000E+00  1.200131940E+01 
       264  1.157500000E+02  0.000000000E+00  1.196999565E+01 
       265  1.160000000E+02  0.000000000E+00  1.193906743E+01 
       266  1.162500000E+02  0.000000000E+00  1.190853234E+01 
       267  1.165000000E+02  0.000000000E+00  1.187838792E+01 
       268  1.167500000E+02  0.000000000E+00  1.184863165E+01 
       269  1.170000000E+02  0.000000000E+00  1.181926101E+01 
       270  1.172500000E+02  0.000000000E+00  1.179027343E+01 
       271  1.175000000E+02  0.000000000E+00  1.176166631E+01 
       272  1.177500000E+02  0.000000000E+00  1.173343702E+01 
       273  1.180000000E+02  0.000000000E+00  1.170558292E+01 
       274  1.182500000E+02  0.000000000E+00  1.167810133E+01 
       275  1.185000000E+02  0.000000000E+00  1.165098958E+01 
       276  1.187500000E+02  0.000000000E+00  1.162424495E+01 
       277  1.190000000E+02  0.000000000E+00  1.159786473E+01 
       278  1.192500000E+02  0.000000000E+00  1.157184619E+01 
       279  1.195000000E+02  0.000000000E+00  1.154618658E+01 
       280  1.197500000E+02  0.000000000E+00  1.152088315E+01 
       281  1.200000000E+02  0.000000000E+00  1.149593314E+01 
       282  1.202500000E+02  0.000000000E+00  1.147133377E+01 
       283  1.205000000E+02  0.000000000E+00  1.144708229E+01 
       284  1.207500000E+02  0.000000000E+00  1.142317590E+01 
       285  1.210000000E+02  0.000000000E+00  1.139961183E+01 
       286  1.212500000E+02  0.000000000E+00  1.137638729E+01 
       287  1.215000000E+02  0.000000000E+00  1.135349950E+01 
       288  1.217500000E+02  0.000000000E+00  1.133094567E+01 
       289  1.220000000E+02  0.000000000E+00  1.130872302E+01 
       290  1.222500000E+02  0.000000000E+00  1.128682876E+01 
       291  1.225000000E+02  0.000000000E+00  1.126526012E+01 
       292  1.227500000E+02  0.000000000E+00  1.124401432E+01 
       293  1.230000000E+02  0.000000000E+00  1.122308859E+01 
       294  1.232500000E+02  0.000000000E+00  1.120248016E+01 
       295  1.235000000E+02  0.000000000E+00  1.118218628E+01 
       296  1.237500000E+02  0.000000000E+00  1.116220419E+01 
       297  1.240000000E+02  0.000000000E+00  1.114253116E+01 
       298  1.242500000E+02  0.000000000E+00  1.112316444E+01 
       299  1.245000000E+02  0.000000000E+00  1.110410131E+01 
       300  1.247500000E+02  0.000000000E+00  1.108533907E+01 
       301  1.250000000E+02  0.000000000E+00  1.106687500E+01 
       302  1.252500000E+02  0.000000000E+00  1.104870643E+01 
       303  1.255000000E+02  0.000000000E+00  1.103083066E+01 
       304  1.257500000E+02  0.000000000E+00  1.101324505E+01 
       305  1.260000000E+02  0.000000000E+00  1.099594693E+01 
       306  1.262500000E+02  0.000000000E+00  1.097893369E+01 
       307  1.265000000E+02  0.000000000E+00  1.096220269E+01 
       308  1.267500000E+02  0.000000000E+00  1.094575134E+01 
       309  1.270000000E+02  0.000000000E+00  1.092957706E+01 
       310  1.272500000E+02  0.000000000E+00  1.091367728E+01 
       311  1.275000000E+02  0.000000000E+00  1.089804946E+01 
       312  1.277500000E+02  0.000000000E+00  1.088269106E+01 
       313  1.280000000E+02  0.000000000E+00  1.086759958E+01 
       314  1.282500000E+02  0.000000000E+00  1.085277253E+01 
       315  1.285000000E+02  0.000000000E+00  1.083820745E+01 
       316  1.287500000E+02  0.000000000E+00  1.082390190E+01 
       317  1.290000000E+02  0.000000000E+00  1.080985345E+01 
       318  1.292500000E+02  0.000000000E+00  1.079605970E+01 
       319  1.295000000E+02  0.000000000E+00  1.078251828E+01 
       320  1.297500000E+02  0.000000000E+00  1.076922684E+01 
       321  1.300000000E+02  0.000000000E+00  1.075618305E+01 
       322  1.302500000E+02  0.000000000E+00  1.074338462E+01 
       323  1.305000000E+02  0.000000000E+00  1.073082927E+01 
       324  1.307500000E+02  0.000000000E+00  1.071851475E+01 
       325  1.310000000E+02  0.000000000E+00  1.070643884E+01 
       326  1.312500000E+02  0.000000000E+00  1.069459934E+01 
       327  1.315000000E+02  0.000000000E+00  1.068299410E+01 
       328  1.317500000E+02  0.000000000E+00  1.067162097E+01 
       329  1.320000000E+02  0.000000000E+00  1.066047784E+01 
       330  1.322500000E+02  0.000000000E+00  1.064956265E+01 
       331  1.325000000E+02  0.000000000E+00  1.063887333E+01 
       332  1.327500000E+02  0.000000000E+00  1.062840787E+01 
       333  1.330000000E+02  0.000000000E+00  1.061816428E+01 
       334  1.332500000E+02  0.000000000E+00  1.060814060E+01 
       335  1.335000000E+02  0.000000000E+00  1.059833491E+01 
       336  1.337500000E+02  0.000000000E+00  1.058874532E+01 
       337  1.340000000E+02  0.000000000E+00  1.057936996E+01 
       338  1.342500000E+02  0.000000000E+00  1.057020701E+01 
       339  1.345000000E+02  0.000000000E+00  1.056125467E+01 
       340  1.347500000E+02  0.000000000E+00  1.055251119E+01 
       341  1.350000000E+02  0.000000000E+00  1.054397482E+01 
       342  1.352500000E+02  0.000000000E+00  1.053564389E+01 
       343  1.355000000E+02  0.000000000E+00  1.052751673E+01 
       344  1.357500000E+02  0.000000000E+00  1.051959172E+01 
       345  1.360000000E+02  0.000000000E+00  1.051186727E+01 
       346  1.362500000E+02  0.000000000E+00  1.050434184E+01 
       347  1.365000000E+02  0.000000000E+00  1.049701389E+01 
       348  1.367500000E+02  0.000000000E+00  1.048988196E+01 
       349  1.370000000E+02  0.000000000E+00  1.048294460E+01 
       350  1.372500000E+02  0.000000000E+00  1.047620041E+01 
       351  1.375000000E+02  0.000000000E+00  1.046964801E+01 
       352  1.377500000E+02  0.000000000E+00  1.046328607E+01 
       353  1.380000000E+02  0.000000000E+00  1.045711331E+01 
       354  1.382500000E+02  0.000000000E+00  1.045112846E+01 
       355  1.385000000E+02  0.000000000E+00  1.044533030E+01 
       356  1.387500000E+02  0.000000000E+00  1.043971767E+01 
       357  1.390000000E+02  0.000000000E+00  1.043428941E+01 
       358  1.392500000E+02  0.000000000E+00  1.042904443E+01 
       359  1.395000000E+02  0.000000000E+00  1.042398167E+01 
       360  1.397500000E+02  0.000000000E+00  1.041910010E+01 
       361  1.400000000E+02  0.000000000E+00  1.041439873E+01 
       362  1.402500000E+02  0.000000000E+00  1.040987664E+01 
       363  1.405000000E+02  0.000000000E+00  1.040553291E+01 
       364  1.407500000E+02  0.000000000E+00  1.040136668E+01 
       365  1.410000000E+02  0.000000000E+00  1.039737713E+01 
       366  1.412500000E+02  0.000000000E+00  1.039356348E+01 
       367  1.415000000E+02  0.000000000E+00  1.038992499E+01 
       368  1.417500000E+02  0.000000000E+00  1.038646095E+01 
       369  1.420000000E+02  0.000000000E+00  1.038317072E+01 
       370  1.422500000E+02  0.000000000E+00  1.038005367E+01 
       371  1.425000000E+02  0.000000000E+00  1.037710922E+01 
       372  1.427500000E+02  0.000000000E+00  1.037433685E+01 
       373  1.430000000E+02  0.000000000E+00  1.037173606E+01 
       374  1.432500000E+02  0.000000000E+00  1.036930640E+01 
       375  1.435000000E+02  0.000000000E+00  1.036704747E+01 
       376  1.437500000E+02  0.000000000E+00  1.036495889E+01 
       377  1.440000000E+02  0.000000000E+00  1.036304034E+01 
       378  1.442500000E+02  0.000000000E+00  1.036129154E+01 
       379  1.445000000E+02  0.000000000E+00  1.035971226E+01 
       380  1.447500000E+02  0.000000000E+00  1.035830229E+01 
       381  1.450000000E+02  0.000000000E+00  1.035706148E+01 
       382  1.452500000E+02  0.000000000E+00  1.035598972E+01 
       383  1.455000000E+02  0.000000000E+00  1.035508694E+01 
       384  1.457500000E+02  0.000000000E+00  1.035435312E+01 
       385  1.460000000E+02  0.000000000E+00  1.035378827E+01 
       386  1.462500000E+02  0.000000000E+00  1.035339246E+01 
       387  1.465000000E+02  0.000000000E+00  1.035316578E+01 
       388  1.467500000E+02  0.000000000E+00  1.035310839E+01 
       389  1.470000000E+02  0.000000000E+00  1.035322047E+01 
       390  1.472500000E+02  0.000000000E+00  1.035350225E+01 
       391  1.475000000E+02  0.000000000E+00  1.035395402E+01 
       392  1.477500000E+02  0.000000000E+00  1.035457609E+01 
       393  1.480000000E+02  0.000000000E+00  1.035536882E+01 
       394  1.482500000E+02  0.000000000E+00  1.035633262E+01 
       395  1.485000000E+02  0.000000000E+00  1.035746795E+01 
       396  1.487500000E+02  0.000000000E+00  1.035877528E+01 
       397  1.490000000E+02  0.000000000E+00  1.036025516E+01 
       398  1.492500000E+02  0.000000000E+00  1.036190816E+01 
       399  1.495000000E+02  0.000000000E+00  1.036373491E+01 
       400  1.497500000E+02  0.000000000E+00  1.036573607E+01 
       401  1.500000000E+02  0.000000000E+00  1.036791235E+01 
       402  1.502500000E+02  0.000000000E+00  1.037026450E+01 
       403  1.505000000E+02  0.000000000E+00  1.037279332E+01 
       404  1.507500000E+02  0.000000000E+00  1.037549963E+01 
       405  1.510000000E+02  0.000000000E+00  1.037838434E+01 
       406  1.512500000E+02  0.000000000E+00  1.038144834E+01 
       407  1.515000000E+02  0.000000000E+00  1.038469262E+01 
       408  1.517500000E+02  0.000000000E+00  1.038811818E+01 
       409  1.520000000E+02  0.000000000E+00  1.039172607E+01 
       410  1.522500000E+02  0.000000000E+00  1.039551738E+01 
       411  1.525000000E+02  0.000000000E+00  1.039949325E+01 
       412  1.527500000E+02  0.000000000E+00  1.040365486E+01 
       413  1.530000000E+02  0.000000000E+00  1.040800343E+01 
       414  1.532500000E+02  0.000000000E+00  1.041254021E+01 
       415  1.535000000E+02  0.000000000E+00  1.041726652E+01 
       416  1.537500000E+02  0.000000000E+00  1.042218370E+01 
       417  1.540000000E+02  0.000000000E+00  1.042729313E+01 
       418  1.542500000E+02  0.000000000E+00  1.043259624E+01 
       419  1.545000000E+02  0.000000000E+00  1.043809451E+01 
       420  1.547500000E+02  0.000000000E+00  1.044378944E+01 
       421  1.550000000E+02  0.000000000E+00  1.044968258E+01 
       422  1.552500000E+02  0.000000000E+00  1.045577552E+01 
       423  1.555000000E+02  0.000000000E+00  1.046206990E+01 
       424  1.557500000E+02  0.000000000E+00  1.046856739E+01 
       425  1.560000000E+02  0.000000000E+00  1.047526969E+01 
       426  1.562500000E+02  0.000000000E+00  1.048217857E+01 
       427  1.565000000E+02  0.000000000E+00  1.048929580E+01 
       428  1.567500000E+02  0.000000000E+00  1.049662321E+01 
       429  1.570000000E+02  0.000000000E+00  1.050416269E+01 
       430  1.572500000E+02  0.000000000E+00  1.051191612E+01 
       431  1.575000000E+02  0.000000000E+00  1.051988545E+01 
       432  1.577500000E+02  0.000000000E+00  1.052807267E+01 
       433  1.580000000E+02  0.000000000E+00  1.053647980E+01 
       434  1.582500000E+02  0.000000000E+00  1.054510888E+01 
       435  1.585000000E+02  0.000000000E+00  1.055396202E+01 
       436  1.587500000E+02  0.000000000E+00  1.056304134E+01 
       437  1.590000000E+02  0.000000000E+00  1.057234900E+01 
       438  1.592500000E+02  0.000000000E+00  1.058188721E+01 
       439  1.595000000E+02  0.000000000E+00  1.059165820E+01 
       440  1.597500000E+02  0.000000000E+00  1.060166423E+01 
       441  1.600000000E+02  0.000000000E+00  1.061190762E+01 
       442  1.602500000E+02  0.000000000E+00  1.062239071E+01 
       443  1.605000000E+02  0.000000000E+00  1.063311585E+01 
       444  1.607500000E+02  0.000000000E+00  1.064408546E+01 
       445  1.610000000E+02  0.000000000E+00  1.065530196E+01 
       446  1.612500000E+02  0.000000000E+00  1.066676784E+01 
       447  1.615000000E+02  0.000000000E+00  1.067848558E+01 
       448  1.617500000E+02  0.000000000E+00  1.069045772E+01 
       449  1.620000000E+02  0.000000000E+00  1.070268681E+01 
       450  1.622500000E+02  0.000000000E+00  1.071517544E+01 
       451  1.625000000E+02  0.000000000E+00  1.072792623E+01 
       452  1.627500000E+02  0.000000000E+00  1.074094183E+01 
       453  1.630000000E+02  0.000000000E+00  1.075422491E+01 
       454  1.632500000E+02  0.000000000E+00  1.076777818E+01 
       455  1.635000000E+02  0.000000000E+00  1.078160434E+01 
       456  1.637500000E+02  0.000000000E+00  1.079570617E+01 
       457  1.640000000E+02  0.000000000E+00  1.081008644E+01 
       458  1.642500000E+02  0.000000000E+00  1.082474794E+01 
       459  1.645000000E+02  0.000000000E+00  1.083969352E+01 
       460  1.647500000E+02  0.000000000E+00  1.085492600E+01 
       461  1.650000000E+02  0.000000000E+00  1.087044827E+01 
       462  1.652500000E+02  0.000000000E+00  1.088626322E+01 
       463  1.655000000E+02  0.000000000E+00  1.090237376E+01 
       464  1.657500000E+02  0.000000000E+00  1.091878282E+01 
       465  1.660000000E+02  0.000000000E+00  1.093549335E+01 
       466  1.662500000E+02  0.000000000E+00  1.095250833E+01 
       467  1.665000000E+02  0.000000000E+00  1.096983074E+01 
       468  1.667500000E+02  0.000000000E+00  1.098746358E+01 
       469  1.670000000E+02  0.000000000E+00  1.100540988E+01 
       470  1.672500000E+02  0.000000000E+00  1.102367266E+01 
       471  1.675000000E+02  0.000000000E+00  1.104225497E+01 
       472  1.677500000E+02  0.000000000E+00  1.106115988E+01 
       473  1.680000000E+02  0.000000000E+00  1.108039046E+01 
       474  1.682500000E+02  0.000000000E+00  1.109994979E+01 
       475  1.685000000E+02  0.000000000E+00  1.111984096E+01 
       476  1.687500000E+02  0.000000000E+00  1.114006708E+01 
       477  1.690000000E+02  0.000000000E+00  1.116063125E+01 
       478  1.692500000E+02  0.000000000E+00  1.118153659E+01 
       479  1.695000000E+02  0.000000000E+00  1.120278623E+01 
       480  1.697500000E+02  0.000000000E+00  1.122438330E+01 
       481  1.700000000E+02  0.000000000E+00  1.124633092E+01 
       482  1.702500000E+02  0.000000000E+00  1.126863223E+01 
       483  1.705000000E+02  0.000000000E+00  1.129129036E+01 
       484  1.707500000E+02  0.000000000E+00  1.131430847E+01 
       485  1.710000000E+02  0.000000000E+00  1.133768967E+01 
       486  1.712500000E+02  0.000000000E+00  1.136143710E+01 
       487  1.715000000E+02  0.000000000E+00  1.138555390E+01 
       488  1.717500000E+02  0.000000000E+00  1.141004320E+01 
       489  1.720000000E+02  0.000000000E+00  1.143490811E+01 
       490  1.722500000E+02  0.000000000E+00  1.146015175E+01 
       491  1.725000000E+02  0.000000000E+00  1.148577723E+01 
       492  1.727500000E+02  0.000000000E+00  1.151178766E+01 
       493  1.730000000E+02  0.000000000E+00  1.153818611E+01 
       494  1.732500000E+02  0.000000000E+00  1.156497568E+01 
       495  1.735000000E+02  0.000000000E+00  1.159215942E+01 
       496  1.737500000E+02  0.000000000E+00  1.161974039E+01 
       497  1.740000000E+02  0.000000000E+00  1.164772162E+01 
       498  1.742500000E+02  0.000000000E+00  1.167610614E+01 
       499  1.745000000E+02  0.000000000E+00  1.170489695E+01 
       500  1.747500000E+02  0.000000000E+00  1.173409704E+01 
       501  1.750000000E+02  0.000000000E+00  1.176370936E+01 
       502  1.752500000E+02  0.000000000E+00  1.179373687E+01 
       503  1.755000000E+02  0.000000000E+00  1.182418248E+01 
       504  1.757500000E+02  0.000000000E+00  1.185504909E+01 
       505  1.760000000E+02  0.000000000E+00  1.188633956E+01 
       506  1.762500000E+02  0.000000000E+00  1.191805675E+01 
       507  1.765000000E+02  0.000000000E+00  1.195020347E+01 
       508  1.767500000E+02  0.000000000E+00  1.198278250E+01 
       509  1.770000000E+02  0.000000000E+00  1.201579660E+01 
       510  1.772500000E+02  0.000000000E+00  1.204924849E+01 
       511  1.775000000E+02  0.000000000E+00  1.208314086E+01 
       512  1.777500000E+02  0.000000000E+00  1.211747637E+01 
       513  1.780000000E+02  0.000000000E+00  1.215225762E+01 
       514  1.782500000E+02  0.000000000E+00  1.218748720E+01 
       515  1.785000000E+02  0.000000000E+00  1.222316765E+01 
       516  1.787500000E+02  0.000000000E+00  1.225930147E+01 
       517  1.790000000E+02  0.000000000E+00  1.229589110E+01 
       518  1.792500000E+02  0.000000000E+00  1.233293896E+01 
       519  1.795000000E+02  0.000000000E+00  1.237044742E+01 
       520  1.797500000E+02  0.000000000E+00  1.240841879E+01 
       521  1.800000000E+02  0.000000000E+00  1.244685534E+01 
       522  1.802500000E+02  0.000000000E+00  1.248575929E+01 
       523  1.805000000E+02  0.000000000E+00  1.252513280E+01 
       524  1.807500000E+02  0.000000000E+00  1.256497798E+01 
       525  1.810000000E+02  0.000000000E+00  1.260529689E+01 
       526  1.812500000E+02  0.000000000E+00  1.264609151E+01 
       527  1.815000000E+02  0.000000000E+00  1.268736379E+01 
       528  1.817500000E+02  0.000000000E+00  1.272911560E+01 
       529  1.820000000E+02  0.000000000E+00  1.277134873E+01 
       530  1.822500000E+02  0.000000000E+00  1.281406493E+01 
       531  1.825000000E+02  0.000000000E+00  1.285726587E+01 
       532  1.827500000E+02  0.000000000E+00  1.290095312E+01 
       533  1.830000000E+02  0.000000000E+00  1.294512822E+01 
       534  1.832500000E+02  0.000000000E+00  1.298979259E+01 
       535  1.835000000E+02  0.000000000E+00  1.303494757E+01 
       536  1.837500000E+02  0.000000000E+00  1.308059444E+01 
       537  1.840000000E+02  0.000000000E+00  1.312673434E+01 
       538  1.842500000E+02  0.000000000E+00  1.317336833E+01 
       539  1.845000000E+02  0.000000000E+00  1.322049738E+01 
       540  1.847500000E+02  0.000000000E+00  1.326812231E+01 
       541  1.850000000E+02  0.000000000E+00  1.331624385E+01 
       542  1.852500000E+02  0.000000000E+00  1.336486256E+01 
       543  1.855000000E+02  0.000000000E+00  1.341397889E+01 
       544  1.857500000E+02  0.000000000E+00  1.346359312E+01 
       545  1.860000000E+02  0.000000000E+00  1.351370534E+01 
       546  1.862500000E+02  0.000000000E+00  1.356431548E+01 
       547  1.865000000E+02  0.000000000E+00  1.361542325E+01 
       548  1.867500000E+02  0.000000000E+00  1.366702813E+01 
       549  1.870000000E+02  0.000000000E+00  1.371912934E+01 
       550  1.872500000E+02  0.000000000E+00  1.377172581E+01 
       551  1.875000000E+02  0.000000000E+00  1.382481618E+01 
       552  1.877500000E+02  0.000000000E+00  1.387839868E+01 
       553  1.880000000E+02  0.000000000E+00  1.393247119E+01 
       554  1.882500000E+02  0.000000000E+00  1.398703107E+01 
       555  1.885000000E+02  0.000000000E+00  1.404207521E+01 
       556  1.887500000E+02  0.000000000E+00  1.409759988E+01 
       557  1.890000000E+02  0.000000000E+00  1.415360065E+01 
       558  1.892500000E+02  0.000000000E+00  1.421007236E+01 
       559  1.895000000E+02  0.000000000E+00  1.426700892E+01 
       560  1.897500000E+02  0.000000000E+00  1.432440321E+01 
       561  1.900000000E+02  0.000000000E+00  1.438224697E+01 
       562  1.902500000E+02  0.000000000E+00  1.444053053E+01 
       563  1.905000000E+02  0.000000000E+00  1.449924267E+01 
       564  1.907500000E+02  0.000000000E+00  1.455837037E+01 
       565  1.910000000E+02  0.000000000E+00  1.461789849E+01 
       566  1.912500000E+02  0.000000000E+00  1.467780944E+01 
       567  1.915000000E+02  0.000000000E+00  1.473808282E+01 
       568  1.917500000E+02  0.000000000E+00  1.479869496E+01 
       569  1.920000000E+02  0.000000000E+00  1.485961834E+01 
       570  1.922500000E+02  0.000000000E+00  1.492082103E+01 
       571  1.925000000E+02  0.000000000E+00  1.498226591E+01 
       572  1.927500000E+02  0.000000000E+00  1.504390985E+01 
       573  1.930000000E+02  0.000000000E+00  1.510570269E+01 
       574  1.932500000E+02  0.000000000E+00  1.516758603E+01 
       575  1.935000000E+02  0.000000000E+00  1.522949190E+01 
       576  1.937500000E+02  0.000000000E+00  1.529134105E+01 
       577  1.940000000E+02  0.000000000E+00  1.535304107E+01 
       578  1.942500000E+02  0.000000000E+00  1.541448404E+01 
       579  1.945000000E+02  0.000000000E+00  1.547554387E+01 
       580  1.947500000E+02  0.000000000E+00  1.553607295E+01 
       581  1.950000000E+02  0.000000000E+00  1.559589835E+01 
       582  1.952500000E+02  0.000000000E+00  1.565481709E+01 
       583  1.955000000E+02  0.000000000E+00  1.571259050E+01 
       584  1.957500000E+02  0.000000000E+00  1.576893740E+01 
       585  1.960000000E+02  0.000000000E+00  1.582352570E+01 
       586  1.962500000E+02  0.000000000E+00  1.587596202E+01 
       587  1.965000000E+02  0.000000000E+00  1.592577884E+01 
       588  1.967500000E+02  0.000000000E+00  1.597241832E+01 
       589  1.970000000E+02  0.000000000E+00  1.601521149E+01 
       590  1.972500000E+02  0.000000000E+00  1.605335147E+01 
       591  1.975000000E+02  0.000000000E+00  1.608585790E+01 
       592  1.977500000E+02  0.000000000E+00  1.611152885E+01 
       593  1.980000000E+02  0.000000000E+00  1.612887376E+01 
       594  1.982500000E+02  0.000000000E+00  1.613601689E+01 
       595  1.985000000E+02  0.000000000E+00  1.613055165E+01 
       596  1.987500000E+02  0.000000000E+00  1.610930877E+01 
       597  1.990000000E+02  0.000000000E+00  1.606795940E+01 
       598  1.992500000E+02  0.000000000E+00  1.600027050E+01 
       599  1.995000000E+02  0.000000000E+00  1.589654632E+01 
       600  1.997500000E+02  0.000000000E+00  1.572797708E+01 
       601  2.000000000E+02  0.000000000E+00  1.866126240E+01 
       602  2.001999988E+02  0.000000000E+00  2.056930618E+01 
       603  2.004032879E+02  0.000000000E+00  1.957079003E+01 
       604  2.006099214E+02  0.000000000E+00  1.867607614E+01 
       605  2.008199543E+02  0.000000000E+00  1.786824418E+01 
       606  2.010334426E+02  0.000000000E+00  1.713741268E+01 
       607  2.012504431E+02  0.000000000E+00  1.647507764E+01 
       608  2.014710137E+02  0.000000000E+00  1.587388102E+01 
       609  2.016952129E+02  0.000000000E+00  1.532742588E+01 
       610  2.019231006E+02  0.000000000E+00  1.483012685E+01 
       611  2.021547374E+02  0.000000000E+00  1.437708755E+01 
       612  2.023901849E+02  0.000000000E+00  1.396399937E+01 
       613  2.026295060E+02  0.000000000E+00  1.358705735E+01 
       614  2.028727642E+02  0.000000000E+00  1.324288974E+01 
       615  2.031200245E+02  0.000000000E+00  1.292259179E+01 
       616  2.033713525E+02  0.000000000E+00  1.262412210E+01 
       617  2.036268153E+02  0.000000000E+00  1.246000211E+01 
       618  2.038864808E+02  0.000000000E+00  1.231537216E+01 
       619  2.041504183E+02  0.000000000E+00  1.207213339E+01 
       620  2.044186979E+02  0.000000000E+00  1.185145915E+01 
       621  2.046913911E+02  0.000000000E+00  1.165615522E+01 
       622  2.049685706E+02  0.000000000E+00  1.147787747E+01 
       623  2.052503101E+02  0.000000000E+00  1.131521540E+01 
       624  2.055366847E+02  0.000000000E+00  1.116688636E+01 
       625  2.058277705E+02  0.000000000E+00  1.103172139E+01 
       626  2.061236452E+02  0.000000000E+00  1.090865289E+01 
       627  2.064243875E+02  0.000000000E+00  1.079670396E+01 
       628  2.067300774E+02  0.000000000E+00  1.069497903E+01 
       629  2.070407965E+02  0.000000000E+00  1.060265572E+01 
       630  2.073566273E+02  0.000000000E+00  1.051897768E+01 
       631  2.076776540E+02  0.000000000E+00  1.044324830E+01 
       632  2.080039622E+02  0.000000000E+00  1.037482518E+01 
       633  2.083356386E+02  0.000000000E+00  1.031311530E+01 
       634  2.086727716E+02  0.000000000E+00  1.025757068E+01 
       635  2.090154510E+02  0.000000000E+00  1.020768461E+01 
       636  2.093637679E+02  0.000000000E+00  1.016298823E+01 
       637  2.097178153E+02  0.000000000E+00  1.012304756E+01 
       638  2.100776872E+02  0.000000000E+00  1.008746079E+01 
       639  2.104434797E+02  0.000000000E+00  1.005585585E+01 
       640  2.108152899E+02  0.000000000E+00  1.002788829E+01 
       641  2.111932170E+02  0.000000000E+00  1.000323925E+01 
       642  2.115773617E+02  0.000000000E+00  9.981613734E+00 
       643  2.119678260E+02  0.000000000E+00  9.962738925E+00 
       644  2.123647142E+02  0.000000000E+00  9.946362731E+00 
       645  2.127681317E+02  0.000000000E+00  9.932252392E+00 
       646  2.131781861E+02  0.000000000E+00  9.920193202E+00 
       647  2.135949866E+02  0.000000000E+00  9.909987325E+00 
       648  2.140186441E+02  0.000000000E+00  9.901452687E+00 
       649  2.144492713E+02  0.000000000E+00  9.894421932E+00 
       650  2.148869831E+02  0.000000000E+00  9.888741448E+00 
       651  2.153318959E+02  0.000000000E+00  9.884270440E+00 
       652  2.157841282E+02  0.000000000E+00  9.880880059E+00 
       653  2.162438005E+02  0.000000000E+00  9.878452576E+00 
       654  2.167110350E+02  0.000000000E+00  9.876880597E+00 
       655  2.171859563E+02  0.000000000E+00  9.876066313E+00 
       656  2.176686908E+02  0.000000000E+00  9.875920645E+00 
       657  2.181593671E+02  0.000000000E+00  9.876362897E+00 
       658  2.186581157E+02  0.000000000E+00  9.877320032E+00 
       659  2.191650695E+02  0.000000000E+00  9.878725788E+00 
       660  2.196803635E+02  0.000000000E+00  9.880520352E+00 
       661  2.202041348E+02  0.000000000E+00  9.882649774E+00 
       662  2.207365230E+02  0.000000000E+00  9.885065457E+00 
       663  2.212776699E+02  0.000000000E+00  9.887723682E+00 
       664  2.218277194E+02  0.000000000E+00  9.890585160E+00 
       665  2.223868182E+02  0.000000000E+00  9.893614626E+00 
       666  2.229551149E+02  0.000000000E+00  9.896780444E+00 
       667  2.235327610E+02  0.000000000E+00  9.900054254E+00 
       668  2.241199103E+02  0.000000000E+00  9.903410646E+00 
       669  2.247167191E+02  0.000000000E+00  9.906826849E+00 
       670  2.253233464E+02  0.000000000E+00  9.910282459E+00 
       671  2.259399536E+02  0.000000000E+00  9.913759184E+00 
       672  2.265667050E+02  0.000000000E+00  9.917240613E+00 
       673  2.272037674E+02  0.000000000E+00  9.920712008E+00 
       674  2.278513104E+02  0.000000000E+00  9.924160116E+00 
       675  2.285095066E+02  0.000000000E+00  9.927572999E+00 
       676  2.291785311E+02  0.000000000E+00  9.930939886E+00 
       677  2.298585621E+02  0.000000000E+00  9.934251033E+00 
       678  2.305497807E+02  0.000000000E+00  9.937497608E+00 
       679  2.312523708E+02  0.000000000E+00  9.940671580E+00 
       680  2.319665197E+02  0.000000000E+00  9.943765628E+00 
       681  2.326924175E+02  0.000000000E+00  9.946773054E+00 
       682  2.334302574E+02  0.000000000E+00  9.949687707E+00 
       683  2.341802359E+02  0.000000000E+00  9.952503919E+00 
       684  2.349425527E+02  0.000000000E+00  9.955216441E+00 
       685  2.357174108E+02  0.000000000E+00  9.957820387E+00 
       686  2.365050165E+02  0.000000000E+00  9.960311182E+00 
       687  2.373055796E+02  0.000000000E+00  9.962684512E+00 
       688  2.381193132E+02  0.000000000E+00  9.964936273E+00 
       689  2.389464340E+02  0.000000000E+00  9.967062527E+00 
       690  2.397871622E+02  0.000000000E+00  9.969059449E+00 
       691  2.406417216E+02  0.000000000E+00  9.970923273E+00 
       692  2.415103399E+02  0.000000000E+00  9.972650244E+00 
       693  2.423932484E+02  0.000000000E+00  9.974236554E+00 
       694  2.432906820E+02  0.000000000E+00  9.975678279E+00 
       695  2.442028798E+02  0.000000000E+00  9.976971313E+00 
       696  2.451300847E+02  0.000000000E+00  9.978111286E+00 
       697  2.460725436E+02  0.000000000E+00  9.979093485E+00 
       698  2.470305073E+02  0.000000000E+00  9.979912761E+00 
       699  2.480042311E+02  0.000000000E+00  9.980563424E+00 
       700  2.489939742E+02  0.000000000E+00  9.981039135E+00 
       701  2.500000000E+02  0.000000000E+00  9.981332738E+00 
       702  2.510060258E+02  0.000000000E+00  9.981436222E+00 
       703  2.519957689E+02  0.000000000E+00  9.981353035E+00 
       704  2.529694927E+02  0.000000000E+00  9.981091882E+00 
       705  2.539274564E+02  0.000000000E+00  9.980660698E+00 
       706  2.548699153E+02  0.000000000E+00  9.980066562E+00 
       707  2.557971202E+02  0.000000000E+00  9.979315823E+00 
       708  2.567093180E+02  0.000000000E+00  9.978414199E+00 
       709  2.576067516E+02  0.000000000E+00  9.977366861E+00 
       710  2.584896601E+02  0.000000000E+00  9.976178508E+00 
       711  2.593582784E+02  0.000000000E+00  9.974853434E+00 
       712  2.602128379E+02  0.000000000E+00  9.973395588E+00 
       713  2.610535660E+02  0.000000000E+00  9.971808624E+00 
       714  2.618806868E+02  0.000000000E+00  9.970095935E+00 
       715  2.626944204E+02  0.000000000E+00  9.968260690E+00 
       716  2.634949835E+02  0.000000000E+00  9.966305850E+00 
       717  2.642825892E+02  0.000000000E+00  9.964234180E+00 
       718  2.650574473E+02  0.000000000E+00  9.962048253E+00 
       719  2.658197641E+02  0.000000000E+00  9.959750442E+00 
       720  2.665697426E+02  0.000000000E+00  9.957342898E+00 
       721  2.673075825E+02  0.000000000E+00  9.954827526E+00 
       722  2.680334803E+02  0.000000000E+00  9.952205946E+00 
       723  2.687476292E+02  0.000000000E+00  9.949479441E+00 
       724  2.694502193E+02  0.000000000E+00  9.946648894E+00 
       725  2.701414379E+02  0.000000000E+00  9.943714719E+00 
       726  2.708214689E+02  0.000000000E+00  9.940676769E+00 
       727  2.714904934E+02  0.000000000E+00  9.937534237E+00 
       728  2.721486896E+02  0.000000000E+00  9.934285542E+00 
       729  2.727962326E+02  0.000000000E+00  9.930928193E+00 
       730  2.734332950E+02  0.000000000E+00  9.927458651E+00 
       731  2.740600464E+02  0.000000000E+00  9.923872153E+00 
       732  2.746766536E+02  0.000000000E+00  9.920162539E+00 
       733  2.752832808E+02  0.000000000E+00  9.916322044E+00 
       734  2.758800897E+02  0.000000000E+00  9.912341080E+00 
       735  2.764672390E+02  0.000000000E+00  9.908207990E+00 
       736  2.770448851E+02  0.000000000E+00  9.903908785E+00 
       737  2.776131818E+02  0.000000000E+00  9.899426861E+00 
       738  2.781722806E+02  0.000000000E+00  9.894742683E+00 
       739  2.787223301E+02  0.000000000E+00  9.889833459E+00 
       740  2.792634769E+02  0.000000000E+00  9.884672785E+00 
       741  2.797958652E+02  0.000000000E+00  9.879230263E+00 
       742  2.803196365E+02  0.000000000E+00  9.873471106E+00 
       743  2.808349305E+02  0.000000000E+00  9.867355713E+00 
       744  2.813418843E+02  0.000000000E+00  9.860839231E+00 
       745  2.818406329E+02  0.000000000E+00  9.853871093E+00 
       746  2.823313092E+02  0.000000000E+00  9.846394543E+00 
       747  2.828140437E+02  0.000000000E+00  9.838346146E+00 
       748  2.832889650E+02  0.000000000E+00  9.829655289E+00 
       749  2.837561995E+02  0.000000000E+00  9.820243675E+00 
       750  2.842158718E+02  0.000000000E+00  9.810024814E+00 
       751  2.846681041E+02  0.000000000E+00  9.798903520E+00 
       752  2.851130169E+02  0.000000000E+00  9.786775417E+00 
       753  2.855507287E+02  0.000000000E+00  9.773526463E+00 
       754  2.859813560E+02  0.000000000E+00  9.759032500E+00 
       755  2.864050134E+02  0.000000000E+00  9.743158835E+00 
       756  2.868218139E+02  0.000000000E+00  9.725759870E+00 
       757  2.872318683E+02  0.000000000E+00  9.706678784E+00 
       758  2.876352858E+02  0.000000000E+00  9.685747283E+00 
       759  2.880321740E+02  0.000000000E+00  9.662785427E+00 
       760  2.884226383E+02  0.000000000E+00  9.637601559E+00 
       761  2.888067830E+02  0.000000000E+00  9.609992331E+00 
       762  2.891847101E+02  0.000000000E+00  9.579742862E+00 
       763  2.895565204E+02  0.000000000E+00  9.546627032E+00 
       764  2.899223128E+02  0.000000000E+00  9.510407930E+00 
       765  2.902821847E+02  0.000000000E+00  9.470838476E+00 
       766  2.906362321E+02  0.000000000E+00  9.427662228E+00 
       767  2.909845490E+02  0.000000000E+00  9.380614393E+00 
       768  2.913272284E+02  0.000000000E+00  9.329423060E+00 
       769  2.916643614E+02  0.000000000E+00  9.273810647E+00 
       770  2.919960378E+02  0.000000000E+00  9.213495614E+00 
       771  2.923223460E+02  0.000000000E+00  9.148194399E+00 
       772  2.926433727E+02  0.000000000E+00  9.077623633E+00 
       773  2.929592035E+02  0.000000000E+00  9.001502584E+00 
       774  2.932699226E+02  0.000000000E+00  8.919555881E+00 
       775  2.935756125E+02  0.000000000E+00  8.831516466E+00 
       776  2.938763548E+02  0.000000000E+00  8.737128773E+00 
       777  2.941722295E+02  0.000000000E+00  8.636152124E+00 
       778  2.944633153E+02  0.000000000E+00  8.528364316E+00 
       779  2.947496899E+02  0.000000000E+00  8.413565328E+00 
       780  2.950314294E+02  0.000000000E+00  8.291581167E+00 
       781  2.953086088E+02  0.000000000E+00  8.162267743E+00 
       782  2.955813021E+02  0.000000000E+00  8.025514748E+00 
       783  2.958495817E+02  0.000000000E+00  7.881249497E+00 
       784  2.961135192E+02  0.000000000E+00  7.729440617E+00 
       785  2.963731847E+02  0.000000000E+00  7.570101516E+00 
       786  2.966286475E+02  0.000000000E+00  7.403293606E+00 
       787  2.968799755E+02  0.000000000E+00  7.229129144E+00 
       788  2.971272358E+02  0.000000000E+00  7.047773629E+00 
       789  2.973704940E+02  0.000000000E+00  6.859447718E+00 
       790  2.976098151E+02  0.000000000E+00  6.664428510E+00 
       791  2.978452626E+02  0.000000000E+00  6.463050235E+00 
       792  2.980768994E+02  0.000000000E+00  6.255704201E+00 
       793  2.983047871E+02  0.000000000E+00  6.042838009E+00 
       794  2.985289863E+02  0.000000000E+00  5.824954049E+00 
       795  2.987495568E+02  0.000000000E+00  5.938527554E+00 
       796  2.989665574E+02  0.000000000E+00  6.060510041E+00 
       797  2.991800457E+02  0.000000000E+00  5.866278017E+00 
       798  2.993900786E+02  0.000000000E+00  5.669641279E+00 
       799  2.995967121E+02  0.000000000E+00  5.471359583E+00 
       800  2.998000012E+02  0.000000000E+00  5.272675568E+00 
       801  3.000000000E+02  0.000000000E+00  5.650997209E+00 
       802  3.002500000E+02  0.000000000E+00  6.215548887E+00 
       803  3.005000000E+02  0.000000000E+00  6.167006908E+00 
       804  3.007500000E+02  0.000000000E+00  6.140330724E+00 
       805  3.010000000E+02  0.000000000E+00  6.126896843E+00 
       806  3.012500000E+02  0.000000000E+00  6.123384059E+00 
       807  3.015000000E+02  0.000000000E+00  6.127576212E+00 
       808  3.017500000E+02  0.000000000E+00  6.137888918E+00 
       809  3.020000000E+02  0.000000000E+00  6.153136450E+00 
       810  3.022500000E+02  0.000000000E+00  6.172403116E+00 
       811  3.025000000E+02  0.000000000E+00  6.194965639E+00 
       812  3.027500000E+02  0.000000000E+00  6.220243016E+00 
       813  3.030000000E+02  0.000000000E+00  6.247762416E+00 
       814  3.032500000E+02  0.000000000E+00  6.277135051E+00 
       815  3.035000000E+02  0.000000000E+00  6.308038568E+00 
       816  3.037500000E+02  0.000000000E+00  6.340203871E+00 
       817  3.040000000E+02  0.000000000E+00  6.373405030E+00 
       818  3.042500000E+02  0.000000000E+00  6.407451451E+00 
       819  3.045000000E+02  0.000000000E+00  6.442181705E+00 
       820  3.047500000E+02  0.000000000E+00  6.477458589E+00 
       821  3.050000000E+02  0.000000000E+00  6.513165156E+00 
       822  3.052500000E+02  0.000000000E+00  6.549201466E+00 
       823  3.055000000E+02  0.000000000E+00  6.585481932E+00 
       824  3.057500000E+02  0.000000000E+00  6.621933125E+00 
       825  3.060000000E+02  0.000000000E+00  6.658491950E+00 
       826  3.062500000E+02  0.000000000E+00  6.695104117E+00 
       827  3.065000000E+02  0.000000000E+00  6.731722862E+00 
       828  3.067500000E+02  0.000000000E+00  6.768307863E+00 
       829  3.070000000E+02  0.000000000E+00  6.804824330E+00 
       830  3.072500000E+02  0.000000000E+00  6.841242228E+00 
       831  3.075000000E+02  0.000000000E+00  6.877535612E+00 
       832  3.077500000E+02  0.000000000E+00  6.913682069E+00 
       833  3.080000000E+02  0.000000000E+00  6.949662231E+00 
       834  3.082500000E+02  0.000000000E+00  6.985459363E+00 
       835  3.085000000E+02  0.000000000E+00  7.021059009E+00 
       836  3.087500000E+02  0.000000000E+00  7.056448686E+00 
       837  3.090000000E+02  0.000000000E+00  7.091617620E+00 
       838  3.092500000E+02  0.000000000E+00  7.126556522E+00 
       839  3.095000000E+02  0.000000000E+00  7.161257392E+00 
       840  3.097500000E+02  0.000000000E+00  7.195713351E+00 
       841  3.100000000E+02  0.000000000E+00  7.229918493E+00 
       842  3.102500000E+02  0.000000000E+00  7.263867760E+00 
       843  3.105000000E+02  0.000000000E+00  7.297556836E+00 
       844  3.107500000E+02  0.000000000E+00  7.330982048E+00 
       845  3.110000000E+02  0.000000000E+00  7.364140287E+00 
       846  3.112500000E+02  0.000000000E+00  7.397028938E+00 
       847  3.115000000E+02  0.000000000E+00  7.429645815E+00 
       848  3.117500000E+02  0.000000000E+00  7.461989110E+00 
       849  3.120000000E+02  0.000000000E+00  7.494057347E+00 
       850  3.122500000E+02  0.000000000E+00  7.525849343E+00 
       851  3.125000000E+02  0.000000000E+00  7.557364168E+00 
       852  3.127500000E+02  0.000000000E+00  7.588601120E+00 
       853  3.130000000E+02  0.000000000E+00  7.619559696E+00 
       854  3.132500000E+02  0.000000000E+00  7.650239570E+00 
       855  3.135000000E+02  0.000000000E+00  7.680640573E+00 
       856  3.137500000E+02  0.000000000E+00  7.710762675E+00 
       857  3.140000000E+02  0.000000000E+00  7.740605968E+00 
       858  3.142500000E+02  0.000000000E+00  7.770170658E+00 
       859  3.145000000E+02  0.000000000E+00  7.799457047E+00 
       860  3.147500000E+02  0.000000000E+00  7.828465528E+00 
       861  3.150000000E+02  0.000000000E+00  7.857196573E+00 
       862  3.152500000E+02  0.000000000E+00  7.885650727E+00 
       863  3.155000000E+02  0.000000000E+00  7.913828601E+00 
       864  3.157500000E+02  0.000000000E+00  7.941730863E+00 
       865  3.160000000E+02  0.000000000E+00  7.969358236E+00 
       866  3.162500000E+02  0.000000000E+00  7.996711495E+00 
       867  3.165000000E+02  0.000000000E+00  8.023791457E+00 
       868  3.167500000E+02  0.000000000E+00  8.050598982E+00 
       869  3.170000000E+02  0.000000000E+00  8.077134969E+00 
       870  3.172500000E+02  0.000000000E+00  8.103400350E+00 
       871  3.175000000E+02  0.000000000E+00  8.129396094E+00 
       872  3.177500000E+02  0.000000000E+00  8.155123196E+00 
       873  3.180000000E+02  0.000000000E+00  8.180582682E+00 
       874  3.182500000E+02  0.000000000E+00  8.205775604E+00 
       875  3.185000000E+02  0.000000000E+00  8.230703040E+00 
       876  3.187500000E+02  0.000000000E+00  8.255366089E+00 
       877  3.190000000E+02  0.000000000E+00  8.279765873E+00 
       878  3.192500000E+02  0.000000000E+00  8.303903535E+00 
       879  3.195000000E+02  0.000000000E+00  8.327780237E+00 
       880  3.197500000E+02  0.000000000E+00  8.351397159E+00 
       881  3.200000000E+02  0.000000000E+00  8.374755498E+00 
       882  3.202500000E+02  0.000000000E+00  8.397856468E+00 
       883  3.205000000E+02  0.000000000E+00  8.420701297E+00 
       884  3.207500000E+02  0.000000000E+00  8.443291230E+00 
       885  3.210000000E+02  0.000000000E+00  8.465627523E+00 
       886  3.212500000E+02  0.000000000E+00  8.487711446E+00 
       887  3.215000000E+02  0.000000000E+00  8.509544282E+00 
       888  3.217500000E+02  0.000000000E+00  8.531127324E+00 
       889  3.220000000E+02  0.000000000E+00  8.552461878E+00 
       890  3.222500000E+02  0.000000000E+00  8.573549258E+00 
       891  3.225000000E+02  0.000000000E+00  8.594390789E+00 
       892  3.227500000E+02  0.000000000E+00  8.614987805E+00 
       893  3.230000000E+02  0.000000000E+00  8.635341648E+00 
       894  3.232500000E+02  0.000000000E+00  8.655453669E+00 
       895  3.235000000E+02  0.000000000E+00  8.675325226E+00 
       896  3.237500000E+02  0.000000000E+00  8.694957683E+00 
       897  3.240000000E+02  0.000000000E+00  8.714352411E+00 
       898  3.242500000E+02  0.000000000E+00  8.733510788E+00 
       899  3.245000000E+02  0.000000000E+00  8.752434196E+00 
       900  3.247500000E+02  0.000000000E+00  8.771124024E+00 
       901  3.250000000E+02  0.000000000E+00  8.789581663E+00 
       902  3.252500000E+02  0.000000000E+00  8.807808510E+00 
       903  3.255000000E+02  0.000000000E+00  8.825805965E+00 
       904  3.257500000E+02  0.000000000E+00  8.843575431E+00 
       905  3.260000000E+02  0.000000000E+00  8.861118314E+00 
       906  3.262500000E+02  0.000000000E+00  8.878436023E+00 
       907  3.265000000E+02  0.000000000E+00  8.895529970E+00 
       908  3.267500000E+02  0.000000000E+00  8.912401565E+00 
       909  3.270000000E+02  0.000000000E+00  8.929052222E+00 
       910  3.272500000E+02  0.000000000E+00  8.945483356E+00 
       911  3.275000000E+02  0.000000000E+00  8.961696381E+00 
       912  3.277500000E+02  0.000000000E+00  8.977692712E+00 
       913  3.280000000E+02  0.000000000E+00  8.993473763E+00 
       914  3.282500000E+02  0.000000000E+00  9.009040948E+00 
       915  3.285000000E+02  0.000000000E+00  9.024395680E+00 
       916  3.287500000E+02  0.000000000E+00  9.039539370E+00 
       917  3.290000000E+02  0.000000000E+00  9.054473427E+00 
       918  3.292500000E+02  0.000000000E+00  9.069199258E+00 
       919  3.295000000E+02  0.000000000E+00  9.083718269E+00 
       920  3.297500000E+02  0.000000000E+00  9.098031861E+00 
       921  3.300000000E+02  0.000000000E+00  9.112141434E+00 
       922  3.302500000E+02  0.000000000E+00  9.126048381E+00 
       923  3.305000000E+02  0.000000000E+00  9.139754096E+00 
       924  3.307500000E+02  0.000000000E+00  9.153259965E+00 
       925  3.310000000E+02  0.000000000E+00  9.166567372E+00 
       926  3.312500000E+02  0.000000000E+00  9.179677693E+00 
       927  3.315000000E+02  0.000000000E+00  9.192592303E+00 
       928  3.317500000E+02  0.000000000E+00  9.205312568E+00 
       929  3.320000000E+02  0.000000000E+00  9.217839850E+00 
       930  3.322500000E+02  0.000000000E+00  9.230175505E+00 
       931  3.325000000E+02  0.000000000E+00  9.242320882E+00 
       932  3.327500000E+02  0.000000000E+00  9.254277323E+00 
       933  3.330000000E+02  0.000000000E+00  9.266046164E+00 
       934  3.332500000E+02  0.000000000E+00  9.277628734E+00 
       935  3.335000000E+02  0.000000000E+00  9.289026353E+00 
       936  3.337500000E+02  0.000000000E+00  9.300240334E+00 
       937  3.340000000E+02  0.000000000E+00  9.311271982E+00 
       938  3.342500000E+02  0.000000000E+00  9.322122592E+00 
       939  3.345000000E+02  0.000000000E+00  9.332793453E+00 
       940  3.347500000E+02  0.000000000E+00  9.343285843E+00 
       941  3.350000000E+02  0.000000000E+00  9.353601032E+00 
       942  3.352500000E+02  0.000000000E+00  9.363740279E+00 
       943  3.355000000E+02  0.000000000E+00  9.373704834E+00 
       944  3.357500000E+02  0.000000000E+00  9.383495936E+00 
       945  3.360000000E+02  0.000000000E+00  9.393114816E+00 
       946  3.362500000E+02  0.000000000E+00  9.402562693E+00 
       947  3.365000000E+02  0.000000000E+00  9.411840774E+00 
       948  3.367500000E+02  0.000000000E+00  9.420950256E+00 
       949  3.370000000E+02  0.000000000E+00  9.429892325E+00 
       950  3.372500000E+02  0.000000000E+00  9.438668154E+00 
       951  3.375000000E+02  0.000000000E+00  9.447278907E+00 
       952  3.377500000E+02  0.000000000E+00  9.455725731E+00 
       953  3.380000000E+02  0.000000000E+00  9.464009766E+00 
       954  3.382500000E+02  0.000000000E+00  9.472132136E+00 
       955  3.385000000E+02  0.000000000E+00  9.480093953E+00 
       956  3.387500000E+02  0.000000000E+00  9.487896316E+00 
       957  3.390000000E+02  0.000000000E+00  9.495540310E+00 
       958  3.392500000E+02  0.000000000E+00  9.503027008E+00 
       959  3.395000000E+02  0.000000000E+00  9.510357468E+00 
       960  3.397500000E+02  0.000000000E+00  9.517532735E+00 
       961  3.400000000E+02  0.000000000E+00  9.524553838E+00 
       962  3.402500000E+02  0.000000000E+00  9.531421794E+00 
       963  3.405000000E+02  0.000000000E+00  9.538137603E+00 
       964  3.407500000E+02  0.000000000E+00  9.544702252E+00 
       965  3.410000000E+02  0.000000000E+00  9.551116712E+00 
       966  3.412500000E+02  0.000000000E+00  9.557381938E+00 
       967  3.415000000E+02  0.000000000E+00  9.563498872E+00 
       968  3.417500000E+02  0.000000000E+00  9.569468438E+00 
       969  3.420000000E+02  0.000000000E+00  9.575291545E+00 
       970  3.422500000E+02  0.000000000E+00  9.580969086E+00 
       971  3.425000000E+02  0.000000000E+00  9.586501938E+00 
       972  3.427500000E+02  0.000000000E+00  9.591890960E+00 
       973  3.430000000E+02  0.000000000E+00  9.597136997E+00 
       974  3.432500000E+02  0.000000000E+00  9.602240875E+00 
       975  3.435000000E+02  0.000000000E+00  9.607203404E+00 
       976  3.437500000E+02  0.000000000E+00  9.612025377E+00 
       977  3.440000000E+02  0.000000000E+00  9.616707569E+00 
       978  3.442500000E+02  0.000000000E+00  9.621250738E+00 
       979  3.445000000E+02  0.000000000E+00  9.625655625E+00 
       980  3.447500000E+02  0.000000000E+00  9.629922952E+00 
       981  3.450000000E+02  0.000000000E+00  9.634053424E+00 
       982  3.452500000E+02  0.000000000E+00  9.638047726E+00 
       983  3.455000000E+02  0.000000000E+00  9.641906528E+00 
       984  3.457500000E+02  0.000000000E+00  9.645630479E+00 
       985  3.460000000E+02  0.000000000E+00  9.649220209E+00 
       986  3.462500000E+02  0.000000000E+00  9.652676333E+00 
       987  3.465000000E+02  0.000000000E+00  9.655999443E+00 
       988  3.467500000E+02  0.000000000E+00  9.659190115E+00 
       989  3.470000000E+02  0.000000000E+00  9.662248903E+00 
       990  3.472500000E+02  0.000000000E+00  9.665176345E+00 
       991  3.475000000E+02  0.000000000E+00  9.667972958E+00 
       992  3.477500000E+02  0.000000000E+00  9.670639239E+00 
       993  3.480000000E+02  0.000000000E+00  9.673175667E+00 
       994  3.482500000E+02  0.000000000E+00  9.675582699E+00 
       995  3.485000000E+02  0.000000000E+00  9.677860776E+00 
       996  3.487500000E+02  0.000000000E+00  9.680010315E+00 
       997  3.490000000E+02  0.000000000E+00  9.682031716E+00 
       998  3.492500000E+02  0.000000000E+00  9.683925357E+00 
       999  3.495000000E+02  0.000000000E+00  9.685691597E+00 
      1000  3.497500000E+02  0.000000000E+00  9.687330774E+00 
      1001  3.500000000E+02  0.000000000E+00  9.688843207E+00 
      1002  3.502500000E+02  0.000000000E+00  9.690229194E+00 
      1003  3.505000000E+02  0.000000000E+00  9.691489010E+00 
      1004  3.507500000E+02  0.000000000E+00  9.692622913E+00 
      1005  3.510000000E+02  0.000000000E+00  9.693631140E+00 
      1006  3.512500000E+02  0.000000000E+00  9.694513904E+00 
      1007  3.515000000E+02  0.000000000E+00  9.695271402E+00 
      1008  3.517500000E+02  0.000000000E+00  9.695903805E+00 
      1009  3.520000000E+02  0.000000000E+00  9.696411268E+00 
      1010  3.522500000E+02  0.000000000E+00  9.696793923E+00 
      1011  3.525000000E+02  0.000000000E+00  9.697051880E+00 
      1012  3.527500000E+02  0.000000000E+00  9.697185229E+00 
      1013  3.530000000E+02  0.000000000E+00  9.697194039E+00 
      1014  3.532500000E+02  0.000000000E+00  9.697078358E+00 
      1015  3.535000000E+02  0.000000000E+00  9.696838214E+00 
      1016  3.537500000E+02  0.000000000E+00  9.696473612E+00 
      1017  3.540000000E+02  0.000000000E+00  9.695984536E+00 
      1018  3.542500000E+02  0.000000000E+00  9.695370950E+00 
      1019  3.545000000E+02  0.000000000E+00  9.694632797E+00 
      1020  3.547500000E+02  0.000000000E+00  9.693769997E+00 
      1021  3.550000000E+02  0.000000000E+00  9.692782451E+00 
      1022  3.552500000E+02  0.000000000E+00  9.691670037E+00 
      1023  3.555000000E+02  0.000000000E+00  9.690432612E+00 
      1024  3.557500000E+02  0.000000000E+00  9.689070015E+00 
      1025  3.560000000E+02  0.000000000E+00  9.687582058E+00 
      1026  3.562500000E+02  0.000000000E+00  9.685968538E+00 
      1027  3.565000000E+02  0.000000000E+00  9.684229226E+00 
      1028  3.567500000E+02  0.000000000E+00  9.682363875E+00 
      1029  3.570000000E+02  0.000000000E+00  9.680372215E+00 
      1030  3.572500000E+02  0.000000000E+00  9.678253957E+00 
      1031  3.575000000E+02  0.000000000E+00  9.676008788E+00 
      1032  3.577500000E+02  0.000000000E+00  9.673636377E+00 
      1033  3.580000000E+02  0.000000000E+00  9.671136370E+00 
      1034  3.582500000E+02  0.000000000E+00  9.668508395E+00 
      1035  3.585000000E+02  0.000000000E+00  9.665752054E+00 
      1036  3.587500000E+02  0.000000000E+00  9.662866934E+00 
      1037  3.590000000E+02  0.000000000E+00  9.659852597E+00 
      1038  3.592500000E+02  0.000000000E+00  9.656708586E+00 
      1039  3.595000000E+02  0.000000000E+00  9.653434425E+00 
      1040  3.597500000E+02  0.000000000E+00  9.650029614E+00 
      1041  3.600000000E+02  0.000000000E+00  9.646493635E+00 
      1042  3.602500000E+02  0.000000000E+00  9.642825949E+00 
      1043  3.605000000E+02  0.000000000E+00  9.639025997E+00 
      1044  3.607500000E+02  0.000000000E+00  9.635093199E+00 
      1045  3.610000000E+02  0.000000000E+00  9.631026956E+00 
      1046  3.612500000E+02  0.000000000E+00  9.626826647E+00 
      1047  3.615000000E+02  0.000000000E+00  9.622491634E+00 
      1048  3.617500000E+02  0.000000000E+00  9.618021256E+00 
      1049  3.620000000E+02  0.000000000E+00  9.613414835E+00 
      1050  3.622500000E+02  0.000000000E+00  9.608671672E+00 
      1051  3.625000000E+02  0.000000000E+00  9.603791048E+00 
      1052  3.627500000E+02  0.000000000E+00  9.598772225E+00 
      1053  3.630000000E+02  0.000000000E+00  9.593614447E+00 
      1054  3.632500000E+02  0.000000000E+00  9.588316937E+00 
      1055  3.635000000E+02  0.000000000E+00  9.582878900E+00 
      1056  3.637500000E+02  0.000000000E+00  9.577299522E+00 
      1057  3.640000000E+02  0.000000000E+00  9.571577970E+00 
      1058  3.642500000E+02  0.000000000E+00  9.565713392E+00 
      1059  3.645000000E+02  0.000000000E+00  9.559704918E+00 
      1060  3.647500000E+02  0.000000000E+00  9.553551659E+00 
      1061  3.650000000E+02  0.000000000E+00  9.547252709E+00 
      1062  3.652500000E+02  0.000000000E+00  9.540807143E+00 
      1063  3.655000000E+02  0.000000000E+00  9.534214018E+00 
      1064  3.657500000E+02  0.000000000E+00  9.527472374E+00 
      1065  3.660000000E+02  0.000000000E+00  9.520581232E+00 
      1066  3.662500000E+02  0.000000000E+00  9.513539597E+00 
      1067  3.665000000E+02  0.000000000E+00  9.506346456E+00 
      1068  3.667500000E+02  0.000000000E+00  9.499000778E+00 
      1069  3.670000000E+02  0.000000000E+00  9.491501518E+00 
      1070  3.672500000E+02  0.000000000E+00  9.483847611E+00 
      1071  3.675000000E+02  0.000000000E+00  9.476037976E+00 
      1072  3.677500000E+02  0.000000000E+00  9.468071518E+00 
      1073  3.680000000E+02  0.000000000E+00  9.459947123E+00 
      1074  3.682500000E+02  0.000000000E+00  9.451663662E+00 
      1075  3.685000000E+02  0.000000000E+00  9.443219991E+00 
      1076  3.687500000E+02  0.000000000E+00  9.434614948E+00 
      1077  3.690000000E+02  0.000000000E+00  9.425847358E+00 
      1078  3.692500000E+02  0.000000000E+00  9.416916029E+00 
      1079  3.695000000E+02  0.000000000E+00  9.407819756E+00 
      1080  3.697500000E+02  0.000000000E+00  9.398557316E+00 
      1081  3.700000000E+02  0.000000000E+00  9.389127475E+00 
      1082  3.702500000E+02  0.000000000E+00  9.379528983E+00 
      1083  3.705000000E+02  0.000000000E+00  9.369760574E+00 
      1084  3.707500000E+02  0.000000000E+00  9.359820970E+00 
      1085  3.710000000E+02  0.000000000E+00  9.349708880E+00 
      1086  3.712500000E+02  0.000000000E+00  9.339422997E+00 
      1087  3.715000000E+02  0.000000000E+00  9.328962002E+00 
      1088  3.717500000E+02  0.000000000E+00  9.318324564E+00 
      1089  3.720000000E+02  0.000000000E+00  9.307509337E+00 
      1090  3.722500000E+02  0.000000000E+00  9.296514965E+00 
      1091  3.725000000E+02  0.000000000E+00  9.285340076E+00 
      1092  3.727500000E+02  0.000000000E+00  9.273983289E+00 
      1093  3.730000000E+02  0.000000000E+00  9.262443210E+00 
      1094  3.732500000E+02  0.000000000E+00  9.250718434E+00 
      1095  3.735000000E+02  0.000000000E+00  9.238807544E+00 
      1096  3.737500000E+02  0.000000000E+00  9.226709111E+00 
      1097  3.740000000E+02  0.000000000E+00  9.214421697E+00 
      1098  3.742500000E+02  0.000000000E+00  9.201943852E+00 
      1099  3.745000000E+02  0.000000000E+00  9.189274117E+00 
      1100  3.747500000E+02  0.000000000E+00  9.176411022E+00 
      1101  3.750000000E+02  0.000000000E+00  9.163353088E+00 
      1102  3.752500000E+02  0.000000000E+00  9.150098825E+00 
      1103  3.755000000E+02  0.000000000E+00  9.136646735E+00 
      1104  3.757500000E+02  0.000000000E+00  9.122995312E+00 
      1105  3.760000000E+02  0.000000000E+00  9.109143039E+00 
      1106  3.762500000E+02  0.000000000E+00  9.095088394E+00 
      1107  3.765000000E+02  0.000000000E+00  9.080829843E+00 
      1108  3.767500000E+02  0.000000000E+00  9.066365847E+00 
      1109  3.770000000E+02  0.000000000E+00  9.051694859E+00 
      1110  3.772500000E+02  0.000000000E+00  9.036815327E+00 
      1111  3.775000000E+02  0.000000000E+00  9.021725688E+00 
      1112  3.777500000E+02  0.000000000E+00  9.006424376E+00 
      1113  3.780000000E+02  0.000000000E+00  8.990909819E+00 
      1114  3.782500000E+02  0.000000000E+00  8.975180437E+00 
      1115  3.785000000E+02  0.000000000E+00  8.959234648E+00 
      1116  3.787500000E+02  0.000000000E+00  8.943070864E+00 
      1117  3.790000000E+02  0.000000000E+00  8.926687490E+00 
      1118  3.792500000E+02  0.000000000E+00  8.910082931E+00 
      1119  3.795000000E+02  0.000000000E+00  8.893255587E+00 
      1120  3.797500000E+02  0.000000000E+00  8.876203855E+00 
      1121  3.800000000E+02  0.000000000E+00  8.858926128E+00 
      1122  3.802500000E+02  0.000000000E+00  8.841420801E+00 
      1123  3.805000000E+02  0.000000000E+00  8.823686263E+00 
      1124  3.807500000E+02  0.000000000E+00  8.805720907E+00 
      1125  3.810000000E+02  0.000000000E+00  8.787523121E+00 
      1126  3.812500000E+02  0.000000000E+00  8.769091297E+00 
      1127  3.815000000E+02  0.000000000E+00  8.750423829E+00 
      1128  3.817500000E+02  0.000000000E+00  8.731519110E+00 
      1129  3.820000000E+02  0.000000000E+00  8.712375540E+00 
      1130  3.822500000E+02  0.000000000E+00  8.692991521E+00 
      1131  3.825000000E+02  0.000000000E+00  8.673365460E+00 
      1132  3.827500000E+02  0.000000000E+00  8.653495774E+00 
      1133  3.830000000E+02  0.000000000E+00  8.633380885E+00 
      1134  3.832500000E+02  0.000000000E+00  8.613019225E+00 
      1135  3.835000000E+02  0.000000000E+00  8.592409239E+00 
      1136  3.837500000E+02  0.000000000E+00  8.571549385E+00 
      1137  3.840000000E+02  0.000000000E+00  8.550438135E+00 
      1138  3.842500000E+02  0.000000000E+00  8.529073982E+00 
      1139  3.845000000E+02  0.000000000E+00  8.507455437E+00 
      1140  3.847500000E+02  0.000000000E+00  8.485581039E+00 
      1141  3.850000000E+02  0.000000000E+00  8.463449353E+00 
      1142  3.852500000E+02  0.000000000E+00  8.441058974E+00 
      1143  3.855000000E+02  0.000000000E+00  8.418408539E+00 
      1144  3.857500000E+02  0.000000000E+00  8.395496724E+00 
      1145  3.860000000E+02  0.000000000E+00  8.372322253E+00 
      1146  3.862500000E+02  0.000000000E+00  8.348883910E+00 
      1147  3.865000000E+02  0.000000000E+00  8.325180538E+00 
      1148  3.867500000E+02  0.000000000E+00  8.301211059E+00 
      1149  3.870000000E+02  0.000000000E+00  8.276974474E+00 
      1150  3.872500000E+02  0.000000000E+00  8.252469885E+00 
      1151  3.875000000E+02  0.000000000E+00  8.227696502E+00 
      1152  3.877500000E+02  0.000000000E+00  8.202653664E+00 
      1153  3.880000000E+02  0.000000000E+00  8.177340857E+00 
      1154  3.882500000E+02  0.000000000E+00  8.151757733E+00 
      1155  3.885000000E+02  0.000000000E+00  8.125904138E+00 
      1156  3.887500000E+02  0.000000000E+00  8.099780140E+00 
      1157  3.890000000E+02  0.000000000E+00  8.073386063E+00 
      1158  3.892500000E+02  0.000000000E+00  8.046722523E+00 
      1159  3.895000000E+02  0.000000000E+00  8.019790474E+00 
      1160  3.897500000E+02  0.000000000E+00  7.992591260E+00 
      1161  3.900000000E+02  0.000000000E+00  7.965126671E+00 
      1162  3.902500000E+02  0.000000000E+00  7.937399015E+00 
      1163  3.905000000E+02  0.000000000E+00  7.909411191E+00 
      1164  3.907500000E+02  0.000000000E+00  7.881166787E+00 
      1165  3.910000000E+02  0.000000000E+00  7.852670181E+00 
      1166  3.912500000E+02  0.000000000E+00  7.823926660E+00 
      1167  3.915000000E+02  0.000000000E+00  7.794942570E+00 
      1168  3.917500000E+02  0.000000000E+00  7.765725470E+00 
      1169  3.920000000E+02  0.000000000E+00  7.736284328E+00 
      1170  3.922500000E+02  0.000000000E+00  7.706629738E+00 
      1171  3.925000000E+02  0.000000000E+00  7.676774177E+00 
      1172  3.927500000E+02  0.000000000E+00  7.646732307E+00 
      1173  3.930000000E+02  0.000000000E+00  7.616521316E+00 
      1174  3.932500000E+02  0.000000000E+00  7.586161328E+00 
      1175  3.935000000E+02  0.000000000E+00  7.555675878E+00 
      1176  3.937500000E+02  0.000000000E+00  7.525092466E+00 
      1177  3.940000000E+02  0.000000000E+00  7.494443215E+00 
      1178  3.942500000E+02  0.000000000E+00  7.463765638E+00 
      1179  3.945000000E+02  0.000000000E+00  7.433103552E+00 
      1180  3.947500000E+02  0.000000000E+00  7.402508156E+00 
      1181  3.950000000E+02  0.000000000E+00  7.372039321E+00 
      1182  3.952500000E+02  0.000000000E+00  7.341767130E+00 
      1183  3.955000000E+02  0.000000000E+00  7.311773730E+00 
      1184  3.957500000E+02  0.000000000E+00  7.282155573E+00 
      1185  3.960000000E+02  0.000000000E+00  7.253026150E+00 
      1186  3.962500000E+02  0.000000000E+00  7.224519354E+00 
      1187  3.965000000E+02  0.000000000E+00  7.196793635E+00 
      1188  3.967500000E+02  0.000000000E+00  7.170037219E+00 
      1189  3.970000000E+02  0.000000000E+00  7.144474715E+00 
      1190  3.972500000E+02  0.000000000E+00  7.120375642E+00 
      1191  3.975000000E+02  0.000000000E+00  7.098065568E+00 
      1192  3.977500000E+02  0.000000000E+00  7.077941024E+00 
      1193  3.980000000E+02  0.000000000E+00  7.060489967E+00 
      1194  3.982500000E+02  0.000000000E+00  7.046320754E+00 
      1195  3.985000000E+02  0.000000000E+00  7.036204882E+00 
      1196  3.987500000E+02  0.000000000E+00  7.031143361E+00 
      1197  3.990000000E+02  0.000000000E+00  7.032477147E+00 
      1198  3.992500000E+02  0.000000000E+00  7.042088158E+00 
      1199  3.995000000E+02  0.000000000E+00  7.062809108E+00 
      1200  3.997500000E+02  0.000000000E+00  7.102125997E+00 
      1201  4.000000000E+02  0.000000000E+00  6.384154455E+00 
      1202  4.002000034E+02  0.000000000E+00  5.887015870E+00 
      1203  4.004016387E+02  0.000000000E+00  6.081746488E+00 
      1204  4.006049192E+02  0.000000000E+00  6.272237831E+00 
      1205  4.008098583E+02  0.000000000E+00  6.457607565E+00 
      1206  4.010164696E+02  0.000000000E+00  6.637540234E+00 
      1207  4.012247666E+02  0.000000000E+00  6.811788817E+00 
      1208  4.014347631E+02  0.000000000E+00  6.980161923E+00 
      1209  4.016464731E+02  0.000000000E+00  7.142518022E+00 
      1210  4.018599104E+02  0.000000000E+00  7.298760738E+00 
      1211  4.020750892E+02  0.000000000E+00  7.448834527E+00 
      1212  4.022920237E+02  0.000000000E+00  7.592720723E+00 
      1213  4.025107282E+02  0.000000000E+00  7.737952295E+00 
      1214  4.027312172E+02  0.000000000E+00  7.876625081E+00 
      1215  4.029535052E+02  0.000000000E+00  8.001185332E+00 
      1216  4.031776069E+02  0.000000000E+00  8.119823030E+00 
      1217  4.034035370E+02  0.000000000E+00  8.232652451E+00 
      1218  4.036313106E+02  0.000000000E+00  8.339805091E+00 
      1219  4.038609426E+02  0.000000000E+00  8.441427085E+00 
      1220  4.040924483E+02  0.000000000E+00  8.537676791E+00 
      1221  4.043258428E+02  0.000000000E+00  8.633332136E+00 
      1222  4.045611417E+02  0.000000000E+00  8.723632733E+00 
      1223  4.047983604E+02  0.000000000E+00  8.804095116E+00 
      1224  4.050375146E+02  0.000000000E+00  8.879941935E+00 
      1225  4.052786201E+02  0.000000000E+00  8.951360701E+00 
      1226  4.055216929E+02  0.000000000E+00  9.021833629E+00 
      1227  4.057667489E+02  0.000000000E+00  9.094865347E+00 
      1228  4.060138044E+02  0.000000000E+00  9.171348671E+00 
      1229  4.062628756E+02  0.000000000E+00  9.239576340E+00 
      1230  4.065139791E+02  0.000000000E+00  9.295149281E+00 
      1231  4.067671314E+02  0.000000000E+00  9.349962068E+00 
      1232  4.070223492E+02  0.000000000E+00  9.400294578E+00 
      1233  4.072796494E+02  0.000000000E+00  9.447379486E+00 
      1234  4.075390490E+02  0.000000000E+00  9.488807000E+00 
      1235  4.078005650E+02  0.000000000E+00  9.520592500E+00 
      1236  4.080642148E+02  0.000000000E+00  9.550755188E+00 
      1237  4.083300158E+02  0.000000000E+00  9.578721132E+00 
      1238  4.085979855E+02  0.000000000E+00  9.604406702E+00 
      1239  4.088681416E+02  0.000000000E+00  9.597179877E+00 
      1240  4.091405020E+02  0.000000000E+00  9.590962310E+00 
      1241  4.094150846E+02  0.000000000E+00  9.617699843E+00 
      1242  4.096919076E+02  0.000000000E+00  9.642527200E+00 
      1243  4.099709892E+02  0.000000000E+00  9.665570597E+00 
      1244  4.102523480E+02  0.000000000E+00  9.686949753E+00 
      1245  4.105360024E+02  0.000000000E+00  9.706778029E+00 
      1246  4.108219711E+02  0.000000000E+00  9.725162574E+00 
      1247  4.111102732E+02  0.000000000E+00  9.742204506E+00 
      1248  4.114009276E+02  0.000000000E+00  9.757999090E+00 
      1249  4.116939535E+02  0.000000000E+00  9.772635950E+00 
      1250  4.119893702E+02  0.000000000E+00  9.786199270E+00 
      1251  4.122871973E+02  0.000000000E+00  9.798768016E+00 
      1252  4.125874544E+02  0.000000000E+00  9.810416154E+00 
      1253  4.128901614E+02  0.000000000E+00  9.821212873E+00 
      1254  4.131953383E+02  0.000000000E+00  9.831222809E+00 
      1255  4.135030051E+02  0.000000000E+00  9.840506267E+00 
      1256  4.138131823E+02  0.000000000E+00  9.849119440E+00 
      1257  4.141258902E+02  0.000000000E+00  9.857114623E+00 
      1258  4.144411496E+02  0.000000000E+00  9.864540426E+00 
      1259  4.147589813E+02  0.000000000E+00  9.871441978E+00 
      1260  4.150794062E+02  0.000000000E+00  9.877861129E+00 
      1261  4.154024455E+02  0.000000000E+00  9.883836642E+00 
      1262  4.157281206E+02  0.000000000E+00  9.889404377E+00 
      1263  4.160564529E+02  0.000000000E+00  9.894597473E+00 
      1264  4.163874641E+02  0.000000000E+00  9.899446520E+00 
      1265  4.167211762E+02  0.000000000E+00  9.903979719E+00 
      1266  4.170576110E+02  0.000000000E+00  9.908223046E+00 
      1267  4.173967909E+02  0.000000000E+00  9.912200396E+00 
      1268  4.177387382E+02  0.000000000E+00  9.915933724E+00 
      1269  4.180834756E+02  0.000000000E+00  9.919443187E+00 
      1270  4.184310257E+02  0.000000000E+00  9.922747263E+00 
      1271  4.187814116E+02  0.000000000E+00  9.925862875E+00 
      1272  4.191346563E+02  0.000000000E+00  9.928805507E+00 
      1273  4.194907832E+02  0.000000000E+00  9.931589309E+00 
      1274  4.198498158E+02  0.000000000E+00  9.934227196E+00 
      1275  4.202117779E+02  0.000000000E+00  9.936730947E+00 
      1276  4.205766933E+02  0.000000000E+00  9.939111287E+00 
      1277  4.209445860E+02  0.000000000E+00  9.941377977E+00 
      1278  4.213154806E+02  0.000000000E+00  9.943539889E+00 
      1279  4.216894013E+02  0.000000000E+00  9.945605076E+00 
      1280  4.220663728E+02  0.000000000E+00  9.947580844E+00 
      1281  4.224464202E+02  0.000000000E+00  9.949473811E+00 
      1282  4.228295685E+02  0.000000000E+00  9.951289967E+00 
      1283  4.232158429E+02  0.000000000E+00  9.953034730E+00 
      1284  4.236052691E+02  0.000000000E+00  9.954712993E+00 
      1285  4.239978726E+02  0.000000000E+00  9.956329174E+00 
      1286  4.243936795E+02  0.000000000E+00  9.957887257E+00 
      1287  4.247927158E+02  0.000000000E+00  9.959390832E+00 
      1288  4.251950080E+02  0.000000000E+00  9.960843133E+00 
      1289  4.256005825E+02  0.000000000E+00  9.962247070E+00 
      1290  4.260094662E+02  0.000000000E+00  9.963605264E+00 
      1291  4.264216861E+02  0.000000000E+00  9.964920070E+00 
      1292  4.268372694E+02  0.000000000E+00  9.966193607E+00 
      1293  4.272562434E+02  0.000000000E+00  9.967427783E+00 
      1294  4.276786360E+02  0.000000000E+00  9.968624314E+00 
      1295  4.281044750E+02  0.000000000E+00  9.969784745E+00 
      1296  4.285337884E+02  0.000000000E+00  9.970910471E+00 
      1297  4.289666047E+02  0.000000000E+00  9.972002749E+00 
      1298  4.294029525E+02  0.000000000E+00  9.973062719E+00 
      1299  4.298428605E+02  0.000000000E+00  9.974091412E+00 
      1300  4.302863578E+02  0.000000000E+00  9.975089768E+00 
      1301  4.307334737E+02  0.000000000E+00  9.976058642E+00 
      1302  4.311842377E+02  0.000000000E+00  9.976998818E+00 
      1303  4.316386795E+02  0.000000000E+00  9.977911017E+00 
      1304  4.320968293E+02  0.000000000E+00  9.978795908E+00 
      1305  4.325587172E+02  0.000000000E+00  9.979654109E+00 
      1306  4.330243737E+02  0.000000000E+00  9.980486199E+00 
      1307  4.334938296E+02  0.000000000E+00  9.981292725E+00 
      1308  4.339671159E+02  0.000000000E+00  9.982074201E+00 
      1309  4.344442638E+02  0.000000000E+00  9.982831120E+00 
      1310  4.349253049E+02  0.000000000E+00  9.983563953E+00 
      1311  4.354102708E+02  0.000000000E+00  9.984273155E+00 
      1312  4.358991937E+02  0.000000000E+00  9.984959168E+00 
      1313  4.363921059E+02  0.000000000E+00  9.985622422E+00 
      1314  4.368890398E+02  0.000000000E+00  9.986263342E+00 
      1315  4.373900283E+02  0.000000000E+00  9.986882345E+00 
      1316  4.378951044E+02  0.000000000E+00  9.987479843E+00 
      1317  4.384043016E+02  0.000000000E+00  9.988056248E+00 
      1318  4.389176534E+02  0.000000000E+00  9.988611968E+00 
      1319  4.394351937E+02  0.000000000E+00  9.989147413E+00 
      1320  4.399569568E+02  0.000000000E+00  9.989662991E+00 
      1321  4.404829770E+02  0.000000000E+00  9.990159113E+00 
      1322  4.410132892E+02  0.000000000E+00  9.990636192E+00 
      1323  4.415479282E+02  0.000000000E+00  9.991094642E+00 
      1324  4.420869295E+02  0.000000000E+00  9.991534879E+00 
      1325  4.426303286E+02  0.000000000E+00  9.991957321E+00 
      1326  4.431781614E+02  0.000000000E+00  9.992362390E+00 
      1327  4.437304641E+02  0.000000000E+00  9.992750509E+00 
      1328  4.442872731E+02  0.000000000E+00  9.993122103E+00 
      1329  4.448486253E+02  0.000000000E+00  9.993477600E+00 
      1330  4.454145576E+02  0.000000000E+00  9.993817426E+00 
      1331  4.459851075E+02  0.000000000E+00  9.994142013E+00 
      1332  4.465603126E+02  0.000000000E+00  9.994451790E+00 
      1333  4.471402109E+02  0.000000000E+00  9.994747188E+00 
      1334  4.477248408E+02  0.000000000E+00  9.995028638E+00 
      1335  4.483142407E+02  0.000000000E+00  9.995296569E+00 
      1336  4.489084497E+02  0.000000000E+00  9.995551409E+00 
      1337  4.495075070E+02  0.000000000E+00  9.995793587E+00 
      1338  4.501114521E+02  0.000000000E+00  9.996023527E+00 
      1339  4.507203248E+02  0.000000000E+00  9.996241651E+00 
      1340  4.513341655E+02  0.000000000E+00  9.996448379E+00 
      1341  4.519530147E+02  0.000000000E+00  9.996644125E+00 
      1342  4.525769132E+02  0.000000000E+00  9.996829300E+00 
      1343  4.532059021E+02  0.000000000E+00  9.997004313E+00 
      1344  4.538400232E+02  0.000000000E+00  9.997169563E+00 
      1345  4.544793181E+02  0.000000000E+00  9.997325446E+00 
      1346  4.551238292E+02  0.000000000E+00  9.997472353E+00 
      1347  4.557735990E+02  0.000000000E+00  9.997610667E+00 
      1348  4.564286703E+02  0.000000000E+00  9.997740764E+00 
      1349  4.570890866E+02  0.000000000E+00  9.997863014E+00 
      1350  4.577548913E+02  0.000000000E+00  9.997977778E+00 
      1351  4.584261284E+02  0.000000000E+00  9.998085412E+00 
      1352  4.591028423E+02  0.000000000E+00  9.998186260E+00 
      1353  4.597850777E+02  0.000000000E+00  9.998280661E+00 
      1354  4.604728795E+02  0.000000000E+00  9.998368945E+00 
      1355  4.611662932E+02  0.000000000E+00  9.998451432E+00 
      1356  4.618653647E+02  0.000000000E+00  9.998528434E+00 
      1357  4.625701400E+02  0.000000000E+00  9.998600256E+00 
      1358  4.632806657E+02  0.000000000E+00  9.998667191E+00 
      1359  4.639969887E+02  0.000000000E+00  9.998729526E+00 
      1360  4.647191564E+02  0.000000000E+00  9.998787539E+00 
      1361  4.654472164E+02  0.000000000E+00  9.998841497E+00 
      1362  4.661812167E+02  0.000000000E+00  9.998891663E+00 
      1363  4.669212059E+02  0.000000000E+00  9.998938288E+00 
      1364  4.676672328E+02  0.000000000E+00  9.998981618E+00 
      1365  4.684193468E+02  0.000000000E+00  9.999021893E+00 
      1366  4.691775973E+02  0.000000000E+00  9.999059343E+00 
      1367  4.699420346E+02  0.000000000E+00  9.999094196E+00 
      1368  4.707127091E+02  0.000000000E+00  9.999126674E+00 
      1369  4.714896716E+02  0.000000000E+00  9.999156998E+00 
      1370  4.722729736E+02  0.000000000E+00  9.999185388E+00 
      1371  4.730626666E+02  0.000000000E+00  9.999212063E+00 
      1372  4.738588030E+02  0.000000000E+00  9.999237250E+00 
      1373  4.746614352E+02  0.000000000E+00  9.999261183E+00 
      1374  4.754706162E+02  0.000000000E+00  9.999284114E+00 
      1375  4.762863994E+02  0.000000000E+00  9.999306313E+00 
      1376  4.771088389E+02  0.000000000E+00  9.999328084E+00 
      1377  4.779379887E+02  0.000000000E+00  9.999349778E+00 
      1378  4.787739038E+02  0.000000000E+00  9.999371805E+00 
      1379  4.796166392E+02  0.000000000E+00  9.999394665E+00 
      1380  4.804662507E+02  0.000000000E+00  9.999418978E+00 
      1381  4.813227944E+02  0.000000000E+00  9.999445525E+00 
      1382  4.821863268E+02  0.000000000E+00  9.999475312E+00 
      1383  4.830569049E+02  0.000000000E+00  9.999509652E+00 
      1384  4.839345862E+02  0.000000000E+00  9.999550276E+00 
      1385  4.848194287E+02  0.000000000E+00  9.999599489E+00 
      1386  4.857114908E+02  0.000000000E+00  9.999660381E+00 
      1387  4.866108314E+02  0.000000000E+00  9.999737125E+00 
      1388  4.875175099E+02  0.000000000E+00  9.999835382E+00 
      1389  4.884315862E+02  0.000000000E+00  9.999962866E+00 
      1390  4.893531206E+02  0.000000000E+00  1.000013013E+01 
      1391  4.902821741E+02  0.000000000E+00  1.000035168E+01 
      1392  4.912188078E+02  0.000000000E+00  1.000064747E+01 
      1393  4.921630837E+02  0.000000000E+00  1.000104510E+01 
      1394  4.931150642E+02  0.000000000E+00  1.000158279E+01 
      1395  4.940748120E+02  0.000000000E+00  1.000231369E+01 
      1396  4.950423907E+02  0.000000000E+00  1.000331184E+01 
      1397  4.960178639E+02  0.000000000E+00  1.000468080E+01 
      1398  4.970012963E+02  0.000000000E+00  1.000655641E+01 
      1399  4.979927527E+02  0.000000000E+00  1.001049247E+01 
      1400  4.989922986E+02  0.000000000E+00  1.001575213E+01 
      1401  5.000000000E+02  0.000000000E+00  1.001816039E+01 
