nodenumber     x-coordinate     y-coordinate           udm-12 
         1  0.000000000E+00  0.000000000E+00  9.997202650E+00 
         2  1.007701384E+00  0.000000000E+00  9.997314366E+00 
         3  2.007247274E+00  0.000000000E+00  9.998897009E+00 
         4  2.998703673E+00  0.000000000E+00  1.000032097E+01 
         5  3.982136051E+00  0.000000000E+00  1.000027068E+01 
         6  4.957609346E+00  0.000000000E+00  1.000024944E+01 
         7  5.925187975E+00  0.000000000E+00  1.000024176E+01 
         8  6.884935829E+00  0.000000000E+00  1.000024391E+01 
         9  7.836916284E+00  0.000000000E+00  1.000025316E+01 
        10  8.781192203E+00  0.000000000E+00  1.000026759E+01 
        11  9.717825941E+00  0.000000000E+00  1.000028579E+01 
        12  1.064687935E+01  0.000000000E+00  1.000030676E+01 
        13  1.156841377E+01  0.000000000E+00  1.000032975E+01 
        14  1.248249006E+01  0.000000000E+00  1.000035424E+01 
        15  1.338916858E+01  0.000000000E+00  1.000037984E+01 
        16  1.428850920E+01  0.000000000E+00  1.000040625E+01 
        17  1.518057130E+01  0.000000000E+00  1.000043326E+01 
        18  1.606541380E+01  0.000000000E+00  1.000046072E+01 
        19  1.694309512E+01  0.000000000E+00  1.000048850E+01 
        20  1.781367322E+01  0.000000000E+00  1.000051652E+01 
        21  1.867720559E+01  0.000000000E+00  1.000054469E+01 
        22  1.953374925E+01  0.000000000E+00  1.000057297E+01 
        23  2.038336076E+01  0.000000000E+00  1.000060130E+01 
        24  2.122609622E+01  0.000000000E+00  1.000062964E+01 
        25  2.206201128E+01  0.000000000E+00  1.000065796E+01 
        26  2.289116114E+01  0.000000000E+00  1.000068621E+01 
        27  2.371360056E+01  0.000000000E+00  1.000071438E+01 
        28  2.452938383E+01  0.000000000E+00  1.000074241E+01 
        29  2.533856484E+01  0.000000000E+00  1.000077027E+01 
        30  2.614119701E+01  0.000000000E+00  1.000079793E+01 
        31  2.693733335E+01  0.000000000E+00  1.000082533E+01 
        32  2.772702642E+01  0.000000000E+00  1.000085244E+01 
        33  2.851032837E+01  0.000000000E+00  1.000087920E+01 
        34  2.928729093E+01  0.000000000E+00  1.000090555E+01 
        35  3.005796541E+01  0.000000000E+00  1.000093144E+01 
        36  3.082240268E+01  0.000000000E+00  1.000095679E+01 
        37  3.158065324E+01  0.000000000E+00  1.000098153E+01 
        38  3.233276716E+01  0.000000000E+00  1.000100558E+01 
        39  3.307879409E+01  0.000000000E+00  1.000102886E+01 
        40  3.381878330E+01  0.000000000E+00  1.000105125E+01 
        41  3.455278365E+01  0.000000000E+00  1.000107267E+01 
        42  3.528084362E+01  0.000000000E+00  1.000109300E+01 
        43  3.600301127E+01  0.000000000E+00  1.000111211E+01 
        44  3.671933431E+01  0.000000000E+00  1.000112988E+01 
        45  3.742986002E+01  0.000000000E+00  1.000114617E+01 
        46  3.813463533E+01  0.000000000E+00  1.000116083E+01 
        47  3.883370678E+01  0.000000000E+00  1.000117370E+01 
        48  3.952712052E+01  0.000000000E+00  1.000118461E+01 
        49  4.021492235E+01  0.000000000E+00  1.000119338E+01 
        50  4.089715769E+01  0.000000000E+00  1.000119983E+01 
        51  4.157387159E+01  0.000000000E+00  1.000120374E+01 
        52  4.224510872E+01  0.000000000E+00  1.000120490E+01 
        53  4.291091342E+01  0.000000000E+00  1.000120310E+01 
        54  4.357132966E+01  0.000000000E+00  1.000119810E+01 
        55  4.422640104E+01  0.000000000E+00  1.000118965E+01 
        56  4.487617081E+01  0.000000000E+00  1.000117749E+01 
        57  4.552068189E+01  0.000000000E+00  1.000116135E+01 
        58  4.615997684E+01  0.000000000E+00  1.000114095E+01 
        59  4.679409786E+01  0.000000000E+00  1.000111599E+01 
        60  4.742308684E+01  0.000000000E+00  1.000108617E+01 
        61  4.804698530E+01  0.000000000E+00  1.000105118E+01 
        62  4.866583446E+01  0.000000000E+00  1.000101067E+01 
        63  4.927967516E+01  0.000000000E+00  1.000096433E+01 
        64  4.988854795E+01  0.000000000E+00  1.000091178E+01 
        65  5.049249303E+01  0.000000000E+00  1.000085267E+01 
        66  5.109155028E+01  0.000000000E+00  1.000078663E+01 
        67  5.168575926E+01  0.000000000E+00  1.000071328E+01 
        68  5.227515921E+01  0.000000000E+00  1.000063223E+01 
        69  5.285978905E+01  0.000000000E+00  1.000054307E+01 
        70  5.343968738E+01  0.000000000E+00  1.000044539E+01 
        71  5.401489250E+01  0.000000000E+00  1.000033878E+01 
        72  5.458544238E+01  0.000000000E+00  1.000022282E+01 
        73  5.515137472E+01  0.000000000E+00  1.000009707E+01 
        74  5.571272686E+01  0.000000000E+00  9.999961092E+00 
        75  5.626953590E+01  0.000000000E+00  9.999814454E+00 
        76  5.682183858E+01  0.000000000E+00  9.999656705E+00 
        77  5.736967139E+01  0.000000000E+00  9.999487399E+00 
        78  5.791307049E+01  0.000000000E+00  9.999306086E+00 
        79  5.845207178E+01  0.000000000E+00  9.999112313E+00 
        80  5.898671083E+01  0.000000000E+00  9.998905632E+00 
        81  5.951702297E+01  0.000000000E+00  9.998685593E+00 
        82  6.004304320E+01  0.000000000E+00  9.998451752E+00 
        83  6.056480627E+01  0.000000000E+00  9.998203666E+00 
        84  6.108234661E+01  0.000000000E+00  9.997940902E+00 
        85  6.159569842E+01  0.000000000E+00  9.997663031E+00 
        86  6.210489559E+01  0.000000000E+00  9.997369637E+00 
        87  6.260997174E+01  0.000000000E+00  9.997060313E+00 
        88  6.311096022E+01  0.000000000E+00  9.996734666E+00 
        89  6.360789412E+01  0.000000000E+00  9.996392320E+00 
        90  6.410080625E+01  0.000000000E+00  9.996032914E+00 
        91  6.458972916E+01  0.000000000E+00  9.995656110E+00 
        92  6.507469514E+01  0.000000000E+00  9.995261592E+00 
        93  6.555573621E+01  0.000000000E+00  9.994849071E+00 
        94  6.603288413E+01  0.000000000E+00  9.994418286E+00 
        95  6.650617042E+01  0.000000000E+00  9.993969012E+00 
        96  6.697562632E+01  0.000000000E+00  9.993501056E+00 
        97  6.744128283E+01  0.000000000E+00  9.993014269E+00 
        98  6.790317071E+01  0.000000000E+00  9.992508547E+00 
        99  6.836132046E+01  0.000000000E+00  9.991983836E+00 
       100  6.881576232E+01  0.000000000E+00  9.991440137E+00 
       101  6.926652631E+01  0.000000000E+00  9.990877514E+00 
       102  6.971364219E+01  0.000000000E+00  9.990296099E+00 
       103  7.015713949E+01  0.000000000E+00  9.989696099E+00 
       104  7.059704749E+01  0.000000000E+00  9.989077804E+00 
       105  7.103339524E+01  0.000000000E+00  9.988441597E+00 
       106  7.146621156E+01  0.000000000E+00  9.987787962E+00 
       107  7.189552503E+01  0.000000000E+00  9.987117496E+00 
       108  7.232136399E+01  0.000000000E+00  9.986430918E+00 
       109  7.274375656E+01  0.000000000E+00  9.985729083E+00 
       110  7.316273064E+01  0.000000000E+00  9.985012997E+00 
       111  7.357831389E+01  0.000000000E+00  9.984283830E+00 
       112  7.399053376E+01  0.000000000E+00  9.983542934E+00 
       113  7.439941746E+01  0.000000000E+00  9.982791859E+00 
       114  7.480499201E+01  0.000000000E+00  9.982032376E+00 
       115  7.520728416E+01  0.000000000E+00  9.981266497E+00 
       116  7.560632051E+01  0.000000000E+00  9.980496496E+00 
       117  7.600212738E+01  0.000000000E+00  9.979724939E+00 
       118  7.639473092E+01  0.000000000E+00  9.978954708E+00 
       119  7.678415706E+01  0.000000000E+00  9.978189037E+00 
       120  7.717043151E+01  0.000000000E+00  9.977431536E+00 
       121  7.755357977E+01  0.000000000E+00  9.976686236E+00 
       122  7.793362715E+01  0.000000000E+00  9.975957623E+00 
       123  7.831059875E+01  0.000000000E+00  9.975250680E+00 
       124  7.868451945E+01  0.000000000E+00  9.974570935E+00 
       125  7.905541395E+01  0.000000000E+00  9.973924506E+00 
       126  7.942330674E+01  0.000000000E+00  9.973318160E+00 
       127  7.978822211E+01  0.000000000E+00  9.972759365E+00 
       128  8.015018416E+01  0.000000000E+00  9.972256356E+00 
       129  8.050921679E+01  0.000000000E+00  9.971818197E+00 
       130  8.086534371E+01  0.000000000E+00  9.971454857E+00 
       131  8.121858844E+01  0.000000000E+00  9.971177284E+00 
       132  8.156897429E+01  0.000000000E+00  9.970997493E+00 
       133  8.191652442E+01  0.000000000E+00  9.970928660E+00 
       134  8.226126177E+01  0.000000000E+00  9.970985152E+00 
       135  8.260320909E+01  0.000000000E+00  9.971182724E+00 
       136  8.294238899E+01  0.000000000E+00  9.971538636E+00 
       137  8.327882384E+01  0.000000000E+00  9.972071662E+00 
       138  8.361253587E+01  0.000000000E+00  9.972802287E+00 
       139  8.394354712E+01  0.000000000E+00  9.973752831E+00 
       140  8.427187943E+01  0.000000000E+00  9.974947588E+00 
       141  8.459755450E+01  0.000000000E+00  9.976412978E+00 
       142  8.492059382E+01  0.000000000E+00  9.978177714E+00 
       143  8.524101873E+01  0.000000000E+00  9.980272969E+00 
       144  8.555885039E+01  0.000000000E+00  9.982732563E+00 
       145  8.587410979E+01  0.000000000E+00  9.985593163E+00 
       146  8.618681774E+01  0.000000000E+00  9.988894490E+00 
       147  8.649699489E+01  0.000000000E+00  9.992679545E+00 
       148  8.680466173E+01  0.000000000E+00  9.996994848E+00 
       149  8.710983857E+01  0.000000000E+00  1.000189070E+01 
       150  8.741254556E+01  0.000000000E+00  1.000742143E+01 
       151  8.771280270E+01  0.000000000E+00  1.001364574E+01 
       152  8.801062980E+01  0.000000000E+00  1.002062695E+01 
       153  8.830604654E+01  0.000000000E+00  1.002843340E+01 
       154  8.859907242E+01  0.000000000E+00  1.003713873E+01 
       155  8.888972679E+01  0.000000000E+00  1.004682236E+01 
       156  8.917802885E+01  0.000000000E+00  1.005756979E+01 
       157  8.946399764E+01  0.000000000E+00  1.006947315E+01 
       158  8.974765203E+01  0.000000000E+00  1.008263158E+01 
       159  9.002901076E+01  0.000000000E+00  1.009715181E+01 
       160  9.030809241E+01  0.000000000E+00  1.011314868E+01 
       161  9.058491540E+01  0.000000000E+00  1.013074574E+01 
       162  9.085949802E+01  0.000000000E+00  1.015007590E+01 
       163  9.113185839E+01  0.000000000E+00  1.017128211E+01 
       164  9.140201451E+01  0.000000000E+00  1.019451814E+01 
       165  9.166998421E+01  0.000000000E+00  1.021994941E+01 
       166  9.193578518E+01  0.000000000E+00  1.024775386E+01 
       167  9.219943499E+01  0.000000000E+00  1.027812295E+01 
       168  9.246095103E+01  0.000000000E+00  1.031126274E+01 
       169  9.272035058E+01  0.000000000E+00  1.034739521E+01 
       170  9.297765077E+01  0.000000000E+00  1.038675851E+01 
       171  9.323286858E+01  0.000000000E+00  1.042960920E+01 
       172  9.348602087E+01  0.000000000E+00  1.047622595E+01 
       173  9.373712436E+01  0.000000000E+00  1.052798515E+01 
       174  9.398619563E+01  0.000000000E+00  1.058447297E+01 
       175  9.423325112E+01  0.000000000E+00  1.064510184E+01 
       176  9.447830715E+01  0.000000000E+00  1.065755921E+01 
       177  9.472137990E+01  0.000000000E+00  1.067431463E+01 
       178  9.496248543E+01  0.000000000E+00  1.074463785E+01 
       179  9.520163964E+01  0.000000000E+00  1.082511760E+01 
       180  9.543885834E+01  0.000000000E+00  1.092575972E+01 
       181  9.567415720E+01  0.000000000E+00  1.103016404E+01 
       182  9.590755173E+01  0.000000000E+00  1.113016603E+01 
       183  9.613905737E+01  0.000000000E+00  1.123557349E+01 
       184  9.636868940E+01  0.000000000E+00  1.134974891E+01 
       185  9.659646297E+01  0.000000000E+00  1.147342203E+01 
       186  9.682239314E+01  0.000000000E+00  1.160739141E+01 
       187  9.704649481E+01  0.000000000E+00  1.175722091E+01 
       188  9.726878279E+01  0.000000000E+00  1.191958084E+01 
       189  9.748927176E+01  0.000000000E+00  1.209612868E+01 
       190  9.770797628E+01  0.000000000E+00  1.228756145E+01 
       191  9.792491078E+01  0.000000000E+00  1.249585252E+01 
       192  9.814008960E+01  0.000000000E+00  1.272191843E+01 
       193  9.835352693E+01  0.000000000E+00  1.296179684E+01 
       194  9.856523689E+01  0.000000000E+00  1.322249327E+01 
       195  9.877523344E+01  0.000000000E+00  1.349786853E+01 
       196  9.898353045E+01  0.000000000E+00  1.379766160E+01 
       197  9.919014168E+01  0.000000000E+00  1.413239769E+01 
       198  9.939508077E+01  0.000000000E+00  1.449754798E+01 
       199  9.959836126E+01  0.000000000E+00  1.489637887E+01 
       200  9.979999657E+01  0.000000000E+00  1.533485311E+01 
       201  1.000000000E+02  0.000000000E+00  1.436995112E+01 
       202  1.002500000E+02  0.000000000E+00  1.291893515E+01 
       203  1.005000000E+02  0.000000000E+00  1.298195687E+01 
       204  1.007500000E+02  0.000000000E+00  1.301492515E+01 
       205  1.010000000E+02  0.000000000E+00  1.303099086E+01 
       206  1.012500000E+02  0.000000000E+00  1.303473268E+01 
       207  1.015000000E+02  0.000000000E+00  1.302911703E+01 
       208  1.017500000E+02  0.000000000E+00  1.301621691E+01 
       209  1.020000000E+02  0.000000000E+00  1.299755674E+01 
       210  1.022500000E+02  0.000000000E+00  1.297429756E+01 
       211  1.025000000E+02  0.000000000E+00  1.294734604E+01 
       212  1.027500000E+02  0.000000000E+00  1.291742342E+01 
       213  1.030000000E+02  0.000000000E+00  1.288511148E+01 
       214  1.032500000E+02  0.000000000E+00  1.285088462E+01 
       215  1.035000000E+02  0.000000000E+00  1.281513298E+01 
       216  1.037500000E+02  0.000000000E+00  1.277817960E+01 
       217  1.040000000E+02  0.000000000E+00  1.274029336E+01 
       218  1.042500000E+02  0.000000000E+00  1.270169906E+01 
       219  1.045000000E+02  0.000000000E+00  1.266258529E+01 
       220  1.047500000E+02  0.000000000E+00  1.262311067E+01 
       221  1.050000000E+02  0.000000000E+00  1.258340893E+01 
       222  1.052500000E+02  0.000000000E+00  1.254359293E+01 
       223  1.055000000E+02  0.000000000E+00  1.250375805E+01 
       224  1.057500000E+02  0.000000000E+00  1.246398495E+01 
       225  1.060000000E+02  0.000000000E+00  1.242434182E+01 
       226  1.062500000E+02  0.000000000E+00  1.238488630E+01 
       227  1.065000000E+02  0.000000000E+00  1.234566707E+01 
       228  1.067500000E+02  0.000000000E+00  1.230672520E+01 
       229  1.070000000E+02  0.000000000E+00  1.226809523E+01 
       230  1.072500000E+02  0.000000000E+00  1.222980617E+01 
       231  1.075000000E+02  0.000000000E+00  1.219188230E+01 
       232  1.077500000E+02  0.000000000E+00  1.215434382E+01 
       233  1.080000000E+02  0.000000000E+00  1.211720747E+01 
       234  1.082500000E+02  0.000000000E+00  1.208048699E+01 
       235  1.085000000E+02  0.000000000E+00  1.204419358E+01 
       236  1.087500000E+02  0.000000000E+00  1.200833624E+01 
       237  1.090000000E+02  0.000000000E+00  1.197292207E+01 
       238  1.092500000E+02  0.000000000E+00  1.193795658E+01 
       239  1.095000000E+02  0.000000000E+00  1.190344384E+01 
       240  1.097500000E+02  0.000000000E+00  1.186938675E+01 
       241  1.100000000E+02  0.000000000E+00  1.183578718E+01 
       242  1.102500000E+02  0.000000000E+00  1.180264607E+01 
       243  1.105000000E+02  0.000000000E+00  1.176996365E+01 
       244  1.107500000E+02  0.000000000E+00  1.173773943E+01 
       245  1.110000000E+02  0.000000000E+00  1.170597240E+01 
       246  1.112500000E+02  0.000000000E+00  1.167466104E+01 
       247  1.115000000E+02  0.000000000E+00  1.164380339E+01 
       248  1.117500000E+02  0.000000000E+00  1.161339716E+01 
       249  1.120000000E+02  0.000000000E+00  1.158343972E+01 
       250  1.122500000E+02  0.000000000E+00  1.155392819E+01 
       251  1.125000000E+02  0.000000000E+00  1.152485943E+01 
       252  1.127500000E+02  0.000000000E+00  1.149623013E+01 
       253  1.130000000E+02  0.000000000E+00  1.146803680E+01 
       254  1.132500000E+02  0.000000000E+00  1.144027579E+01 
       255  1.135000000E+02  0.000000000E+00  1.141294335E+01 
       256  1.137500000E+02  0.000000000E+00  1.138603559E+01 
       257  1.140000000E+02  0.000000000E+00  1.135954856E+01 
       258  1.142500000E+02  0.000000000E+00  1.133347823E+01 
       259  1.145000000E+02  0.000000000E+00  1.130782048E+01 
       260  1.147500000E+02  0.000000000E+00  1.128257117E+01 
       261  1.150000000E+02  0.000000000E+00  1.125772608E+01 
       262  1.152500000E+02  0.000000000E+00  1.123328099E+01 
       263  1.155000000E+02  0.000000000E+00  1.120923163E+01 
       264  1.157500000E+02  0.000000000E+00  1.118557370E+01 
       265  1.160000000E+02  0.000000000E+00  1.116230290E+01 
       266  1.162500000E+02  0.000000000E+00  1.113941492E+01 
       267  1.165000000E+02  0.000000000E+00  1.111690542E+01 
       268  1.167500000E+02  0.000000000E+00  1.109477008E+01 
       269  1.170000000E+02  0.000000000E+00  1.107300456E+01 
       270  1.172500000E+02  0.000000000E+00  1.105160453E+01 
       271  1.175000000E+02  0.000000000E+00  1.103056567E+01 
       272  1.177500000E+02  0.000000000E+00  1.100988366E+01 
       273  1.180000000E+02  0.000000000E+00  1.098955420E+01 
       274  1.182500000E+02  0.000000000E+00  1.096957298E+01 
       275  1.185000000E+02  0.000000000E+00  1.094993573E+01 
       276  1.187500000E+02  0.000000000E+00  1.093063818E+01 
       277  1.190000000E+02  0.000000000E+00  1.091167608E+01 
       278  1.192500000E+02  0.000000000E+00  1.089304519E+01 
       279  1.195000000E+02  0.000000000E+00  1.087474132E+01 
       280  1.197500000E+02  0.000000000E+00  1.085676026E+01 
       281  1.200000000E+02  0.000000000E+00  1.083909785E+01 
       282  1.202500000E+02  0.000000000E+00  1.082174994E+01 
       283  1.205000000E+02  0.000000000E+00  1.080471240E+01 
       284  1.207500000E+02  0.000000000E+00  1.078798115E+01 
       285  1.210000000E+02  0.000000000E+00  1.077155210E+01 
       286  1.212500000E+02  0.000000000E+00  1.075542122E+01 
       287  1.215000000E+02  0.000000000E+00  1.073958449E+01 
       288  1.217500000E+02  0.000000000E+00  1.072403791E+01 
       289  1.220000000E+02  0.000000000E+00  1.070877752E+01 
       290  1.222500000E+02  0.000000000E+00  1.069379939E+01 
       291  1.225000000E+02  0.000000000E+00  1.067909963E+01 
       292  1.227500000E+02  0.000000000E+00  1.066467435E+01 
       293  1.230000000E+02  0.000000000E+00  1.065051972E+01 
       294  1.232500000E+02  0.000000000E+00  1.063663194E+01 
       295  1.235000000E+02  0.000000000E+00  1.062300721E+01 
       296  1.237500000E+02  0.000000000E+00  1.060964181E+01 
       297  1.240000000E+02  0.000000000E+00  1.059653201E+01 
       298  1.242500000E+02  0.000000000E+00  1.058367415E+01 
       299  1.245000000E+02  0.000000000E+00  1.057106459E+01 
       300  1.247500000E+02  0.000000000E+00  1.055869970E+01 
       301  1.250000000E+02  0.000000000E+00  1.054657593E+01 
       302  1.252500000E+02  0.000000000E+00  1.053468973E+01 
       303  1.255000000E+02  0.000000000E+00  1.052303761E+01 
       304  1.257500000E+02  0.000000000E+00  1.051161609E+01 
       305  1.260000000E+02  0.000000000E+00  1.050042176E+01 
       306  1.262500000E+02  0.000000000E+00  1.048945122E+01 
       307  1.265000000E+02  0.000000000E+00  1.047870111E+01 
       308  1.267500000E+02  0.000000000E+00  1.046816811E+01 
       309  1.270000000E+02  0.000000000E+00  1.045784896E+01 
       310  1.272500000E+02  0.000000000E+00  1.044774041E+01 
       311  1.275000000E+02  0.000000000E+00  1.043783925E+01 
       312  1.277500000E+02  0.000000000E+00  1.042814233E+01 
       313  1.280000000E+02  0.000000000E+00  1.041864652E+01 
       314  1.282500000E+02  0.000000000E+00  1.040934873E+01 
       315  1.285000000E+02  0.000000000E+00  1.040024592E+01 
       316  1.287500000E+02  0.000000000E+00  1.039133509E+01 
       317  1.290000000E+02  0.000000000E+00  1.038261326E+01 
       318  1.292500000E+02  0.000000000E+00  1.037407751E+01 
       319  1.295000000E+02  0.000000000E+00  1.036572496E+01 
       320  1.297500000E+02  0.000000000E+00  1.035755275E+01 
       321  1.300000000E+02  0.000000000E+00  1.034955809E+01 
       322  1.302500000E+02  0.000000000E+00  1.034173822E+01 
       323  1.305000000E+02  0.000000000E+00  1.033409040E+01 
       324  1.307500000E+02  0.000000000E+00  1.032661196E+01 
       325  1.310000000E+02  0.000000000E+00  1.031930026E+01 
       326  1.312500000E+02  0.000000000E+00  1.031215269E+01 
       327  1.315000000E+02  0.000000000E+00  1.030516671E+01 
       328  1.317500000E+02  0.000000000E+00  1.029833978E+01 
       329  1.320000000E+02  0.000000000E+00  1.029166945E+01 
       330  1.322500000E+02  0.000000000E+00  1.028515327E+01 
       331  1.325000000E+02  0.000000000E+00  1.027878886E+01 
       332  1.327500000E+02  0.000000000E+00  1.027257387E+01 
       333  1.330000000E+02  0.000000000E+00  1.026650598E+01 
       334  1.332500000E+02  0.000000000E+00  1.026058294E+01 
       335  1.335000000E+02  0.000000000E+00  1.025480253E+01 
       336  1.337500000E+02  0.000000000E+00  1.024916255E+01 
       337  1.340000000E+02  0.000000000E+00  1.024366087E+01 
       338  1.342500000E+02  0.000000000E+00  1.023829541E+01 
       339  1.345000000E+02  0.000000000E+00  1.023306409E+01 
       340  1.347500000E+02  0.000000000E+00  1.022796491E+01 
       341  1.350000000E+02  0.000000000E+00  1.022299591E+01 
       342  1.352500000E+02  0.000000000E+00  1.021815515E+01 
       343  1.355000000E+02  0.000000000E+00  1.021344074E+01 
       344  1.357500000E+02  0.000000000E+00  1.020885086E+01 
       345  1.360000000E+02  0.000000000E+00  1.020438369E+01 
       346  1.362500000E+02  0.000000000E+00  1.020003748E+01 
       347  1.365000000E+02  0.000000000E+00  1.019581051E+01 
       348  1.367500000E+02  0.000000000E+00  1.019170111E+01 
       349  1.370000000E+02  0.000000000E+00  1.018770765E+01 
       350  1.372500000E+02  0.000000000E+00  1.018382855E+01 
       351  1.375000000E+02  0.000000000E+00  1.018006224E+01 
       352  1.377500000E+02  0.000000000E+00  1.017640724E+01 
       353  1.380000000E+02  0.000000000E+00  1.017286207E+01 
       354  1.382500000E+02  0.000000000E+00  1.016942533E+01 
       355  1.385000000E+02  0.000000000E+00  1.016609563E+01 
       356  1.387500000E+02  0.000000000E+00  1.016287163E+01 
       357  1.390000000E+02  0.000000000E+00  1.015975206E+01 
       358  1.392500000E+02  0.000000000E+00  1.015673564E+01 
       359  1.395000000E+02  0.000000000E+00  1.015382119E+01 
       360  1.397500000E+02  0.000000000E+00  1.015100752E+01 
       361  1.400000000E+02  0.000000000E+00  1.014829352E+01 
       362  1.402500000E+02  0.000000000E+00  1.014567811E+01 
       363  1.405000000E+02  0.000000000E+00  1.014316024E+01 
       364  1.407500000E+02  0.000000000E+00  1.014073892E+01 
       365  1.410000000E+02  0.000000000E+00  1.013841320E+01 
       366  1.412500000E+02  0.000000000E+00  1.013618215E+01 
       367  1.415000000E+02  0.000000000E+00  1.013404492E+01 
       368  1.417500000E+02  0.000000000E+00  1.013200066E+01 
       369  1.420000000E+02  0.000000000E+00  1.013004860E+01 
       370  1.422500000E+02  0.000000000E+00  1.012818798E+01 
       371  1.425000000E+02  0.000000000E+00  1.012641812E+01 
       372  1.427500000E+02  0.000000000E+00  1.012473833E+01 
       373  1.430000000E+02  0.000000000E+00  1.012314802E+01 
       374  1.432500000E+02  0.000000000E+00  1.012164660E+01 
       375  1.435000000E+02  0.000000000E+00  1.012023354E+01 
       376  1.437500000E+02  0.000000000E+00  1.011890834E+01 
       377  1.440000000E+02  0.000000000E+00  1.011767056E+01 
       378  1.442500000E+02  0.000000000E+00  1.011651979E+01 
       379  1.445000000E+02  0.000000000E+00  1.011545567E+01 
       380  1.447500000E+02  0.000000000E+00  1.011447787E+01 
       381  1.450000000E+02  0.000000000E+00  1.011358612E+01 
       382  1.452500000E+02  0.000000000E+00  1.011278017E+01 
       383  1.455000000E+02  0.000000000E+00  1.011205984E+01 
       384  1.457500000E+02  0.000000000E+00  1.011142496E+01 
       385  1.460000000E+02  0.000000000E+00  1.011087544E+01 
       386  1.462500000E+02  0.000000000E+00  1.011041120E+01 
       387  1.465000000E+02  0.000000000E+00  1.011003223E+01 
       388  1.467500000E+02  0.000000000E+00  1.010973853E+01 
       389  1.470000000E+02  0.000000000E+00  1.010953018E+01 
       390  1.472500000E+02  0.000000000E+00  1.010940727E+01 
       391  1.475000000E+02  0.000000000E+00  1.010936996E+01 
       392  1.477500000E+02  0.000000000E+00  1.010941844E+01 
       393  1.480000000E+02  0.000000000E+00  1.010955295E+01 
       394  1.482500000E+02  0.000000000E+00  1.010977376E+01 
       395  1.485000000E+02  0.000000000E+00  1.011008120E+01 
       396  1.487500000E+02  0.000000000E+00  1.011047563E+01 
       397  1.490000000E+02  0.000000000E+00  1.011095747E+01 
       398  1.492500000E+02  0.000000000E+00  1.011152716E+01 
       399  1.495000000E+02  0.000000000E+00  1.011218522E+01 
       400  1.497500000E+02  0.000000000E+00  1.011293217E+01 
       401  1.500000000E+02  0.000000000E+00  1.011376862E+01 
       402  1.502500000E+02  0.000000000E+00  1.011469519E+01 
       403  1.505000000E+02  0.000000000E+00  1.011571256E+01 
       404  1.507500000E+02  0.000000000E+00  1.011682146E+01 
       405  1.510000000E+02  0.000000000E+00  1.011802265E+01 
       406  1.512500000E+02  0.000000000E+00  1.011931694E+01 
       407  1.515000000E+02  0.000000000E+00  1.012070520E+01 
       408  1.517500000E+02  0.000000000E+00  1.012218833E+01 
       409  1.520000000E+02  0.000000000E+00  1.012376727E+01 
       410  1.522500000E+02  0.000000000E+00  1.012544304E+01 
       411  1.525000000E+02  0.000000000E+00  1.012721667E+01 
       412  1.527500000E+02  0.000000000E+00  1.012908925E+01 
       413  1.530000000E+02  0.000000000E+00  1.013106192E+01 
       414  1.532500000E+02  0.000000000E+00  1.013313585E+01 
       415  1.535000000E+02  0.000000000E+00  1.013531230E+01 
       416  1.537500000E+02  0.000000000E+00  1.013759252E+01 
       417  1.540000000E+02  0.000000000E+00  1.013997785E+01 
       418  1.542500000E+02  0.000000000E+00  1.014246966E+01 
       419  1.545000000E+02  0.000000000E+00  1.014506938E+01 
       420  1.547500000E+02  0.000000000E+00  1.014777847E+01 
       421  1.550000000E+02  0.000000000E+00  1.015059844E+01 
       422  1.552500000E+02  0.000000000E+00  1.015353088E+01 
       423  1.555000000E+02  0.000000000E+00  1.015657739E+01 
       424  1.557500000E+02  0.000000000E+00  1.015973965E+01 
       425  1.560000000E+02  0.000000000E+00  1.016301936E+01 
       426  1.562500000E+02  0.000000000E+00  1.016641828E+01 
       427  1.565000000E+02  0.000000000E+00  1.016993824E+01 
       428  1.567500000E+02  0.000000000E+00  1.017358109E+01 
       429  1.570000000E+02  0.000000000E+00  1.017734876E+01 
       430  1.572500000E+02  0.000000000E+00  1.018124320E+01 
       431  1.575000000E+02  0.000000000E+00  1.018526643E+01 
       432  1.577500000E+02  0.000000000E+00  1.018942051E+01 
       433  1.580000000E+02  0.000000000E+00  1.019370756E+01 
       434  1.582500000E+02  0.000000000E+00  1.019812975E+01 
       435  1.585000000E+02  0.000000000E+00  1.020268930E+01 
       436  1.587500000E+02  0.000000000E+00  1.020738848E+01 
       437  1.590000000E+02  0.000000000E+00  1.021222961E+01 
       438  1.592500000E+02  0.000000000E+00  1.021721506E+01 
       439  1.595000000E+02  0.000000000E+00  1.022234726E+01 
       440  1.597500000E+02  0.000000000E+00  1.022762869E+01 
       441  1.600000000E+02  0.000000000E+00  1.023306187E+01 
       442  1.602500000E+02  0.000000000E+00  1.023864940E+01 
       443  1.605000000E+02  0.000000000E+00  1.024439389E+01 
       444  1.607500000E+02  0.000000000E+00  1.025029805E+01 
       445  1.610000000E+02  0.000000000E+00  1.025636462E+01 
       446  1.612500000E+02  0.000000000E+00  1.026259637E+01 
       447  1.615000000E+02  0.000000000E+00  1.026899617E+01 
       448  1.617500000E+02  0.000000000E+00  1.027556690E+01 
       449  1.620000000E+02  0.000000000E+00  1.028231153E+01 
       450  1.622500000E+02  0.000000000E+00  1.028923305E+01 
       451  1.625000000E+02  0.000000000E+00  1.029633452E+01 
       452  1.627500000E+02  0.000000000E+00  1.030361906E+01 
       453  1.630000000E+02  0.000000000E+00  1.031108982E+01 
       454  1.632500000E+02  0.000000000E+00  1.031875002E+01 
       455  1.635000000E+02  0.000000000E+00  1.032660294E+01 
       456  1.637500000E+02  0.000000000E+00  1.033465189E+01 
       457  1.640000000E+02  0.000000000E+00  1.034290024E+01 
       458  1.642500000E+02  0.000000000E+00  1.035135143E+01 
       459  1.645000000E+02  0.000000000E+00  1.036000894E+01 
       460  1.647500000E+02  0.000000000E+00  1.036887629E+01 
       461  1.650000000E+02  0.000000000E+00  1.037795707E+01 
       462  1.652500000E+02  0.000000000E+00  1.038725493E+01 
       463  1.655000000E+02  0.000000000E+00  1.039677353E+01 
       464  1.657500000E+02  0.000000000E+00  1.040651664E+01 
       465  1.660000000E+02  0.000000000E+00  1.041648803E+01 
       466  1.662500000E+02  0.000000000E+00  1.042669155E+01 
       467  1.665000000E+02  0.000000000E+00  1.043713109E+01 
       468  1.667500000E+02  0.000000000E+00  1.044781059E+01 
       469  1.670000000E+02  0.000000000E+00  1.045873405E+01 
       470  1.672500000E+02  0.000000000E+00  1.046990552E+01 
       471  1.675000000E+02  0.000000000E+00  1.048132907E+01 
       472  1.677500000E+02  0.000000000E+00  1.049300886E+01 
       473  1.680000000E+02  0.000000000E+00  1.050494907E+01 
       474  1.682500000E+02  0.000000000E+00  1.051715394E+01 
       475  1.685000000E+02  0.000000000E+00  1.052962775E+01 
       476  1.687500000E+02  0.000000000E+00  1.054237483E+01 
       477  1.690000000E+02  0.000000000E+00  1.055539957E+01 
       478  1.692500000E+02  0.000000000E+00  1.056870638E+01 
       479  1.695000000E+02  0.000000000E+00  1.058229972E+01 
       480  1.697500000E+02  0.000000000E+00  1.059618412E+01 
       481  1.700000000E+02  0.000000000E+00  1.061036413E+01 
       482  1.702500000E+02  0.000000000E+00  1.062484434E+01 
       483  1.705000000E+02  0.000000000E+00  1.063962939E+01 
       484  1.707500000E+02  0.000000000E+00  1.065472396E+01 
       485  1.710000000E+02  0.000000000E+00  1.067013278E+01 
       486  1.712500000E+02  0.000000000E+00  1.068586059E+01 
       487  1.715000000E+02  0.000000000E+00  1.070191221E+01 
       488  1.717500000E+02  0.000000000E+00  1.071829247E+01 
       489  1.720000000E+02  0.000000000E+00  1.073500623E+01 
       490  1.722500000E+02  0.000000000E+00  1.075205840E+01 
       491  1.725000000E+02  0.000000000E+00  1.076945393E+01 
       492  1.727500000E+02  0.000000000E+00  1.078719778E+01 
       493  1.730000000E+02  0.000000000E+00  1.080529497E+01 
       494  1.732500000E+02  0.000000000E+00  1.082375053E+01 
       495  1.735000000E+02  0.000000000E+00  1.084256953E+01 
       496  1.737500000E+02  0.000000000E+00  1.086175706E+01 
       497  1.740000000E+02  0.000000000E+00  1.088131823E+01 
       498  1.742500000E+02  0.000000000E+00  1.090125820E+01 
       499  1.745000000E+02  0.000000000E+00  1.092158214E+01 
       500  1.747500000E+02  0.000000000E+00  1.094229524E+01 
       501  1.750000000E+02  0.000000000E+00  1.096340271E+01 
       502  1.752500000E+02  0.000000000E+00  1.098490979E+01 
       503  1.755000000E+02  0.000000000E+00  1.100682172E+01 
       504  1.757500000E+02  0.000000000E+00  1.102914378E+01 
       505  1.760000000E+02  0.000000000E+00  1.105188124E+01 
       506  1.762500000E+02  0.000000000E+00  1.107503940E+01 
       507  1.765000000E+02  0.000000000E+00  1.109862357E+01 
       508  1.767500000E+02  0.000000000E+00  1.112263907E+01 
       509  1.770000000E+02  0.000000000E+00  1.114709121E+01 
       510  1.772500000E+02  0.000000000E+00  1.117198532E+01 
       511  1.775000000E+02  0.000000000E+00  1.119732674E+01 
       512  1.777500000E+02  0.000000000E+00  1.122312080E+01 
       513  1.780000000E+02  0.000000000E+00  1.124937284E+01 
       514  1.782500000E+02  0.000000000E+00  1.127608819E+01 
       515  1.785000000E+02  0.000000000E+00  1.130327216E+01 
       516  1.787500000E+02  0.000000000E+00  1.133093010E+01 
       517  1.790000000E+02  0.000000000E+00  1.135906729E+01 
       518  1.792500000E+02  0.000000000E+00  1.138768906E+01 
       519  1.795000000E+02  0.000000000E+00  1.141680068E+01 
       520  1.797500000E+02  0.000000000E+00  1.144640742E+01 
       521  1.800000000E+02  0.000000000E+00  1.147651454E+01 
       522  1.802500000E+02  0.000000000E+00  1.150712726E+01 
       523  1.805000000E+02  0.000000000E+00  1.153825080E+01 
       524  1.807500000E+02  0.000000000E+00  1.156989033E+01 
       525  1.810000000E+02  0.000000000E+00  1.160205101E+01 
       526  1.812500000E+02  0.000000000E+00  1.163473796E+01 
       527  1.815000000E+02  0.000000000E+00  1.166795626E+01 
       528  1.817500000E+02  0.000000000E+00  1.170171095E+01 
       529  1.820000000E+02  0.000000000E+00  1.173600703E+01 
       530  1.822500000E+02  0.000000000E+00  1.177084947E+01 
       531  1.825000000E+02  0.000000000E+00  1.180624317E+01 
       532  1.827500000E+02  0.000000000E+00  1.184219298E+01 
       533  1.830000000E+02  0.000000000E+00  1.187870371E+01 
       534  1.832500000E+02  0.000000000E+00  1.191578007E+01 
       535  1.835000000E+02  0.000000000E+00  1.195342675E+01 
       536  1.837500000E+02  0.000000000E+00  1.199164833E+01 
       537  1.840000000E+02  0.000000000E+00  1.203044932E+01 
       538  1.842500000E+02  0.000000000E+00  1.206983415E+01 
       539  1.845000000E+02  0.000000000E+00  1.210980717E+01 
       540  1.847500000E+02  0.000000000E+00  1.215037260E+01 
       541  1.850000000E+02  0.000000000E+00  1.219153457E+01 
       542  1.852500000E+02  0.000000000E+00  1.223329710E+01 
       543  1.855000000E+02  0.000000000E+00  1.227566405E+01 
       544  1.857500000E+02  0.000000000E+00  1.231863918E+01 
       545  1.860000000E+02  0.000000000E+00  1.236222606E+01 
       546  1.862500000E+02  0.000000000E+00  1.240642810E+01 
       547  1.865000000E+02  0.000000000E+00  1.245124853E+01 
       548  1.867500000E+02  0.000000000E+00  1.249669036E+01 
       549  1.870000000E+02  0.000000000E+00  1.254275638E+01 
       550  1.872500000E+02  0.000000000E+00  1.258944911E+01 
       551  1.875000000E+02  0.000000000E+00  1.263677079E+01 
       552  1.877500000E+02  0.000000000E+00  1.268472334E+01 
       553  1.880000000E+02  0.000000000E+00  1.273330830E+01 
       554  1.882500000E+02  0.000000000E+00  1.278252683E+01 
       555  1.885000000E+02  0.000000000E+00  1.283237961E+01 
       556  1.887500000E+02  0.000000000E+00  1.288286679E+01 
       557  1.890000000E+02  0.000000000E+00  1.293398794E+01 
       558  1.892500000E+02  0.000000000E+00  1.298574194E+01 
       559  1.895000000E+02  0.000000000E+00  1.303812692E+01 
       560  1.897500000E+02  0.000000000E+00  1.309114011E+01 
       561  1.900000000E+02  0.000000000E+00  1.314477771E+01 
       562  1.902500000E+02  0.000000000E+00  1.319903480E+01 
       563  1.905000000E+02  0.000000000E+00  1.325390508E+01 
       564  1.907500000E+02  0.000000000E+00  1.330938074E+01 
       565  1.910000000E+02  0.000000000E+00  1.336545217E+01 
       566  1.912500000E+02  0.000000000E+00  1.342210772E+01 
       567  1.915000000E+02  0.000000000E+00  1.347933337E+01 
       568  1.917500000E+02  0.000000000E+00  1.353711234E+01 
       569  1.920000000E+02  0.000000000E+00  1.359542465E+01 
       570  1.922500000E+02  0.000000000E+00  1.365424663E+01 
       571  1.925000000E+02  0.000000000E+00  1.371355030E+01 
       572  1.927500000E+02  0.000000000E+00  1.377330266E+01 
       573  1.930000000E+02  0.000000000E+00  1.383346487E+01 
       574  1.932500000E+02  0.000000000E+00  1.389399128E+01 
       575  1.935000000E+02  0.000000000E+00  1.395482827E+01 
       576  1.937500000E+02  0.000000000E+00  1.401591292E+01 
       577  1.940000000E+02  0.000000000E+00  1.407717137E+01 
       578  1.942500000E+02  0.000000000E+00  1.413851700E+01 
       579  1.945000000E+02  0.000000000E+00  1.419984808E+01 
       580  1.947500000E+02  0.000000000E+00  1.426104519E+01 
       581  1.950000000E+02  0.000000000E+00  1.432196794E+01 
       582  1.952500000E+02  0.000000000E+00  1.438245115E+01 
       583  1.955000000E+02  0.000000000E+00  1.444230018E+01 
       584  1.957500000E+02  0.000000000E+00  1.450128530E+01 
       585  1.960000000E+02  0.000000000E+00  1.455913473E+01 
       586  1.962500000E+02  0.000000000E+00  1.461552615E+01 
       587  1.965000000E+02  0.000000000E+00  1.467007606E+01 
       588  1.967500000E+02  0.000000000E+00  1.472232643E+01 
       589  1.970000000E+02  0.000000000E+00  1.477172759E+01 
       590  1.972500000E+02  0.000000000E+00  1.481761610E+01 
       591  1.975000000E+02  0.000000000E+00  1.485918554E+01 
       592  1.977500000E+02  0.000000000E+00  1.489544687E+01 
       593  1.980000000E+02  0.000000000E+00  1.492517347E+01 
       594  1.982500000E+02  0.000000000E+00  1.494682185E+01 
       595  1.985000000E+02  0.000000000E+00  1.495841247E+01 
       596  1.987500000E+02  0.000000000E+00  1.495734038E+01 
       597  1.990000000E+02  0.000000000E+00  1.494005174E+01 
       598  1.992500000E+02  0.000000000E+00  1.490143852E+01 
       599  1.995000000E+02  0.000000000E+00  1.483357165E+01 
       600  1.997500000E+02  0.000000000E+00  1.471320012E+01 
       601  2.000000000E+02  0.000000000E+00  1.723567345E+01 
       602  2.001999988E+02  0.000000000E+00  1.889111761E+01 
       603  2.004032879E+02  0.000000000E+00  1.807829133E+01 
       604  2.006099214E+02  0.000000000E+00  1.734532026E+01 
       605  2.008199543E+02  0.000000000E+00  1.667971662E+01 
       606  2.010334426E+02  0.000000000E+00  1.607436237E+01 
       607  2.012504431E+02  0.000000000E+00  1.552306340E+01 
       608  2.014710137E+02  0.000000000E+00  1.502040305E+01 
       609  2.016952129E+02  0.000000000E+00  1.456162436E+01 
       610  2.019231006E+02  0.000000000E+00  1.414253353E+01 
       611  2.021547374E+02  0.000000000E+00  1.375941996E+01 
       612  2.023901849E+02  0.000000000E+00  1.340898934E+01 
       613  2.026295060E+02  0.000000000E+00  1.308830756E+01 
       614  2.028727642E+02  0.000000000E+00  1.279475306E+01 
       615  2.031200245E+02  0.000000000E+00  1.252061552E+01 
       616  2.033713525E+02  0.000000000E+00  1.226436225E+01 
       617  2.036268153E+02  0.000000000E+00  1.212722611E+01 
       618  2.038864808E+02  0.000000000E+00  1.200623103E+01 
       619  2.041504183E+02  0.000000000E+00  1.179561208E+01 
       620  2.044186979E+02  0.000000000E+00  1.160437708E+01 
       621  2.046913911E+02  0.000000000E+00  1.143518353E+01 
       622  2.049685706E+02  0.000000000E+00  1.128063616E+01 
       623  2.052503101E+02  0.000000000E+00  1.113956330E+01 
       624  2.055366847E+02  0.000000000E+00  1.101089345E+01 
       625  2.058277705E+02  0.000000000E+00  1.089364476E+01 
       626  2.061236452E+02  0.000000000E+00  1.078691581E+01 
       627  2.064243875E+02  0.000000000E+00  1.068987767E+01 
       628  2.067300774E+02  0.000000000E+00  1.060176677E+01 
       629  2.070407965E+02  0.000000000E+00  1.052187881E+01 
       630  2.073566273E+02  0.000000000E+00  1.044956320E+01 
       631  2.076776540E+02  0.000000000E+00  1.038421832E+01 
       632  2.080039622E+02  0.000000000E+00  1.032528726E+01 
       633  2.083356386E+02  0.000000000E+00  1.027225403E+01 
       634  2.086727716E+02  0.000000000E+00  1.022464024E+01 
       635  2.090154510E+02  0.000000000E+00  1.018200213E+01 
       636  2.093637679E+02  0.000000000E+00  1.014392787E+01 
       637  2.097178153E+02  0.000000000E+00  1.011003526E+01 
       638  2.100776872E+02  0.000000000E+00  1.007996952E+01 
       639  2.104434797E+02  0.000000000E+00  1.005340137E+01 
       640  2.108152899E+02  0.000000000E+00  1.003002533E+01 
       641  2.111932170E+02  0.000000000E+00  1.000955807E+01 
       642  2.115773617E+02  0.000000000E+00  9.991736979E+00 
       643  2.119678260E+02  0.000000000E+00  9.976318834E+00 
       644  2.123647142E+02  0.000000000E+00  9.963078540E+00 
       645  2.127681317E+02  0.000000000E+00  9.951807997E+00 
       646  2.131781861E+02  0.000000000E+00  9.942315024E+00 
       647  2.135949866E+02  0.000000000E+00  9.934422359E+00 
       648  2.140186441E+02  0.000000000E+00  9.927966713E+00 
       649  2.144492713E+02  0.000000000E+00  9.922797887E+00 
       650  2.148869831E+02  0.000000000E+00  9.918777924E+00 
       651  2.153318959E+02  0.000000000E+00  9.915780320E+00 
       652  2.157841282E+02  0.000000000E+00  9.913689267E+00 
       653  2.162438005E+02  0.000000000E+00  9.912398954E+00 
       654  2.167110350E+02  0.000000000E+00  9.911812729E+00 
       655  2.171859563E+02  0.000000000E+00  9.911842567E+00 
       656  2.176686908E+02  0.000000000E+00  9.912408658E+00 
       657  2.181593671E+02  0.000000000E+00  9.913438564E+00 
       658  2.186581157E+02  0.000000000E+00  9.914866618E+00 
       659  2.191650695E+02  0.000000000E+00  9.916633514E+00 
       660  2.196803635E+02  0.000000000E+00  9.918685782E+00 
       661  2.202041348E+02  0.000000000E+00  9.920975314E+00 
       662  2.207365230E+02  0.000000000E+00  9.923458919E+00 
       663  2.212776699E+02  0.000000000E+00  9.926097902E+00 
       664  2.218277194E+02  0.000000000E+00  9.928857678E+00 
       665  2.223868182E+02  0.000000000E+00  9.931707407E+00 
       666  2.229551149E+02  0.000000000E+00  9.934619657E+00 
       667  2.235327610E+02  0.000000000E+00  9.937570088E+00 
       668  2.241199103E+02  0.000000000E+00  9.940537169E+00 
       669  2.247167191E+02  0.000000000E+00  9.943501907E+00 
       670  2.253233464E+02  0.000000000E+00  9.946447606E+00 
       671  2.259399536E+02  0.000000000E+00  9.949359646E+00 
       672  2.265667050E+02  0.000000000E+00  9.952225279E+00 
       673  2.272037674E+02  0.000000000E+00  9.955033446E+00 
       674  2.278513104E+02  0.000000000E+00  9.957774608E+00 
       675  2.285095066E+02  0.000000000E+00  9.960440601E+00 
       676  2.291785311E+02  0.000000000E+00  9.963024495E+00 
       677  2.298585621E+02  0.000000000E+00  9.965520476E+00 
       678  2.305497807E+02  0.000000000E+00  9.967923734E+00 
       679  2.312523708E+02  0.000000000E+00  9.970230360E+00 
       680  2.319665197E+02  0.000000000E+00  9.972437263E+00 
       681  2.326924175E+02  0.000000000E+00  9.974542082E+00 
       682  2.334302574E+02  0.000000000E+00  9.976543112E+00 
       683  2.341802359E+02  0.000000000E+00  9.978439237E+00 
       684  2.349425527E+02  0.000000000E+00  9.980229859E+00 
       685  2.357174108E+02  0.000000000E+00  9.981914845E+00 
       686  2.365050165E+02  0.000000000E+00  9.983494457E+00 
       687  2.373055796E+02  0.000000000E+00  9.984969302E+00 
       688  2.381193132E+02  0.000000000E+00  9.986340270E+00 
       689  2.389464340E+02  0.000000000E+00  9.987608476E+00 
       690  2.397871622E+02  0.000000000E+00  9.988775200E+00 
       691  2.406417216E+02  0.000000000E+00  9.989841824E+00 
       692  2.415103399E+02  0.000000000E+00  9.990809762E+00 
       693  2.423932484E+02  0.000000000E+00  9.991680397E+00 
       694  2.432906820E+02  0.000000000E+00  9.992454996E+00 
       695  2.442028798E+02  0.000000000E+00  9.993134630E+00 
       696  2.451300847E+02  0.000000000E+00  9.993720084E+00 
       697  2.460725436E+02  0.000000000E+00  9.994211752E+00 
       698  2.470305073E+02  0.000000000E+00  9.994609530E+00 
       699  2.480042311E+02  0.000000000E+00  9.994912684E+00 
       700  2.489939742E+02  0.000000000E+00  9.995119706E+00 
       701  2.500000000E+02  0.000000000E+00  9.995228181E+00 
       702  2.510060258E+02  0.000000000E+00  9.995235346E+00 
       703  2.519957689E+02  0.000000000E+00  9.995143856E+00 
       704  2.529694927E+02  0.000000000E+00  9.994957799E+00 
       705  2.539274564E+02  0.000000000E+00  9.994680278E+00 
       706  2.548699153E+02  0.000000000E+00  9.994313485E+00 
       707  2.557971202E+02  0.000000000E+00  9.993858839E+00 
       708  2.567093180E+02  0.000000000E+00  9.993317095E+00 
       709  2.576067516E+02  0.000000000E+00  9.992688452E+00 
       710  2.584896601E+02  0.000000000E+00  9.991972641E+00 
       711  2.593582784E+02  0.000000000E+00  9.991169010E+00 
       712  2.602128379E+02  0.000000000E+00  9.990276594E+00 
       713  2.610535660E+02  0.000000000E+00  9.989294177E+00 
       714  2.618806868E+02  0.000000000E+00  9.988220345E+00 
       715  2.626944204E+02  0.000000000E+00  9.987053529E+00 
       716  2.634949835E+02  0.000000000E+00  9.985792038E+00 
       717  2.642825892E+02  0.000000000E+00  9.984434090E+00 
       718  2.650574473E+02  0.000000000E+00  9.982977819E+00 
       719  2.658197641E+02  0.000000000E+00  9.981421293E+00 
       720  2.665697426E+02  0.000000000E+00  9.979762502E+00 
       721  2.673075825E+02  0.000000000E+00  9.977999353E+00 
       722  2.680334803E+02  0.000000000E+00  9.976129645E+00 
       723  2.687476292E+02  0.000000000E+00  9.974151035E+00 
       724  2.694502193E+02  0.000000000E+00  9.972060999E+00 
       725  2.701414379E+02  0.000000000E+00  9.969856774E+00 
       726  2.708214689E+02  0.000000000E+00  9.967535288E+00 
       727  2.714904934E+02  0.000000000E+00  9.965093082E+00 
       728  2.721486896E+02  0.000000000E+00  9.962526216E+00 
       729  2.727962326E+02  0.000000000E+00  9.959830155E+00 
       730  2.734332950E+02  0.000000000E+00  9.956999650E+00 
       731  2.740600464E+02  0.000000000E+00  9.954028591E+00 
       732  2.746766536E+02  0.000000000E+00  9.950909851E+00 
       733  2.752832808E+02  0.000000000E+00  9.947635108E+00 
       734  2.758800897E+02  0.000000000E+00  9.944194649E+00 
       735  2.764672390E+02  0.000000000E+00  9.940577158E+00 
       736  2.770448851E+02  0.000000000E+00  9.936769474E+00 
       737  2.776131818E+02  0.000000000E+00  9.932756341E+00 
       738  2.781722806E+02  0.000000000E+00  9.928520125E+00 
       739  2.787223301E+02  0.000000000E+00  9.924040518E+00 
       740  2.792634769E+02  0.000000000E+00  9.919294217E+00 
       741  2.797958652E+02  0.000000000E+00  9.914254578E+00 
       742  2.803196365E+02  0.000000000E+00  9.908891257E+00 
       743  2.808349305E+02  0.000000000E+00  9.903169824E+00 
       744  2.813418843E+02  0.000000000E+00  9.897051359E+00 
       745  2.818406329E+02  0.000000000E+00  9.890492031E+00 
       746  2.823313092E+02  0.000000000E+00  9.883442664E+00 
       747  2.828140437E+02  0.000000000E+00  9.875848279E+00 
       748  2.832889650E+02  0.000000000E+00  9.867647637E+00 
       749  2.837561995E+02  0.000000000E+00  9.858772771E+00 
       750  2.842158718E+02  0.000000000E+00  9.849148503E+00 
       751  2.846681041E+02  0.000000000E+00  9.838691978E+00 
       752  2.851130169E+02  0.000000000E+00  9.827312193E+00 
       753  2.855507287E+02  0.000000000E+00  9.814909540E+00 
       754  2.859813560E+02  0.000000000E+00  9.801375368E+00 
       755  2.864050134E+02  0.000000000E+00  9.786591579E+00 
       756  2.868218139E+02  0.000000000E+00  9.770430237E+00 
       757  2.872318683E+02  0.000000000E+00  9.752753247E+00 
       758  2.876352858E+02  0.000000000E+00  9.733412068E+00 
       759  2.880321740E+02  0.000000000E+00  9.712247496E+00 
       760  2.884226383E+02  0.000000000E+00  9.689089525E+00 
       761  2.888067830E+02  0.000000000E+00  9.663757293E+00 
       762  2.891847101E+02  0.000000000E+00  9.636059129E+00 
       763  2.895565204E+02  0.000000000E+00  9.605792716E+00 
       764  2.899223128E+02  0.000000000E+00  9.572745376E+00 
       765  2.902821847E+02  0.000000000E+00  9.536694512E+00 
       766  2.906362321E+02  0.000000000E+00  9.497408180E+00 
       767  2.909845490E+02  0.000000000E+00  9.454645860E+00 
       768  2.913272284E+02  0.000000000E+00  9.408159386E+00 
       769  2.916643614E+02  0.000000000E+00  9.357694083E+00 
       770  2.919960378E+02  0.000000000E+00  9.302990110E+00 
       771  2.923223460E+02  0.000000000E+00  9.243784005E+00 
       772  2.926433727E+02  0.000000000E+00  9.179810472E+00 
       773  2.929592035E+02  0.000000000E+00  9.110804365E+00 
       774  2.932699226E+02  0.000000000E+00  9.036502926E+00 
       775  2.935756125E+02  0.000000000E+00  8.956648229E+00 
       776  2.938763548E+02  0.000000000E+00  8.870989832E+00 
       777  2.941722295E+02  0.000000000E+00  8.779287644E+00 
       778  2.944633153E+02  0.000000000E+00  8.681314975E+00 
       779  2.947496899E+02  0.000000000E+00  8.576861725E+00 
       780  2.950314294E+02  0.000000000E+00  8.465737736E+00 
       781  2.953086088E+02  0.000000000E+00  8.347776203E+00 
       782  2.955813021E+02  0.000000000E+00  8.222837148E+00 
       783  2.958495817E+02  0.000000000E+00  8.090810913E+00 
       784  2.961135192E+02  0.000000000E+00  7.951621595E+00 
       785  2.963731847E+02  0.000000000E+00  7.805230342E+00 
       786  2.966286475E+02  0.000000000E+00  7.651638525E+00 
       787  2.968799755E+02  0.000000000E+00  7.490890648E+00 
       788  2.971272358E+02  0.000000000E+00  7.323076951E+00 
       789  2.973704940E+02  0.000000000E+00  7.148335670E+00 
       790  2.976098151E+02  0.000000000E+00  6.966854830E+00 
       791  2.978452626E+02  0.000000000E+00  6.778873581E+00 
       792  2.980768994E+02  0.000000000E+00  6.584682959E+00 
       793  2.983047871E+02  0.000000000E+00  6.384626050E+00 
       794  2.985289863E+02  0.000000000E+00  6.179097584E+00 
       795  2.987495568E+02  0.000000000E+00  6.312812040E+00 
       796  2.989665574E+02  0.000000000E+00  6.455310306E+00 
       797  2.991800457E+02  0.000000000E+00  6.273873863E+00 
       798  2.993900786E+02  0.000000000E+00  6.089354939E+00 
       799  2.995967121E+02  0.000000000E+00  5.902379377E+00 
       800  2.998000012E+02  0.000000000E+00  5.713799079E+00 
       801  3.000000000E+02  0.000000000E+00  6.093053770E+00 
       802  3.002500000E+02  0.000000000E+00  6.658949840E+00 
       803  3.005000000E+02  0.000000000E+00  6.621564148E+00 
       804  3.007500000E+02  0.000000000E+00  6.604744288E+00 
       805  3.010000000E+02  0.000000000E+00  6.600261854E+00 
       806  3.012500000E+02  0.000000000E+00  6.604975221E+00 
       807  3.015000000E+02  0.000000000E+00  6.616790597E+00 
       808  3.017500000E+02  0.000000000E+00  6.634212270E+00 
       809  3.020000000E+02  0.000000000E+00  6.656121396E+00 
       810  3.022500000E+02  0.000000000E+00  6.681654169E+00 
       811  3.025000000E+02  0.000000000E+00  6.710128391E+00 
       812  3.027500000E+02  0.000000000E+00  6.740996097E+00 
       813  3.030000000E+02  0.000000000E+00  6.773811388E+00 
       814  3.032500000E+02  0.000000000E+00  6.808207686E+00 
       815  3.035000000E+02  0.000000000E+00  6.843881130E+00 
       816  3.037500000E+02  0.000000000E+00  6.880578152E+00 
       817  3.040000000E+02  0.000000000E+00  6.918085989E+00 
       818  3.042500000E+02  0.000000000E+00  6.956225297E+00 
       819  3.045000000E+02  0.000000000E+00  6.994844321E+00 
       820  3.047500000E+02  0.000000000E+00  7.033814257E+00 
       821  3.050000000E+02  0.000000000E+00  7.073025494E+00 
       822  3.052500000E+02  0.000000000E+00  7.112384556E+00 
       823  3.055000000E+02  0.000000000E+00  7.151811595E+00 
       824  3.057500000E+02  0.000000000E+00  7.191238309E+00 
       825  3.060000000E+02  0.000000000E+00  7.230606221E+00 
       826  3.062500000E+02  0.000000000E+00  7.269865235E+00 
       827  3.065000000E+02  0.000000000E+00  7.308972419E+00 
       828  3.067500000E+02  0.000000000E+00  7.347890985E+00 
       829  3.070000000E+02  0.000000000E+00  7.386589419E+00 
       830  3.072500000E+02  0.000000000E+00  7.425040747E+00 
       831  3.075000000E+02  0.000000000E+00  7.463221902E+00 
       832  3.077500000E+02  0.000000000E+00  7.501113195E+00 
       833  3.080000000E+02  0.000000000E+00  7.538697851E+00 
       834  3.082500000E+02  0.000000000E+00  7.575961615E+00 
       835  3.085000000E+02  0.000000000E+00  7.612892419E+00 
       836  3.087500000E+02  0.000000000E+00  7.649480084E+00 
       837  3.090000000E+02  0.000000000E+00  7.685716077E+00 
       838  3.092500000E+02  0.000000000E+00  7.721593288E+00 
       839  3.095000000E+02  0.000000000E+00  7.757105848E+00 
       840  3.097500000E+02  0.000000000E+00  7.792248964E+00 
       841  3.100000000E+02  0.000000000E+00  7.827018782E+00 
       842  3.102500000E+02  0.000000000E+00  7.861412267E+00 
       843  3.105000000E+02  0.000000000E+00  7.895427096E+00 
       844  3.107500000E+02  0.000000000E+00  7.929061567E+00 
       845  3.110000000E+02  0.000000000E+00  7.962314525E+00 
       846  3.112500000E+02  0.000000000E+00  7.995185287E+00 
       847  3.115000000E+02  0.000000000E+00  8.027673587E+00 
       848  3.117500000E+02  0.000000000E+00  8.059779525E+00 
       849  3.120000000E+02  0.000000000E+00  8.091503520E+00 
       850  3.122500000E+02  0.000000000E+00  8.122846271E+00 
       851  3.125000000E+02  0.000000000E+00  8.153808725E+00 
       852  3.127500000E+02  0.000000000E+00  8.184392046E+00 
       853  3.130000000E+02  0.000000000E+00  8.214597588E+00 
       854  3.132500000E+02  0.000000000E+00  8.244426878E+00 
       855  3.135000000E+02  0.000000000E+00  8.273881588E+00 
       856  3.137500000E+02  0.000000000E+00  8.302963526E+00 
       857  3.140000000E+02  0.000000000E+00  8.331674614E+00 
       858  3.142500000E+02  0.000000000E+00  8.360016881E+00 
       859  3.145000000E+02  0.000000000E+00  8.387992448E+00 
       860  3.147500000E+02  0.000000000E+00  8.415603516E+00 
       861  3.150000000E+02  0.000000000E+00  8.442852362E+00 
       862  3.152500000E+02  0.000000000E+00  8.469741329E+00 
       863  3.155000000E+02  0.000000000E+00  8.496272816E+00 
       864  3.157500000E+02  0.000000000E+00  8.522449279E+00 
       865  3.160000000E+02  0.000000000E+00  8.548273216E+00 
       866  3.162500000E+02  0.000000000E+00  8.573747170E+00 
       867  3.165000000E+02  0.000000000E+00  8.598873723E+00 
       868  3.167500000E+02  0.000000000E+00  8.623655489E+00 
       869  3.170000000E+02  0.000000000E+00  8.648095115E+00 
       870  3.172500000E+02  0.000000000E+00  8.672195272E+00 
       871  3.175000000E+02  0.000000000E+00  8.695958659E+00 
       872  3.177500000E+02  0.000000000E+00  8.719387996E+00 
       873  3.180000000E+02  0.000000000E+00  8.742486023E+00 
       874  3.182500000E+02  0.000000000E+00  8.765255499E+00 
       875  3.185000000E+02  0.000000000E+00  8.787699198E+00 
       876  3.187500000E+02  0.000000000E+00  8.809819906E+00 
       877  3.190000000E+02  0.000000000E+00  8.831620426E+00 
       878  3.192500000E+02  0.000000000E+00  8.853103569E+00 
       879  3.195000000E+02  0.000000000E+00  8.874272156E+00 
       880  3.197500000E+02  0.000000000E+00  8.895129017E+00 
       881  3.200000000E+02  0.000000000E+00  8.915676989E+00 
       882  3.202500000E+02  0.000000000E+00  8.935918916E+00 
       883  3.205000000E+02  0.000000000E+00  8.955857644E+00 
       884  3.207500000E+02  0.000000000E+00  8.975496026E+00 
       885  3.210000000E+02  0.000000000E+00  8.994836916E+00 
       886  3.212500000E+02  0.000000000E+00  9.013883172E+00 
       887  3.215000000E+02  0.000000000E+00  9.032637650E+00 
       888  3.217500000E+02  0.000000000E+00  9.051103209E+00 
       889  3.220000000E+02  0.000000000E+00  9.069282706E+00 
       890  3.222500000E+02  0.000000000E+00  9.087178998E+00 
       891  3.225000000E+02  0.000000000E+00  9.104794939E+00 
       892  3.227500000E+02  0.000000000E+00  9.122133380E+00 
       893  3.230000000E+02  0.000000000E+00  9.139197168E+00 
       894  3.232500000E+02  0.000000000E+00  9.155989149E+00 
       895  3.235000000E+02  0.000000000E+00  9.172512160E+00 
       896  3.237500000E+02  0.000000000E+00  9.188769034E+00 
       897  3.240000000E+02  0.000000000E+00  9.204762600E+00 
       898  3.242500000E+02  0.000000000E+00  9.220495677E+00 
       899  3.245000000E+02  0.000000000E+00  9.235971079E+00 
       900  3.247500000E+02  0.000000000E+00  9.251191610E+00 
       901  3.250000000E+02  0.000000000E+00  9.266160069E+00 
       902  3.252500000E+02  0.000000000E+00  9.280879241E+00 
       903  3.255000000E+02  0.000000000E+00  9.295351907E+00 
       904  3.257500000E+02  0.000000000E+00  9.309580833E+00 
       905  3.260000000E+02  0.000000000E+00  9.323568777E+00 
       906  3.262500000E+02  0.000000000E+00  9.337318486E+00 
       907  3.265000000E+02  0.000000000E+00  9.350832694E+00 
       908  3.267500000E+02  0.000000000E+00  9.364114124E+00 
       909  3.270000000E+02  0.000000000E+00  9.377165486E+00 
       910  3.272500000E+02  0.000000000E+00  9.389989476E+00 
       911  3.275000000E+02  0.000000000E+00  9.402588779E+00 
       912  3.277500000E+02  0.000000000E+00  9.414966063E+00 
       913  3.280000000E+02  0.000000000E+00  9.427123983E+00 
       914  3.282500000E+02  0.000000000E+00  9.439065180E+00 
       915  3.285000000E+02  0.000000000E+00  9.450792279E+00 
       916  3.287500000E+02  0.000000000E+00  9.462307888E+00 
       917  3.290000000E+02  0.000000000E+00  9.473614600E+00 
       918  3.292500000E+02  0.000000000E+00  9.484714993E+00 
       919  3.295000000E+02  0.000000000E+00  9.495611625E+00 
       920  3.297500000E+02  0.000000000E+00  9.506307039E+00 
       921  3.300000000E+02  0.000000000E+00  9.516803760E+00 
       922  3.302500000E+02  0.000000000E+00  9.527104293E+00 
       923  3.305000000E+02  0.000000000E+00  9.537211128E+00 
       924  3.307500000E+02  0.000000000E+00  9.547126733E+00 
       925  3.310000000E+02  0.000000000E+00  9.556853560E+00 
       926  3.312500000E+02  0.000000000E+00  9.566394038E+00 
       927  3.315000000E+02  0.000000000E+00  9.575750578E+00 
       928  3.317500000E+02  0.000000000E+00  9.584925572E+00 
       929  3.320000000E+02  0.000000000E+00  9.593921390E+00 
       930  3.322500000E+02  0.000000000E+00  9.602740382E+00 
       931  3.325000000E+02  0.000000000E+00  9.611384876E+00 
       932  3.327500000E+02  0.000000000E+00  9.619857180E+00 
       933  3.330000000E+02  0.000000000E+00  9.628159579E+00 
       934  3.332500000E+02  0.000000000E+00  9.636294337E+00 
       935  3.335000000E+02  0.000000000E+00  9.644263695E+00 
       936  3.337500000E+02  0.000000000E+00  9.652069873E+00 
       937  3.340000000E+02  0.000000000E+00  9.659715066E+00 
       938  3.342500000E+02  0.000000000E+00  9.667201448E+00 
       939  3.345000000E+02  0.000000000E+00  9.674531169E+00 
       940  3.347500000E+02  0.000000000E+00  9.681706356E+00 
       941  3.350000000E+02  0.000000000E+00  9.688729110E+00 
       942  3.352500000E+02  0.000000000E+00  9.695601511E+00 
       943  3.355000000E+02  0.000000000E+00  9.702325614E+00 
       944  3.357500000E+02  0.000000000E+00  9.708903448E+00 
       945  3.360000000E+02  0.000000000E+00  9.715337018E+00 
       946  3.362500000E+02  0.000000000E+00  9.721628306E+00 
       947  3.365000000E+02  0.000000000E+00  9.727779266E+00 
       948  3.367500000E+02  0.000000000E+00  9.733791830E+00 
       949  3.370000000E+02  0.000000000E+00  9.739667901E+00 
       950  3.372500000E+02  0.000000000E+00  9.745409359E+00 
       951  3.375000000E+02  0.000000000E+00  9.751018058E+00 
       952  3.377500000E+02  0.000000000E+00  9.756495825E+00 
       953  3.380000000E+02  0.000000000E+00  9.761844461E+00 
       954  3.382500000E+02  0.000000000E+00  9.767065740E+00 
       955  3.385000000E+02  0.000000000E+00  9.772161412E+00 
       956  3.387500000E+02  0.000000000E+00  9.777133199E+00 
       957  3.390000000E+02  0.000000000E+00  9.781982795E+00 
       958  3.392500000E+02  0.000000000E+00  9.786711868E+00 
       959  3.395000000E+02  0.000000000E+00  9.791322060E+00 
       960  3.397500000E+02  0.000000000E+00  9.795814985E+00 
       961  3.400000000E+02  0.000000000E+00  9.800192228E+00 
       962  3.402500000E+02  0.000000000E+00  9.804455351E+00 
       963  3.405000000E+02  0.000000000E+00  9.808605884E+00 
       964  3.407500000E+02  0.000000000E+00  9.812645331E+00 
       965  3.410000000E+02  0.000000000E+00  9.816575168E+00 
       966  3.412500000E+02  0.000000000E+00  9.820396845E+00 
       967  3.415000000E+02  0.000000000E+00  9.824111781E+00 
       968  3.417500000E+02  0.000000000E+00  9.827721370E+00 
       969  3.420000000E+02  0.000000000E+00  9.831226975E+00 
       970  3.422500000E+02  0.000000000E+00  9.834629933E+00 
       971  3.425000000E+02  0.000000000E+00  9.837931551E+00 
       972  3.427500000E+02  0.000000000E+00  9.841133109E+00 
       973  3.430000000E+02  0.000000000E+00  9.844235859E+00 
       974  3.432500000E+02  0.000000000E+00  9.847241022E+00 
       975  3.435000000E+02  0.000000000E+00  9.850149793E+00 
       976  3.437500000E+02  0.000000000E+00  9.852963337E+00 
       977  3.440000000E+02  0.000000000E+00  9.855682790E+00 
       978  3.442500000E+02  0.000000000E+00  9.858309261E+00 
       979  3.445000000E+02  0.000000000E+00  9.860843829E+00 
       980  3.447500000E+02  0.000000000E+00  9.863287544E+00 
       981  3.450000000E+02  0.000000000E+00  9.865641427E+00 
       982  3.452500000E+02  0.000000000E+00  9.867906471E+00 
       983  3.455000000E+02  0.000000000E+00  9.870083640E+00 
       984  3.457500000E+02  0.000000000E+00  9.872173868E+00 
       985  3.460000000E+02  0.000000000E+00  9.874178060E+00 
       986  3.462500000E+02  0.000000000E+00  9.876097094E+00 
       987  3.465000000E+02  0.000000000E+00  9.877931815E+00 
       988  3.467500000E+02  0.000000000E+00  9.879683044E+00 
       989  3.470000000E+02  0.000000000E+00  9.881351568E+00 
       990  3.472500000E+02  0.000000000E+00  9.882938148E+00 
       991  3.475000000E+02  0.000000000E+00  9.884443515E+00 
       992  3.477500000E+02  0.000000000E+00  9.885868369E+00 
       993  3.480000000E+02  0.000000000E+00  9.887213385E+00 
       994  3.482500000E+02  0.000000000E+00  9.888479204E+00 
       995  3.485000000E+02  0.000000000E+00  9.889666441E+00 
       996  3.487500000E+02  0.000000000E+00  9.890775681E+00 
       997  3.490000000E+02  0.000000000E+00  9.891807479E+00 
       998  3.492500000E+02  0.000000000E+00  9.892762362E+00 
       999  3.495000000E+02  0.000000000E+00  9.893640827E+00 
      1000  3.497500000E+02  0.000000000E+00  9.894443341E+00 
      1001  3.500000000E+02  0.000000000E+00  9.895170343E+00 
      1002  3.502500000E+02  0.000000000E+00  9.895822243E+00 
      1003  3.505000000E+02  0.000000000E+00  9.896399420E+00 
      1004  3.507500000E+02  0.000000000E+00  9.896902226E+00 
      1005  3.510000000E+02  0.000000000E+00  9.897330983E+00 
      1006  3.512500000E+02  0.000000000E+00  9.897685982E+00 
      1007  3.515000000E+02  0.000000000E+00  9.897967487E+00 
      1008  3.517500000E+02  0.000000000E+00  9.898175733E+00 
      1009  3.520000000E+02  0.000000000E+00  9.898310923E+00 
      1010  3.522500000E+02  0.000000000E+00  9.898373235E+00 
      1011  3.525000000E+02  0.000000000E+00  9.898362814E+00 
      1012  3.527500000E+02  0.000000000E+00  9.898279778E+00 
      1013  3.530000000E+02  0.000000000E+00  9.898124214E+00 
      1014  3.532500000E+02  0.000000000E+00  9.897896184E+00 
      1015  3.535000000E+02  0.000000000E+00  9.897595715E+00 
      1016  3.537500000E+02  0.000000000E+00  9.897222810E+00 
      1017  3.540000000E+02  0.000000000E+00  9.896777440E+00 
      1018  3.542500000E+02  0.000000000E+00  9.896259549E+00 
      1019  3.545000000E+02  0.000000000E+00  9.895669049E+00 
      1020  3.547500000E+02  0.000000000E+00  9.895005826E+00 
      1021  3.550000000E+02  0.000000000E+00  9.894269736E+00 
      1022  3.552500000E+02  0.000000000E+00  9.893460605E+00 
      1023  3.555000000E+02  0.000000000E+00  9.892578232E+00 
      1024  3.557500000E+02  0.000000000E+00  9.891622384E+00 
      1025  3.560000000E+02  0.000000000E+00  9.890592804E+00 
      1026  3.562500000E+02  0.000000000E+00  9.889489200E+00 
      1027  3.565000000E+02  0.000000000E+00  9.888311257E+00 
      1028  3.567500000E+02  0.000000000E+00  9.887058627E+00 
      1029  3.570000000E+02  0.000000000E+00  9.885730936E+00 
      1030  3.572500000E+02  0.000000000E+00  9.884327778E+00 
      1031  3.575000000E+02  0.000000000E+00  9.882848721E+00 
      1032  3.577500000E+02  0.000000000E+00  9.881293305E+00 
      1033  3.580000000E+02  0.000000000E+00  9.879661037E+00 
      1034  3.582500000E+02  0.000000000E+00  9.877951401E+00 
      1035  3.585000000E+02  0.000000000E+00  9.876163847E+00 
      1036  3.587500000E+02  0.000000000E+00  9.874297800E+00 
      1037  3.590000000E+02  0.000000000E+00  9.872352656E+00 
      1038  3.592500000E+02  0.000000000E+00  9.870327781E+00 
      1039  3.595000000E+02  0.000000000E+00  9.868222513E+00 
      1040  3.597500000E+02  0.000000000E+00  9.866036163E+00 
      1041  3.600000000E+02  0.000000000E+00  9.863768011E+00 
      1042  3.602500000E+02  0.000000000E+00  9.861417312E+00 
      1043  3.605000000E+02  0.000000000E+00  9.858983290E+00 
      1044  3.607500000E+02  0.000000000E+00  9.856465140E+00 
      1045  3.610000000E+02  0.000000000E+00  9.853862033E+00 
      1046  3.612500000E+02  0.000000000E+00  9.851173107E+00 
      1047  3.615000000E+02  0.000000000E+00  9.848397475E+00 
      1048  3.617500000E+02  0.000000000E+00  9.845534220E+00 
      1049  3.620000000E+02  0.000000000E+00  9.842582398E+00 
      1050  3.622500000E+02  0.000000000E+00  9.839541037E+00 
      1051  3.625000000E+02  0.000000000E+00  9.836409137E+00 
      1052  3.627500000E+02  0.000000000E+00  9.833185670E+00 
      1053  3.630000000E+02  0.000000000E+00  9.829869579E+00 
      1054  3.632500000E+02  0.000000000E+00  9.826459781E+00 
      1055  3.635000000E+02  0.000000000E+00  9.822955166E+00 
      1056  3.637500000E+02  0.000000000E+00  9.819354593E+00 
      1057  3.640000000E+02  0.000000000E+00  9.815656896E+00 
      1058  3.642500000E+02  0.000000000E+00  9.811860881E+00 
      1059  3.645000000E+02  0.000000000E+00  9.807965326E+00 
      1060  3.647500000E+02  0.000000000E+00  9.803968983E+00 
      1061  3.650000000E+02  0.000000000E+00  9.799870575E+00 
      1062  3.652500000E+02  0.000000000E+00  9.795668798E+00 
      1063  3.655000000E+02  0.000000000E+00  9.791362323E+00 
      1064  3.657500000E+02  0.000000000E+00  9.786949790E+00 
      1065  3.660000000E+02  0.000000000E+00  9.782429816E+00 
      1066  3.662500000E+02  0.000000000E+00  9.777800989E+00 
      1067  3.665000000E+02  0.000000000E+00  9.773061870E+00 
      1068  3.667500000E+02  0.000000000E+00  9.768210995E+00 
      1069  3.670000000E+02  0.000000000E+00  9.763246871E+00 
      1070  3.672500000E+02  0.000000000E+00  9.758167979E+00 
      1071  3.675000000E+02  0.000000000E+00  9.752972776E+00 
      1072  3.677500000E+02  0.000000000E+00  9.747659691E+00 
      1073  3.680000000E+02  0.000000000E+00  9.742227124E+00 
      1074  3.682500000E+02  0.000000000E+00  9.736673454E+00 
      1075  3.685000000E+02  0.000000000E+00  9.730997031E+00 
      1076  3.687500000E+02  0.000000000E+00  9.725196178E+00 
      1077  3.690000000E+02  0.000000000E+00  9.719269195E+00 
      1078  3.692500000E+02  0.000000000E+00  9.713214355E+00 
      1079  3.695000000E+02  0.000000000E+00  9.707029906E+00 
      1080  3.697500000E+02  0.000000000E+00  9.700714068E+00 
      1081  3.700000000E+02  0.000000000E+00  9.694265040E+00 
      1082  3.702500000E+02  0.000000000E+00  9.687680992E+00 
      1083  3.705000000E+02  0.000000000E+00  9.680960071E+00 
      1084  3.707500000E+02  0.000000000E+00  9.674100397E+00 
      1085  3.710000000E+02  0.000000000E+00  9.667100069E+00 
      1086  3.712500000E+02  0.000000000E+00  9.659957158E+00 
      1087  3.715000000E+02  0.000000000E+00  9.652669711E+00 
      1088  3.717500000E+02  0.000000000E+00  9.645235751E+00 
      1089  3.720000000E+02  0.000000000E+00  9.637653278E+00 
      1090  3.722500000E+02  0.000000000E+00  9.629920265E+00 
      1091  3.725000000E+02  0.000000000E+00  9.622034665E+00 
      1092  3.727500000E+02  0.000000000E+00  9.613994403E+00 
      1093  3.730000000E+02  0.000000000E+00  9.605797383E+00 
      1094  3.732500000E+02  0.000000000E+00  9.597441484E+00 
      1095  3.735000000E+02  0.000000000E+00  9.588924565E+00 
      1096  3.737500000E+02  0.000000000E+00  9.580244457E+00 
      1097  3.740000000E+02  0.000000000E+00  9.571398972E+00 
      1098  3.742500000E+02  0.000000000E+00  9.562385897E+00 
      1099  3.745000000E+02  0.000000000E+00  9.553202997E+00 
      1100  3.747500000E+02  0.000000000E+00  9.543848014E+00 
      1101  3.750000000E+02  0.000000000E+00  9.534318669E+00 
      1102  3.752500000E+02  0.000000000E+00  9.524612660E+00 
      1103  3.755000000E+02  0.000000000E+00  9.514727664E+00 
      1104  3.757500000E+02  0.000000000E+00  9.504661334E+00 
      1105  3.760000000E+02  0.000000000E+00  9.494411303E+00 
      1106  3.762500000E+02  0.000000000E+00  9.483975184E+00 
      1107  3.765000000E+02  0.000000000E+00  9.473350567E+00 
      1108  3.767500000E+02  0.000000000E+00  9.462535021E+00 
      1109  3.770000000E+02  0.000000000E+00  9.451526096E+00 
      1110  3.772500000E+02  0.000000000E+00  9.440321320E+00 
      1111  3.775000000E+02  0.000000000E+00  9.428918200E+00 
      1112  3.777500000E+02  0.000000000E+00  9.417314226E+00 
      1113  3.780000000E+02  0.000000000E+00  9.405506865E+00 
      1114  3.782500000E+02  0.000000000E+00  9.393493567E+00 
      1115  3.785000000E+02  0.000000000E+00  9.381271760E+00 
      1116  3.787500000E+02  0.000000000E+00  9.368838856E+00 
      1117  3.790000000E+02  0.000000000E+00  9.356192247E+00 
      1118  3.792500000E+02  0.000000000E+00  9.343329306E+00 
      1119  3.795000000E+02  0.000000000E+00  9.330247388E+00 
      1120  3.797500000E+02  0.000000000E+00  9.316943832E+00 
      1121  3.800000000E+02  0.000000000E+00  9.303415957E+00 
      1122  3.802500000E+02  0.000000000E+00  9.289661068E+00 
      1123  3.805000000E+02  0.000000000E+00  9.275676451E+00 
      1124  3.807500000E+02  0.000000000E+00  9.261459377E+00 
      1125  3.810000000E+02  0.000000000E+00  9.247007102E+00 
      1126  3.812500000E+02  0.000000000E+00  9.232316865E+00 
      1127  3.815000000E+02  0.000000000E+00  9.217385894E+00 
      1128  3.817500000E+02  0.000000000E+00  9.202211400E+00 
      1129  3.820000000E+02  0.000000000E+00  9.186790582E+00 
      1130  3.822500000E+02  0.000000000E+00  9.171120628E+00 
      1131  3.825000000E+02  0.000000000E+00  9.155198713E+00 
      1132  3.827500000E+02  0.000000000E+00  9.139022004E+00 
      1133  3.830000000E+02  0.000000000E+00  9.122587657E+00 
      1134  3.832500000E+02  0.000000000E+00  9.105892821E+00 
      1135  3.835000000E+02  0.000000000E+00  9.088934638E+00 
      1136  3.837500000E+02  0.000000000E+00  9.071710247E+00 
      1137  3.840000000E+02  0.000000000E+00  9.054216783E+00 
      1138  3.842500000E+02  0.000000000E+00  9.036451381E+00 
      1139  3.845000000E+02  0.000000000E+00  9.018411177E+00 
      1140  3.847500000E+02  0.000000000E+00  9.000093311E+00 
      1141  3.850000000E+02  0.000000000E+00  8.981494934E+00 
      1142  3.852500000E+02  0.000000000E+00  8.962613205E+00 
      1143  3.855000000E+02  0.000000000E+00  8.943445300E+00 
      1144  3.857500000E+02  0.000000000E+00  8.923988415E+00 
      1145  3.860000000E+02  0.000000000E+00  8.904239771E+00 
      1146  3.862500000E+02  0.000000000E+00  8.884196621E+00 
      1147  3.865000000E+02  0.000000000E+00  8.863856258E+00 
      1148  3.867500000E+02  0.000000000E+00  8.843216020E+00 
      1149  3.870000000E+02  0.000000000E+00  8.822273305E+00 
      1150  3.872500000E+02  0.000000000E+00  8.801025574E+00 
      1151  3.875000000E+02  0.000000000E+00  8.779470371E+00 
      1152  3.877500000E+02  0.000000000E+00  8.757605333E+00 
      1153  3.880000000E+02  0.000000000E+00  8.735428206E+00 
      1154  3.882500000E+02  0.000000000E+00  8.712936868E+00 
      1155  3.885000000E+02  0.000000000E+00  8.690129347E+00 
      1156  3.887500000E+02  0.000000000E+00  8.667003848E+00 
      1157  3.890000000E+02  0.000000000E+00  8.643558779E+00 
      1158  3.892500000E+02  0.000000000E+00  8.619792791E+00 
      1159  3.895000000E+02  0.000000000E+00  8.595704809E+00 
      1160  3.897500000E+02  0.000000000E+00  8.571294082E+00 
      1161  3.900000000E+02  0.000000000E+00  8.546560231E+00 
      1162  3.902500000E+02  0.000000000E+00  8.521503312E+00 
      1163  3.905000000E+02  0.000000000E+00  8.496123880E+00 
      1164  3.907500000E+02  0.000000000E+00  8.470423072E+00 
      1165  3.910000000E+02  0.000000000E+00  8.444402700E+00 
      1166  3.912500000E+02  0.000000000E+00  8.418065351E+00 
      1167  3.915000000E+02  0.000000000E+00  8.391414516E+00 
      1168  3.917500000E+02  0.000000000E+00  8.364454732E+00 
      1169  3.920000000E+02  0.000000000E+00  8.337191744E+00 
      1170  3.922500000E+02  0.000000000E+00  8.309632702E+00 
      1171  3.925000000E+02  0.000000000E+00  8.281786381E+00 
      1172  3.927500000E+02  0.000000000E+00  8.253663441E+00 
      1173  3.930000000E+02  0.000000000E+00  8.225276734E+00 
      1174  3.932500000E+02  0.000000000E+00  8.196641653E+00 
      1175  3.935000000E+02  0.000000000E+00  8.167776550E+00 
      1176  3.937500000E+02  0.000000000E+00  8.138703219E+00 
      1177  3.940000000E+02  0.000000000E+00  8.109447468E+00 
      1178  3.942500000E+02  0.000000000E+00  8.080039790E+00 
      1179  3.945000000E+02  0.000000000E+00  8.050516158E+00 
      1180  3.947500000E+02  0.000000000E+00  8.020918963E+00 
      1181  3.950000000E+02  0.000000000E+00  7.991298143E+00 
      1182  3.952500000E+02  0.000000000E+00  7.961712515E+00 
      1183  3.955000000E+02  0.000000000E+00  7.932231396E+00 
      1184  3.957500000E+02  0.000000000E+00  7.902936552E+00 
      1185  3.960000000E+02  0.000000000E+00  7.873924581E+00 
      1186  3.962500000E+02  0.000000000E+00  7.845309828E+00 
      1187  3.965000000E+02  0.000000000E+00  7.817228011E+00 
      1188  3.967500000E+02  0.000000000E+00  7.789840755E+00 
      1189  3.970000000E+02  0.000000000E+00  7.763341350E+00 
      1190  3.972500000E+02  0.000000000E+00  7.737962153E+00 
      1191  3.975000000E+02  0.000000000E+00  7.713984295E+00 
      1192  3.977500000E+02  0.000000000E+00  7.691750669E+00 
      1193  3.980000000E+02  0.000000000E+00  7.671683747E+00 
      1194  3.982500000E+02  0.000000000E+00  7.654310855E+00 
      1195  3.985000000E+02  0.000000000E+00  7.640301492E+00 
      1196  3.987500000E+02  0.000000000E+00  7.630525382E+00 
      1197  3.990000000E+02  0.000000000E+00  7.626149211E+00 
      1198  3.992500000E+02  0.000000000E+00  7.628813064E+00 
      1199  3.995000000E+02  0.000000000E+00  7.640990750E+00 
      1200  3.997500000E+02  0.000000000E+00  7.669281869E+00 
      1201  4.000000000E+02  0.000000000E+00  7.005177901E+00 
      1202  4.002000034E+02  0.000000000E+00  6.546449229E+00 
      1203  4.004016387E+02  0.000000000E+00  6.720966717E+00 
      1204  4.006049192E+02  0.000000000E+00  6.890276113E+00 
      1205  4.008098583E+02  0.000000000E+00  7.053986159E+00 
      1206  4.010164696E+02  0.000000000E+00  7.211943272E+00 
      1207  4.012247666E+02  0.000000000E+00  7.364044784E+00 
      1208  4.014347631E+02  0.000000000E+00  7.510230514E+00 
      1209  4.016464731E+02  0.000000000E+00  7.650477184E+00 
      1210  4.018599104E+02  0.000000000E+00  7.784794397E+00 
      1211  4.020750892E+02  0.000000000E+00  7.913220851E+00 
      1212  4.022920237E+02  0.000000000E+00  8.035820854E+00 
      1213  4.025107282E+02  0.000000000E+00  8.159491742E+00 
      1214  4.027312172E+02  0.000000000E+00  8.277122643E+00 
      1215  4.029535052E+02  0.000000000E+00  8.381933105E+00 
      1216  4.031776069E+02  0.000000000E+00  8.481414296E+00 
      1217  4.034035370E+02  0.000000000E+00  8.575714715E+00 
      1218  4.036313106E+02  0.000000000E+00  8.664992430E+00 
      1219  4.038609426E+02  0.000000000E+00  8.749413142E+00 
      1220  4.040924483E+02  0.000000000E+00  8.829148448E+00 
      1221  4.043258428E+02  0.000000000E+00  8.908465358E+00 
      1222  4.045611417E+02  0.000000000E+00  8.983155522E+00 
      1223  4.047983604E+02  0.000000000E+00  9.049259319E+00 
      1224  4.050375146E+02  0.000000000E+00  9.111433470E+00 
      1225  4.052786201E+02  0.000000000E+00  9.169855575E+00 
      1226  4.055216929E+02  0.000000000E+00  9.227595877E+00 
      1227  4.057667489E+02  0.000000000E+00  9.287696433E+00 
      1228  4.060138044E+02  0.000000000E+00  9.350802768E+00 
      1229  4.062628756E+02  0.000000000E+00  9.406778004E+00 
      1230  4.065139791E+02  0.000000000E+00  9.451901443E+00 
      1231  4.067671314E+02  0.000000000E+00  9.496393597E+00 
      1232  4.070223492E+02  0.000000000E+00  9.537121139E+00 
      1233  4.072796494E+02  0.000000000E+00  9.575099530E+00 
      1234  4.075390490E+02  0.000000000E+00  9.608386716E+00 
      1235  4.078005650E+02  0.000000000E+00  9.633680106E+00 
      1236  4.080642148E+02  0.000000000E+00  9.657672842E+00 
      1237  4.083300158E+02  0.000000000E+00  9.679888904E+00 
      1238  4.085979855E+02  0.000000000E+00  9.700258417E+00 
      1239  4.088681416E+02  0.000000000E+00  9.691301707E+00 
      1240  4.091405020E+02  0.000000000E+00  9.683362483E+00 
      1241  4.094150846E+02  0.000000000E+00  9.705033470E+00 
      1242  4.096919076E+02  0.000000000E+00  9.725141753E+00 
      1243  4.099709892E+02  0.000000000E+00  9.743792450E+00 
      1244  4.102523480E+02  0.000000000E+00  9.761084943E+00 
      1245  4.105360024E+02  0.000000000E+00  9.777113043E+00 
      1246  4.108219711E+02  0.000000000E+00  9.791965171E+00 
      1247  4.111102732E+02  0.000000000E+00  9.805724543E+00 
      1248  4.114009276E+02  0.000000000E+00  9.818469368E+00 
      1249  4.116939535E+02  0.000000000E+00  9.830273049E+00 
      1250  4.119893702E+02  0.000000000E+00  9.841204385E+00 
      1251  4.122871973E+02  0.000000000E+00  9.851327782E+00 
      1252  4.125874544E+02  0.000000000E+00  9.860703451E+00 
      1253  4.128901614E+02  0.000000000E+00  9.869387617E+00 
      1254  4.131953383E+02  0.000000000E+00  9.877432720E+00 
      1255  4.135030051E+02  0.000000000E+00  9.884887610E+00 
      1256  4.138131823E+02  0.000000000E+00  9.891797744E+00 
      1257  4.141258902E+02  0.000000000E+00  9.898205371E+00 
      1258  4.144411496E+02  0.000000000E+00  9.904149718E+00 
      1259  4.147589813E+02  0.000000000E+00  9.909667163E+00 
      1260  4.150794062E+02  0.000000000E+00  9.914791409E+00 
      1261  4.154024455E+02  0.000000000E+00  9.919553646E+00 
      1262  4.157281206E+02  0.000000000E+00  9.923982710E+00 
      1263  4.160564529E+02  0.000000000E+00  9.928105231E+00 
      1264  4.163874641E+02  0.000000000E+00  9.931945781E+00 
      1265  4.167211762E+02  0.000000000E+00  9.935527005E+00 
      1266  4.170576110E+02  0.000000000E+00  9.938869757E+00 
      1267  4.173967909E+02  0.000000000E+00  9.941993219E+00 
      1268  4.177387382E+02  0.000000000E+00  9.944915021E+00 
      1269  4.180834756E+02  0.000000000E+00  9.947651351E+00 
      1270  4.184310257E+02  0.000000000E+00  9.950217058E+00 
      1271  4.187814116E+02  0.000000000E+00  9.952625751E+00 
      1272  4.191346563E+02  0.000000000E+00  9.954889894E+00 
      1273  4.194907832E+02  0.000000000E+00  9.957020889E+00 
      1274  4.198498158E+02  0.000000000E+00  9.959029160E+00 
      1275  4.202117779E+02  0.000000000E+00  9.960924231E+00 
      1276  4.205766933E+02  0.000000000E+00  9.962714793E+00 
      1277  4.209445860E+02  0.000000000E+00  9.964408775E+00 
      1278  4.213154806E+02  0.000000000E+00  9.966013403E+00 
      1279  4.216894013E+02  0.000000000E+00  9.967535261E+00 
      1280  4.220663728E+02  0.000000000E+00  9.968980343E+00 
      1281  4.224464202E+02  0.000000000E+00  9.970354103E+00 
      1282  4.228295685E+02  0.000000000E+00  9.971661504E+00 
      1283  4.232158429E+02  0.000000000E+00  9.972907058E+00 
      1284  4.236052691E+02  0.000000000E+00  9.974094867E+00 
      1285  4.239978726E+02  0.000000000E+00  9.975228660E+00 
      1286  4.243936795E+02  0.000000000E+00  9.976311829E+00 
      1287  4.247927158E+02  0.000000000E+00  9.977347456E+00 
      1288  4.251950080E+02  0.000000000E+00  9.978338344E+00 
      1289  4.256005825E+02  0.000000000E+00  9.979287046E+00 
      1290  4.260094662E+02  0.000000000E+00  9.980195885E+00 
      1291  4.264216861E+02  0.000000000E+00  9.981066980E+00 
      1292  4.268372694E+02  0.000000000E+00  9.981902263E+00 
      1293  4.272562434E+02  0.000000000E+00  9.982703501E+00 
      1294  4.276786360E+02  0.000000000E+00  9.983472310E+00 
      1295  4.281044750E+02  0.000000000E+00  9.984210172E+00 
      1296  4.285337884E+02  0.000000000E+00  9.984918451E+00 
      1297  4.289666047E+02  0.000000000E+00  9.985598401E+00 
      1298  4.294029525E+02  0.000000000E+00  9.986251182E+00 
      1299  4.298428605E+02  0.000000000E+00  9.986877870E+00 
      1300  4.302863578E+02  0.000000000E+00  9.987479462E+00 
      1301  4.307334737E+02  0.000000000E+00  9.988056891E+00 
      1302  4.311842377E+02  0.000000000E+00  9.988611030E+00 
      1303  4.316386795E+02  0.000000000E+00  9.989142698E+00 
      1304  4.320968293E+02  0.000000000E+00  9.989652669E+00 
      1305  4.325587172E+02  0.000000000E+00  9.990141674E+00 
      1306  4.330243737E+02  0.000000000E+00  9.990610412E+00 
      1307  4.334938296E+02  0.000000000E+00  9.991059546E+00 
      1308  4.339671159E+02  0.000000000E+00  9.991489714E+00 
      1309  4.344442638E+02  0.000000000E+00  9.991901527E+00 
      1310  4.349253049E+02  0.000000000E+00  9.992295577E+00 
      1311  4.354102708E+02  0.000000000E+00  9.992672434E+00 
      1312  4.358991937E+02  0.000000000E+00  9.993032653E+00 
      1313  4.363921059E+02  0.000000000E+00  9.993376773E+00 
      1314  4.368890398E+02  0.000000000E+00  9.993705320E+00 
      1315  4.373900283E+02  0.000000000E+00  9.994018809E+00 
      1316  4.378951044E+02  0.000000000E+00  9.994317741E+00 
      1317  4.384043016E+02  0.000000000E+00  9.994602609E+00 
      1318  4.389176534E+02  0.000000000E+00  9.994873897E+00 
      1319  4.394351937E+02  0.000000000E+00  9.995132079E+00 
      1320  4.399569568E+02  0.000000000E+00  9.995377622E+00 
      1321  4.404829770E+02  0.000000000E+00  9.995610982E+00 
      1322  4.410132892E+02  0.000000000E+00  9.995832611E+00 
      1323  4.415479282E+02  0.000000000E+00  9.996042951E+00 
      1324  4.420869295E+02  0.000000000E+00  9.996242436E+00 
      1325  4.426303286E+02  0.000000000E+00  9.996431494E+00 
      1326  4.431781614E+02  0.000000000E+00  9.996610542E+00 
      1327  4.437304641E+02  0.000000000E+00  9.996779992E+00 
      1328  4.442872731E+02  0.000000000E+00  9.996940247E+00 
      1329  4.448486253E+02  0.000000000E+00  9.997091701E+00 
      1330  4.454145576E+02  0.000000000E+00  9.997234740E+00 
      1331  4.459851075E+02  0.000000000E+00  9.997369740E+00 
      1332  4.465603126E+02  0.000000000E+00  9.997497068E+00 
      1333  4.471402109E+02  0.000000000E+00  9.997617084E+00 
      1334  4.477248408E+02  0.000000000E+00  9.997730135E+00 
      1335  4.483142407E+02  0.000000000E+00  9.997836561E+00 
      1336  4.489084497E+02  0.000000000E+00  9.997936690E+00 
      1337  4.495075070E+02  0.000000000E+00  9.998030840E+00 
      1338  4.501114521E+02  0.000000000E+00  9.998119321E+00 
      1339  4.507203248E+02  0.000000000E+00  9.998202430E+00 
      1340  4.513341655E+02  0.000000000E+00  9.998280453E+00 
      1341  4.519530147E+02  0.000000000E+00  9.998353667E+00 
      1342  4.525769132E+02  0.000000000E+00  9.998422339E+00 
      1343  4.532059021E+02  0.000000000E+00  9.998486721E+00 
      1344  4.538400232E+02  0.000000000E+00  9.998547059E+00 
      1345  4.544793181E+02  0.000000000E+00  9.998603586E+00 
      1346  4.551238292E+02  0.000000000E+00  9.998656525E+00 
      1347  4.557735990E+02  0.000000000E+00  9.998706087E+00 
      1348  4.564286703E+02  0.000000000E+00  9.998752473E+00 
      1349  4.570890866E+02  0.000000000E+00  9.998795877E+00 
      1350  4.577548913E+02  0.000000000E+00  9.998836478E+00 
      1351  4.584261284E+02  0.000000000E+00  9.998874449E+00 
      1352  4.591028423E+02  0.000000000E+00  9.998909952E+00 
      1353  4.597850777E+02  0.000000000E+00  9.998943139E+00 
      1354  4.604728795E+02  0.000000000E+00  9.998974155E+00 
      1355  4.611662932E+02  0.000000000E+00  9.999003135E+00 
      1356  4.618653647E+02  0.000000000E+00  9.999030207E+00 
      1357  4.625701400E+02  0.000000000E+00  9.999055491E+00 
      1358  4.632806657E+02  0.000000000E+00  9.999079099E+00 
      1359  4.639969887E+02  0.000000000E+00  9.999101137E+00 
      1360  4.647191564E+02  0.000000000E+00  9.999121707E+00 
      1361  4.654472164E+02  0.000000000E+00  9.999140903E+00 
      1362  4.661812167E+02  0.000000000E+00  9.999158815E+00 
      1363  4.669212059E+02  0.000000000E+00  9.999175530E+00 
      1364  4.676672328E+02  0.000000000E+00  9.999191133E+00 
      1365  4.684193468E+02  0.000000000E+00  9.999205705E+00 
      1366  4.691775973E+02  0.000000000E+00  9.999219329E+00 
      1367  4.699420346E+02  0.000000000E+00  9.999232087E+00 
      1368  4.707127091E+02  0.000000000E+00  9.999244067E+00 
      1369  4.714896716E+02  0.000000000E+00  9.999255360E+00 
      1370  4.722729736E+02  0.000000000E+00  9.999266065E+00 
      1371  4.730626666E+02  0.000000000E+00  9.999276294E+00 
      1372  4.738588030E+02  0.000000000E+00  9.999286176E+00 
      1373  4.746614352E+02  0.000000000E+00  9.999295860E+00 
      1374  4.754706162E+02  0.000000000E+00  9.999305525E+00 
      1375  4.762863994E+02  0.000000000E+00  9.999315392E+00 
      1376  4.771088389E+02  0.000000000E+00  9.999325733E+00 
      1377  4.779379887E+02  0.000000000E+00  9.999336890E+00 
      1378  4.787739038E+02  0.000000000E+00  9.999349300E+00 
      1379  4.796166392E+02  0.000000000E+00  9.999363524E+00 
      1380  4.804662507E+02  0.000000000E+00  9.999380291E+00 
      1381  4.813227944E+02  0.000000000E+00  9.999400554E+00 
      1382  4.821863268E+02  0.000000000E+00  9.999425570E+00 
      1383  4.830569049E+02  0.000000000E+00  9.999457008E+00 
      1384  4.839345862E+02  0.000000000E+00  9.999497091E+00 
      1385  4.848194287E+02  0.000000000E+00  9.999548804E+00 
      1386  4.857114908E+02  0.000000000E+00  9.999616167E+00 
      1387  4.866108314E+02  0.000000000E+00  9.999704625E+00 
      1388  4.875175099E+02  0.000000000E+00  9.999821579E+00 
      1389  4.884315862E+02  0.000000000E+00  9.999977131E+00 
      1390  4.893531206E+02  0.000000000E+00  1.000018512E+01 
      1391  4.902821741E+02  0.000000000E+00  1.000046459E+01 
      1392  4.912188078E+02  0.000000000E+00  1.000084177E+01 
      1393  4.921630837E+02  0.000000000E+00  1.000135300E+01 
      1394  4.931150642E+02  0.000000000E+00  1.000204871E+01 
      1395  4.940748120E+02  0.000000000E+00  1.000299912E+01 
      1396  4.950423907E+02  0.000000000E+00  1.000430230E+01 
      1397  4.960178639E+02  0.000000000E+00  1.000609565E+01 
      1398  4.970012963E+02  0.000000000E+00  1.000856005E+01 
      1399  4.979927527E+02  0.000000000E+00  1.001374438E+01 
      1400  4.989922986E+02  0.000000000E+00  1.002068941E+01 
      1401  5.000000000E+02  0.000000000E+00  1.002387710E+01 
