nodenumber     x-coordinate     y-coordinate           udm-12 
         1  0.000000000E+00  0.000000000E+00  9.997151933E+00 
         2  1.007701384E+00  0.000000000E+00  9.997269278E+00 
         3  2.007247274E+00  0.000000000E+00  9.998889902E+00 
         4  2.998703673E+00  0.000000000E+00  1.000034955E+01 
         5  3.982136051E+00  0.000000000E+00  1.000030668E+01 
         6  4.957609346E+00  0.000000000E+00  1.000029333E+01 
         7  5.925187975E+00  0.000000000E+00  1.000029371E+01 
         8  6.884935829E+00  0.000000000E+00  1.000030403E+01 
         9  7.836916284E+00  0.000000000E+00  1.000032156E+01 
        10  8.781192203E+00  0.000000000E+00  1.000034432E+01 
        11  9.717825941E+00  0.000000000E+00  1.000037087E+01 
        12  1.064687935E+01  0.000000000E+00  1.000040020E+01 
        13  1.156841377E+01  0.000000000E+00  1.000043155E+01 
        14  1.248249006E+01  0.000000000E+00  1.000046438E+01 
        15  1.338916858E+01  0.000000000E+00  1.000049830E+01 
        16  1.428850920E+01  0.000000000E+00  1.000053301E+01 
        17  1.518057130E+01  0.000000000E+00  1.000056829E+01 
        18  1.606541380E+01  0.000000000E+00  1.000060399E+01 
        19  1.694309512E+01  0.000000000E+00  1.000063997E+01 
        20  1.781367322E+01  0.000000000E+00  1.000067617E+01 
        21  1.867720559E+01  0.000000000E+00  1.000071249E+01 
        22  1.953374925E+01  0.000000000E+00  1.000074890E+01 
        23  2.038336076E+01  0.000000000E+00  1.000078533E+01 
        24  2.122609622E+01  0.000000000E+00  1.000082177E+01 
        25  2.206201128E+01  0.000000000E+00  1.000085817E+01 
        26  2.289116114E+01  0.000000000E+00  1.000089451E+01 
        27  2.371360056E+01  0.000000000E+00  1.000093076E+01 
        28  2.452938383E+01  0.000000000E+00  1.000096690E+01 
        29  2.533856484E+01  0.000000000E+00  1.000100288E+01 
        30  2.614119701E+01  0.000000000E+00  1.000103869E+01 
        31  2.693733335E+01  0.000000000E+00  1.000107429E+01 
        32  2.772702642E+01  0.000000000E+00  1.000110963E+01 
        33  2.851032837E+01  0.000000000E+00  1.000114469E+01 
        34  2.928729093E+01  0.000000000E+00  1.000117942E+01 
        35  3.005796541E+01  0.000000000E+00  1.000121375E+01 
        36  3.082240268E+01  0.000000000E+00  1.000124765E+01 
        37  3.158065324E+01  0.000000000E+00  1.000128105E+01 
        38  3.233276716E+01  0.000000000E+00  1.000131388E+01 
        39  3.307879409E+01  0.000000000E+00  1.000134607E+01 
        40  3.381878330E+01  0.000000000E+00  1.000137754E+01 
        41  3.455278365E+01  0.000000000E+00  1.000140819E+01 
        42  3.528084362E+01  0.000000000E+00  1.000143794E+01 
        43  3.600301127E+01  0.000000000E+00  1.000146668E+01 
        44  3.671933431E+01  0.000000000E+00  1.000149429E+01 
        45  3.742986002E+01  0.000000000E+00  1.000152067E+01 
        46  3.813463533E+01  0.000000000E+00  1.000154567E+01 
        47  3.883370678E+01  0.000000000E+00  1.000156916E+01 
        48  3.952712052E+01  0.000000000E+00  1.000159099E+01 
        49  4.021492235E+01  0.000000000E+00  1.000161101E+01 
        50  4.089715769E+01  0.000000000E+00  1.000162904E+01 
        51  4.157387159E+01  0.000000000E+00  1.000164491E+01 
        52  4.224510872E+01  0.000000000E+00  1.000165842E+01 
        53  4.291091342E+01  0.000000000E+00  1.000166938E+01 
        54  4.357132966E+01  0.000000000E+00  1.000167758E+01 
        55  4.422640104E+01  0.000000000E+00  1.000168279E+01 
        56  4.487617081E+01  0.000000000E+00  1.000168478E+01 
        57  4.552068189E+01  0.000000000E+00  1.000168330E+01 
        58  4.615997684E+01  0.000000000E+00  1.000167810E+01 
        59  4.679409786E+01  0.000000000E+00  1.000166891E+01 
        60  4.742308684E+01  0.000000000E+00  1.000165545E+01 
        61  4.804698530E+01  0.000000000E+00  1.000163743E+01 
        62  4.866583446E+01  0.000000000E+00  1.000161453E+01 
        63  4.927967516E+01  0.000000000E+00  1.000158646E+01 
        64  4.988854795E+01  0.000000000E+00  1.000155288E+01 
        65  5.049249303E+01  0.000000000E+00  1.000151345E+01 
        66  5.109155028E+01  0.000000000E+00  1.000146782E+01 
        67  5.168575926E+01  0.000000000E+00  1.000141564E+01 
        68  5.227515921E+01  0.000000000E+00  1.000135654E+01 
        69  5.285978905E+01  0.000000000E+00  1.000129012E+01 
        70  5.343968738E+01  0.000000000E+00  1.000121602E+01 
        71  5.401489250E+01  0.000000000E+00  1.000113381E+01 
        72  5.458544238E+01  0.000000000E+00  1.000104311E+01 
        73  5.515137472E+01  0.000000000E+00  1.000094349E+01 
        74  5.571272686E+01  0.000000000E+00  1.000083453E+01 
        75  5.626953590E+01  0.000000000E+00  1.000071580E+01 
        76  5.682183858E+01  0.000000000E+00  1.000058686E+01 
        77  5.736967139E+01  0.000000000E+00  1.000044729E+01 
        78  5.791307049E+01  0.000000000E+00  1.000029663E+01 
        79  5.845207178E+01  0.000000000E+00  1.000013444E+01 
        80  5.898671083E+01  0.000000000E+00  9.999960282E+00 
        81  5.951702297E+01  0.000000000E+00  9.999773696E+00 
        82  6.004304320E+01  0.000000000E+00  9.999574242E+00 
        83  6.056480627E+01  0.000000000E+00  9.999361478E+00 
        84  6.108234661E+01  0.000000000E+00  9.999134965E+00 
        85  6.159569842E+01  0.000000000E+00  9.998894270E+00 
        86  6.210489559E+01  0.000000000E+00  9.998638969E+00 
        87  6.260997174E+01  0.000000000E+00  9.998368646E+00 
        88  6.311096022E+01  0.000000000E+00  9.998082897E+00 
        89  6.360789412E+01  0.000000000E+00  9.997781332E+00 
        90  6.410080625E+01  0.000000000E+00  9.997463578E+00 
        91  6.458972916E+01  0.000000000E+00  9.997129279E+00 
        92  6.507469514E+01  0.000000000E+00  9.996778101E+00 
        93  6.555573621E+01  0.000000000E+00  9.996409736E+00 
        94  6.603288413E+01  0.000000000E+00  9.996023902E+00 
        95  6.650617042E+01  0.000000000E+00  9.995620349E+00 
        96  6.697562632E+01  0.000000000E+00  9.995198860E+00 
        97  6.744128283E+01  0.000000000E+00  9.994759261E+00 
        98  6.790317071E+01  0.000000000E+00  9.994301418E+00 
        99  6.836132046E+01  0.000000000E+00  9.993825246E+00 
       100  6.881576232E+01  0.000000000E+00  9.993330716E+00 
       101  6.926652631E+01  0.000000000E+00  9.992817856E+00 
       102  6.971364219E+01  0.000000000E+00  9.992286762E+00 
       103  7.015713949E+01  0.000000000E+00  9.991737603E+00 
       104  7.059704749E+01  0.000000000E+00  9.991170627E+00 
       105  7.103339524E+01  0.000000000E+00  9.990586172E+00 
       106  7.146621156E+01  0.000000000E+00  9.989984677E+00 
       107  7.189552503E+01  0.000000000E+00  9.989366686E+00 
       108  7.232136399E+01  0.000000000E+00  9.988732864E+00 
       109  7.274375656E+01  0.000000000E+00  9.988084009E+00 
       110  7.316273064E+01  0.000000000E+00  9.987421062E+00 
       111  7.357831389E+01  0.000000000E+00  9.986745125E+00 
       112  7.399053376E+01  0.000000000E+00  9.986057476E+00 
       113  7.439941746E+01  0.000000000E+00  9.985359584E+00 
       114  7.480499201E+01  0.000000000E+00  9.984653132E+00 
       115  7.520728416E+01  0.000000000E+00  9.983940036E+00 
       116  7.560632051E+01  0.000000000E+00  9.983222467E+00 
       117  7.600212738E+01  0.000000000E+00  9.982502876E+00 
       118  7.639473092E+01  0.000000000E+00  9.981784021E+00 
       119  7.678415706E+01  0.000000000E+00  9.981068998E+00 
       120  7.717043151E+01  0.000000000E+00  9.980361271E+00 
       121  7.755357977E+01  0.000000000E+00  9.979664704E+00 
       122  7.793362715E+01  0.000000000E+00  9.978983607E+00 
       123  7.831059875E+01  0.000000000E+00  9.978322765E+00 
       124  7.868451945E+01  0.000000000E+00  9.977687494E+00 
       125  7.905541395E+01  0.000000000E+00  9.977083677E+00 
       126  7.942330674E+01  0.000000000E+00  9.976517826E+00 
       127  7.978822211E+01  0.000000000E+00  9.975997129E+00 
       128  8.015018416E+01  0.000000000E+00  9.975529514E+00 
       129  8.050921679E+01  0.000000000E+00  9.975123716E+00 
       130  8.086534371E+01  0.000000000E+00  9.974789338E+00 
       131  8.121858844E+01  0.000000000E+00  9.974536936E+00 
       132  8.156897429E+01  0.000000000E+00  9.974378091E+00 
       133  8.191652442E+01  0.000000000E+00  9.974325510E+00 
       134  8.226126177E+01  0.000000000E+00  9.974393055E+00 
       135  8.260320909E+01  0.000000000E+00  9.974595936E+00 
       136  8.294238899E+01  0.000000000E+00  9.974950805E+00 
       137  8.327882384E+01  0.000000000E+00  9.975475790E+00 
       138  8.361253587E+01  0.000000000E+00  9.976190673E+00 
       139  8.394354712E+01  0.000000000E+00  9.977117014E+00 
       140  8.427187943E+01  0.000000000E+00  9.978278286E+00 
       141  8.459755450E+01  0.000000000E+00  9.979700021E+00 
       142  8.492059382E+01  0.000000000E+00  9.981409972E+00 
       143  8.524101873E+01  0.000000000E+00  9.983438277E+00 
       144  8.555885039E+01  0.000000000E+00  9.985817641E+00 
       145  8.587410979E+01  0.000000000E+00  9.988583527E+00 
       146  8.618681774E+01  0.000000000E+00  9.991774359E+00 
       147  8.649699489E+01  0.000000000E+00  9.995431744E+00 
       148  8.680466173E+01  0.000000000E+00  9.999600699E+00 
       149  8.710983857E+01  0.000000000E+00  1.000432990E+01 
       150  8.741254556E+01  0.000000000E+00  1.000967196E+01 
       151  8.771280270E+01  0.000000000E+00  1.001568369E+01 
       152  8.801062980E+01  0.000000000E+00  1.002242640E+01 
       153  8.830604654E+01  0.000000000E+00  1.002996627E+01 
       154  8.859907242E+01  0.000000000E+00  1.003837463E+01 
       155  8.888972679E+01  0.000000000E+00  1.004772837E+01 
       156  8.917802885E+01  0.000000000E+00  1.005811033E+01 
       157  8.946399764E+01  0.000000000E+00  1.006960972E+01 
       158  8.974765203E+01  0.000000000E+00  1.008232259E+01 
       159  9.002901076E+01  0.000000000E+00  1.009635232E+01 
       160  9.030809241E+01  0.000000000E+00  1.011181013E+01 
       161  9.058491540E+01  0.000000000E+00  1.012881569E+01 
       162  9.085949802E+01  0.000000000E+00  1.014749771E+01 
       163  9.113185839E+01  0.000000000E+00  1.016799463E+01 
       164  9.140201451E+01  0.000000000E+00  1.019045535E+01 
       165  9.166998421E+01  0.000000000E+00  1.021504000E+01 
       166  9.193578518E+01  0.000000000E+00  1.024192081E+01 
       167  9.219943499E+01  0.000000000E+00  1.027128306E+01 
       168  9.246095103E+01  0.000000000E+00  1.030332612E+01 
       169  9.272035058E+01  0.000000000E+00  1.033826469E+01 
       170  9.297765077E+01  0.000000000E+00  1.037632896E+01 
       171  9.323286858E+01  0.000000000E+00  1.041776682E+01 
       172  9.348602087E+01  0.000000000E+00  1.046284762E+01 
       173  9.373712436E+01  0.000000000E+00  1.051290179E+01 
       174  9.398619563E+01  0.000000000E+00  1.056752924E+01 
       175  9.423325112E+01  0.000000000E+00  1.062616168E+01 
       176  9.447830715E+01  0.000000000E+00  1.063816235E+01 
       177  9.472137990E+01  0.000000000E+00  1.065430056E+01 
       178  9.496248543E+01  0.000000000E+00  1.072225840E+01 
       179  9.520163964E+01  0.000000000E+00  1.080004280E+01 
       180  9.543885834E+01  0.000000000E+00  1.089735350E+01 
       181  9.567415720E+01  0.000000000E+00  1.099828397E+01 
       182  9.590755173E+01  0.000000000E+00  1.109490904E+01 
       183  9.613905737E+01  0.000000000E+00  1.119673205E+01 
       184  9.636868940E+01  0.000000000E+00  1.130700633E+01 
       185  9.659646297E+01  0.000000000E+00  1.142643089E+01 
       186  9.682239314E+01  0.000000000E+00  1.155576989E+01 
       187  9.704649481E+01  0.000000000E+00  1.170040771E+01 
       188  9.726878279E+01  0.000000000E+00  1.185709973E+01 
       189  9.748927176E+01  0.000000000E+00  1.202743500E+01 
       190  9.770797628E+01  0.000000000E+00  1.221206978E+01 
       191  9.792491078E+01  0.000000000E+00  1.241289142E+01 
       192  9.814008960E+01  0.000000000E+00  1.263076166E+01 
       193  9.835352693E+01  0.000000000E+00  1.286180637E+01 
       194  9.856523689E+01  0.000000000E+00  1.311277803E+01 
       195  9.877523344E+01  0.000000000E+00  1.337768859E+01 
       196  9.898353045E+01  0.000000000E+00  1.366591747E+01 
       197  9.919014168E+01  0.000000000E+00  1.398759221E+01 
       198  9.939508077E+01  0.000000000E+00  1.433824961E+01 
       199  9.959836126E+01  0.000000000E+00  1.472096028E+01 
       200  9.979999657E+01  0.000000000E+00  1.514135891E+01 
       201  1.000000000E+02  0.000000000E+00  1.420889582E+01 
       202  1.002500000E+02  0.000000000E+00  1.280805327E+01 
       203  1.005000000E+02  0.000000000E+00  1.286729468E+01 
       204  1.007500000E+02  0.000000000E+00  1.289770128E+01 
       205  1.010000000E+02  0.000000000E+00  1.291189194E+01 
       206  1.012500000E+02  0.000000000E+00  1.291426705E+01 
       207  1.015000000E+02  0.000000000E+00  1.290767832E+01 
       208  1.017500000E+02  0.000000000E+00  1.289411897E+01 
       209  1.020000000E+02  0.000000000E+00  1.287505488E+01 
       210  1.022500000E+02  0.000000000E+00  1.285160247E+01 
       211  1.025000000E+02  0.000000000E+00  1.282463348E+01 
       212  1.027500000E+02  0.000000000E+00  1.279484125E+01 
       213  1.030000000E+02  0.000000000E+00  1.276278494E+01 
       214  1.032500000E+02  0.000000000E+00  1.272892035E+01 
       215  1.035000000E+02  0.000000000E+00  1.269362221E+01 
       216  1.037500000E+02  0.000000000E+00  1.265720067E+01 
       217  1.040000000E+02  0.000000000E+00  1.261991377E+01 
       218  1.042500000E+02  0.000000000E+00  1.258197711E+01 
       219  1.045000000E+02  0.000000000E+00  1.254357147E+01 
       220  1.047500000E+02  0.000000000E+00  1.250484878E+01 
       221  1.050000000E+02  0.000000000E+00  1.246593701E+01 
       222  1.052500000E+02  0.000000000E+00  1.242694408E+01 
       223  1.055000000E+02  0.000000000E+00  1.238796111E+01 
       224  1.057500000E+02  0.000000000E+00  1.234906503E+01 
       225  1.060000000E+02  0.000000000E+00  1.231032079E+01 
       226  1.062500000E+02  0.000000000E+00  1.227178321E+01 
       227  1.065000000E+02  0.000000000E+00  1.223349851E+01 
       228  1.067500000E+02  0.000000000E+00  1.219550555E+01 
       229  1.070000000E+02  0.000000000E+00  1.215783699E+01 
       230  1.072500000E+02  0.000000000E+00  1.212052014E+01 
       231  1.075000000E+02  0.000000000E+00  1.208357775E+01 
       232  1.077500000E+02  0.000000000E+00  1.204702870E+01 
       233  1.080000000E+02  0.000000000E+00  1.201088852E+01 
       234  1.082500000E+02  0.000000000E+00  1.197516991E+01 
       235  1.085000000E+02  0.000000000E+00  1.193988308E+01 
       236  1.087500000E+02  0.000000000E+00  1.190503619E+01 
       237  1.090000000E+02  0.000000000E+00  1.187063554E+01 
       238  1.092500000E+02  0.000000000E+00  1.183668592E+01 
       239  1.095000000E+02  0.000000000E+00  1.180319079E+01 
       240  1.097500000E+02  0.000000000E+00  1.177015243E+01 
       241  1.100000000E+02  0.000000000E+00  1.173757217E+01 
       242  1.102500000E+02  0.000000000E+00  1.170545049E+01 
       243  1.105000000E+02  0.000000000E+00  1.167378712E+01 
       244  1.107500000E+02  0.000000000E+00  1.164258119E+01 
       245  1.110000000E+02  0.000000000E+00  1.161183128E+01 
       246  1.112500000E+02  0.000000000E+00  1.158153551E+01 
       247  1.115000000E+02  0.000000000E+00  1.155169160E+01 
       248  1.117500000E+02  0.000000000E+00  1.152229694E+01 
       249  1.120000000E+02  0.000000000E+00  1.149334860E+01 
       250  1.122500000E+02  0.000000000E+00  1.146484343E+01 
       251  1.125000000E+02  0.000000000E+00  1.143677806E+01 
       252  1.127500000E+02  0.000000000E+00  1.140914891E+01 
       253  1.130000000E+02  0.000000000E+00  1.138195227E+01 
       254  1.132500000E+02  0.000000000E+00  1.135518430E+01 
       255  1.135000000E+02  0.000000000E+00  1.132884101E+01 
       256  1.137500000E+02  0.000000000E+00  1.130291836E+01 
       257  1.140000000E+02  0.000000000E+00  1.127741220E+01 
       258  1.142500000E+02  0.000000000E+00  1.125231832E+01 
       259  1.145000000E+02  0.000000000E+00  1.122763245E+01 
       260  1.147500000E+02  0.000000000E+00  1.120335029E+01 
       261  1.150000000E+02  0.000000000E+00  1.117946749E+01 
       262  1.152500000E+02  0.000000000E+00  1.115597967E+01 
       263  1.155000000E+02  0.000000000E+00  1.113288242E+01 
       264  1.157500000E+02  0.000000000E+00  1.111017134E+01 
       265  1.160000000E+02  0.000000000E+00  1.108784199E+01 
       266  1.162500000E+02  0.000000000E+00  1.106588994E+01 
       267  1.165000000E+02  0.000000000E+00  1.104431074E+01 
       268  1.167500000E+02  0.000000000E+00  1.102309996E+01 
       269  1.170000000E+02  0.000000000E+00  1.100225315E+01 
       270  1.172500000E+02  0.000000000E+00  1.098176590E+01 
       271  1.175000000E+02  0.000000000E+00  1.096163378E+01 
       272  1.177500000E+02  0.000000000E+00  1.094185237E+01 
       273  1.180000000E+02  0.000000000E+00  1.092241729E+01 
       274  1.182500000E+02  0.000000000E+00  1.090332415E+01 
       275  1.185000000E+02  0.000000000E+00  1.088456858E+01 
       276  1.187500000E+02  0.000000000E+00  1.086614624E+01 
       277  1.190000000E+02  0.000000000E+00  1.084805279E+01 
       278  1.192500000E+02  0.000000000E+00  1.083028394E+01 
       279  1.195000000E+02  0.000000000E+00  1.081283539E+01 
       280  1.197500000E+02  0.000000000E+00  1.079570288E+01 
       281  1.200000000E+02  0.000000000E+00  1.077888218E+01 
       282  1.202500000E+02  0.000000000E+00  1.076236907E+01 
       283  1.205000000E+02  0.000000000E+00  1.074615936E+01 
       284  1.207500000E+02  0.000000000E+00  1.073024890E+01 
       285  1.210000000E+02  0.000000000E+00  1.071463355E+01 
       286  1.212500000E+02  0.000000000E+00  1.069930920E+01 
       287  1.215000000E+02  0.000000000E+00  1.068427179E+01 
       288  1.217500000E+02  0.000000000E+00  1.066951725E+01 
       289  1.220000000E+02  0.000000000E+00  1.065504159E+01 
       290  1.222500000E+02  0.000000000E+00  1.064084082E+01 
       291  1.225000000E+02  0.000000000E+00  1.062691098E+01 
       292  1.227500000E+02  0.000000000E+00  1.061324814E+01 
       293  1.230000000E+02  0.000000000E+00  1.059984844E+01 
       294  1.232500000E+02  0.000000000E+00  1.058670800E+01 
       295  1.235000000E+02  0.000000000E+00  1.057382302E+01 
       296  1.237500000E+02  0.000000000E+00  1.056118969E+01 
       297  1.240000000E+02  0.000000000E+00  1.054880428E+01 
       298  1.242500000E+02  0.000000000E+00  1.053666307E+01 
       299  1.245000000E+02  0.000000000E+00  1.052476237E+01 
       300  1.247500000E+02  0.000000000E+00  1.051309854E+01 
       301  1.250000000E+02  0.000000000E+00  1.050166798E+01 
       302  1.252500000E+02  0.000000000E+00  1.049046711E+01 
       303  1.255000000E+02  0.000000000E+00  1.047949240E+01 
       304  1.257500000E+02  0.000000000E+00  1.046874036E+01 
       305  1.260000000E+02  0.000000000E+00  1.045820752E+01 
       306  1.262500000E+02  0.000000000E+00  1.044789047E+01 
       307  1.265000000E+02  0.000000000E+00  1.043778583E+01 
       308  1.267500000E+02  0.000000000E+00  1.042789025E+01 
       309  1.270000000E+02  0.000000000E+00  1.041820043E+01 
       310  1.272500000E+02  0.000000000E+00  1.040871312E+01 
       311  1.275000000E+02  0.000000000E+00  1.039942508E+01 
       312  1.277500000E+02  0.000000000E+00  1.039033314E+01 
       313  1.280000000E+02  0.000000000E+00  1.038143415E+01 
       314  1.282500000E+02  0.000000000E+00  1.037272501E+01 
       315  1.285000000E+02  0.000000000E+00  1.036420267E+01 
       316  1.287500000E+02  0.000000000E+00  1.035586409E+01 
       317  1.290000000E+02  0.000000000E+00  1.034770631E+01 
       318  1.292500000E+02  0.000000000E+00  1.033972638E+01 
       319  1.295000000E+02  0.000000000E+00  1.033192141E+01 
       320  1.297500000E+02  0.000000000E+00  1.032428855E+01 
       321  1.300000000E+02  0.000000000E+00  1.031682498E+01 
       322  1.302500000E+02  0.000000000E+00  1.030952793E+01 
       323  1.305000000E+02  0.000000000E+00  1.030239469E+01 
       324  1.307500000E+02  0.000000000E+00  1.029542255E+01 
       325  1.310000000E+02  0.000000000E+00  1.028860888E+01 
       326  1.312500000E+02  0.000000000E+00  1.028195107E+01 
       327  1.315000000E+02  0.000000000E+00  1.027544658E+01 
       328  1.317500000E+02  0.000000000E+00  1.026909288E+01 
       329  1.320000000E+02  0.000000000E+00  1.026288749E+01 
       330  1.322500000E+02  0.000000000E+00  1.025682800E+01 
       331  1.325000000E+02  0.000000000E+00  1.025091201E+01 
       332  1.327500000E+02  0.000000000E+00  1.024513718E+01 
       333  1.330000000E+02  0.000000000E+00  1.023950120E+01 
       334  1.332500000E+02  0.000000000E+00  1.023400182E+01 
       335  1.335000000E+02  0.000000000E+00  1.022863681E+01 
       336  1.337500000E+02  0.000000000E+00  1.022340402E+01 
       337  1.340000000E+02  0.000000000E+00  1.021830130E+01 
       338  1.342500000E+02  0.000000000E+00  1.021332657E+01 
       339  1.345000000E+02  0.000000000E+00  1.020847778E+01 
       340  1.347500000E+02  0.000000000E+00  1.020375293E+01 
       341  1.350000000E+02  0.000000000E+00  1.019915007E+01 
       342  1.352500000E+02  0.000000000E+00  1.019466727E+01 
       343  1.355000000E+02  0.000000000E+00  1.019030266E+01 
       344  1.357500000E+02  0.000000000E+00  1.018605442E+01 
       345  1.360000000E+02  0.000000000E+00  1.018192074E+01 
       346  1.362500000E+02  0.000000000E+00  1.017789989E+01 
       347  1.365000000E+02  0.000000000E+00  1.017399016E+01 
       348  1.367500000E+02  0.000000000E+00  1.017018990E+01 
       349  1.370000000E+02  0.000000000E+00  1.016649748E+01 
       350  1.372500000E+02  0.000000000E+00  1.016291132E+01 
       351  1.375000000E+02  0.000000000E+00  1.015942990E+01 
       352  1.377500000E+02  0.000000000E+00  1.015605172E+01 
       353  1.380000000E+02  0.000000000E+00  1.015277533E+01 
       354  1.382500000E+02  0.000000000E+00  1.014959932E+01 
       355  1.385000000E+02  0.000000000E+00  1.014652234E+01 
       356  1.387500000E+02  0.000000000E+00  1.014354305E+01 
       357  1.390000000E+02  0.000000000E+00  1.014066017E+01 
       358  1.392500000E+02  0.000000000E+00  1.013787247E+01 
       359  1.395000000E+02  0.000000000E+00  1.013517875E+01 
       360  1.397500000E+02  0.000000000E+00  1.013257784E+01 
       361  1.400000000E+02  0.000000000E+00  1.013006865E+01 
       362  1.402500000E+02  0.000000000E+00  1.012765009E+01 
       363  1.405000000E+02  0.000000000E+00  1.012532113E+01 
       364  1.407500000E+02  0.000000000E+00  1.012308079E+01 
       365  1.410000000E+02  0.000000000E+00  1.012092811E+01 
       366  1.412500000E+02  0.000000000E+00  1.011886219E+01 
       367  1.415000000E+02  0.000000000E+00  1.011688216E+01 
       368  1.417500000E+02  0.000000000E+00  1.011498721E+01 
       369  1.420000000E+02  0.000000000E+00  1.011317654E+01 
       370  1.422500000E+02  0.000000000E+00  1.011144942E+01 
       371  1.425000000E+02  0.000000000E+00  1.010980514E+01 
       372  1.427500000E+02  0.000000000E+00  1.010824306E+01 
       373  1.430000000E+02  0.000000000E+00  1.010676254E+01 
       374  1.432500000E+02  0.000000000E+00  1.010536302E+01 
       375  1.435000000E+02  0.000000000E+00  1.010404395E+01 
       376  1.437500000E+02  0.000000000E+00  1.010280485E+01 
       377  1.440000000E+02  0.000000000E+00  1.010164527E+01 
       378  1.442500000E+02  0.000000000E+00  1.010056479E+01 
       379  1.445000000E+02  0.000000000E+00  1.009956304E+01 
       380  1.447500000E+02  0.000000000E+00  1.009863969E+01 
       381  1.450000000E+02  0.000000000E+00  1.009779446E+01 
       382  1.452500000E+02  0.000000000E+00  1.009702710E+01 
       383  1.455000000E+02  0.000000000E+00  1.009633740E+01 
       384  1.457500000E+02  0.000000000E+00  1.009572521E+01 
       385  1.460000000E+02  0.000000000E+00  1.009519041E+01 
       386  1.462500000E+02  0.000000000E+00  1.009473290E+01 
       387  1.465000000E+02  0.000000000E+00  1.009435265E+01 
       388  1.467500000E+02  0.000000000E+00  1.009404968E+01 
       389  1.470000000E+02  0.000000000E+00  1.009382402E+01 
       390  1.472500000E+02  0.000000000E+00  1.009367576E+01 
       391  1.475000000E+02  0.000000000E+00  1.009360502E+01 
       392  1.477500000E+02  0.000000000E+00  1.009361199E+01 
       393  1.480000000E+02  0.000000000E+00  1.009369688E+01 
       394  1.482500000E+02  0.000000000E+00  1.009385994E+01 
       395  1.485000000E+02  0.000000000E+00  1.009410147E+01 
       396  1.487500000E+02  0.000000000E+00  1.009442181E+01 
       397  1.490000000E+02  0.000000000E+00  1.009482135E+01 
       398  1.492500000E+02  0.000000000E+00  1.009530051E+01 
       399  1.495000000E+02  0.000000000E+00  1.009585976E+01 
       400  1.497500000E+02  0.000000000E+00  1.009649963E+01 
       401  1.500000000E+02  0.000000000E+00  1.009722066E+01 
       402  1.502500000E+02  0.000000000E+00  1.009802346E+01 
       403  1.505000000E+02  0.000000000E+00  1.009890867E+01 
       404  1.507500000E+02  0.000000000E+00  1.009987697E+01 
       405  1.510000000E+02  0.000000000E+00  1.010092911E+01 
       406  1.512500000E+02  0.000000000E+00  1.010206586E+01 
       407  1.515000000E+02  0.000000000E+00  1.010328804E+01 
       408  1.517500000E+02  0.000000000E+00  1.010459652E+01 
       409  1.520000000E+02  0.000000000E+00  1.010599221E+01 
       410  1.522500000E+02  0.000000000E+00  1.010747607E+01 
       411  1.525000000E+02  0.000000000E+00  1.010904909E+01 
       412  1.527500000E+02  0.000000000E+00  1.011071234E+01 
       413  1.530000000E+02  0.000000000E+00  1.011246690E+01 
       414  1.532500000E+02  0.000000000E+00  1.011431391E+01 
       415  1.535000000E+02  0.000000000E+00  1.011625456E+01 
       416  1.537500000E+02  0.000000000E+00  1.011829008E+01 
       417  1.540000000E+02  0.000000000E+00  1.012042176E+01 
       418  1.542500000E+02  0.000000000E+00  1.012265092E+01 
       419  1.545000000E+02  0.000000000E+00  1.012497894E+01 
       420  1.547500000E+02  0.000000000E+00  1.012740724E+01 
       421  1.550000000E+02  0.000000000E+00  1.012993730E+01 
       422  1.552500000E+02  0.000000000E+00  1.013257062E+01 
       423  1.555000000E+02  0.000000000E+00  1.013530879E+01 
       424  1.557500000E+02  0.000000000E+00  1.013815342E+01 
       425  1.560000000E+02  0.000000000E+00  1.014110617E+01 
       426  1.562500000E+02  0.000000000E+00  1.014416876E+01 
       427  1.565000000E+02  0.000000000E+00  1.014734296E+01 
       428  1.567500000E+02  0.000000000E+00  1.015063058E+01 
       429  1.570000000E+02  0.000000000E+00  1.015403349E+01 
       430  1.572500000E+02  0.000000000E+00  1.015755360E+01 
       431  1.575000000E+02  0.000000000E+00  1.016119288E+01 
       432  1.577500000E+02  0.000000000E+00  1.016495334E+01 
       433  1.580000000E+02  0.000000000E+00  1.016883707E+01 
       434  1.582500000E+02  0.000000000E+00  1.017284617E+01 
       435  1.585000000E+02  0.000000000E+00  1.017698282E+01 
       436  1.587500000E+02  0.000000000E+00  1.018124925E+01 
       437  1.590000000E+02  0.000000000E+00  1.018564773E+01 
       438  1.592500000E+02  0.000000000E+00  1.019018059E+01 
       439  1.595000000E+02  0.000000000E+00  1.019485022E+01 
       440  1.597500000E+02  0.000000000E+00  1.019965905E+01 
       441  1.600000000E+02  0.000000000E+00  1.020460956E+01 
       442  1.602500000E+02  0.000000000E+00  1.020970431E+01 
       443  1.605000000E+02  0.000000000E+00  1.021494588E+01 
       444  1.607500000E+02  0.000000000E+00  1.022033692E+01 
       445  1.610000000E+02  0.000000000E+00  1.022588015E+01 
       446  1.612500000E+02  0.000000000E+00  1.023157831E+01 
       447  1.615000000E+02  0.000000000E+00  1.023743423E+01 
       448  1.617500000E+02  0.000000000E+00  1.024345075E+01 
       449  1.620000000E+02  0.000000000E+00  1.024963082E+01 
       450  1.622500000E+02  0.000000000E+00  1.025597740E+01 
       451  1.625000000E+02  0.000000000E+00  1.026249353E+01 
       452  1.627500000E+02  0.000000000E+00  1.026918229E+01 
       453  1.630000000E+02  0.000000000E+00  1.027604682E+01 
       454  1.632500000E+02  0.000000000E+00  1.028309033E+01 
       455  1.635000000E+02  0.000000000E+00  1.029031605E+01 
       456  1.637500000E+02  0.000000000E+00  1.029772731E+01 
       457  1.640000000E+02  0.000000000E+00  1.030532746E+01 
       458  1.642500000E+02  0.000000000E+00  1.031311992E+01 
       459  1.645000000E+02  0.000000000E+00  1.032110816E+01 
       460  1.647500000E+02  0.000000000E+00  1.032929572E+01 
       461  1.650000000E+02  0.000000000E+00  1.033768617E+01 
       462  1.652500000E+02  0.000000000E+00  1.034628315E+01 
       463  1.655000000E+02  0.000000000E+00  1.035509037E+01 
       464  1.657500000E+02  0.000000000E+00  1.036411157E+01 
       465  1.660000000E+02  0.000000000E+00  1.037335054E+01 
       466  1.662500000E+02  0.000000000E+00  1.038281116E+01 
       467  1.665000000E+02  0.000000000E+00  1.039249733E+01 
       468  1.667500000E+02  0.000000000E+00  1.040241302E+01 
       469  1.670000000E+02  0.000000000E+00  1.041256225E+01 
       470  1.672500000E+02  0.000000000E+00  1.042294910E+01 
       471  1.675000000E+02  0.000000000E+00  1.043357769E+01 
       472  1.677500000E+02  0.000000000E+00  1.044445220E+01 
       473  1.680000000E+02  0.000000000E+00  1.045557687E+01 
       474  1.682500000E+02  0.000000000E+00  1.046695599E+01 
       475  1.685000000E+02  0.000000000E+00  1.047859389E+01 
       476  1.687500000E+02  0.000000000E+00  1.049049496E+01 
       477  1.690000000E+02  0.000000000E+00  1.050266364E+01 
       478  1.692500000E+02  0.000000000E+00  1.051510442E+01 
       479  1.695000000E+02  0.000000000E+00  1.052782184E+01 
       480  1.697500000E+02  0.000000000E+00  1.054082049E+01 
       481  1.700000000E+02  0.000000000E+00  1.055410502E+01 
       482  1.702500000E+02  0.000000000E+00  1.056768010E+01 
       483  1.705000000E+02  0.000000000E+00  1.058155047E+01 
       484  1.707500000E+02  0.000000000E+00  1.059572090E+01 
       485  1.710000000E+02  0.000000000E+00  1.061019623E+01 
       486  1.712500000E+02  0.000000000E+00  1.062498133E+01 
       487  1.715000000E+02  0.000000000E+00  1.064008111E+01 
       488  1.717500000E+02  0.000000000E+00  1.065550052E+01 
       489  1.720000000E+02  0.000000000E+00  1.067124458E+01 
       490  1.722500000E+02  0.000000000E+00  1.068731831E+01 
       491  1.725000000E+02  0.000000000E+00  1.070372681E+01 
       492  1.727500000E+02  0.000000000E+00  1.072047518E+01 
       493  1.730000000E+02  0.000000000E+00  1.073756860E+01 
       494  1.732500000E+02  0.000000000E+00  1.075501226E+01 
       495  1.735000000E+02  0.000000000E+00  1.077281139E+01 
       496  1.737500000E+02  0.000000000E+00  1.079097126E+01 
       497  1.740000000E+02  0.000000000E+00  1.080949716E+01 
       498  1.742500000E+02  0.000000000E+00  1.082839443E+01 
       499  1.745000000E+02  0.000000000E+00  1.084766844E+01 
       500  1.747500000E+02  0.000000000E+00  1.086732456E+01 
       501  1.750000000E+02  0.000000000E+00  1.088736824E+01 
       502  1.752500000E+02  0.000000000E+00  1.090780490E+01 
       503  1.755000000E+02  0.000000000E+00  1.092864003E+01 
       504  1.757500000E+02  0.000000000E+00  1.094987911E+01 
       505  1.760000000E+02  0.000000000E+00  1.097152766E+01 
       506  1.762500000E+02  0.000000000E+00  1.099359122E+01 
       507  1.765000000E+02  0.000000000E+00  1.101607534E+01 
       508  1.767500000E+02  0.000000000E+00  1.103898559E+01 
       509  1.770000000E+02  0.000000000E+00  1.106232756E+01 
       510  1.772500000E+02  0.000000000E+00  1.108610684E+01 
       511  1.775000000E+02  0.000000000E+00  1.111032905E+01 
       512  1.777500000E+02  0.000000000E+00  1.113499979E+01 
       513  1.780000000E+02  0.000000000E+00  1.116012470E+01 
       514  1.782500000E+02  0.000000000E+00  1.118570939E+01 
       515  1.785000000E+02  0.000000000E+00  1.121175951E+01 
       516  1.787500000E+02  0.000000000E+00  1.123828069E+01 
       517  1.790000000E+02  0.000000000E+00  1.126527854E+01 
       518  1.792500000E+02  0.000000000E+00  1.129275870E+01 
       519  1.795000000E+02  0.000000000E+00  1.132072679E+01 
       520  1.797500000E+02  0.000000000E+00  1.134918841E+01 
       521  1.800000000E+02  0.000000000E+00  1.137814916E+01 
       522  1.802500000E+02  0.000000000E+00  1.140761462E+01 
       523  1.805000000E+02  0.000000000E+00  1.143759036E+01 
       524  1.807500000E+02  0.000000000E+00  1.146808192E+01 
       525  1.810000000E+02  0.000000000E+00  1.149909483E+01 
       526  1.812500000E+02  0.000000000E+00  1.153063458E+01 
       527  1.815000000E+02  0.000000000E+00  1.156270663E+01 
       528  1.817500000E+02  0.000000000E+00  1.159531643E+01 
       529  1.820000000E+02  0.000000000E+00  1.162846937E+01 
       530  1.822500000E+02  0.000000000E+00  1.166217080E+01 
       531  1.825000000E+02  0.000000000E+00  1.169642605E+01 
       532  1.827500000E+02  0.000000000E+00  1.173124038E+01 
       533  1.830000000E+02  0.000000000E+00  1.176661900E+01 
       534  1.832500000E+02  0.000000000E+00  1.180256707E+01 
       535  1.835000000E+02  0.000000000E+00  1.183908970E+01 
       536  1.837500000E+02  0.000000000E+00  1.187619190E+01 
       537  1.840000000E+02  0.000000000E+00  1.191387863E+01 
       538  1.842500000E+02  0.000000000E+00  1.195215477E+01 
       539  1.845000000E+02  0.000000000E+00  1.199102511E+01 
       540  1.847500000E+02  0.000000000E+00  1.203049433E+01 
       541  1.850000000E+02  0.000000000E+00  1.207056703E+01 
       542  1.852500000E+02  0.000000000E+00  1.211124768E+01 
       543  1.855000000E+02  0.000000000E+00  1.215254064E+01 
       544  1.857500000E+02  0.000000000E+00  1.219445012E+01 
       545  1.860000000E+02  0.000000000E+00  1.223698018E+01 
       546  1.862500000E+02  0.000000000E+00  1.228013472E+01 
       547  1.865000000E+02  0.000000000E+00  1.232391748E+01 
       548  1.867500000E+02  0.000000000E+00  1.236833194E+01 
       549  1.870000000E+02  0.000000000E+00  1.241338142E+01 
       550  1.872500000E+02  0.000000000E+00  1.245906894E+01 
       551  1.875000000E+02  0.000000000E+00  1.250539727E+01 
       552  1.877500000E+02  0.000000000E+00  1.255236884E+01 
       553  1.880000000E+02  0.000000000E+00  1.259998575E+01 
       554  1.882500000E+02  0.000000000E+00  1.264824968E+01 
       555  1.885000000E+02  0.000000000E+00  1.269716187E+01 
       556  1.887500000E+02  0.000000000E+00  1.274672305E+01 
       557  1.890000000E+02  0.000000000E+00  1.279693336E+01 
       558  1.892500000E+02  0.000000000E+00  1.284779228E+01 
       559  1.895000000E+02  0.000000000E+00  1.289929856E+01 
       560  1.897500000E+02  0.000000000E+00  1.295145004E+01 
       561  1.900000000E+02  0.000000000E+00  1.300424360E+01 
       562  1.902500000E+02  0.000000000E+00  1.305767499E+01 
       563  1.905000000E+02  0.000000000E+00  1.311173864E+01 
       564  1.907500000E+02  0.000000000E+00  1.316642748E+01 
       565  1.910000000E+02  0.000000000E+00  1.322173269E+01 
       566  1.912500000E+02  0.000000000E+00  1.327764348E+01 
       567  1.915000000E+02  0.000000000E+00  1.333414672E+01 
       568  1.917500000E+02  0.000000000E+00  1.339122660E+01 
       569  1.920000000E+02  0.000000000E+00  1.344886419E+01 
       570  1.922500000E+02  0.000000000E+00  1.350703697E+01 
       571  1.925000000E+02  0.000000000E+00  1.356571819E+01 
       572  1.927500000E+02  0.000000000E+00  1.362487626E+01 
       573  1.930000000E+02  0.000000000E+00  1.368447385E+01 
       574  1.932500000E+02  0.000000000E+00  1.374446701E+01 
       575  1.935000000E+02  0.000000000E+00  1.380480405E+01 
       576  1.937500000E+02  0.000000000E+00  1.386542418E+01 
       577  1.940000000E+02  0.000000000E+00  1.392625600E+01 
       578  1.942500000E+02  0.000000000E+00  1.398721562E+01 
       579  1.945000000E+02  0.000000000E+00  1.404820453E+01 
       580  1.947500000E+02  0.000000000E+00  1.410910690E+01 
       581  1.950000000E+02  0.000000000E+00  1.416978655E+01 
       582  1.952500000E+02  0.000000000E+00  1.423008312E+01 
       583  1.955000000E+02  0.000000000E+00  1.428980761E+01 
       584  1.957500000E+02  0.000000000E+00  1.434873681E+01 
       585  1.960000000E+02  0.000000000E+00  1.440660661E+01 
       586  1.962500000E+02  0.000000000E+00  1.446310368E+01 
       587  1.965000000E+02  0.000000000E+00  1.451785515E+01 
       588  1.967500000E+02  0.000000000E+00  1.457041557E+01 
       589  1.970000000E+02  0.000000000E+00  1.462025029E+01 
       590  1.972500000E+02  0.000000000E+00  1.466671394E+01 
       591  1.975000000E+02  0.000000000E+00  1.470902195E+01 
       592  1.977500000E+02  0.000000000E+00  1.474621203E+01 
       593  1.980000000E+02  0.000000000E+00  1.477709067E+01 
       594  1.982500000E+02  0.000000000E+00  1.480015604E+01 
       595  1.985000000E+02  0.000000000E+00  1.481348212E+01 
       596  1.987500000E+02  0.000000000E+00  1.481453455E+01 
       597  1.990000000E+02  0.000000000E+00  1.479985643E+01 
       598  1.992500000E+02  0.000000000E+00  1.476448017E+01 
       599  1.995000000E+02  0.000000000E+00  1.470069696E+01 
       600  1.997500000E+02  0.000000000E+00  1.458594046E+01 
       601  2.000000000E+02  0.000000000E+00  1.705291120E+01 
       602  2.001999988E+02  0.000000000E+00  1.867372620E+01 
       603  2.004032879E+02  0.000000000E+00  1.788436122E+01 
       604  2.006099214E+02  0.000000000E+00  1.717194324E+01 
       605  2.008199543E+02  0.000000000E+00  1.652450774E+01 
       606  2.010334426E+02  0.000000000E+00  1.593526066E+01 
       607  2.012504431E+02  0.000000000E+00  1.539828082E+01 
       608  2.014710137E+02  0.000000000E+00  1.490838256E+01 
       609  2.016952129E+02  0.000000000E+00  1.446100539E+01 
       610  2.019231006E+02  0.000000000E+00  1.405212332E+01 
       611  2.021547374E+02  0.000000000E+00  1.367816960E+01 
       612  2.023901849E+02  0.000000000E+00  1.333597371E+01 
       613  2.026295060E+02  0.000000000E+00  1.302270837E+01 
       614  2.028727642E+02  0.000000000E+00  1.273584457E+01 
       615  2.031200245E+02  0.000000000E+00  1.246783925E+01 
       616  2.033713525E+02  0.000000000E+00  1.221722087E+01 
       617  2.036268153E+02  0.000000000E+00  1.208343490E+01 
       618  2.038864808E+02  0.000000000E+00  1.196536718E+01 
       619  2.041504183E+02  0.000000000E+00  1.175917477E+01 
       620  2.044186979E+02  0.000000000E+00  1.157193653E+01 
       621  2.046913911E+02  0.000000000E+00  1.140627909E+01 
       622  2.049685706E+02  0.000000000E+00  1.125494824E+01 
       623  2.052503101E+02  0.000000000E+00  1.111680329E+01 
       624  2.055366847E+02  0.000000000E+00  1.099080025E+01 
       625  2.058277705E+02  0.000000000E+00  1.087598169E+01 
       626  2.061236452E+02  0.000000000E+00  1.077146802E+01 
       627  2.064243875E+02  0.000000000E+00  1.067644976E+01 
       628  2.067300774E+02  0.000000000E+00  1.059018082E+01 
       629  2.070407965E+02  0.000000000E+00  1.051197250E+01 
       630  2.073566273E+02  0.000000000E+00  1.044118833E+01 
       631  2.076776540E+02  0.000000000E+00  1.037723937E+01 
       632  2.080039622E+02  0.000000000E+00  1.031958015E+01 
       633  2.083356386E+02  0.000000000E+00  1.026770506E+01 
       634  2.086727716E+02  0.000000000E+00  1.022114512E+01 
       635  2.090154510E+02  0.000000000E+00  1.017946510E+01 
       636  2.093637679E+02  0.000000000E+00  1.014226094E+01 
       637  2.097178153E+02  0.000000000E+00  1.010915752E+01 
       638  2.100776872E+02  0.000000000E+00  1.007980652E+01 
       639  2.104434797E+02  0.000000000E+00  1.005388458E+01 
       640  2.108152899E+02  0.000000000E+00  1.003109161E+01 
       641  2.111932170E+02  0.000000000E+00  1.001114924E+01 
       642  2.115773617E+02  0.000000000E+00  9.993799396E+00 
       643  2.119678260E+02  0.000000000E+00  9.978803015E+00 
       644  2.123647142E+02  0.000000000E+00  9.965938830E+00 
       645  2.127681317E+02  0.000000000E+00  9.955002258E+00 
       646  2.131781861E+02  0.000000000E+00  9.945804347E+00 
       647  2.135949866E+02  0.000000000E+00  9.938170805E+00 
       648  2.140186441E+02  0.000000000E+00  9.931941080E+00 
       649  2.144492713E+02  0.000000000E+00  9.926967482E+00 
       650  2.148869831E+02  0.000000000E+00  9.923114371E+00 
       651  2.153318959E+02  0.000000000E+00  9.920257373E+00 
       652  2.157841282E+02  0.000000000E+00  9.918282640E+00 
       653  2.162438005E+02  0.000000000E+00  9.917086181E+00 
       654  2.167110350E+02  0.000000000E+00  9.916572965E+00 
       655  2.171859563E+02  0.000000000E+00  9.916656524E+00 
       656  2.176686908E+02  0.000000000E+00  9.917258500E+00 
       657  2.181593671E+02  0.000000000E+00  9.918307730E+00 
       658  2.186581157E+02  0.000000000E+00  9.919739766E+00 
       659  2.191650695E+02  0.000000000E+00  9.921496428E+00 
       660  2.196803635E+02  0.000000000E+00  9.923525292E+00 
       661  2.202041348E+02  0.000000000E+00  9.925779224E+00 
       662  2.207365230E+02  0.000000000E+00  9.928215946E+00 
       663  2.212776699E+02  0.000000000E+00  9.930797618E+00 
       664  2.218277194E+02  0.000000000E+00  9.933490463E+00 
       665  2.223868182E+02  0.000000000E+00  9.936264404E+00 
       666  2.229551149E+02  0.000000000E+00  9.939092735E+00 
       667  2.235327610E+02  0.000000000E+00  9.941951813E+00 
       668  2.241199103E+02  0.000000000E+00  9.944820772E+00 
       669  2.247167191E+02  0.000000000E+00  9.947681262E+00 
       670  2.253233464E+02  0.000000000E+00  9.950517213E+00 
       671  2.259399536E+02  0.000000000E+00  9.953314611E+00 
       672  2.265667050E+02  0.000000000E+00  9.956061302E+00 
       673  2.272037674E+02  0.000000000E+00  9.958746809E+00 
       674  2.278513104E+02  0.000000000E+00  9.961362167E+00 
       675  2.285095066E+02  0.000000000E+00  9.963899776E+00 
       676  2.291785311E+02  0.000000000E+00  9.966353265E+00 
       677  2.298585621E+02  0.000000000E+00  9.968717370E+00 
       678  2.305497807E+02  0.000000000E+00  9.970987827E+00 
       679  2.312523708E+02  0.000000000E+00  9.973161269E+00 
       680  2.319665197E+02  0.000000000E+00  9.975235137E+00 
       681  2.326924175E+02  0.000000000E+00  9.977207598E+00 
       682  2.334302574E+02  0.000000000E+00  9.979077470E+00 
       683  2.341802359E+02  0.000000000E+00  9.980844149E+00 
       684  2.349425527E+02  0.000000000E+00  9.982507545E+00 
       685  2.357174108E+02  0.000000000E+00  9.984068019E+00 
       686  2.365050165E+02  0.000000000E+00  9.985526325E+00 
       687  2.373055796E+02  0.000000000E+00  9.986883545E+00 
       688  2.381193132E+02  0.000000000E+00  9.988141040E+00 
       689  2.389464340E+02  0.000000000E+00  9.989300381E+00 
       690  2.397871622E+02  0.000000000E+00  9.990363296E+00 
       691  2.406417216E+02  0.000000000E+00  9.991331605E+00 
       692  2.415103399E+02  0.000000000E+00  9.992207154E+00 
       693  2.423932484E+02  0.000000000E+00  9.992991745E+00 
       694  2.432906820E+02  0.000000000E+00  9.993687062E+00 
       695  2.442028798E+02  0.000000000E+00  9.994294587E+00 
       696  2.451300847E+02  0.000000000E+00  9.994815514E+00 
       697  2.460725436E+02  0.000000000E+00  9.995250648E+00 
       698  2.470305073E+02  0.000000000E+00  9.995600298E+00 
       699  2.480042311E+02  0.000000000E+00  9.995864151E+00 
       700  2.489939742E+02  0.000000000E+00  9.996041124E+00 
       701  2.500000000E+02  0.000000000E+00  9.996129249E+00 
       702  2.510060258E+02  0.000000000E+00  9.996126292E+00 
       703  2.519957689E+02  0.000000000E+00  9.996034776E+00 
       704  2.529694927E+02  0.000000000E+00  9.995858289E+00 
       705  2.539274564E+02  0.000000000E+00  9.995599442E+00 
       706  2.548699153E+02  0.000000000E+00  9.995259959E+00 
       707  2.557971202E+02  0.000000000E+00  9.994840813E+00 
       708  2.567093180E+02  0.000000000E+00  9.994342325E+00 
       709  2.576067516E+02  0.000000000E+00  9.993764273E+00 
       710  2.584896601E+02  0.000000000E+00  9.993105977E+00 
       711  2.593582784E+02  0.000000000E+00  9.992366379E+00 
       712  2.602128379E+02  0.000000000E+00  9.991544109E+00 
       713  2.610535660E+02  0.000000000E+00  9.990637551E+00 
       714  2.618806868E+02  0.000000000E+00  9.989644891E+00 
       715  2.626944204E+02  0.000000000E+00  9.988564156E+00 
       716  2.634949835E+02  0.000000000E+00  9.987393257E+00 
       717  2.642825892E+02  0.000000000E+00  9.986130004E+00 
       718  2.650574473E+02  0.000000000E+00  9.984772132E+00 
       719  2.658197641E+02  0.000000000E+00  9.983317301E+00 
       720  2.665697426E+02  0.000000000E+00  9.981763103E+00 
       721  2.673075825E+02  0.000000000E+00  9.980107044E+00 
       722  2.680334803E+02  0.000000000E+00  9.978346530E+00 
       723  2.687476292E+02  0.000000000E+00  9.976478835E+00 
       724  2.694502193E+02  0.000000000E+00  9.974501057E+00 
       725  2.701414379E+02  0.000000000E+00  9.972410072E+00 
       726  2.708214689E+02  0.000000000E+00  9.970202461E+00 
       727  2.714904934E+02  0.000000000E+00  9.967874440E+00 
       728  2.721486896E+02  0.000000000E+00  9.965421764E+00 
       729  2.727962326E+02  0.000000000E+00  9.962839623E+00 
       730  2.734332950E+02  0.000000000E+00  9.960122522E+00 
       731  2.740600464E+02  0.000000000E+00  9.957264141E+00 
       732  2.746766536E+02  0.000000000E+00  9.954257182E+00 
       733  2.752832808E+02  0.000000000E+00  9.951093197E+00 
       734  2.758800897E+02  0.000000000E+00  9.947762395E+00 
       735  2.764672390E+02  0.000000000E+00  9.944253437E+00 
       736  2.770448851E+02  0.000000000E+00  9.940553197E+00 
       737  2.776131818E+02  0.000000000E+00  9.936646518E+00 
       738  2.781722806E+02  0.000000000E+00  9.932515937E+00 
       739  2.787223301E+02  0.000000000E+00  9.928141389E+00 
       740  2.792634769E+02  0.000000000E+00  9.923499896E+00 
       741  2.797958652E+02  0.000000000E+00  9.918565229E+00 
       742  2.803196365E+02  0.000000000E+00  9.913307549E+00 
       743  2.808349305E+02  0.000000000E+00  9.907693030E+00 
       744  2.813418843E+02  0.000000000E+00  9.901683462E+00 
       745  2.818406329E+02  0.000000000E+00  9.895235838E+00 
       746  2.823313092E+02  0.000000000E+00  9.888301918E+00 
       747  2.828140437E+02  0.000000000E+00  9.880827788E+00 
       748  2.832889650E+02  0.000000000E+00  9.872753402E+00 
       749  2.837561995E+02  0.000000000E+00  9.864012116E+00 
       750  2.842158718E+02  0.000000000E+00  9.854530223E+00 
       751  2.846681041E+02  0.000000000E+00  9.844226477E+00 
       752  2.851130169E+02  0.000000000E+00  9.833011637E+00 
       753  2.855507287E+02  0.000000000E+00  9.820788005E+00 
       754  2.859813560E+02  0.000000000E+00  9.807448999E+00 
       755  2.864050134E+02  0.000000000E+00  9.792878739E+00 
       756  2.868218139E+02  0.000000000E+00  9.776951669E+00 
       757  2.872318683E+02  0.000000000E+00  9.759532220E+00 
       758  2.876352858E+02  0.000000000E+00  9.740474530E+00 
       759  2.880321740E+02  0.000000000E+00  9.719622214E+00 
       760  2.884226383E+02  0.000000000E+00  9.696808221E+00 
       761  2.888067830E+02  0.000000000E+00  9.671854768E+00 
       762  2.891847101E+02  0.000000000E+00  9.644573370E+00 
       763  2.895565204E+02  0.000000000E+00  9.614764987E+00 
       764  2.899223128E+02  0.000000000E+00  9.582220290E+00 
       765  2.902821847E+02  0.000000000E+00  9.546720072E+00 
       766  2.906362321E+02  0.000000000E+00  9.508035796E+00 
       767  2.909845490E+02  0.000000000E+00  9.465930329E+00 
       768  2.913272284E+02  0.000000000E+00  9.420158835E+00 
       769  2.916643614E+02  0.000000000E+00  9.370469866E+00 
       770  2.919960378E+02  0.000000000E+00  9.316606658E+00 
       771  2.923223460E+02  0.000000000E+00  9.258308625E+00 
       772  2.926433727E+02  0.000000000E+00  9.195313084E+00 
       773  2.929592035E+02  0.000000000E+00  9.127357182E+00 
       774  2.932699226E+02  0.000000000E+00  9.054180062E+00 
       775  2.935756125E+02  0.000000000E+00  8.975525243E+00 
       776  2.938763548E+02  0.000000000E+00  8.891143199E+00 
       777  2.941722295E+02  0.000000000E+00  8.800794151E+00 
       778  2.944633153E+02  0.000000000E+00  8.704251043E+00 
       779  2.947496899E+02  0.000000000E+00  8.601302666E+00 
       780  2.950314294E+02  0.000000000E+00  8.491756930E+00 
       781  2.953086088E+02  0.000000000E+00  8.375444212E+00 
       782  2.955813021E+02  0.000000000E+00  8.252220776E+00 
       783  2.958495817E+02  0.000000000E+00  8.121972208E+00 
       784  2.961135192E+02  0.000000000E+00  7.984616813E+00 
       785  2.963731847E+02  0.000000000E+00  7.840108878E+00 
       786  2.966286475E+02  0.000000000E+00  7.688441834E+00 
       787  2.968799755E+02  0.000000000E+00  7.529651161E+00 
       788  2.971272358E+02  0.000000000E+00  7.363817013E+00 
       789  2.973704940E+02  0.000000000E+00  7.191066515E+00 
       790  2.976098151E+02  0.000000000E+00  7.011575611E+00 
       791  2.978452626E+02  0.000000000E+00  6.825570478E+00 
       792  2.980768994E+02  0.000000000E+00  6.633328390E+00 
       793  2.983047871E+02  0.000000000E+00  6.435177996E+00 
       794  2.985289863E+02  0.000000000E+00  6.231499060E+00 
       795  2.987495568E+02  0.000000000E+00  6.367143064E+00 
       796  2.989665574E+02  0.000000000E+00  6.511607379E+00 
       797  2.991800457E+02  0.000000000E+00  6.332025627E+00 
       798  2.993900786E+02  0.000000000E+00  6.149275686E+00 
       799  2.995967121E+02  0.000000000E+00  5.963965038E+00 
       800  2.998000012E+02  0.000000000E+00  5.776895513E+00 
       801  3.000000000E+02  0.000000000E+00  6.155485819E+00 
       802  3.002500000E+02  0.000000000E+00  6.720428056E+00 
       803  3.005000000E+02  0.000000000E+00  6.684426680E+00 
       804  3.007500000E+02  0.000000000E+00  6.668791581E+00 
       805  3.010000000E+02  0.000000000E+00  6.665357065E+00 
       806  3.012500000E+02  0.000000000E+00  6.671008933E+00 
       807  3.015000000E+02  0.000000000E+00  6.683672061E+00 
       808  3.017500000E+02  0.000000000E+00  6.701864278E+00 
       809  3.020000000E+02  0.000000000E+00  6.724476989E+00 
       810  3.022500000E+02  0.000000000E+00  6.750654373E+00 
       811  3.025000000E+02  0.000000000E+00  6.779720586E+00 
       812  3.027500000E+02  0.000000000E+00  6.811132810E+00 
       813  3.030000000E+02  0.000000000E+00  6.844449370E+00 
       814  3.032500000E+02  0.000000000E+00  6.879307201E+00 
       815  3.035000000E+02  0.000000000E+00  6.915405386E+00 
       816  3.037500000E+02  0.000000000E+00  6.952492857E+00 
       817  3.040000000E+02  0.000000000E+00  6.990358983E+00 
       818  3.042500000E+02  0.000000000E+00  7.028826256E+00 
       819  3.045000000E+02  0.000000000E+00  7.067744519E+00 
       820  3.047500000E+02  0.000000000E+00  7.106986362E+00 
       821  3.050000000E+02  0.000000000E+00  7.146443403E+00 
       822  3.052500000E+02  0.000000000E+00  7.186023258E+00 
       823  3.055000000E+02  0.000000000E+00  7.225647049E+00 
       824  3.057500000E+02  0.000000000E+00  7.265247350E+00 
       825  3.060000000E+02  0.000000000E+00  7.304766478E+00 
       826  3.062500000E+02  0.000000000E+00  7.344155058E+00 
       827  3.065000000E+02  0.000000000E+00  7.383370821E+00 
       828  3.067500000E+02  0.000000000E+00  7.422377590E+00 
       829  3.070000000E+02  0.000000000E+00  7.461144418E+00 
       830  3.072500000E+02  0.000000000E+00  7.499644861E+00 
       831  3.075000000E+02  0.000000000E+00  7.537856352E+00 
       832  3.077500000E+02  0.000000000E+00  7.575759672E+00 
       833  3.080000000E+02  0.000000000E+00  7.613338490E+00 
       834  3.082500000E+02  0.000000000E+00  7.650578981E+00 
       835  3.085000000E+02  0.000000000E+00  7.687469482E+00 
       836  3.087500000E+02  0.000000000E+00  7.724000210E+00 
       837  3.090000000E+02  0.000000000E+00  7.760163007E+00 
       838  3.092500000E+02  0.000000000E+00  7.795951133E+00 
       839  3.095000000E+02  0.000000000E+00  7.831359075E+00 
       840  3.097500000E+02  0.000000000E+00  7.866382389E+00 
       841  3.100000000E+02  0.000000000E+00  7.901017560E+00 
       842  3.102500000E+02  0.000000000E+00  7.935261887E+00 
       843  3.105000000E+02  0.000000000E+00  7.969113373E+00 
       844  3.107500000E+02  0.000000000E+00  8.002570639E+00 
       845  3.110000000E+02  0.000000000E+00  8.035632843E+00 
       846  3.112500000E+02  0.000000000E+00  8.068299616E+00 
       847  3.115000000E+02  0.000000000E+00  8.100571000E+00 
       848  3.117500000E+02  0.000000000E+00  8.132447397E+00 
       849  3.120000000E+02  0.000000000E+00  8.163929527E+00 
       850  3.122500000E+02  0.000000000E+00  8.195018385E+00 
       851  3.125000000E+02  0.000000000E+00  8.225715214E+00 
       852  3.127500000E+02  0.000000000E+00  8.256021467E+00 
       853  3.130000000E+02  0.000000000E+00  8.285938789E+00 
       854  3.132500000E+02  0.000000000E+00  8.315468990E+00 
       855  3.135000000E+02  0.000000000E+00  8.344614028E+00 
       856  3.137500000E+02  0.000000000E+00  8.373375990E+00 
       857  3.140000000E+02  0.000000000E+00  8.401757079E+00 
       858  3.142500000E+02  0.000000000E+00  8.429759598E+00 
       859  3.145000000E+02  0.000000000E+00  8.457385942E+00 
       860  3.147500000E+02  0.000000000E+00  8.484638586E+00 
       861  3.150000000E+02  0.000000000E+00  8.511520076E+00 
       862  3.152500000E+02  0.000000000E+00  8.538033021E+00 
       863  3.155000000E+02  0.000000000E+00  8.564180088E+00 
       864  3.157500000E+02  0.000000000E+00  8.589963993E+00 
       865  3.160000000E+02  0.000000000E+00  8.615387498E+00 
       866  3.162500000E+02  0.000000000E+00  8.640453404E+00 
       867  3.165000000E+02  0.000000000E+00  8.665164549E+00 
       868  3.167500000E+02  0.000000000E+00  8.689523801E+00 
       869  3.170000000E+02  0.000000000E+00  8.713534060E+00 
       870  3.172500000E+02  0.000000000E+00  8.737198246E+00 
       871  3.175000000E+02  0.000000000E+00  8.760519308E+00 
       872  3.177500000E+02  0.000000000E+00  8.783500209E+00 
       873  3.180000000E+02  0.000000000E+00  8.806143933E+00 
       874  3.182500000E+02  0.000000000E+00  8.828453480E+00 
       875  3.185000000E+02  0.000000000E+00  8.850431861E+00 
       876  3.187500000E+02  0.000000000E+00  8.872082101E+00 
       877  3.190000000E+02  0.000000000E+00  8.893407234E+00 
       878  3.192500000E+02  0.000000000E+00  8.914410304E+00 
       879  3.195000000E+02  0.000000000E+00  8.935094360E+00 
       880  3.197500000E+02  0.000000000E+00  8.955462460E+00 
       881  3.200000000E+02  0.000000000E+00  8.975517663E+00 
       882  3.202500000E+02  0.000000000E+00  8.995263036E+00 
       883  3.205000000E+02  0.000000000E+00  9.014701643E+00 
       884  3.207500000E+02  0.000000000E+00  9.033836555E+00 
       885  3.210000000E+02  0.000000000E+00  9.052670839E+00 
       886  3.212500000E+02  0.000000000E+00  9.071207564E+00 
       887  3.215000000E+02  0.000000000E+00  9.089449796E+00 
       888  3.217500000E+02  0.000000000E+00  9.107400600E+00 
       889  3.220000000E+02  0.000000000E+00  9.125063037E+00 
       890  3.222500000E+02  0.000000000E+00  9.142440166E+00 
       891  3.225000000E+02  0.000000000E+00  9.159535037E+00 
       892  3.227500000E+02  0.000000000E+00  9.176350699E+00 
       893  3.230000000E+02  0.000000000E+00  9.192890192E+00 
       894  3.232500000E+02  0.000000000E+00  9.209156552E+00 
       895  3.235000000E+02  0.000000000E+00  9.225152804E+00 
       896  3.237500000E+02  0.000000000E+00  9.240881968E+00 
       897  3.240000000E+02  0.000000000E+00  9.256347052E+00 
       898  3.242500000E+02  0.000000000E+00  9.271551059E+00 
       899  3.245000000E+02  0.000000000E+00  9.286496977E+00 
       900  3.247500000E+02  0.000000000E+00  9.301187786E+00 
       901  3.250000000E+02  0.000000000E+00  9.315626455E+00 
       902  3.252500000E+02  0.000000000E+00  9.329815942E+00 
       903  3.255000000E+02  0.000000000E+00  9.343759189E+00 
       904  3.257500000E+02  0.000000000E+00  9.357459130E+00 
       905  3.260000000E+02  0.000000000E+00  9.370918682E+00 
       906  3.262500000E+02  0.000000000E+00  9.384140749E+00 
       907  3.265000000E+02  0.000000000E+00  9.397128222E+00 
       908  3.267500000E+02  0.000000000E+00  9.409883977E+00 
       909  3.270000000E+02  0.000000000E+00  9.422410872E+00 
       910  3.272500000E+02  0.000000000E+00  9.434711752E+00 
       911  3.275000000E+02  0.000000000E+00  9.446789444E+00 
       912  3.277500000E+02  0.000000000E+00  9.458646761E+00 
       913  3.280000000E+02  0.000000000E+00  9.470286495E+00 
       914  3.282500000E+02  0.000000000E+00  9.481711424E+00 
       915  3.285000000E+02  0.000000000E+00  9.492924305E+00 
       916  3.287500000E+02  0.000000000E+00  9.503927878E+00 
       917  3.290000000E+02  0.000000000E+00  9.514724866E+00 
       918  3.292500000E+02  0.000000000E+00  9.525317969E+00 
       919  3.295000000E+02  0.000000000E+00  9.535709870E+00 
       920  3.297500000E+02  0.000000000E+00  9.545903231E+00 
       921  3.300000000E+02  0.000000000E+00  9.555900695E+00 
       922  3.302500000E+02  0.000000000E+00  9.565704884E+00 
       923  3.305000000E+02  0.000000000E+00  9.575318396E+00 
       924  3.307500000E+02  0.000000000E+00  9.584743812E+00 
       925  3.310000000E+02  0.000000000E+00  9.593983688E+00 
       926  3.312500000E+02  0.000000000E+00  9.603040560E+00 
       927  3.315000000E+02  0.000000000E+00  9.611916941E+00 
       928  3.317500000E+02  0.000000000E+00  9.620615321E+00 
       929  3.320000000E+02  0.000000000E+00  9.629138167E+00 
       930  3.322500000E+02  0.000000000E+00  9.637487924E+00 
       931  3.325000000E+02  0.000000000E+00  9.645667011E+00 
       932  3.327500000E+02  0.000000000E+00  9.653677826E+00 
       933  3.330000000E+02  0.000000000E+00  9.661522741E+00 
       934  3.332500000E+02  0.000000000E+00  9.669204104E+00 
       935  3.335000000E+02  0.000000000E+00  9.676724239E+00 
       936  3.337500000E+02  0.000000000E+00  9.684085444E+00 
       937  3.340000000E+02  0.000000000E+00  9.691289994E+00 
       938  3.342500000E+02  0.000000000E+00  9.698340137E+00 
       939  3.345000000E+02  0.000000000E+00  9.705238095E+00 
       940  3.347500000E+02  0.000000000E+00  9.711986065E+00 
       941  3.350000000E+02  0.000000000E+00  9.718586219E+00 
       942  3.352500000E+02  0.000000000E+00  9.725040702E+00 
       943  3.355000000E+02  0.000000000E+00  9.731351631E+00 
       944  3.357500000E+02  0.000000000E+00  9.737521099E+00 
       945  3.360000000E+02  0.000000000E+00  9.743551172E+00 
       946  3.362500000E+02  0.000000000E+00  9.749443886E+00 
       947  3.365000000E+02  0.000000000E+00  9.755201254E+00 
       948  3.367500000E+02  0.000000000E+00  9.760825259E+00 
       949  3.370000000E+02  0.000000000E+00  9.766317858E+00 
       950  3.372500000E+02  0.000000000E+00  9.771680979E+00 
       951  3.375000000E+02  0.000000000E+00  9.776916524E+00 
       952  3.377500000E+02  0.000000000E+00  9.782026366E+00 
       953  3.380000000E+02  0.000000000E+00  9.787012350E+00 
       954  3.382500000E+02  0.000000000E+00  9.791876294E+00 
       955  3.385000000E+02  0.000000000E+00  9.796619986E+00 
       956  3.387500000E+02  0.000000000E+00  9.801245188E+00 
       957  3.390000000E+02  0.000000000E+00  9.805753630E+00 
       958  3.392500000E+02  0.000000000E+00  9.810147018E+00 
       959  3.395000000E+02  0.000000000E+00  9.814427025E+00 
       960  3.397500000E+02  0.000000000E+00  9.818595298E+00 
       961  3.400000000E+02  0.000000000E+00  9.822653454E+00 
       962  3.402500000E+02  0.000000000E+00  9.826603082E+00 
       963  3.405000000E+02  0.000000000E+00  9.830445741E+00 
       964  3.407500000E+02  0.000000000E+00  9.834182961E+00 
       965  3.410000000E+02  0.000000000E+00  9.837816244E+00 
       966  3.412500000E+02  0.000000000E+00  9.841347061E+00 
       967  3.415000000E+02  0.000000000E+00  9.844776855E+00 
       968  3.417500000E+02  0.000000000E+00  9.848107040E+00 
       969  3.420000000E+02  0.000000000E+00  9.851338999E+00 
       970  3.422500000E+02  0.000000000E+00  9.854474087E+00 
       971  3.425000000E+02  0.000000000E+00  9.857513630E+00 
       972  3.427500000E+02  0.000000000E+00  9.860458922E+00 
       973  3.430000000E+02  0.000000000E+00  9.863311230E+00 
       974  3.432500000E+02  0.000000000E+00  9.866071790E+00 
       975  3.435000000E+02  0.000000000E+00  9.868741809E+00 
       976  3.437500000E+02  0.000000000E+00  9.871322465E+00 
       977  3.440000000E+02  0.000000000E+00  9.873814905E+00 
       978  3.442500000E+02  0.000000000E+00  9.876220247E+00 
       979  3.445000000E+02  0.000000000E+00  9.878539579E+00 
       980  3.447500000E+02  0.000000000E+00  9.880773960E+00 
       981  3.450000000E+02  0.000000000E+00  9.882924419E+00 
       982  3.452500000E+02  0.000000000E+00  9.884991955E+00 
       983  3.455000000E+02  0.000000000E+00  9.886977537E+00 
       984  3.457500000E+02  0.000000000E+00  9.888882106E+00 
       985  3.460000000E+02  0.000000000E+00  9.890706571E+00 
       986  3.462500000E+02  0.000000000E+00  9.892451812E+00 
       987  3.465000000E+02  0.000000000E+00  9.894118680E+00 
       988  3.467500000E+02  0.000000000E+00  9.895707997E+00 
       989  3.470000000E+02  0.000000000E+00  9.897220552E+00 
       990  3.472500000E+02  0.000000000E+00  9.898657109E+00 
       991  3.475000000E+02  0.000000000E+00  9.900018397E+00 
       992  3.477500000E+02  0.000000000E+00  9.901305121E+00 
       993  3.480000000E+02  0.000000000E+00  9.902517951E+00 
       994  3.482500000E+02  0.000000000E+00  9.903657532E+00 
       995  3.485000000E+02  0.000000000E+00  9.904724476E+00 
       996  3.487500000E+02  0.000000000E+00  9.905719366E+00 
       997  3.490000000E+02  0.000000000E+00  9.906642758E+00 
       998  3.492500000E+02  0.000000000E+00  9.907495174E+00 
       999  3.495000000E+02  0.000000000E+00  9.908277111E+00 
      1000  3.497500000E+02  0.000000000E+00  9.908989033E+00 
      1001  3.500000000E+02  0.000000000E+00  9.909631376E+00 
      1002  3.502500000E+02  0.000000000E+00  9.910204546E+00 
      1003  3.505000000E+02  0.000000000E+00  9.910708921E+00 
      1004  3.507500000E+02  0.000000000E+00  9.911144847E+00 
      1005  3.510000000E+02  0.000000000E+00  9.911512643E+00 
      1006  3.512500000E+02  0.000000000E+00  9.911812597E+00 
      1007  3.515000000E+02  0.000000000E+00  9.912044968E+00 
      1008  3.517500000E+02  0.000000000E+00  9.912209986E+00 
      1009  3.520000000E+02  0.000000000E+00  9.912307850E+00 
      1010  3.522500000E+02  0.000000000E+00  9.912338733E+00 
      1011  3.525000000E+02  0.000000000E+00  9.912302776E+00 
      1012  3.527500000E+02  0.000000000E+00  9.912200091E+00 
      1013  3.530000000E+02  0.000000000E+00  9.912030761E+00 
      1014  3.532500000E+02  0.000000000E+00  9.911794841E+00 
      1015  3.535000000E+02  0.000000000E+00  9.911492355E+00 
      1016  3.537500000E+02  0.000000000E+00  9.911123298E+00 
      1017  3.540000000E+02  0.000000000E+00  9.910687636E+00 
      1018  3.542500000E+02  0.000000000E+00  9.910185308E+00 
      1019  3.545000000E+02  0.000000000E+00  9.909616220E+00 
      1020  3.547500000E+02  0.000000000E+00  9.908980252E+00 
      1021  3.550000000E+02  0.000000000E+00  9.908277252E+00 
      1022  3.552500000E+02  0.000000000E+00  9.907507043E+00 
      1023  3.555000000E+02  0.000000000E+00  9.906669415E+00 
      1024  3.557500000E+02  0.000000000E+00  9.905764131E+00 
      1025  3.560000000E+02  0.000000000E+00  9.904790924E+00 
      1026  3.562500000E+02  0.000000000E+00  9.903749498E+00 
      1027  3.565000000E+02  0.000000000E+00  9.902639530E+00 
      1028  3.567500000E+02  0.000000000E+00  9.901460665E+00 
      1029  3.570000000E+02  0.000000000E+00  9.900212521E+00 
      1030  3.572500000E+02  0.000000000E+00  9.898894686E+00 
      1031  3.575000000E+02  0.000000000E+00  9.897506720E+00 
      1032  3.577500000E+02  0.000000000E+00  9.896048153E+00 
      1033  3.580000000E+02  0.000000000E+00  9.894518488E+00 
      1034  3.582500000E+02  0.000000000E+00  9.892917197E+00 
      1035  3.585000000E+02  0.000000000E+00  9.891243724E+00 
      1036  3.587500000E+02  0.000000000E+00  9.889497485E+00 
      1037  3.590000000E+02  0.000000000E+00  9.887677865E+00 
      1038  3.592500000E+02  0.000000000E+00  9.885784222E+00 
      1039  3.595000000E+02  0.000000000E+00  9.883815885E+00 
      1040  3.597500000E+02  0.000000000E+00  9.881772153E+00 
      1041  3.600000000E+02  0.000000000E+00  9.879652299E+00 
      1042  3.602500000E+02  0.000000000E+00  9.877455564E+00 
      1043  3.605000000E+02  0.000000000E+00  9.875181162E+00 
      1044  3.607500000E+02  0.000000000E+00  9.872828278E+00 
      1045  3.610000000E+02  0.000000000E+00  9.870396069E+00 
      1046  3.612500000E+02  0.000000000E+00  9.867883662E+00 
      1047  3.615000000E+02  0.000000000E+00  9.865290157E+00 
      1048  3.617500000E+02  0.000000000E+00  9.862614624E+00 
      1049  3.620000000E+02  0.000000000E+00  9.859856105E+00 
      1050  3.622500000E+02  0.000000000E+00  9.857013613E+00 
      1051  3.625000000E+02  0.000000000E+00  9.854086134E+00 
      1052  3.627500000E+02  0.000000000E+00  9.851072625E+00 
      1053  3.630000000E+02  0.000000000E+00  9.847972012E+00 
      1054  3.632500000E+02  0.000000000E+00  9.844783196E+00 
      1055  3.635000000E+02  0.000000000E+00  9.841505049E+00 
      1056  3.637500000E+02  0.000000000E+00  9.838136413E+00 
      1057  3.640000000E+02  0.000000000E+00  9.834676103E+00 
      1058  3.642500000E+02  0.000000000E+00  9.831122906E+00 
      1059  3.645000000E+02  0.000000000E+00  9.827475579E+00 
      1060  3.647500000E+02  0.000000000E+00  9.823732853E+00 
      1061  3.650000000E+02  0.000000000E+00  9.819893431E+00 
      1062  3.652500000E+02  0.000000000E+00  9.815955986E+00 
      1063  3.655000000E+02  0.000000000E+00  9.811919165E+00 
      1064  3.657500000E+02  0.000000000E+00  9.807781585E+00 
      1065  3.660000000E+02  0.000000000E+00  9.803541837E+00 
      1066  3.662500000E+02  0.000000000E+00  9.799198484E+00 
      1067  3.665000000E+02  0.000000000E+00  9.794750060E+00 
      1068  3.667500000E+02  0.000000000E+00  9.790195073E+00 
      1069  3.670000000E+02  0.000000000E+00  9.785532002E+00 
      1070  3.672500000E+02  0.000000000E+00  9.780759299E+00 
      1071  3.675000000E+02  0.000000000E+00  9.775875390E+00 
      1072  3.677500000E+02  0.000000000E+00  9.770878670E+00 
      1073  3.680000000E+02  0.000000000E+00  9.765767511E+00 
      1074  3.682500000E+02  0.000000000E+00  9.760540256E+00 
      1075  3.685000000E+02  0.000000000E+00  9.755195219E+00 
      1076  3.687500000E+02  0.000000000E+00  9.749730691E+00 
      1077  3.690000000E+02  0.000000000E+00  9.744144933E+00 
      1078  3.692500000E+02  0.000000000E+00  9.738436181E+00 
      1079  3.695000000E+02  0.000000000E+00  9.732602642E+00 
      1080  3.697500000E+02  0.000000000E+00  9.726642500E+00 
      1081  3.700000000E+02  0.000000000E+00  9.720553909E+00 
      1082  3.702500000E+02  0.000000000E+00  9.714334999E+00 
      1083  3.705000000E+02  0.000000000E+00  9.707983873E+00 
      1084  3.707500000E+02  0.000000000E+00  9.701498608E+00 
      1085  3.710000000E+02  0.000000000E+00  9.694877255E+00 
      1086  3.712500000E+02  0.000000000E+00  9.688117840E+00 
      1087  3.715000000E+02  0.000000000E+00  9.681218362E+00 
      1088  3.717500000E+02  0.000000000E+00  9.674176794E+00 
      1089  3.720000000E+02  0.000000000E+00  9.666991087E+00 
      1090  3.722500000E+02  0.000000000E+00  9.659659162E+00 
      1091  3.725000000E+02  0.000000000E+00  9.652178919E+00 
      1092  3.727500000E+02  0.000000000E+00  9.644548231E+00 
      1093  3.730000000E+02  0.000000000E+00  9.636764946E+00 
      1094  3.732500000E+02  0.000000000E+00  9.628826889E+00 
      1095  3.735000000E+02  0.000000000E+00  9.620731858E+00 
      1096  3.737500000E+02  0.000000000E+00  9.612477630E+00 
      1097  3.740000000E+02  0.000000000E+00  9.604061955E+00 
      1098  3.742500000E+02  0.000000000E+00  9.595482560E+00 
      1099  3.745000000E+02  0.000000000E+00  9.586737149E+00 
      1100  3.747500000E+02  0.000000000E+00  9.577823402E+00 
      1101  3.750000000E+02  0.000000000E+00  9.568738975E+00 
      1102  3.752500000E+02  0.000000000E+00  9.559481501E+00 
      1103  3.755000000E+02  0.000000000E+00  9.550048591E+00 
      1104  3.757500000E+02  0.000000000E+00  9.540437831E+00 
      1105  3.760000000E+02  0.000000000E+00  9.530646787E+00 
      1106  3.762500000E+02  0.000000000E+00  9.520673001E+00 
      1107  3.765000000E+02  0.000000000E+00  9.510513993E+00 
      1108  3.767500000E+02  0.000000000E+00  9.500167261E+00 
      1109  3.770000000E+02  0.000000000E+00  9.489630282E+00 
      1110  3.772500000E+02  0.000000000E+00  9.478900510E+00 
      1111  3.775000000E+02  0.000000000E+00  9.467975379E+00 
      1112  3.777500000E+02  0.000000000E+00  9.456852302E+00 
      1113  3.780000000E+02  0.000000000E+00  9.445528669E+00 
      1114  3.782500000E+02  0.000000000E+00  9.434001852E+00 
      1115  3.785000000E+02  0.000000000E+00  9.422269201E+00 
      1116  3.787500000E+02  0.000000000E+00  9.410328048E+00 
      1117  3.790000000E+02  0.000000000E+00  9.398175703E+00 
      1118  3.792500000E+02  0.000000000E+00  9.385809457E+00 
      1119  3.795000000E+02  0.000000000E+00  9.373226582E+00 
      1120  3.797500000E+02  0.000000000E+00  9.360424332E+00 
      1121  3.800000000E+02  0.000000000E+00  9.347399943E+00 
      1122  3.802500000E+02  0.000000000E+00  9.334150629E+00 
      1123  3.805000000E+02  0.000000000E+00  9.320673592E+00 
      1124  3.807500000E+02  0.000000000E+00  9.306966012E+00 
      1125  3.810000000E+02  0.000000000E+00  9.293025055E+00 
      1126  3.812500000E+02  0.000000000E+00  9.278847869E+00 
      1127  3.815000000E+02  0.000000000E+00  9.264431587E+00 
      1128  3.817500000E+02  0.000000000E+00  9.249773328E+00 
      1129  3.820000000E+02  0.000000000E+00  9.234870195E+00 
      1130  3.822500000E+02  0.000000000E+00  9.219719278E+00 
      1131  3.825000000E+02  0.000000000E+00  9.204317653E+00 
      1132  3.827500000E+02  0.000000000E+00  9.188662387E+00 
      1133  3.830000000E+02  0.000000000E+00  9.172750534E+00 
      1134  3.832500000E+02  0.000000000E+00  9.156579137E+00 
      1135  3.835000000E+02  0.000000000E+00  9.140145235E+00 
      1136  3.837500000E+02  0.000000000E+00  9.123445857E+00 
      1137  3.840000000E+02  0.000000000E+00  9.106478028E+00 
      1138  3.842500000E+02  0.000000000E+00  9.089238770E+00 
      1139  3.845000000E+02  0.000000000E+00  9.071725105E+00 
      1140  3.847500000E+02  0.000000000E+00  9.053934056E+00 
      1141  3.850000000E+02  0.000000000E+00  9.035862651E+00 
      1142  3.852500000E+02  0.000000000E+00  9.017507927E+00 
      1143  3.855000000E+02  0.000000000E+00  8.998866932E+00 
      1144  3.857500000E+02  0.000000000E+00  8.979936732E+00 
      1145  3.860000000E+02  0.000000000E+00  8.960714415E+00 
      1146  3.862500000E+02  0.000000000E+00  8.941197094E+00 
      1147  3.865000000E+02  0.000000000E+00  8.921381921E+00 
      1148  3.867500000E+02  0.000000000E+00  8.901266086E+00 
      1149  3.870000000E+02  0.000000000E+00  8.880846834E+00 
      1150  3.872500000E+02  0.000000000E+00  8.860121468E+00 
      1151  3.875000000E+02  0.000000000E+00  8.839087368E+00 
      1152  3.877500000E+02  0.000000000E+00  8.817742000E+00 
      1153  3.880000000E+02  0.000000000E+00  8.796082932E+00 
      1154  3.882500000E+02  0.000000000E+00  8.774107858E+00 
      1155  3.885000000E+02  0.000000000E+00  8.751814609E+00 
      1156  3.887500000E+02  0.000000000E+00  8.729201187E+00 
      1157  3.890000000E+02  0.000000000E+00  8.706265789E+00 
      1158  3.892500000E+02  0.000000000E+00  8.683006837E+00 
      1159  3.895000000E+02  0.000000000E+00  8.659423023E+00 
      1160  3.897500000E+02  0.000000000E+00  8.635513342E+00 
      1161  3.900000000E+02  0.000000000E+00  8.611277153E+00 
      1162  3.902500000E+02  0.000000000E+00  8.586714227E+00 
      1163  3.905000000E+02  0.000000000E+00  8.561824820E+00 
      1164  3.907500000E+02  0.000000000E+00  8.536609751E+00 
      1165  3.910000000E+02  0.000000000E+00  8.511070486E+00 
      1166  3.912500000E+02  0.000000000E+00  8.485209247E+00 
      1167  3.915000000E+02  0.000000000E+00  8.459029129E+00 
      1168  3.917500000E+02  0.000000000E+00  8.432534244E+00 
      1169  3.920000000E+02  0.000000000E+00  8.405729875E+00 
      1170  3.922500000E+02  0.000000000E+00  8.378622672E+00 
      1171  3.925000000E+02  0.000000000E+00  8.351220866E+00 
      1172  3.927500000E+02  0.000000000E+00  8.323534525E+00 
      1173  3.930000000E+02  0.000000000E+00  8.295575850E+00 
      1174  3.932500000E+02  0.000000000E+00  8.267359522E+00 
      1175  3.935000000E+02  0.000000000E+00  8.238903107E+00 
      1176  3.937500000E+02  0.000000000E+00  8.210227532E+00 
      1177  3.940000000E+02  0.000000000E+00  8.181357643E+00 
      1178  3.942500000E+02  0.000000000E+00  8.152322863E+00 
      1179  3.945000000E+02  0.000000000E+00  8.123157971E+00 
      1180  3.947500000E+02  0.000000000E+00  8.093904022E+00 
      1181  3.950000000E+02  0.000000000E+00  8.064609449E+00 
      1182  3.952500000E+02  0.000000000E+00  8.035331377E+00 
      1183  3.955000000E+02  0.000000000E+00  8.006137200E+00 
      1184  3.957500000E+02  0.000000000E+00  7.977106498E+00 
      1185  3.960000000E+02  0.000000000E+00  7.948333370E+00 
      1186  3.962500000E+02  0.000000000E+00  7.919929295E+00 
      1187  3.965000000E+02  0.000000000E+00  7.892026678E+00 
      1188  3.967500000E+02  0.000000000E+00  7.864783298E+00 
      1189  3.970000000E+02  0.000000000E+00  7.838387951E+00 
      1190  3.972500000E+02  0.000000000E+00  7.813067702E+00 
      1191  3.975000000E+02  0.000000000E+00  7.789097403E+00 
      1192  3.977500000E+02  0.000000000E+00  7.766812415E+00 
      1193  3.980000000E+02  0.000000000E+00  7.746626081E+00 
      1194  3.982500000E+02  0.000000000E+00  7.729054498E+00 
      1195  3.985000000E+02  0.000000000E+00  7.714753102E+00 
      1196  3.987500000E+02  0.000000000E+00  7.704573598E+00 
      1197  3.990000000E+02  0.000000000E+00  7.699658826E+00 
      1198  3.992500000E+02  0.000000000E+00  7.701615832E+00 
      1199  3.995000000E+02  0.000000000E+00  7.712869368E+00 
      1200  3.997500000E+02  0.000000000E+00  7.739895495E+00 
      1201  4.000000000E+02  0.000000000E+00  7.084821327E+00 
      1202  4.002000034E+02  0.000000000E+00  6.632505041E+00 
      1203  4.004016387E+02  0.000000000E+00  6.804135010E+00 
      1204  4.006049192E+02  0.000000000E+00  6.970466670E+00 
      1205  4.008098583E+02  0.000000000E+00  7.131163694E+00 
      1206  4.010164696E+02  0.000000000E+00  7.286091708E+00 
      1207  4.012247666E+02  0.000000000E+00  7.435165030E+00 
      1208  4.014347631E+02  0.000000000E+00  7.578338713E+00 
      1209  4.016464731E+02  0.000000000E+00  7.715603049E+00 
      1210  4.018599104E+02  0.000000000E+00  7.846979626E+00 
      1211  4.020750892E+02  0.000000000E+00  7.972517628E+00 
      1212  4.022920237E+02  0.000000000E+00  8.092290447E+00 
      1213  4.025107282E+02  0.000000000E+00  8.213084434E+00 
      1214  4.027312172E+02  0.000000000E+00  8.327918578E+00 
      1215  4.029535052E+02  0.000000000E+00  8.430138549E+00 
      1216  4.031776069E+02  0.000000000E+00  8.527114454E+00 
      1217  4.034035370E+02  0.000000000E+00  8.618997987E+00 
      1218  4.036313106E+02  0.000000000E+00  8.705949519E+00 
      1219  4.038609426E+02  0.000000000E+00  8.788136250E+00 
      1220  4.040924483E+02  0.000000000E+00  8.865730560E+00 
      1221  4.043258428E+02  0.000000000E+00  8.942915971E+00 
      1222  4.045611417E+02  0.000000000E+00  9.015572280E+00 
      1223  4.047983604E+02  0.000000000E+00  9.079823716E+00 
      1224  4.050375146E+02  0.000000000E+00  9.140235367E+00 
      1225  4.052786201E+02  0.000000000E+00  9.196983068E+00 
      1226  4.055216929E+02  0.000000000E+00  9.253070848E+00 
      1227  4.057667489E+02  0.000000000E+00  9.311469005E+00 
      1228  4.060138044E+02  0.000000000E+00  9.372792299E+00 
      1229  4.062628756E+02  0.000000000E+00  9.427145038E+00 
      1230  4.065139791E+02  0.000000000E+00  9.470906095E+00 
      1231  4.067671314E+02  0.000000000E+00  9.514041851E+00 
      1232  4.070223492E+02  0.000000000E+00  9.553505920E+00 
      1233  4.072796494E+02  0.000000000E+00  9.590282330E+00 
      1234  4.075390490E+02  0.000000000E+00  9.622498276E+00 
      1235  4.078005650E+02  0.000000000E+00  9.646953316E+00 
      1236  4.080642148E+02  0.000000000E+00  9.670145459E+00 
      1237  4.083300158E+02  0.000000000E+00  9.691613917E+00 
      1238  4.085979855E+02  0.000000000E+00  9.711291320E+00 
      1239  4.088681416E+02  0.000000000E+00  9.702410420E+00 
      1240  4.091405020E+02  0.000000000E+00  9.694545223E+00 
      1241  4.094150846E+02  0.000000000E+00  9.715543005E+00 
      1242  4.096919076E+02  0.000000000E+00  9.735022647E+00 
      1243  4.099709892E+02  0.000000000E+00  9.753086578E+00 
      1244  4.102523480E+02  0.000000000E+00  9.769831592E+00 
      1245  4.105360024E+02  0.000000000E+00  9.785349024E+00 
      1246  4.108219711E+02  0.000000000E+00  9.799724925E+00 
      1247  4.111102732E+02  0.000000000E+00  9.813040258E+00 
      1248  4.114009276E+02  0.000000000E+00  9.825371083E+00 
      1249  4.116939535E+02  0.000000000E+00  9.836788769E+00 
      1250  4.119893702E+02  0.000000000E+00  9.847360189E+00 
      1251  4.122871973E+02  0.000000000E+00  9.857147926E+00 
      1252  4.125874544E+02  0.000000000E+00  9.866210476E+00 
      1253  4.128901614E+02  0.000000000E+00  9.874602449E+00 
      1254  4.131953383E+02  0.000000000E+00  9.882374766E+00 
      1255  4.135030051E+02  0.000000000E+00  9.889574854E+00 
      1256  4.138131823E+02  0.000000000E+00  9.896246836E+00 
      1257  4.141258902E+02  0.000000000E+00  9.902431716E+00 
      1258  4.144411496E+02  0.000000000E+00  9.908167554E+00 
      1259  4.147589813E+02  0.000000000E+00  9.913489646E+00 
      1260  4.150794062E+02  0.000000000E+00  9.918430684E+00 
      1261  4.154024455E+02  0.000000000E+00  9.923020919E+00 
      1262  4.157281206E+02  0.000000000E+00  9.927288317E+00 
      1263  4.160564529E+02  0.000000000E+00  9.931258700E+00 
      1264  4.163874641E+02  0.000000000E+00  9.934955891E+00 
      1265  4.167211762E+02  0.000000000E+00  9.938401844E+00 
      1266  4.170576110E+02  0.000000000E+00  9.941616773E+00 
      1267  4.173967909E+02  0.000000000E+00  9.944619273E+00 
      1268  4.177387382E+02  0.000000000E+00  9.947426430E+00 
      1269  4.180834756E+02  0.000000000E+00  9.950053932E+00 
      1270  4.184310257E+02  0.000000000E+00  9.952516169E+00 
      1271  4.187814116E+02  0.000000000E+00  9.954826329E+00 
      1272  4.191346563E+02  0.000000000E+00  9.956996489E+00 
      1273  4.194907832E+02  0.000000000E+00  9.959037698E+00 
      1274  4.198498158E+02  0.000000000E+00  9.960960056E+00 
      1275  4.202117779E+02  0.000000000E+00  9.962772790E+00 
      1276  4.205766933E+02  0.000000000E+00  9.964484321E+00 
      1277  4.209445860E+02  0.000000000E+00  9.966102333E+00 
      1278  4.213154806E+02  0.000000000E+00  9.967633827E+00 
      1279  4.216894013E+02  0.000000000E+00  9.969085184E+00 
      1280  4.220663728E+02  0.000000000E+00  9.970462212E+00 
      1281  4.224464202E+02  0.000000000E+00  9.971770199E+00 
      1282  4.228295685E+02  0.000000000E+00  9.973013954E+00 
      1283  4.232158429E+02  0.000000000E+00  9.974197853E+00 
      1284  4.236052691E+02  0.000000000E+00  9.975325875E+00 
      1285  4.239978726E+02  0.000000000E+00  9.976401636E+00 
      1286  4.243936795E+02  0.000000000E+00  9.977428428E+00 
      1287  4.247927158E+02  0.000000000E+00  9.978409243E+00 
      1288  4.251950080E+02  0.000000000E+00  9.979346805E+00 
      1289  4.256005825E+02  0.000000000E+00  9.980243593E+00 
      1290  4.260094662E+02  0.000000000E+00  9.981101867E+00 
      1291  4.264216861E+02  0.000000000E+00  9.981923690E+00 
      1292  4.268372694E+02  0.000000000E+00  9.982710942E+00 
      1293  4.272562434E+02  0.000000000E+00  9.983465347E+00 
      1294  4.276786360E+02  0.000000000E+00  9.984188483E+00 
      1295  4.281044750E+02  0.000000000E+00  9.984881798E+00 
      1296  4.285337884E+02  0.000000000E+00  9.985546625E+00 
      1297  4.289666047E+02  0.000000000E+00  9.986184194E+00 
      1298  4.294029525E+02  0.000000000E+00  9.986795644E+00 
      1299  4.298428605E+02  0.000000000E+00  9.987382030E+00 
      1300  4.302863578E+02  0.000000000E+00  9.987944337E+00 
      1301  4.307334737E+02  0.000000000E+00  9.988483484E+00 
      1302  4.311842377E+02  0.000000000E+00  9.989000332E+00 
      1303  4.316386795E+02  0.000000000E+00  9.989495692E+00 
      1304  4.320968293E+02  0.000000000E+00  9.989970332E+00 
      1305  4.325587172E+02  0.000000000E+00  9.990424978E+00 
      1306  4.330243737E+02  0.000000000E+00  9.990860323E+00 
      1307  4.334938296E+02  0.000000000E+00  9.991277029E+00 
      1308  4.339671159E+02  0.000000000E+00  9.991675731E+00 
      1309  4.344442638E+02  0.000000000E+00  9.992057038E+00 
      1310  4.349253049E+02  0.000000000E+00  9.992421540E+00 
      1311  4.354102708E+02  0.000000000E+00  9.992769808E+00 
      1312  4.358991937E+02  0.000000000E+00  9.993102395E+00 
      1313  4.363921059E+02  0.000000000E+00  9.993419839E+00 
      1314  4.368890398E+02  0.000000000E+00  9.993722667E+00 
      1315  4.373900283E+02  0.000000000E+00  9.994011389E+00 
      1316  4.378951044E+02  0.000000000E+00  9.994286506E+00 
      1317  4.384043016E+02  0.000000000E+00  9.994548510E+00 
      1318  4.389176534E+02  0.000000000E+00  9.994797880E+00 
      1319  4.394351937E+02  0.000000000E+00  9.995035086E+00 
      1320  4.399569568E+02  0.000000000E+00  9.995260591E+00 
      1321  4.404829770E+02  0.000000000E+00  9.995474847E+00 
      1322  4.410132892E+02  0.000000000E+00  9.995678297E+00 
      1323  4.415479282E+02  0.000000000E+00  9.995871377E+00 
      1324  4.420869295E+02  0.000000000E+00  9.996054513E+00 
      1325  4.426303286E+02  0.000000000E+00  9.996228122E+00 
      1326  4.431781614E+02  0.000000000E+00  9.996392613E+00 
      1327  4.437304641E+02  0.000000000E+00  9.996548384E+00 
      1328  4.442872731E+02  0.000000000E+00  9.996695828E+00 
      1329  4.448486253E+02  0.000000000E+00  9.996835323E+00 
      1330  4.454145576E+02  0.000000000E+00  9.996967241E+00 
      1331  4.459851075E+02  0.000000000E+00  9.997091944E+00 
      1332  4.465603126E+02  0.000000000E+00  9.997209783E+00 
      1333  4.471402109E+02  0.000000000E+00  9.997321098E+00 
      1334  4.477248408E+02  0.000000000E+00  9.997426221E+00 
      1335  4.483142407E+02  0.000000000E+00  9.997525471E+00 
      1336  4.489084497E+02  0.000000000E+00  9.997619158E+00 
      1337  4.495075070E+02  0.000000000E+00  9.997707581E+00 
      1338  4.501114521E+02  0.000000000E+00  9.997791027E+00 
      1339  4.507203248E+02  0.000000000E+00  9.997869772E+00 
      1340  4.513341655E+02  0.000000000E+00  9.997944083E+00 
      1341  4.519530147E+02  0.000000000E+00  9.998014214E+00 
      1342  4.525769132E+02  0.000000000E+00  9.998080409E+00 
      1343  4.532059021E+02  0.000000000E+00  9.998142900E+00 
      1344  4.538400232E+02  0.000000000E+00  9.998201908E+00 
      1345  4.544793181E+02  0.000000000E+00  9.998257646E+00 
      1346  4.551238292E+02  0.000000000E+00  9.998310313E+00 
      1347  4.557735990E+02  0.000000000E+00  9.998360099E+00 
      1348  4.564286703E+02  0.000000000E+00  9.998407184E+00 
      1349  4.570890866E+02  0.000000000E+00  9.998451738E+00 
      1350  4.577548913E+02  0.000000000E+00  9.998493920E+00 
      1351  4.584261284E+02  0.000000000E+00  9.998533881E+00 
      1352  4.591028423E+02  0.000000000E+00  9.998571763E+00 
      1353  4.597850777E+02  0.000000000E+00  9.998607696E+00 
      1354  4.604728795E+02  0.000000000E+00  9.998641807E+00 
      1355  4.611662932E+02  0.000000000E+00  9.998674210E+00 
      1356  4.618653647E+02  0.000000000E+00  9.998705014E+00 
      1357  4.625701400E+02  0.000000000E+00  9.998734320E+00 
      1358  4.632806657E+02  0.000000000E+00  9.998762224E+00 
      1359  4.639969887E+02  0.000000000E+00  9.998788814E+00 
      1360  4.647191564E+02  0.000000000E+00  9.998814172E+00 
      1361  4.654472164E+02  0.000000000E+00  9.998838379E+00 
      1362  4.661812167E+02  0.000000000E+00  9.998861509E+00 
      1363  4.669212059E+02  0.000000000E+00  9.998883632E+00 
      1364  4.676672328E+02  0.000000000E+00  9.998904819E+00 
      1365  4.684193468E+02  0.000000000E+00  9.998925138E+00 
      1366  4.691775973E+02  0.000000000E+00  9.998944657E+00 
      1367  4.699420346E+02  0.000000000E+00  9.998963447E+00 
      1368  4.707127091E+02  0.000000000E+00  9.998981582E+00 
      1369  4.714896716E+02  0.000000000E+00  9.998999143E+00 
      1370  4.722729736E+02  0.000000000E+00  9.999016218E+00 
      1371  4.730626666E+02  0.000000000E+00  9.999032911E+00 
      1372  4.738588030E+02  0.000000000E+00  9.999049342E+00 
      1373  4.746614352E+02  0.000000000E+00  9.999065653E+00 
      1374  4.754706162E+02  0.000000000E+00  9.999082020E+00 
      1375  4.762863994E+02  0.000000000E+00  9.999098661E+00 
      1376  4.771088389E+02  0.000000000E+00  9.999115847E+00 
      1377  4.779379887E+02  0.000000000E+00  9.999133928E+00 
      1378  4.787739038E+02  0.000000000E+00  9.999153348E+00 
      1379  4.796166392E+02  0.000000000E+00  9.999174683E+00 
      1380  4.804662507E+02  0.000000000E+00  9.999198687E+00 
      1381  4.813227944E+02  0.000000000E+00  9.999226345E+00 
      1382  4.821863268E+02  0.000000000E+00  9.999258958E+00 
      1383  4.830569049E+02  0.000000000E+00  9.999298256E+00 
      1384  4.839345862E+02  0.000000000E+00  9.999346541E+00 
      1385  4.848194287E+02  0.000000000E+00  9.999406901E+00 
      1386  4.857114908E+02  0.000000000E+00  9.999483491E+00 
      1387  4.866108314E+02  0.000000000E+00  9.999581926E+00 
      1388  4.875175099E+02  0.000000000E+00  9.999709827E+00 
      1389  4.884315862E+02  0.000000000E+00  9.999877577E+00 
      1390  4.893531206E+02  0.000000000E+00  1.000009937E+01 
      1391  4.902821741E+02  0.000000000E+00  1.000039470E+01 
      1392  4.912188078E+02  0.000000000E+00  1.000079038E+01 
      1393  4.921630837E+02  0.000000000E+00  1.000132348E+01 
      1394  4.931150642E+02  0.000000000E+00  1.000204540E+01 
      1395  4.940748120E+02  0.000000000E+00  1.000302759E+01 
      1396  4.950423907E+02  0.000000000E+00  1.000436973E+01 
      1397  4.960178639E+02  0.000000000E+00  1.000621140E+01 
      1398  4.970012963E+02  0.000000000E+00  1.000873609E+01 
      1399  4.979927527E+02  0.000000000E+00  1.001403268E+01 
      1400  4.989922986E+02  0.000000000E+00  1.002111933E+01 
      1401  5.000000000E+02  0.000000000E+00  1.002436989E+01 
