nodenumber     x-coordinate     y-coordinate           udm-10 
         1  0.000000000E+00  0.000000000E+00 -1.511158135E-04 
         2  1.007701384E+00  0.000000000E+00 -3.012248277E-04 
         3  2.007247274E+00  0.000000000E+00 -5.980599530E-04 
         4  2.998703673E+00  0.000000000E+00 -8.915632237E-04 
         5  3.982136051E+00  0.000000000E+00 -1.182668676E-03 
         6  4.957609346E+00  0.000000000E+00 -1.471300481E-03 
         7  5.925187975E+00  0.000000000E+00 -1.757400779E-03 
         8  6.884935829E+00  0.000000000E+00 -2.040920603E-03 
         9  7.836916284E+00  0.000000000E+00 -2.321818227E-03 
        10  8.781192203E+00  0.000000000E+00 -2.600057897E-03 
        11  9.717825941E+00  0.000000000E+00 -2.875608851E-03 
        12  1.064687935E+01  0.000000000E+00 -3.148444571E-03 
        13  1.156841377E+01  0.000000000E+00 -3.418542201E-03 
        14  1.248249006E+01  0.000000000E+00 -3.685882098E-03 
        15  1.338916858E+01  0.000000000E+00 -3.950447474E-03 
        16  1.428850920E+01  0.000000000E+00 -4.212224121E-03 
        17  1.518057130E+01  0.000000000E+00 -4.471200178E-03 
        18  1.606541380E+01  0.000000000E+00 -4.727365957E-03 
        19  1.694309512E+01  0.000000000E+00 -4.980713786E-03 
        20  1.781367322E+01  0.000000000E+00 -5.231237889E-03 
        21  1.867720559E+01  0.000000000E+00 -5.478934273E-03 
        22  1.953374925E+01  0.000000000E+00 -5.723800639E-03 
        23  2.038336076E+01  0.000000000E+00 -5.965836297E-03 
        24  2.122609622E+01  0.000000000E+00 -6.205042091E-03 
        25  2.206201128E+01  0.000000000E+00 -6.441420330E-03 
        26  2.289116114E+01  0.000000000E+00 -6.674974727E-03 
        27  2.371360056E+01  0.000000000E+00 -6.905710335E-03 
        28  2.452938383E+01  0.000000000E+00 -7.133633491E-03 
        29  2.533856484E+01  0.000000000E+00 -7.358751760E-03 
        30  2.614119701E+01  0.000000000E+00 -7.581073885E-03 
        31  2.693733335E+01  0.000000000E+00 -7.800609731E-03 
        32  2.772702642E+01  0.000000000E+00 -8.017370236E-03 
        33  2.851032837E+01  0.000000000E+00 -8.231367366E-03 
        34  2.928729093E+01  0.000000000E+00 -8.442614062E-03 
        35  3.005796541E+01  0.000000000E+00 -8.651124196E-03 
        36  3.082240268E+01  0.000000000E+00 -8.856912524E-03 
        37  3.158065324E+01  0.000000000E+00 -9.059994646E-03 
        38  3.233276716E+01  0.000000000E+00 -9.260386956E-03 
        39  3.307879409E+01  0.000000000E+00 -9.458106604E-03 
        40  3.381878330E+01  0.000000000E+00 -9.653171453E-03 
        41  3.455278365E+01  0.000000000E+00 -9.845600039E-03 
        42  3.528084362E+01  0.000000000E+00 -1.003541153E-02 
        43  3.600301127E+01  0.000000000E+00 -1.022262570E-02 
        44  3.671933431E+01  0.000000000E+00 -1.040726286E-02 
        45  3.742986002E+01  0.000000000E+00 -1.058934386E-02 
        46  3.813463533E+01  0.000000000E+00 -1.076889003E-02 
        47  3.883370678E+01  0.000000000E+00 -1.094592316E-02 
        48  3.952712052E+01  0.000000000E+00 -1.112046545E-02 
        49  4.021492235E+01  0.000000000E+00 -1.129253950E-02 
        50  4.089715769E+01  0.000000000E+00 -1.146216824E-02 
        51  4.157387159E+01  0.000000000E+00 -1.162937496E-02 
        52  4.224510872E+01  0.000000000E+00 -1.179418323E-02 
        53  4.291091342E+01  0.000000000E+00 -1.195661689E-02 
        54  4.357132966E+01  0.000000000E+00 -1.211670002E-02 
        55  4.422640104E+01  0.000000000E+00 -1.227445693E-02 
        56  4.487617081E+01  0.000000000E+00 -1.242991210E-02 
        57  4.552068189E+01  0.000000000E+00 -1.258309020E-02 
        58  4.615997684E+01  0.000000000E+00 -1.273401603E-02 
        59  4.679409786E+01  0.000000000E+00 -1.288271451E-02 
        60  4.742308684E+01  0.000000000E+00 -1.302921068E-02 
        61  4.804698530E+01  0.000000000E+00 -1.317352964E-02 
        62  4.866583446E+01  0.000000000E+00 -1.331569656E-02 
        63  4.927967516E+01  0.000000000E+00 -1.345573665E-02 
        64  4.988854795E+01  0.000000000E+00 -1.359367514E-02 
        65  5.049249303E+01  0.000000000E+00 -1.372953728E-02 
        66  5.109155028E+01  0.000000000E+00 -1.386334830E-02 
        67  5.168575926E+01  0.000000000E+00 -1.399513341E-02 
        68  5.227515921E+01  0.000000000E+00 -1.412491777E-02 
        69  5.285978905E+01  0.000000000E+00 -1.425272650E-02 
        70  5.343968738E+01  0.000000000E+00 -1.437858466E-02 
        71  5.401489250E+01  0.000000000E+00 -1.450251721E-02 
        72  5.458544238E+01  0.000000000E+00 -1.462454904E-02 
        73  5.515137472E+01  0.000000000E+00 -1.474470491E-02 
        74  5.571272686E+01  0.000000000E+00 -1.486300951E-02 
        75  5.626953590E+01  0.000000000E+00 -1.497948737E-02 
        76  5.682183858E+01  0.000000000E+00 -1.509416291E-02 
        77  5.736967139E+01  0.000000000E+00 -1.520706039E-02 
        78  5.791307049E+01  0.000000000E+00 -1.531820394E-02 
        79  5.845207178E+01  0.000000000E+00 -1.542761754E-02 
        80  5.898671083E+01  0.000000000E+00 -1.553532497E-02 
        81  5.951702297E+01  0.000000000E+00 -1.564134989E-02 
        82  6.004304320E+01  0.000000000E+00 -1.574571574E-02 
        83  6.056480627E+01  0.000000000E+00 -1.584844582E-02 
        84  6.108234661E+01  0.000000000E+00 -1.594956321E-02 
        85  6.159569842E+01  0.000000000E+00 -1.604909083E-02 
        86  6.210489559E+01  0.000000000E+00 -1.614705138E-02 
        87  6.260997174E+01  0.000000000E+00 -1.624346737E-02 
        88  6.311096022E+01  0.000000000E+00 -1.633836113E-02 
        89  6.360789412E+01  0.000000000E+00 -1.643175476E-02 
        90  6.410080625E+01  0.000000000E+00 -1.652367018E-02 
        91  6.458972916E+01  0.000000000E+00 -1.661412908E-02 
        92  6.507469514E+01  0.000000000E+00 -1.670315297E-02 
        93  6.555573621E+01  0.000000000E+00 -1.679076314E-02 
        94  6.603288413E+01  0.000000000E+00 -1.687698066E-02 
        95  6.650617042E+01  0.000000000E+00 -1.696182642E-02 
        96  6.697562632E+01  0.000000000E+00 -1.704532108E-02 
        97  6.744128283E+01  0.000000000E+00 -1.712748512E-02 
        98  6.790317071E+01  0.000000000E+00 -1.720833881E-02 
        99  6.836132046E+01  0.000000000E+00 -1.728790221E-02 
       100  6.881576232E+01  0.000000000E+00 -1.736619520E-02 
       101  6.926652631E+01  0.000000000E+00 -1.744323746E-02 
       102  6.971364219E+01  0.000000000E+00 -1.751904850E-02 
       103  7.015713949E+01  0.000000000E+00 -1.759364763E-02 
       104  7.059704749E+01  0.000000000E+00 -1.766705399E-02 
       105  7.103339524E+01  0.000000000E+00 -1.773928656E-02 
       106  7.146621156E+01  0.000000000E+00 -1.781036416E-02 
       107  7.189552503E+01  0.000000000E+00 -1.788030546E-02 
       108  7.232136399E+01  0.000000000E+00 -1.794912899E-02 
       109  7.274375656E+01  0.000000000E+00 -1.801685313E-02 
       110  7.316273064E+01  0.000000000E+00 -1.808349618E-02 
       111  7.357831389E+01  0.000000000E+00 -1.814907631E-02 
       112  7.399053376E+01  0.000000000E+00 -1.821361159E-02 
       113  7.439941746E+01  0.000000000E+00 -1.827712004E-02 
       114  7.480499201E+01  0.000000000E+00 -1.833961960E-02 
       115  7.520728416E+01  0.000000000E+00 -1.840112817E-02 
       116  7.560632051E+01  0.000000000E+00 -1.846166366E-02 
       117  7.600212738E+01  0.000000000E+00 -1.852124393E-02 
       118  7.639473092E+01  0.000000000E+00 -1.857988689E-02 
       119  7.678415706E+01  0.000000000E+00 -1.863761051E-02 
       120  7.717043151E+01  0.000000000E+00 -1.869443281E-02 
       121  7.755357977E+01  0.000000000E+00 -1.875037193E-02 
       122  7.793362715E+01  0.000000000E+00 -1.880544613E-02 
       123  7.831059875E+01  0.000000000E+00 -1.885967385E-02 
       124  7.868451945E+01  0.000000000E+00 -1.891307372E-02 
       125  7.905541395E+01  0.000000000E+00 -1.896566463E-02 
       126  7.942330674E+01  0.000000000E+00 -1.901746574E-02 
       127  7.978822211E+01  0.000000000E+00 -1.906849653E-02 
       128  8.015018416E+01  0.000000000E+00 -1.911877686E-02 
       129  8.050921679E+01  0.000000000E+00 -1.916832703E-02 
       130  8.086534371E+01  0.000000000E+00 -1.921716780E-02 
       131  8.121858844E+01  0.000000000E+00 -1.926532046E-02 
       132  8.156897429E+01  0.000000000E+00 -1.931280690E-02 
       133  8.191652442E+01  0.000000000E+00 -1.935964968E-02 
       134  8.226126177E+01  0.000000000E+00 -1.940587209E-02 
       135  8.260320909E+01  0.000000000E+00 -1.945149820E-02 
       136  8.294238899E+01  0.000000000E+00 -1.949655299E-02 
       137  8.327882384E+01  0.000000000E+00 -1.954106239E-02 
       138  8.361253587E+01  0.000000000E+00 -1.958505339E-02 
       139  8.394354712E+01  0.000000000E+00 -1.962855413E-02 
       140  8.427187943E+01  0.000000000E+00 -1.967159398E-02 
       141  8.459755450E+01  0.000000000E+00 -1.971420367E-02 
       142  8.492059382E+01  0.000000000E+00 -1.975641541E-02 
       143  8.524101873E+01  0.000000000E+00 -1.979826296E-02 
       144  8.555885039E+01  0.000000000E+00 -1.983978182E-02 
       145  8.587410979E+01  0.000000000E+00 -1.988100931E-02 
       146  8.618681774E+01  0.000000000E+00 -1.992198472E-02 
       147  8.649699489E+01  0.000000000E+00 -1.996274947E-02 
       148  8.680466173E+01  0.000000000E+00 -2.000334727E-02 
       149  8.710983857E+01  0.000000000E+00 -2.004382426E-02 
       150  8.741254556E+01  0.000000000E+00 -2.008422920E-02 
       151  8.771280270E+01  0.000000000E+00 -2.012461364E-02 
       152  8.801062980E+01  0.000000000E+00 -2.016503211E-02 
       153  8.830604654E+01  0.000000000E+00 -2.020554236E-02 
       154  8.859907242E+01  0.000000000E+00 -2.024620548E-02 
       155  8.888972679E+01  0.000000000E+00 -2.028708622E-02 
       156  8.917802885E+01  0.000000000E+00 -2.032825316E-02 
       157  8.946399764E+01  0.000000000E+00 -2.036977898E-02 
       158  8.974765203E+01  0.000000000E+00 -2.041174069E-02 
       159  9.002901076E+01  0.000000000E+00 -2.045421991E-02 
       160  9.030809241E+01  0.000000000E+00 -2.049730314E-02 
       161  9.058491540E+01  0.000000000E+00 -2.054108207E-02 
       162  9.085949802E+01  0.000000000E+00 -2.058565382E-02 
       163  9.113185839E+01  0.000000000E+00 -2.063112132E-02 
       164  9.140201451E+01  0.000000000E+00 -2.067759355E-02 
       165  9.166998421E+01  0.000000000E+00 -2.072518594E-02 
       166  9.193578518E+01  0.000000000E+00 -2.077402064E-02 
       167  9.219943499E+01  0.000000000E+00 -2.082422690E-02 
       168  9.246095103E+01  0.000000000E+00 -2.087594143E-02 
       169  9.272035058E+01  0.000000000E+00 -2.092930871E-02 
       170  9.297765077E+01  0.000000000E+00 -2.098448143E-02 
       171  9.323286858E+01  0.000000000E+00 -2.104160680E-02 
       172  9.348602087E+01  0.000000000E+00 -2.110087043E-02 
       173  9.373712436E+01  0.000000000E+00 -2.116040315E-02 
       174  9.398619563E+01  0.000000000E+00 -2.122201990E-02 
       175  9.423325112E+01  0.000000000E+00 -2.128792690E-02 
       176  9.447830715E+01  0.000000000E+00 -2.142626888E-02 
       177  9.472137990E+01  0.000000000E+00 -2.156488787E-02 
       178  9.496248543E+01  0.000000000E+00 -2.163659188E-02 
       179  9.520163964E+01  0.000000000E+00 -2.171065020E-02 
       180  9.543885834E+01  0.000000000E+00 -2.178390641E-02 
       181  9.567415720E+01  0.000000000E+00 -2.186241236E-02 
       182  9.590755173E+01  0.000000000E+00 -2.194993190E-02 
       183  9.613905737E+01  0.000000000E+00 -2.204303888E-02 
       184  9.636868940E+01  0.000000000E+00 -2.214079161E-02 
       185  9.659646297E+01  0.000000000E+00 -2.224350287E-02 
       186  9.682239314E+01  0.000000000E+00 -2.235149848E-02 
       187  9.704649481E+01  0.000000000E+00 -2.246469332E-02 
       188  9.726878279E+01  0.000000000E+00 -2.258405394E-02 
       189  9.748927176E+01  0.000000000E+00 -2.271023553E-02 
       190  9.770797628E+01  0.000000000E+00 -2.284340984E-02 
       191  9.792491078E+01  0.000000000E+00 -2.298431074E-02 
       192  9.814008960E+01  0.000000000E+00 -2.313311747E-02 
       193  9.835352693E+01  0.000000000E+00 -2.329016744E-02 
       194  9.856523689E+01  0.000000000E+00 -2.345589018E-02 
       195  9.877523344E+01  0.000000000E+00 -2.362965098E-02 
       196  9.898353045E+01  0.000000000E+00 -2.381283208E-02 
       197  9.919014168E+01  0.000000000E+00 -2.400709478E-02 
       198  9.939508077E+01  0.000000000E+00 -2.421216371E-02 
       199  9.959836126E+01  0.000000000E+00 -2.442864611E-02 
       200  9.979999657E+01  0.000000000E+00 -2.465717630E-02 
       201  1.000000000E+02  0.000000000E+00 -2.435839256E-02 
       202  1.002500000E+02  0.000000000E+00 -2.388499835E-02 
       203  1.005000000E+02  0.000000000E+00 -2.396765906E-02 
       204  1.007500000E+02  0.000000000E+00 -2.403440629E-02 
       205  1.010000000E+02  0.000000000E+00 -2.409038564E-02 
       206  1.012500000E+02  0.000000000E+00 -2.413838300E-02 
       207  1.015000000E+02  0.000000000E+00 -2.418016745E-02 
       208  1.017500000E+02  0.000000000E+00 -2.421697374E-02 
       209  1.020000000E+02  0.000000000E+00 -2.424971407E-02 
       210  1.022500000E+02  0.000000000E+00 -2.427908746E-02 
       211  1.025000000E+02  0.000000000E+00 -2.430564335E-02 
       212  1.027500000E+02  0.000000000E+00 -2.432982165E-02 
       213  1.030000000E+02  0.000000000E+00 -2.435197959E-02 
       214  1.032500000E+02  0.000000000E+00 -2.437241049E-02 
       215  1.035000000E+02  0.000000000E+00 -2.439135733E-02 
       216  1.037500000E+02  0.000000000E+00 -2.440902286E-02 
       217  1.040000000E+02  0.000000000E+00 -2.442557728E-02 
       218  1.042500000E+02  0.000000000E+00 -2.444116417E-02 
       219  1.045000000E+02  0.000000000E+00 -2.445590516E-02 
       220  1.047500000E+02  0.000000000E+00 -2.446990366E-02 
       221  1.050000000E+02  0.000000000E+00 -2.448324788E-02 
       222  1.052500000E+02  0.000000000E+00 -2.449601321E-02 
       223  1.055000000E+02  0.000000000E+00 -2.450826428E-02 
       224  1.057500000E+02  0.000000000E+00 -2.452005656E-02 
       225  1.060000000E+02  0.000000000E+00 -2.453143777E-02 
       226  1.062500000E+02  0.000000000E+00 -2.454244899E-02 
       227  1.065000000E+02  0.000000000E+00 -2.455312565E-02 
       228  1.067500000E+02  0.000000000E+00 -2.456349831E-02 
       229  1.070000000E+02  0.000000000E+00 -2.457359338E-02 
       230  1.072500000E+02  0.000000000E+00 -2.458343368E-02 
       231  1.075000000E+02  0.000000000E+00 -2.459303893E-02 
       232  1.077500000E+02  0.000000000E+00 -2.460242620E-02 
       233  1.080000000E+02  0.000000000E+00 -2.461161025E-02 
       234  1.082500000E+02  0.000000000E+00 -2.462060385E-02 
       235  1.085000000E+02  0.000000000E+00 -2.462941805E-02 
       236  1.087500000E+02  0.000000000E+00 -2.463806241E-02 
       237  1.090000000E+02  0.000000000E+00 -2.464654519E-02 
       238  1.092500000E+02  0.000000000E+00 -2.465487353E-02 
       239  1.095000000E+02  0.000000000E+00 -2.466305361E-02 
       240  1.097500000E+02  0.000000000E+00 -2.467109077E-02 
       241  1.100000000E+02  0.000000000E+00 -2.467898960E-02 
       242  1.102500000E+02  0.000000000E+00 -2.468675409E-02 
       243  1.105000000E+02  0.000000000E+00 -2.469438766E-02 
       244  1.107500000E+02  0.000000000E+00 -2.470189329E-02 
       245  1.110000000E+02  0.000000000E+00 -2.470927352E-02 
       246  1.112500000E+02  0.000000000E+00 -2.471653057E-02 
       247  1.115000000E+02  0.000000000E+00 -2.472366634E-02 
       248  1.117500000E+02  0.000000000E+00 -2.473068249E-02 
       249  1.120000000E+02  0.000000000E+00 -2.473758047E-02 
       250  1.122500000E+02  0.000000000E+00 -2.474436153E-02 
       251  1.125000000E+02  0.000000000E+00 -2.475102678E-02 
       252  1.127500000E+02  0.000000000E+00 -2.475757719E-02 
       253  1.130000000E+02  0.000000000E+00 -2.476401363E-02 
       254  1.132500000E+02  0.000000000E+00 -2.477033689E-02 
       255  1.135000000E+02  0.000000000E+00 -2.477654769E-02 
       256  1.137500000E+02  0.000000000E+00 -2.478264669E-02 
       257  1.140000000E+02  0.000000000E+00 -2.478863453E-02 
       258  1.142500000E+02  0.000000000E+00 -2.479451181E-02 
       259  1.145000000E+02  0.000000000E+00 -2.480027911E-02 
       260  1.147500000E+02  0.000000000E+00 -2.480593700E-02 
       261  1.150000000E+02  0.000000000E+00 -2.481148605E-02 
       262  1.152500000E+02  0.000000000E+00 -2.481692686E-02 
       263  1.155000000E+02  0.000000000E+00 -2.482226002E-02 
       264  1.157500000E+02  0.000000000E+00 -2.482748613E-02 
       265  1.160000000E+02  0.000000000E+00 -2.483260583E-02 
       266  1.162500000E+02  0.000000000E+00 -2.483761977E-02 
       267  1.165000000E+02  0.000000000E+00 -2.484252864E-02 
       268  1.167500000E+02  0.000000000E+00 -2.484733316E-02 
       269  1.170000000E+02  0.000000000E+00 -2.485203406E-02 
       270  1.172500000E+02  0.000000000E+00 -2.485663212E-02 
       271  1.175000000E+02  0.000000000E+00 -2.486112817E-02 
       272  1.177500000E+02  0.000000000E+00 -2.486552305E-02 
       273  1.180000000E+02  0.000000000E+00 -2.486981764E-02 
       274  1.182500000E+02  0.000000000E+00 -2.487401286E-02 
       275  1.185000000E+02  0.000000000E+00 -2.487810967E-02 
       276  1.187500000E+02  0.000000000E+00 -2.488210905E-02 
       277  1.190000000E+02  0.000000000E+00 -2.488601204E-02 
       278  1.192500000E+02  0.000000000E+00 -2.488981968E-02 
       279  1.195000000E+02  0.000000000E+00 -2.489353307E-02 
       280  1.197500000E+02  0.000000000E+00 -2.489715334E-02 
       281  1.200000000E+02  0.000000000E+00 -2.490068163E-02 
       282  1.202500000E+02  0.000000000E+00 -2.490411913E-02 
       283  1.205000000E+02  0.000000000E+00 -2.490746705E-02 
       284  1.207500000E+02  0.000000000E+00 -2.491072663E-02 
       285  1.210000000E+02  0.000000000E+00 -2.491389912E-02 
       286  1.212500000E+02  0.000000000E+00 -2.491698583E-02 
       287  1.215000000E+02  0.000000000E+00 -2.491998804E-02 
       288  1.217500000E+02  0.000000000E+00 -2.492290709E-02 
       289  1.220000000E+02  0.000000000E+00 -2.492574434E-02 
       290  1.222500000E+02  0.000000000E+00 -2.492850113E-02 
       291  1.225000000E+02  0.000000000E+00 -2.493117886E-02 
       292  1.227500000E+02  0.000000000E+00 -2.493377891E-02 
       293  1.230000000E+02  0.000000000E+00 -2.493630268E-02 
       294  1.232500000E+02  0.000000000E+00 -2.493875160E-02 
       295  1.235000000E+02  0.000000000E+00 -2.494112709E-02 
       296  1.237500000E+02  0.000000000E+00 -2.494343057E-02 
       297  1.240000000E+02  0.000000000E+00 -2.494566348E-02 
       298  1.242500000E+02  0.000000000E+00 -2.494782725E-02 
       299  1.245000000E+02  0.000000000E+00 -2.494992334E-02 
       300  1.247500000E+02  0.000000000E+00 -2.495195318E-02 
       301  1.250000000E+02  0.000000000E+00 -2.495391821E-02 
       302  1.252500000E+02  0.000000000E+00 -2.495581986E-02 
       303  1.255000000E+02  0.000000000E+00 -2.495765958E-02 
       304  1.257500000E+02  0.000000000E+00 -2.495943880E-02 
       305  1.260000000E+02  0.000000000E+00 -2.496115892E-02 
       306  1.262500000E+02  0.000000000E+00 -2.496282138E-02 
       307  1.265000000E+02  0.000000000E+00 -2.496442757E-02 
       308  1.267500000E+02  0.000000000E+00 -2.496597889E-02 
       309  1.270000000E+02  0.000000000E+00 -2.496747673E-02 
       310  1.272500000E+02  0.000000000E+00 -2.496892245E-02 
       311  1.275000000E+02  0.000000000E+00 -2.497031742E-02 
       312  1.277500000E+02  0.000000000E+00 -2.497166298E-02 
       313  1.280000000E+02  0.000000000E+00 -2.497296046E-02 
       314  1.282500000E+02  0.000000000E+00 -2.497421117E-02 
       315  1.285000000E+02  0.000000000E+00 -2.497541642E-02 
       316  1.287500000E+02  0.000000000E+00 -2.497657747E-02 
       317  1.290000000E+02  0.000000000E+00 -2.497769560E-02 
       318  1.292500000E+02  0.000000000E+00 -2.497877205E-02 
       319  1.295000000E+02  0.000000000E+00 -2.497980803E-02 
       320  1.297500000E+02  0.000000000E+00 -2.498080475E-02 
       321  1.300000000E+02  0.000000000E+00 -2.498176340E-02 
       322  1.302500000E+02  0.000000000E+00 -2.498268514E-02 
       323  1.305000000E+02  0.000000000E+00 -2.498357111E-02 
       324  1.307500000E+02  0.000000000E+00 -2.498442243E-02 
       325  1.310000000E+02  0.000000000E+00 -2.498524019E-02 
       326  1.312500000E+02  0.000000000E+00 -2.498602548E-02 
       327  1.315000000E+02  0.000000000E+00 -2.498677934E-02 
       328  1.317500000E+02  0.000000000E+00 -2.498750282E-02 
       329  1.320000000E+02  0.000000000E+00 -2.498819691E-02 
       330  1.322500000E+02  0.000000000E+00 -2.498886261E-02 
       331  1.325000000E+02  0.000000000E+00 -2.498950088E-02 
       332  1.327500000E+02  0.000000000E+00 -2.499011265E-02 
       333  1.330000000E+02  0.000000000E+00 -2.499069886E-02 
       334  1.332500000E+02  0.000000000E+00 -2.499126039E-02 
       335  1.335000000E+02  0.000000000E+00 -2.499179812E-02 
       336  1.337500000E+02  0.000000000E+00 -2.499231289E-02 
       337  1.340000000E+02  0.000000000E+00 -2.499280555E-02 
       338  1.342500000E+02  0.000000000E+00 -2.499327689E-02 
       339  1.345000000E+02  0.000000000E+00 -2.499372770E-02 
       340  1.347500000E+02  0.000000000E+00 -2.499415873E-02 
       341  1.350000000E+02  0.000000000E+00 -2.499457074E-02 
       342  1.352500000E+02  0.000000000E+00 -2.499496445E-02 
       343  1.355000000E+02  0.000000000E+00 -2.499534054E-02 
       344  1.357500000E+02  0.000000000E+00 -2.499569970E-02 
       345  1.360000000E+02  0.000000000E+00 -2.499604259E-02 
       346  1.362500000E+02  0.000000000E+00 -2.499636984E-02 
       347  1.365000000E+02  0.000000000E+00 -2.499668207E-02 
       348  1.367500000E+02  0.000000000E+00 -2.499697988E-02 
       349  1.370000000E+02  0.000000000E+00 -2.499726384E-02 
       350  1.372500000E+02  0.000000000E+00 -2.499753453E-02 
       351  1.375000000E+02  0.000000000E+00 -2.499779246E-02 
       352  1.377500000E+02  0.000000000E+00 -2.499803818E-02 
       353  1.380000000E+02  0.000000000E+00 -2.499827218E-02 
       354  1.382500000E+02  0.000000000E+00 -2.499849495E-02 
       355  1.385000000E+02  0.000000000E+00 -2.499870696E-02 
       356  1.387500000E+02  0.000000000E+00 -2.499890867E-02 
       357  1.390000000E+02  0.000000000E+00 -2.499910051E-02 
       358  1.392500000E+02  0.000000000E+00 -2.499928290E-02 
       359  1.395000000E+02  0.000000000E+00 -2.499945625E-02 
       360  1.397500000E+02  0.000000000E+00 -2.499962095E-02 
       361  1.400000000E+02  0.000000000E+00 -2.499977737E-02 
       362  1.402500000E+02  0.000000000E+00 -2.499992587E-02 
       363  1.405000000E+02  0.000000000E+00 -2.500006681E-02 
       364  1.407500000E+02  0.000000000E+00 -2.500020052E-02 
       365  1.410000000E+02  0.000000000E+00 -2.500032730E-02 
       366  1.412500000E+02  0.000000000E+00 -2.500044748E-02 
       367  1.415000000E+02  0.000000000E+00 -2.500056134E-02 
       368  1.417500000E+02  0.000000000E+00 -2.500066917E-02 
       369  1.420000000E+02  0.000000000E+00 -2.500077123E-02 
       370  1.422500000E+02  0.000000000E+00 -2.500086778E-02 
       371  1.425000000E+02  0.000000000E+00 -2.500095907E-02 
       372  1.427500000E+02  0.000000000E+00 -2.500104534E-02 
       373  1.430000000E+02  0.000000000E+00 -2.500112681E-02 
       374  1.432500000E+02  0.000000000E+00 -2.500120369E-02 
       375  1.435000000E+02  0.000000000E+00 -2.500127619E-02 
       376  1.437500000E+02  0.000000000E+00 -2.500134450E-02 
       377  1.440000000E+02  0.000000000E+00 -2.500140881E-02 
       378  1.442500000E+02  0.000000000E+00 -2.500146929E-02 
       379  1.445000000E+02  0.000000000E+00 -2.500152611E-02 
       380  1.447500000E+02  0.000000000E+00 -2.500157943E-02 
       381  1.450000000E+02  0.000000000E+00 -2.500162939E-02 
       382  1.452500000E+02  0.000000000E+00 -2.500167614E-02 
       383  1.455000000E+02  0.000000000E+00 -2.500171981E-02 
       384  1.457500000E+02  0.000000000E+00 -2.500176053E-02 
       385  1.460000000E+02  0.000000000E+00 -2.500179841E-02 
       386  1.462500000E+02  0.000000000E+00 -2.500183356E-02 
       387  1.465000000E+02  0.000000000E+00 -2.500186609E-02 
       388  1.467500000E+02  0.000000000E+00 -2.500189609E-02 
       389  1.470000000E+02  0.000000000E+00 -2.500192365E-02 
       390  1.472500000E+02  0.000000000E+00 -2.500194885E-02 
       391  1.475000000E+02  0.000000000E+00 -2.500197177E-02 
       392  1.477500000E+02  0.000000000E+00 -2.500199248E-02 
       393  1.480000000E+02  0.000000000E+00 -2.500201104E-02 
       394  1.482500000E+02  0.000000000E+00 -2.500202751E-02 
       395  1.485000000E+02  0.000000000E+00 -2.500204193E-02 
       396  1.487500000E+02  0.000000000E+00 -2.500205435E-02 
       397  1.490000000E+02  0.000000000E+00 -2.500206482E-02 
       398  1.492500000E+02  0.000000000E+00 -2.500207335E-02 
       399  1.495000000E+02  0.000000000E+00 -2.500207999E-02 
       400  1.497500000E+02  0.000000000E+00 -2.500208474E-02 
       401  1.500000000E+02  0.000000000E+00 -2.500208763E-02 
       402  1.502500000E+02  0.000000000E+00 -2.500208867E-02 
       403  1.505000000E+02  0.000000000E+00 -2.500208785E-02 
       404  1.507500000E+02  0.000000000E+00 -2.500208518E-02 
       405  1.510000000E+02  0.000000000E+00 -2.500208065E-02 
       406  1.512500000E+02  0.000000000E+00 -2.500207424E-02 
       407  1.515000000E+02  0.000000000E+00 -2.500206594E-02 
       408  1.517500000E+02  0.000000000E+00 -2.500205572E-02 
       409  1.520000000E+02  0.000000000E+00 -2.500204355E-02 
       410  1.522500000E+02  0.000000000E+00 -2.500202940E-02 
       411  1.525000000E+02  0.000000000E+00 -2.500201322E-02 
       412  1.527500000E+02  0.000000000E+00 -2.500199496E-02 
       413  1.530000000E+02  0.000000000E+00 -2.500197457E-02 
       414  1.532500000E+02  0.000000000E+00 -2.500195198E-02 
       415  1.535000000E+02  0.000000000E+00 -2.500192714E-02 
       416  1.537500000E+02  0.000000000E+00 -2.500189996E-02 
       417  1.540000000E+02  0.000000000E+00 -2.500187037E-02 
       418  1.542500000E+02  0.000000000E+00 -2.500183828E-02 
       419  1.545000000E+02  0.000000000E+00 -2.500180360E-02 
       420  1.547500000E+02  0.000000000E+00 -2.500176622E-02 
       421  1.550000000E+02  0.000000000E+00 -2.500172603E-02 
       422  1.552500000E+02  0.000000000E+00 -2.500168293E-02 
       423  1.555000000E+02  0.000000000E+00 -2.500163678E-02 
       424  1.557500000E+02  0.000000000E+00 -2.500158745E-02 
       425  1.560000000E+02  0.000000000E+00 -2.500153482E-02 
       426  1.562500000E+02  0.000000000E+00 -2.500147871E-02 
       427  1.565000000E+02  0.000000000E+00 -2.500141899E-02 
       428  1.567500000E+02  0.000000000E+00 -2.500135549E-02 
       429  1.570000000E+02  0.000000000E+00 -2.500128802E-02 
       430  1.572500000E+02  0.000000000E+00 -2.500121641E-02 
       431  1.575000000E+02  0.000000000E+00 -2.500114046E-02 
       432  1.577500000E+02  0.000000000E+00 -2.500105997E-02 
       433  1.580000000E+02  0.000000000E+00 -2.500097472E-02 
       434  1.582500000E+02  0.000000000E+00 -2.500088449E-02 
       435  1.585000000E+02  0.000000000E+00 -2.500078904E-02 
       436  1.587500000E+02  0.000000000E+00 -2.500068812E-02 
       437  1.590000000E+02  0.000000000E+00 -2.500058147E-02 
       438  1.592500000E+02  0.000000000E+00 -2.500046882E-02 
       439  1.595000000E+02  0.000000000E+00 -2.500034989E-02 
       440  1.597500000E+02  0.000000000E+00 -2.500022437E-02 
       441  1.600000000E+02  0.000000000E+00 -2.500009195E-02 
       442  1.602500000E+02  0.000000000E+00 -2.499995231E-02 
       443  1.605000000E+02  0.000000000E+00 -2.499980510E-02 
       444  1.607500000E+02  0.000000000E+00 -2.499964998E-02 
       445  1.610000000E+02  0.000000000E+00 -2.499948656E-02 
       446  1.612500000E+02  0.000000000E+00 -2.499931447E-02 
       447  1.615000000E+02  0.000000000E+00 -2.499913329E-02 
       448  1.617500000E+02  0.000000000E+00 -2.499894261E-02 
       449  1.620000000E+02  0.000000000E+00 -2.499874198E-02 
       450  1.622500000E+02  0.000000000E+00 -2.499853095E-02 
       451  1.625000000E+02  0.000000000E+00 -2.499830905E-02 
       452  1.627500000E+02  0.000000000E+00 -2.499807578E-02 
       453  1.630000000E+02  0.000000000E+00 -2.499783061E-02 
       454  1.632500000E+02  0.000000000E+00 -2.499757303E-02 
       455  1.635000000E+02  0.000000000E+00 -2.499730246E-02 
       456  1.637500000E+02  0.000000000E+00 -2.499701833E-02 
       457  1.640000000E+02  0.000000000E+00 -2.499672003E-02 
       458  1.642500000E+02  0.000000000E+00 -2.499640695E-02 
       459  1.645000000E+02  0.000000000E+00 -2.499607842E-02 
       460  1.647500000E+02  0.000000000E+00 -2.499573378E-02 
       461  1.650000000E+02  0.000000000E+00 -2.499537232E-02 
       462  1.652500000E+02  0.000000000E+00 -2.499499331E-02 
       463  1.655000000E+02  0.000000000E+00 -2.499459601E-02 
       464  1.657500000E+02  0.000000000E+00 -2.499417962E-02 
       465  1.660000000E+02  0.000000000E+00 -2.499374334E-02 
       466  1.662500000E+02  0.000000000E+00 -2.499328633E-02 
       467  1.665000000E+02  0.000000000E+00 -2.499280771E-02 
       468  1.667500000E+02  0.000000000E+00 -2.499230657E-02 
       469  1.670000000E+02  0.000000000E+00 -2.499178199E-02 
       470  1.672500000E+02  0.000000000E+00 -2.499123299E-02 
       471  1.675000000E+02  0.000000000E+00 -2.499065857E-02 
       472  1.677500000E+02  0.000000000E+00 -2.499005769E-02 
       473  1.680000000E+02  0.000000000E+00 -2.498942927E-02 
       474  1.682500000E+02  0.000000000E+00 -2.498877220E-02 
       475  1.685000000E+02  0.000000000E+00 -2.498808533E-02 
       476  1.687500000E+02  0.000000000E+00 -2.498736746E-02 
       477  1.690000000E+02  0.000000000E+00 -2.498661737E-02 
       478  1.692500000E+02  0.000000000E+00 -2.498583378E-02 
       479  1.695000000E+02  0.000000000E+00 -2.498501537E-02 
       480  1.697500000E+02  0.000000000E+00 -2.498416079E-02 
       481  1.700000000E+02  0.000000000E+00 -2.498326862E-02 
       482  1.702500000E+02  0.000000000E+00 -2.498233742E-02 
       483  1.705000000E+02  0.000000000E+00 -2.498136567E-02 
       484  1.707500000E+02  0.000000000E+00 -2.498035184E-02 
       485  1.710000000E+02  0.000000000E+00 -2.497929431E-02 
       486  1.712500000E+02  0.000000000E+00 -2.497819144E-02 
       487  1.715000000E+02  0.000000000E+00 -2.497704152E-02 
       488  1.717500000E+02  0.000000000E+00 -2.497584279E-02 
       489  1.720000000E+02  0.000000000E+00 -2.497459342E-02 
       490  1.722500000E+02  0.000000000E+00 -2.497329155E-02 
       491  1.725000000E+02  0.000000000E+00 -2.497193523E-02 
       492  1.727500000E+02  0.000000000E+00 -2.497052248E-02 
       493  1.730000000E+02  0.000000000E+00 -2.496905122E-02 
       494  1.732500000E+02  0.000000000E+00 -2.496751933E-02 
       495  1.735000000E+02  0.000000000E+00 -2.496592463E-02 
       496  1.737500000E+02  0.000000000E+00 -2.496426485E-02 
       497  1.740000000E+02  0.000000000E+00 -2.496253767E-02 
       498  1.742500000E+02  0.000000000E+00 -2.496074068E-02 
       499  1.745000000E+02  0.000000000E+00 -2.495887140E-02 
       500  1.747500000E+02  0.000000000E+00 -2.495692729E-02 
       501  1.750000000E+02  0.000000000E+00 -2.495490572E-02 
       502  1.752500000E+02  0.000000000E+00 -2.495280398E-02 
       503  1.755000000E+02  0.000000000E+00 -2.495061927E-02 
       504  1.757500000E+02  0.000000000E+00 -2.494834873E-02 
       505  1.760000000E+02  0.000000000E+00 -2.494598938E-02 
       506  1.762500000E+02  0.000000000E+00 -2.494353817E-02 
       507  1.765000000E+02  0.000000000E+00 -2.494099197E-02 
       508  1.767500000E+02  0.000000000E+00 -2.493834754E-02 
       509  1.770000000E+02  0.000000000E+00 -2.493560153E-02 
       510  1.772500000E+02  0.000000000E+00 -2.493275053E-02 
       511  1.775000000E+02  0.000000000E+00 -2.492979099E-02 
       512  1.777500000E+02  0.000000000E+00 -2.492671927E-02 
       513  1.780000000E+02  0.000000000E+00 -2.492353164E-02 
       514  1.782500000E+02  0.000000000E+00 -2.492022423E-02 
       515  1.785000000E+02  0.000000000E+00 -2.491679308E-02 
       516  1.787500000E+02  0.000000000E+00 -2.491323411E-02 
       517  1.790000000E+02  0.000000000E+00 -2.490954310E-02 
       518  1.792500000E+02  0.000000000E+00 -2.490571574E-02 
       519  1.795000000E+02  0.000000000E+00 -2.490174757E-02 
       520  1.797500000E+02  0.000000000E+00 -2.489763403E-02 
       521  1.800000000E+02  0.000000000E+00 -2.489337039E-02 
       522  1.802500000E+02  0.000000000E+00 -2.488895182E-02 
       523  1.805000000E+02  0.000000000E+00 -2.488437334E-02 
       524  1.807500000E+02  0.000000000E+00 -2.487962982E-02 
       525  1.810000000E+02  0.000000000E+00 -2.487471599E-02 
       526  1.812500000E+02  0.000000000E+00 -2.486962644E-02 
       527  1.815000000E+02  0.000000000E+00 -2.486435559E-02 
       528  1.817500000E+02  0.000000000E+00 -2.485889772E-02 
       529  1.820000000E+02  0.000000000E+00 -2.485324695E-02 
       530  1.822500000E+02  0.000000000E+00 -2.484739721E-02 
       531  1.825000000E+02  0.000000000E+00 -2.484134229E-02 
       532  1.827500000E+02  0.000000000E+00 -2.483507579E-02 
       533  1.830000000E+02  0.000000000E+00 -2.482859115E-02 
       534  1.832500000E+02  0.000000000E+00 -2.482188160E-02 
       535  1.835000000E+02  0.000000000E+00 -2.481494021E-02 
       536  1.837500000E+02  0.000000000E+00 -2.480775984E-02 
       537  1.840000000E+02  0.000000000E+00 -2.480033314E-02 
       538  1.842500000E+02  0.000000000E+00 -2.479265259E-02 
       539  1.845000000E+02  0.000000000E+00 -2.478471043E-02 
       540  1.847500000E+02  0.000000000E+00 -2.477649870E-02 
       541  1.850000000E+02  0.000000000E+00 -2.476800918E-02 
       542  1.852500000E+02  0.000000000E+00 -2.475923345E-02 
       543  1.855000000E+02  0.000000000E+00 -2.475016284E-02 
       544  1.857500000E+02  0.000000000E+00 -2.474078841E-02 
       545  1.860000000E+02  0.000000000E+00 -2.473110097E-02 
       546  1.862500000E+02  0.000000000E+00 -2.472109103E-02 
       547  1.865000000E+02  0.000000000E+00 -2.471074884E-02 
       548  1.867500000E+02  0.000000000E+00 -2.470006429E-02 
       549  1.870000000E+02  0.000000000E+00 -2.468902700E-02 
       550  1.872500000E+02  0.000000000E+00 -2.467762618E-02 
       551  1.875000000E+02  0.000000000E+00 -2.466585070E-02 
       552  1.877500000E+02  0.000000000E+00 -2.465368903E-02 
       553  1.880000000E+02  0.000000000E+00 -2.464112917E-02 
       554  1.882500000E+02  0.000000000E+00 -2.462815868E-02 
       555  1.885000000E+02  0.000000000E+00 -2.461476458E-02 
       556  1.887500000E+02  0.000000000E+00 -2.460093333E-02 
       557  1.890000000E+02  0.000000000E+00 -2.458665075E-02 
       558  1.892500000E+02  0.000000000E+00 -2.457190198E-02 
       559  1.895000000E+02  0.000000000E+00 -2.455667138E-02 
       560  1.897500000E+02  0.000000000E+00 -2.454094244E-02 
       561  1.900000000E+02  0.000000000E+00 -2.452469769E-02 
       562  1.902500000E+02  0.000000000E+00 -2.450791854E-02 
       563  1.905000000E+02  0.000000000E+00 -2.449058519E-02 
       564  1.907500000E+02  0.000000000E+00 -2.447267639E-02 
       565  1.910000000E+02  0.000000000E+00 -2.445416932E-02 
       566  1.912500000E+02  0.000000000E+00 -2.443503932E-02 
       567  1.915000000E+02  0.000000000E+00 -2.441525961E-02 
       568  1.917500000E+02  0.000000000E+00 -2.439480101E-02 
       569  1.920000000E+02  0.000000000E+00 -2.437363156E-02 
       570  1.922500000E+02  0.000000000E+00 -2.435171610E-02 
       571  1.925000000E+02  0.000000000E+00 -2.432901576E-02 
       572  1.927500000E+02  0.000000000E+00 -2.430548739E-02 
       573  1.930000000E+02  0.000000000E+00 -2.428108286E-02 
       574  1.932500000E+02  0.000000000E+00 -2.425574826E-02 
       575  1.935000000E+02  0.000000000E+00 -2.422942296E-02 
       576  1.937500000E+02  0.000000000E+00 -2.420203848E-02 
       577  1.940000000E+02  0.000000000E+00 -2.417351716E-02 
       578  1.942500000E+02  0.000000000E+00 -2.414377063E-02 
       579  1.945000000E+02  0.000000000E+00 -2.411269791E-02 
       580  1.947500000E+02  0.000000000E+00 -2.408018323E-02 
       581  1.950000000E+02  0.000000000E+00 -2.404609333E-02 
       582  1.952500000E+02  0.000000000E+00 -2.401027435E-02 
       583  1.955000000E+02  0.000000000E+00 -2.397254791E-02 
       584  1.957500000E+02  0.000000000E+00 -2.393270650E-02 
       585  1.960000000E+02  0.000000000E+00 -2.389050772E-02 
       586  1.962500000E+02  0.000000000E+00 -2.384566728E-02 
       587  1.965000000E+02  0.000000000E+00 -2.379785026E-02 
       588  1.967500000E+02  0.000000000E+00 -2.374666007E-02 
       589  1.970000000E+02  0.000000000E+00 -2.369162449E-02 
       590  1.972500000E+02  0.000000000E+00 -2.363217757E-02 
       591  1.975000000E+02  0.000000000E+00 -2.356763583E-02 
       592  1.977500000E+02  0.000000000E+00 -2.349716629E-02 
       593  1.980000000E+02  0.000000000E+00 -2.341974227E-02 
       594  1.982500000E+02  0.000000000E+00 -2.333408025E-02 
       595  1.985000000E+02  0.000000000E+00 -2.323854571E-02 
       596  1.987500000E+02  0.000000000E+00 -2.313100393E-02 
       597  1.990000000E+02  0.000000000E+00 -2.300856375E-02 
       598  1.992500000E+02  0.000000000E+00 -2.286708245E-02 
       599  1.995000000E+02  0.000000000E+00 -2.270003990E-02 
       600  1.997500000E+02  0.000000000E+00 -2.249541148E-02 
       601  2.000000000E+02  0.000000000E+00 -2.355131357E-02 
       602  2.001999988E+02  0.000000000E+00 -2.420742286E-02 
       603  2.004032879E+02  0.000000000E+00 -2.365612606E-02 
       604  2.006099214E+02  0.000000000E+00 -2.312944020E-02 
       605  2.008199543E+02  0.000000000E+00 -2.262640843E-02 
       606  2.010334426E+02  0.000000000E+00 -2.214608450E-02 
       607  2.012504431E+02  0.000000000E+00 -2.168753284E-02 
       608  2.014710137E+02  0.000000000E+00 -2.124982901E-02 
       609  2.016952129E+02  0.000000000E+00 -2.083206022E-02 
       610  2.019231006E+02  0.000000000E+00 -2.043332602E-02 
       611  2.021547374E+02  0.000000000E+00 -2.005273897E-02 
       612  2.023901849E+02  0.000000000E+00 -1.968942536E-02 
       613  2.026295060E+02  0.000000000E+00 -1.934252599E-02 
       614  2.028727642E+02  0.000000000E+00 -1.901119689E-02 
       615  2.031200245E+02  0.000000000E+00 -1.869609211E-02 
       616  2.033713525E+02  0.000000000E+00 -1.839690185E-02 
       617  2.036268153E+02  0.000000000E+00 -1.804433619E-02 
       618  2.038864808E+02  0.000000000E+00 -1.769862115E-02 
       619  2.041504183E+02  0.000000000E+00 -1.743151465E-02 
       620  2.044186979E+02  0.000000000E+00 -1.717527414E-02 
       621  2.046913911E+02  0.000000000E+00 -1.692609267E-02 
       622  2.049685706E+02  0.000000000E+00 -1.668716296E-02 
       623  2.052503101E+02  0.000000000E+00 -1.645776252E-02 
       624  2.055366847E+02  0.000000000E+00 -1.623719339E-02 
       625  2.058277705E+02  0.000000000E+00 -1.602478141E-02 
       626  2.061236452E+02  0.000000000E+00 -1.581987693E-02 
       627  2.064243875E+02  0.000000000E+00 -1.562185511E-02 
       628  2.067300774E+02  0.000000000E+00 -1.543011599E-02 
       629  2.070407965E+02  0.000000000E+00 -1.524408463E-02 
       630  2.073566273E+02  0.000000000E+00 -1.506321099E-02 
       631  2.076776540E+02  0.000000000E+00 -1.488696985E-02 
       632  2.080039622E+02  0.000000000E+00 -1.471486059E-02 
       633  2.083356386E+02  0.000000000E+00 -1.454640692E-02 
       634  2.086727716E+02  0.000000000E+00 -1.438115649E-02 
       635  2.090154510E+02  0.000000000E+00 -1.421868046E-02 
       636  2.093637679E+02  0.000000000E+00 -1.405857302E-02 
       637  2.097178153E+02  0.000000000E+00 -1.390045078E-02 
       638  2.100776872E+02  0.000000000E+00 -1.374395218E-02 
       639  2.104434797E+02  0.000000000E+00 -1.358873678E-02 
       640  2.108152899E+02  0.000000000E+00 -1.343448458E-02 
       641  2.111932170E+02  0.000000000E+00 -1.328089520E-02 
       642  2.115773617E+02  0.000000000E+00 -1.312768715E-02 
       643  2.119678260E+02  0.000000000E+00 -1.297459692E-02 
       644  2.123647142E+02  0.000000000E+00 -1.282137824E-02 
       645  2.127681317E+02  0.000000000E+00 -1.266780111E-02 
       646  2.131781861E+02  0.000000000E+00 -1.251365101E-02 
       647  2.135949866E+02  0.000000000E+00 -1.235872798E-02 
       648  2.140186441E+02  0.000000000E+00 -1.220284579E-02 
       649  2.144492713E+02  0.000000000E+00 -1.204583099E-02 
       650  2.148869831E+02  0.000000000E+00 -1.188752216E-02 
       651  2.153318959E+02  0.000000000E+00 -1.172776898E-02 
       652  2.157841282E+02  0.000000000E+00 -1.156643145E-02 
       653  2.162438005E+02  0.000000000E+00 -1.140337909E-02 
       654  2.167110350E+02  0.000000000E+00 -1.123849015E-02 
       655  2.171859563E+02  0.000000000E+00 -1.107165088E-02 
       656  2.176686908E+02  0.000000000E+00 -1.090275479E-02 
       657  2.181593671E+02  0.000000000E+00 -1.073170199E-02 
       658  2.186581157E+02  0.000000000E+00 -1.055839855E-02 
       659  2.191650695E+02  0.000000000E+00 -1.038275583E-02 
       660  2.196803635E+02  0.000000000E+00 -1.020468997E-02 
       661  2.202041348E+02  0.000000000E+00 -1.002412130E-02 
       662  2.207365230E+02  0.000000000E+00 -9.840973837E-03 
       663  2.212776699E+02  0.000000000E+00 -9.655174822E-03 
       664  2.218277194E+02  0.000000000E+00 -9.466654266E-03 
       665  2.223868182E+02  0.000000000E+00 -9.275344552E-03 
       666  2.229551149E+02  0.000000000E+00 -9.081180042E-03 
       667  2.235327610E+02  0.000000000E+00 -8.884096748E-03 
       668  2.241199103E+02  0.000000000E+00 -8.684032000E-03 
       669  2.247167191E+02  0.000000000E+00 -8.480924165E-03 
       670  2.253233464E+02  0.000000000E+00 -8.274712374E-03 
       671  2.259399536E+02  0.000000000E+00 -8.065336279E-03 
       672  2.265667050E+02  0.000000000E+00 -7.852735845E-03 
       673  2.272037674E+02  0.000000000E+00 -7.636851128E-03 
       674  2.278513104E+02  0.000000000E+00 -7.417622114E-03 
       675  2.285095066E+02  0.000000000E+00 -7.194988536E-03 
       676  2.291785311E+02  0.000000000E+00 -6.968889727E-03 
       677  2.298585621E+02  0.000000000E+00 -6.739264490E-03 
       678  2.305497807E+02  0.000000000E+00 -6.506050950E-03 
       679  2.312523708E+02  0.000000000E+00 -6.269186459E-03 
       680  2.319665197E+02  0.000000000E+00 -6.028607465E-03 
       681  2.326924175E+02  0.000000000E+00 -5.784249428E-03 
       682  2.334302574E+02  0.000000000E+00 -5.536046705E-03 
       683  2.341802359E+02  0.000000000E+00 -5.283932470E-03 
       684  2.349425527E+02  0.000000000E+00 -5.027838625E-03 
       685  2.357174108E+02  0.000000000E+00 -4.767695710E-03 
       686  2.365050165E+02  0.000000000E+00 -4.503432815E-03 
       687  2.373055796E+02  0.000000000E+00 -4.234977512E-03 
       688  2.381193132E+02  0.000000000E+00 -3.962255755E-03 
       689  2.389464340E+02  0.000000000E+00 -3.685191807E-03 
       690  2.397871622E+02  0.000000000E+00 -3.403708164E-03 
       691  2.406417216E+02  0.000000000E+00 -3.117725456E-03 
       692  2.415103399E+02  0.000000000E+00 -2.827162362E-03 
       693  2.423932484E+02  0.000000000E+00 -2.531935529E-03 
       694  2.432906820E+02  0.000000000E+00 -2.231959469E-03 
       695  2.442028798E+02  0.000000000E+00 -1.927146454E-03 
       696  2.451300847E+02  0.000000000E+00 -1.617406412E-03 
       697  2.460725436E+02  0.000000000E+00 -1.302646813E-03 
       698  2.470305073E+02  0.000000000E+00 -9.827725239E-04 
       699  2.480042311E+02  0.000000000E+00 -6.576856610E-04 
       700  2.489939742E+02  0.000000000E+00 -3.272854217E-04 
       701  2.500000000E+02  0.000000000E+00  8.532159868E-06 
       702  2.510060258E+02  0.000000000E+00  3.443495523E-04 
       703  2.519957689E+02  0.000000000E+00  6.747492764E-04 
       704  2.529694927E+02  0.000000000E+00  9.998353803E-04 
       705  2.539274564E+02  0.000000000E+00  1.319708716E-03 
       706  2.548699153E+02  0.000000000E+00  1.634467188E-03 
       707  2.557971202E+02  0.000000000E+00  1.944205925E-03 
       708  2.567093180E+02  0.000000000E+00  2.249017433E-03 
       709  2.576067516E+02  0.000000000E+00  2.548991743E-03 
       710  2.584896601E+02  0.000000000E+00  2.844216523E-03 
       711  2.593582784E+02  0.000000000E+00  3.134777183E-03 
       712  2.602128379E+02  0.000000000E+00  3.420756981E-03 
       713  2.610535660E+02  0.000000000E+00  3.702237124E-03 
       714  2.618806868E+02  0.000000000E+00  3.979296845E-03 
       715  2.626944204E+02  0.000000000E+00  4.252013496E-03 
       716  2.634949835E+02  0.000000000E+00  4.520462635E-03 
       717  2.642825892E+02  0.000000000E+00  4.784718112E-03 
       718  2.650574473E+02  0.000000000E+00  5.044852131E-03 
       719  2.658197641E+02  0.000000000E+00  5.300935363E-03 
       720  2.665697426E+02  0.000000000E+00  5.553037001E-03 
       721  2.673075825E+02  0.000000000E+00  5.801224857E-03 
       722  2.680334803E+02  0.000000000E+00  6.045565451E-03 
       723  2.687476292E+02  0.000000000E+00  6.286124098E-03 
       724  2.694502193E+02  0.000000000E+00  6.522964992E-03 
       725  2.701414379E+02  0.000000000E+00  6.756151324E-03 
       726  2.708214689E+02  0.000000000E+00  6.985745360E-03 
       727  2.714904934E+02  0.000000000E+00  7.211808586E-03 
       728  2.721486896E+02  0.000000000E+00  7.434401789E-03 
       729  2.727962326E+02  0.000000000E+00  7.653585221E-03 
       730  2.734332950E+02  0.000000000E+00  7.869418724E-03 
       731  2.740600464E+02  0.000000000E+00  8.081961877E-03 
       732  2.746766536E+02  0.000000000E+00  8.291274184E-03 
       733  2.752832808E+02  0.000000000E+00  8.497415236E-03 
       734  2.758800897E+02  0.000000000E+00  8.700444934E-03 
       735  2.764672390E+02  0.000000000E+00  8.900423695E-03 
       736  2.770448851E+02  0.000000000E+00  9.097412707E-03 
       737  2.776131818E+02  0.000000000E+00  9.291474190E-03 
       738  2.781722806E+02  0.000000000E+00  9.482671689E-03 
       739  2.787223301E+02  0.000000000E+00  9.671070401E-03 
       740  2.792634769E+02  0.000000000E+00  9.856737509E-03 
       741  2.797958652E+02  0.000000000E+00  1.003974257E-02 
       742  2.803196365E+02  0.000000000E+00  1.022015794E-02 
       743  2.808349305E+02  0.000000000E+00  1.039805917E-02 
       744  2.813418843E+02  0.000000000E+00  1.057352556E-02 
       745  2.818406329E+02  0.000000000E+00  1.074664058E-02 
       746  2.823313092E+02  0.000000000E+00  1.091749249E-02 
       747  2.828140437E+02  0.000000000E+00  1.108617488E-02 
       748  2.832889650E+02  0.000000000E+00  1.125278732E-02 
       749  2.837561995E+02  0.000000000E+00  1.141743599E-02 
       750  2.842158718E+02  0.000000000E+00  1.158023436E-02 
       751  2.846681041E+02  0.000000000E+00  1.174130392E-02 
       752  2.851130169E+02  0.000000000E+00  1.190077494E-02 
       753  2.855507287E+02  0.000000000E+00  1.205878723E-02 
       754  2.859813560E+02  0.000000000E+00  1.221549095E-02 
       755  2.864050134E+02  0.000000000E+00  1.237104741E-02 
       756  2.868218139E+02  0.000000000E+00  1.252562999E-02 
       757  2.872318683E+02  0.000000000E+00  1.267942490E-02 
       758  2.876352858E+02  0.000000000E+00  1.283263213E-02 
       759  2.880321740E+02  0.000000000E+00  1.298546630E-02 
       760  2.884226383E+02  0.000000000E+00  1.313815752E-02 
       761  2.888067830E+02  0.000000000E+00  1.329095231E-02 
       762  2.891847101E+02  0.000000000E+00  1.344411444E-02 
       763  2.895565204E+02  0.000000000E+00  1.359792577E-02 
       764  2.899223128E+02  0.000000000E+00  1.375268711E-02 
       765  2.902821847E+02  0.000000000E+00  1.390871900E-02 
       766  2.906362321E+02  0.000000000E+00  1.406636251E-02 
       767  2.909845490E+02  0.000000000E+00  1.422597991E-02 
       768  2.913272284E+02  0.000000000E+00  1.438795543E-02 
       769  2.916643614E+02  0.000000000E+00  1.455269586E-02 
       770  2.919960378E+02  0.000000000E+00  1.472063108E-02 
       771  2.923223460E+02  0.000000000E+00  1.489221468E-02 
       772  2.926433727E+02  0.000000000E+00  1.506792430E-02 
       773  2.929592035E+02  0.000000000E+00  1.524826208E-02 
       774  2.932699226E+02  0.000000000E+00  1.543375490E-02 
       775  2.935756125E+02  0.000000000E+00  1.562495465E-02 
       776  2.938763548E+02  0.000000000E+00  1.582243832E-02 
       777  2.941722295E+02  0.000000000E+00  1.602680808E-02 
       778  2.944633153E+02  0.000000000E+00  1.623869124E-02 
       779  2.947496899E+02  0.000000000E+00  1.645874011E-02 
       780  2.950314294E+02  0.000000000E+00  1.668763178E-02 
       781  2.953086088E+02  0.000000000E+00  1.692606788E-02 
       782  2.955813021E+02  0.000000000E+00  1.717477415E-02 
       783  2.958495817E+02  0.000000000E+00  1.743449999E-02 
       784  2.961135192E+02  0.000000000E+00  1.770601791E-02 
       785  2.963731847E+02  0.000000000E+00  1.799012300E-02 
       786  2.966286475E+02  0.000000000E+00  1.828763218E-02 
       787  2.968799755E+02  0.000000000E+00  1.859938351E-02 
       788  2.971272358E+02  0.000000000E+00  1.892623545E-02 
       789  2.973704940E+02  0.000000000E+00  1.926906603E-02 
       790  2.976098151E+02  0.000000000E+00  1.962877202E-02 
       791  2.978452626E+02  0.000000000E+00  2.000626812E-02 
       792  2.980768994E+02  0.000000000E+00  2.040248607E-02 
       793  2.983047871E+02  0.000000000E+00  2.081837392E-02 
       794  2.985289863E+02  0.000000000E+00  2.125489510E-02 
       795  2.987495568E+02  0.000000000E+00  2.150133709E-02 
       796  2.989665574E+02  0.000000000E+00  2.173227920E-02 
       797  2.991800457E+02  0.000000000E+00  2.215084232E-02 
       798  2.993900786E+02  0.000000000E+00  2.258714833E-02 
       799  2.995967121E+02  0.000000000E+00  2.304192267E-02 
       800  2.998000012E+02  0.000000000E+00  2.351589085E-02 
       801  3.000000000E+02  0.000000000E+00  2.314375187E-02 
       802  3.002500000E+02  0.000000000E+00  2.249244372E-02 
       803  3.005000000E+02  0.000000000E+00  2.269704656E-02 
       804  3.007500000E+02  0.000000000E+00  2.286405281E-02 
       805  3.010000000E+02  0.000000000E+00  2.300549586E-02 
       806  3.012500000E+02  0.000000000E+00  2.312789984E-02 
       807  3.015000000E+02  0.000000000E+00  2.323540949E-02 
       808  3.017500000E+02  0.000000000E+00  2.333091701E-02 
       809  3.020000000E+02  0.000000000E+00  2.341655765E-02 
       810  3.022500000E+02  0.000000000E+00  2.349396614E-02 
       811  3.025000000E+02  0.000000000E+00  2.356442599E-02 
       812  3.027500000E+02  0.000000000E+00  2.362896376E-02 
       813  3.030000000E+02  0.000000000E+00  2.368841223E-02 
       814  3.032500000E+02  0.000000000E+00  2.374345462E-02 
       815  3.035000000E+02  0.000000000E+00  2.379465660E-02 
       816  3.037500000E+02  0.000000000E+00  2.384249009E-02 
       817  3.040000000E+02  0.000000000E+00  2.388735135E-02 
       818  3.042500000E+02  0.000000000E+00  2.392957501E-02 
       819  3.045000000E+02  0.000000000E+00  2.396944505E-02 
       820  3.047500000E+02  0.000000000E+00  2.400720356E-02 
       821  3.050000000E+02  0.000000000E+00  2.404305776E-02 
       822  3.052500000E+02  0.000000000E+00  2.407718575E-02 
       823  3.055000000E+02  0.000000000E+00  2.410974114E-02 
       824  3.057500000E+02  0.000000000E+00  2.414085691E-02 
       825  3.060000000E+02  0.000000000E+00  2.417064861E-02 
       826  3.062500000E+02  0.000000000E+00  2.419921697E-02 
       827  3.065000000E+02  0.000000000E+00  2.422665016E-02 
       828  3.067500000E+02  0.000000000E+00  2.425302563E-02 
       829  3.070000000E+02  0.000000000E+00  2.427841166E-02 
       830  3.072500000E+02  0.000000000E+00  2.430286871E-02 
       831  3.075000000E+02  0.000000000E+00  2.432645051E-02 
       832  3.077500000E+02  0.000000000E+00  2.434920504E-02 
       833  3.080000000E+02  0.000000000E+00  2.437117529E-02 
       834  3.082500000E+02  0.000000000E+00  2.439239998E-02 
       835  3.085000000E+02  0.000000000E+00  2.441291416E-02 
       836  3.087500000E+02  0.000000000E+00  2.443274966E-02 
       837  3.090000000E+02  0.000000000E+00  2.445193555E-02 
       838  3.092500000E+02  0.000000000E+00  2.447049848E-02 
       839  3.095000000E+02  0.000000000E+00  2.448846303E-02 
       840  3.097500000E+02  0.000000000E+00  2.450585193E-02 
       841  3.100000000E+02  0.000000000E+00  2.452268634E-02 
       842  3.102500000E+02  0.000000000E+00  2.453898597E-02 
       843  3.105000000E+02  0.000000000E+00  2.455476935E-02 
       844  3.107500000E+02  0.000000000E+00  2.457005387E-02 
       845  3.110000000E+02  0.000000000E+00  2.458485599E-02 
       846  3.112500000E+02  0.000000000E+00  2.459919129E-02 
       847  3.115000000E+02  0.000000000E+00  2.461307458E-02 
       848  3.117500000E+02  0.000000000E+00  2.462651999E-02 
       849  3.120000000E+02  0.000000000E+00  2.463954102E-02 
       850  3.122500000E+02  0.000000000E+00  2.465215061E-02 
       851  3.125000000E+02  0.000000000E+00  2.466436116E-02 
       852  3.127500000E+02  0.000000000E+00  2.467618465E-02 
       853  3.130000000E+02  0.000000000E+00  2.468763258E-02 
       854  3.132500000E+02  0.000000000E+00  2.469871606E-02 
       855  3.135000000E+02  0.000000000E+00  2.470944585E-02 
       856  3.137500000E+02  0.000000000E+00  2.471983233E-02 
       857  3.140000000E+02  0.000000000E+00  2.472988558E-02 
       858  3.142500000E+02  0.000000000E+00  2.473961536E-02 
       859  3.145000000E+02  0.000000000E+00  2.474903113E-02 
       860  3.147500000E+02  0.000000000E+00  2.475814208E-02 
       861  3.150000000E+02  0.000000000E+00  2.476695715E-02 
       862  3.152500000E+02  0.000000000E+00  2.477548501E-02 
       863  3.155000000E+02  0.000000000E+00  2.478373409E-02 
       864  3.157500000E+02  0.000000000E+00  2.479171259E-02 
       865  3.160000000E+02  0.000000000E+00  2.479942849E-02 
       866  3.162500000E+02  0.000000000E+00  2.480688955E-02 
       867  3.165000000E+02  0.000000000E+00  2.481410331E-02 
       868  3.167500000E+02  0.000000000E+00  2.482107712E-02 
       869  3.170000000E+02  0.000000000E+00  2.482781812E-02 
       870  3.172500000E+02  0.000000000E+00  2.483433327E-02 
       871  3.175000000E+02  0.000000000E+00  2.484062934E-02 
       872  3.177500000E+02  0.000000000E+00  2.484671291E-02 
       873  3.180000000E+02  0.000000000E+00  2.485259039E-02 
       874  3.182500000E+02  0.000000000E+00  2.485826802E-02 
       875  3.185000000E+02  0.000000000E+00  2.486375187E-02 
       876  3.187500000E+02  0.000000000E+00  2.486904783E-02 
       877  3.190000000E+02  0.000000000E+00  2.487416165E-02 
       878  3.192500000E+02  0.000000000E+00  2.487909893E-02 
       879  3.195000000E+02  0.000000000E+00  2.488386509E-02 
       880  3.197500000E+02  0.000000000E+00  2.488846542E-02 
       881  3.200000000E+02  0.000000000E+00  2.489290506E-02 
       882  3.202500000E+02  0.000000000E+00  2.489718902E-02 
       883  3.205000000E+02  0.000000000E+00  2.490132216E-02 
       884  3.207500000E+02  0.000000000E+00  2.490530920E-02 
       885  3.210000000E+02  0.000000000E+00  2.490915474E-02 
       886  3.212500000E+02  0.000000000E+00  2.491286324E-02 
       887  3.215000000E+02  0.000000000E+00  2.491643906E-02 
       888  3.217500000E+02  0.000000000E+00  2.491988641E-02 
       889  3.220000000E+02  0.000000000E+00  2.492320940E-02 
       890  3.222500000E+02  0.000000000E+00  2.492641201E-02 
       891  3.225000000E+02  0.000000000E+00  2.492949812E-02 
       892  3.227500000E+02  0.000000000E+00  2.493247148E-02 
       893  3.230000000E+02  0.000000000E+00  2.493533576E-02 
       894  3.232500000E+02  0.000000000E+00  2.493809451E-02 
       895  3.235000000E+02  0.000000000E+00  2.494075117E-02 
       896  3.237500000E+02  0.000000000E+00  2.494330910E-02 
       897  3.240000000E+02  0.000000000E+00  2.494577155E-02 
       898  3.242500000E+02  0.000000000E+00  2.494814169E-02 
       899  3.245000000E+02  0.000000000E+00  2.495042257E-02 
       900  3.247500000E+02  0.000000000E+00  2.495261718E-02 
       901  3.250000000E+02  0.000000000E+00  2.495472841E-02 
       902  3.252500000E+02  0.000000000E+00  2.495675906E-02 
       903  3.255000000E+02  0.000000000E+00  2.495871186E-02 
       904  3.257500000E+02  0.000000000E+00  2.496058946E-02 
       905  3.260000000E+02  0.000000000E+00  2.496239441E-02 
       906  3.262500000E+02  0.000000000E+00  2.496412920E-02 
       907  3.265000000E+02  0.000000000E+00  2.496579626E-02 
       908  3.267500000E+02  0.000000000E+00  2.496739792E-02 
       909  3.270000000E+02  0.000000000E+00  2.496893645E-02 
       910  3.272500000E+02  0.000000000E+00  2.497041407E-02 
       911  3.275000000E+02  0.000000000E+00  2.497183289E-02 
       912  3.277500000E+02  0.000000000E+00  2.497319500E-02 
       913  3.280000000E+02  0.000000000E+00  2.497450241E-02 
       914  3.282500000E+02  0.000000000E+00  2.497575705E-02 
       915  3.285000000E+02  0.000000000E+00  2.497696082E-02 
       916  3.287500000E+02  0.000000000E+00  2.497811555E-02 
       917  3.290000000E+02  0.000000000E+00  2.497922300E-02 
       918  3.292500000E+02  0.000000000E+00  2.498028489E-02 
       919  3.295000000E+02  0.000000000E+00  2.498130289E-02 
       920  3.297500000E+02  0.000000000E+00  2.498227861E-02 
       921  3.300000000E+02  0.000000000E+00  2.498321360E-02 
       922  3.302500000E+02  0.000000000E+00  2.498410937E-02 
       923  3.305000000E+02  0.000000000E+00  2.498496738E-02 
       924  3.307500000E+02  0.000000000E+00  2.498578906E-02 
       925  3.310000000E+02  0.000000000E+00  2.498657575E-02 
       926  3.312500000E+02  0.000000000E+00  2.498732880E-02 
       927  3.315000000E+02  0.000000000E+00  2.498804948E-02 
       928  3.317500000E+02  0.000000000E+00  2.498873903E-02 
       929  3.320000000E+02  0.000000000E+00  2.498939865E-02 
       930  3.322500000E+02  0.000000000E+00  2.499002949E-02 
       931  3.325000000E+02  0.000000000E+00  2.499063268E-02 
       932  3.327500000E+02  0.000000000E+00  2.499120928E-02 
       933  3.330000000E+02  0.000000000E+00  2.499176036E-02 
       934  3.332500000E+02  0.000000000E+00  2.499228692E-02 
       935  3.335000000E+02  0.000000000E+00  2.499278993E-02 
       936  3.337500000E+02  0.000000000E+00  2.499327033E-02 
       937  3.340000000E+02  0.000000000E+00  2.499372904E-02 
       938  3.342500000E+02  0.000000000E+00  2.499416692E-02 
       939  3.345000000E+02  0.000000000E+00  2.499458483E-02 
       940  3.347500000E+02  0.000000000E+00  2.499498358E-02 
       941  3.350000000E+02  0.000000000E+00  2.499536396E-02 
       942  3.352500000E+02  0.000000000E+00  2.499572671E-02 
       943  3.355000000E+02  0.000000000E+00  2.499607259E-02 
       944  3.357500000E+02  0.000000000E+00  2.499640228E-02 
       945  3.360000000E+02  0.000000000E+00  2.499671647E-02 
       946  3.362500000E+02  0.000000000E+00  2.499701582E-02 
       947  3.365000000E+02  0.000000000E+00  2.499730094E-02 
       948  3.367500000E+02  0.000000000E+00  2.499757245E-02 
       949  3.370000000E+02  0.000000000E+00  2.499783092E-02 
       950  3.372500000E+02  0.000000000E+00  2.499807693E-02 
       951  3.375000000E+02  0.000000000E+00  2.499831100E-02 
       952  3.377500000E+02  0.000000000E+00  2.499853366E-02 
       953  3.380000000E+02  0.000000000E+00  2.499874540E-02 
       954  3.382500000E+02  0.000000000E+00  2.499894670E-02 
       955  3.385000000E+02  0.000000000E+00  2.499913802E-02 
       956  3.387500000E+02  0.000000000E+00  2.499931980E-02 
       957  3.390000000E+02  0.000000000E+00  2.499949246E-02 
       958  3.392500000E+02  0.000000000E+00  2.499965642E-02 
       959  3.395000000E+02  0.000000000E+00  2.499981205E-02 
       960  3.397500000E+02  0.000000000E+00  2.499995974E-02 
       961  3.400000000E+02  0.000000000E+00  2.500009983E-02 
       962  3.402500000E+02  0.000000000E+00  2.500023267E-02 
       963  3.405000000E+02  0.000000000E+00  2.500035860E-02 
       964  3.407500000E+02  0.000000000E+00  2.500047792E-02 
       965  3.410000000E+02  0.000000000E+00  2.500059092E-02 
       966  3.412500000E+02  0.000000000E+00  2.500069791E-02 
       967  3.415000000E+02  0.000000000E+00  2.500079915E-02 
       968  3.417500000E+02  0.000000000E+00  2.500089490E-02 
       969  3.420000000E+02  0.000000000E+00  2.500098542E-02 
       970  3.422500000E+02  0.000000000E+00  2.500107094E-02 
       971  3.425000000E+02  0.000000000E+00  2.500115168E-02 
       972  3.427500000E+02  0.000000000E+00  2.500122786E-02 
       973  3.430000000E+02  0.000000000E+00  2.500129970E-02 
       974  3.432500000E+02  0.000000000E+00  2.500136737E-02 
       975  3.435000000E+02  0.000000000E+00  2.500143108E-02 
       976  3.437500000E+02  0.000000000E+00  2.500149099E-02 
       977  3.440000000E+02  0.000000000E+00  2.500154726E-02 
       978  3.442500000E+02  0.000000000E+00  2.500160007E-02 
       979  3.445000000E+02  0.000000000E+00  2.500164954E-02 
       980  3.447500000E+02  0.000000000E+00  2.500169584E-02 
       981  3.450000000E+02  0.000000000E+00  2.500173908E-02 
       982  3.452500000E+02  0.000000000E+00  2.500177939E-02 
       983  3.455000000E+02  0.000000000E+00  2.500181689E-02 
       984  3.457500000E+02  0.000000000E+00  2.500185169E-02 
       985  3.460000000E+02  0.000000000E+00  2.500188389E-02 
       986  3.462500000E+02  0.000000000E+00  2.500191358E-02 
       987  3.465000000E+02  0.000000000E+00  2.500194085E-02 
       988  3.467500000E+02  0.000000000E+00  2.500196578E-02 
       989  3.470000000E+02  0.000000000E+00  2.500198844E-02 
       990  3.472500000E+02  0.000000000E+00  2.500200891E-02 
       991  3.475000000E+02  0.000000000E+00  2.500202724E-02 
       992  3.477500000E+02  0.000000000E+00  2.500204349E-02 
       993  3.480000000E+02  0.000000000E+00  2.500205771E-02 
       994  3.482500000E+02  0.000000000E+00  2.500206993E-02 
       995  3.485000000E+02  0.000000000E+00  2.500208021E-02 
       996  3.487500000E+02  0.000000000E+00  2.500208856E-02 
       997  3.490000000E+02  0.000000000E+00  2.500209501E-02 
       998  3.492500000E+02  0.000000000E+00  2.500209959E-02 
       999  3.495000000E+02  0.000000000E+00  2.500210230E-02 
      1000  3.497500000E+02  0.000000000E+00  2.500210315E-02 
      1001  3.500000000E+02  0.000000000E+00  2.500210215E-02 
      1002  3.502500000E+02  0.000000000E+00  2.500209929E-02 
      1003  3.505000000E+02  0.000000000E+00  2.500209457E-02 
      1004  3.507500000E+02  0.000000000E+00  2.500208796E-02 
      1005  3.510000000E+02  0.000000000E+00  2.500207944E-02 
      1006  3.512500000E+02  0.000000000E+00  2.500206900E-02 
      1007  3.515000000E+02  0.000000000E+00  2.500205660E-02 
      1008  3.517500000E+02  0.000000000E+00  2.500204219E-02 
      1009  3.520000000E+02  0.000000000E+00  2.500202574E-02 
      1010  3.522500000E+02  0.000000000E+00  2.500200719E-02 
      1011  3.525000000E+02  0.000000000E+00  2.500198650E-02 
      1012  3.527500000E+02  0.000000000E+00  2.500196358E-02 
      1013  3.530000000E+02  0.000000000E+00  2.500193839E-02 
      1014  3.532500000E+02  0.000000000E+00  2.500191083E-02 
      1015  3.535000000E+02  0.000000000E+00  2.500188084E-02 
      1016  3.537500000E+02  0.000000000E+00  2.500184831E-02 
      1017  3.540000000E+02  0.000000000E+00  2.500181316E-02 
      1018  3.542500000E+02  0.000000000E+00  2.500177528E-02 
      1019  3.545000000E+02  0.000000000E+00  2.500173456E-02 
      1020  3.547500000E+02  0.000000000E+00  2.500169088E-02 
      1021  3.550000000E+02  0.000000000E+00  2.500164413E-02 
      1022  3.552500000E+02  0.000000000E+00  2.500159416E-02 
      1023  3.555000000E+02  0.000000000E+00  2.500154083E-02 
      1024  3.557500000E+02  0.000000000E+00  2.500148400E-02 
      1025  3.560000000E+02  0.000000000E+00  2.500142350E-02 
      1026  3.562500000E+02  0.000000000E+00  2.500135918E-02 
      1027  3.565000000E+02  0.000000000E+00  2.500129085E-02 
      1028  3.567500000E+02  0.000000000E+00  2.500121834E-02 
      1029  3.570000000E+02  0.000000000E+00  2.500114144E-02 
      1030  3.572500000E+02  0.000000000E+00  2.500105995E-02 
      1031  3.575000000E+02  0.000000000E+00  2.500097365E-02 
      1032  3.577500000E+02  0.000000000E+00  2.500088234E-02 
      1033  3.580000000E+02  0.000000000E+00  2.500078575E-02 
      1034  3.582500000E+02  0.000000000E+00  2.500068366E-02 
      1035  3.585000000E+02  0.000000000E+00  2.500057581E-02 
      1036  3.587500000E+02  0.000000000E+00  2.500046192E-02 
      1037  3.590000000E+02  0.000000000E+00  2.500034170E-02 
      1038  3.592500000E+02  0.000000000E+00  2.500021488E-02 
      1039  3.595000000E+02  0.000000000E+00  2.500008114E-02 
      1040  3.597500000E+02  0.000000000E+00  2.499994017E-02 
      1041  3.600000000E+02  0.000000000E+00  2.499979162E-02 
      1042  3.602500000E+02  0.000000000E+00  2.499963516E-02 
      1043  3.605000000E+02  0.000000000E+00  2.499947042E-02 
      1044  3.607500000E+02  0.000000000E+00  2.499929702E-02 
      1045  3.610000000E+02  0.000000000E+00  2.499911458E-02 
      1046  3.612500000E+02  0.000000000E+00  2.499892270E-02 
      1047  3.615000000E+02  0.000000000E+00  2.499872095E-02 
      1048  3.617500000E+02  0.000000000E+00  2.499850889E-02 
      1049  3.620000000E+02  0.000000000E+00  2.499828607E-02 
      1050  3.622500000E+02  0.000000000E+00  2.499805202E-02 
      1051  3.625000000E+02  0.000000000E+00  2.499780625E-02 
      1052  3.627500000E+02  0.000000000E+00  2.499754827E-02 
      1053  3.630000000E+02  0.000000000E+00  2.499727754E-02 
      1054  3.632500000E+02  0.000000000E+00  2.499699352E-02 
      1055  3.635000000E+02  0.000000000E+00  2.499669567E-02 
      1056  3.637500000E+02  0.000000000E+00  2.499638339E-02 
      1057  3.640000000E+02  0.000000000E+00  2.499605610E-02 
      1058  3.642500000E+02  0.000000000E+00  2.499571317E-02 
      1059  3.645000000E+02  0.000000000E+00  2.499535397E-02 
      1060  3.647500000E+02  0.000000000E+00  2.499497784E-02 
      1061  3.650000000E+02  0.000000000E+00  2.499458411E-02 
      1062  3.652500000E+02  0.000000000E+00  2.499417207E-02 
      1063  3.655000000E+02  0.000000000E+00  2.499374102E-02 
      1064  3.657500000E+02  0.000000000E+00  2.499329020E-02 
      1065  3.660000000E+02  0.000000000E+00  2.499281885E-02 
      1066  3.662500000E+02  0.000000000E+00  2.499232620E-02 
      1067  3.665000000E+02  0.000000000E+00  2.499181144E-02 
      1068  3.667500000E+02  0.000000000E+00  2.499127373E-02 
      1069  3.670000000E+02  0.000000000E+00  2.499071223E-02 
      1070  3.672500000E+02  0.000000000E+00  2.499012607E-02 
      1071  3.675000000E+02  0.000000000E+00  2.498951436E-02 
      1072  3.677500000E+02  0.000000000E+00  2.498887617E-02 
      1073  3.680000000E+02  0.000000000E+00  2.498821056E-02 
      1074  3.682500000E+02  0.000000000E+00  2.498751658E-02 
      1075  3.685000000E+02  0.000000000E+00  2.498679324E-02 
      1076  3.687500000E+02  0.000000000E+00  2.498603953E-02 
      1077  3.690000000E+02  0.000000000E+00  2.498525442E-02 
      1078  3.692500000E+02  0.000000000E+00  2.498443686E-02 
      1079  3.695000000E+02  0.000000000E+00  2.498358578E-02 
      1080  3.697500000E+02  0.000000000E+00  2.498270008E-02 
      1081  3.700000000E+02  0.000000000E+00  2.498177864E-02 
      1082  3.702500000E+02  0.000000000E+00  2.498082033E-02 
      1083  3.705000000E+02  0.000000000E+00  2.497982398E-02 
      1084  3.707500000E+02  0.000000000E+00  2.497878842E-02 
      1085  3.710000000E+02  0.000000000E+00  2.497771243E-02 
      1086  3.712500000E+02  0.000000000E+00  2.497659482E-02 
      1087  3.715000000E+02  0.000000000E+00  2.497543432E-02 
      1088  3.717500000E+02  0.000000000E+00  2.497422969E-02 
      1089  3.720000000E+02  0.000000000E+00  2.497297965E-02 
      1090  3.722500000E+02  0.000000000E+00  2.497168291E-02 
      1091  3.725000000E+02  0.000000000E+00  2.497033816E-02 
      1092  3.727500000E+02  0.000000000E+00  2.496894406E-02 
      1093  3.730000000E+02  0.000000000E+00  2.496749929E-02 
      1094  3.732500000E+02  0.000000000E+00  2.496600249E-02 
      1095  3.735000000E+02  0.000000000E+00  2.496445228E-02 
      1096  3.737500000E+02  0.000000000E+00  2.496284730E-02 
      1097  3.740000000E+02  0.000000000E+00  2.496118615E-02 
      1098  3.742500000E+02  0.000000000E+00  2.495946742E-02 
      1099  3.745000000E+02  0.000000000E+00  2.495768972E-02 
      1100  3.747500000E+02  0.000000000E+00  2.495585161E-02 
      1101  3.750000000E+02  0.000000000E+00  2.495395169E-02 
      1102  3.752500000E+02  0.000000000E+00  2.495198852E-02 
      1103  3.755000000E+02  0.000000000E+00  2.494996068E-02 
      1104  3.757500000E+02  0.000000000E+00  2.494786672E-02 
      1105  3.760000000E+02  0.000000000E+00  2.494570521E-02 
      1106  3.762500000E+02  0.000000000E+00  2.494347472E-02 
      1107  3.765000000E+02  0.000000000E+00  2.494117382E-02 
      1108  3.767500000E+02  0.000000000E+00  2.493880108E-02 
      1109  3.770000000E+02  0.000000000E+00  2.493635507E-02 
      1110  3.772500000E+02  0.000000000E+00  2.493383439E-02 
      1111  3.775000000E+02  0.000000000E+00  2.493123762E-02 
      1112  3.777500000E+02  0.000000000E+00  2.492856337E-02 
      1113  3.780000000E+02  0.000000000E+00  2.492581026E-02 
      1114  3.782500000E+02  0.000000000E+00  2.492297691E-02 
      1115  3.785000000E+02  0.000000000E+00  2.492006197E-02 
      1116  3.787500000E+02  0.000000000E+00  2.491706410E-02 
      1117  3.790000000E+02  0.000000000E+00  2.491398199E-02 
      1118  3.792500000E+02  0.000000000E+00  2.491081432E-02 
      1119  3.795000000E+02  0.000000000E+00  2.490755984E-02 
      1120  3.797500000E+02  0.000000000E+00  2.490421727E-02 
      1121  3.800000000E+02  0.000000000E+00  2.490078541E-02 
      1122  3.802500000E+02  0.000000000E+00  2.489726304E-02 
      1123  3.805000000E+02  0.000000000E+00  2.489364899E-02 
      1124  3.807500000E+02  0.000000000E+00  2.488994212E-02 
      1125  3.810000000E+02  0.000000000E+00  2.488614131E-02 
      1126  3.812500000E+02  0.000000000E+00  2.488224550E-02 
      1127  3.815000000E+02  0.000000000E+00  2.487825362E-02 
      1128  3.817500000E+02  0.000000000E+00  2.487416467E-02 
      1129  3.820000000E+02  0.000000000E+00  2.486997766E-02 
      1130  3.822500000E+02  0.000000000E+00  2.486569166E-02 
      1131  3.825000000E+02  0.000000000E+00  2.486130575E-02 
      1132  3.827500000E+02  0.000000000E+00  2.485681907E-02 
      1133  3.830000000E+02  0.000000000E+00  2.485223077E-02 
      1134  3.832500000E+02  0.000000000E+00  2.484754006E-02 
      1135  3.835000000E+02  0.000000000E+00  2.484274617E-02 
      1136  3.837500000E+02  0.000000000E+00  2.483784836E-02 
      1137  3.840000000E+02  0.000000000E+00  2.483284594E-02 
      1138  3.842500000E+02  0.000000000E+00  2.482773823E-02 
      1139  3.845000000E+02  0.000000000E+00  2.482252460E-02 
      1140  3.847500000E+02  0.000000000E+00  2.481720442E-02 
      1141  3.850000000E+02  0.000000000E+00  2.481177709E-02 
      1142  3.852500000E+02  0.000000000E+00  2.480624205E-02 
      1143  3.855000000E+02  0.000000000E+00  2.480059872E-02 
      1144  3.857500000E+02  0.000000000E+00  2.479484654E-02 
      1145  3.860000000E+02  0.000000000E+00  2.478898497E-02 
      1146  3.862500000E+02  0.000000000E+00  2.478301342E-02 
      1147  3.865000000E+02  0.000000000E+00  2.477693132E-02 
      1148  3.867500000E+02  0.000000000E+00  2.477073807E-02 
      1149  3.870000000E+02  0.000000000E+00  2.476443301E-02 
      1150  3.872500000E+02  0.000000000E+00  2.475801545E-02 
      1151  3.875000000E+02  0.000000000E+00  2.475148463E-02 
      1152  3.877500000E+02  0.000000000E+00  2.474483969E-02 
      1153  3.880000000E+02  0.000000000E+00  2.473807970E-02 
      1154  3.882500000E+02  0.000000000E+00  2.473120358E-02 
      1155  3.885000000E+02  0.000000000E+00  2.472421009E-02 
      1156  3.887500000E+02  0.000000000E+00  2.471709784E-02 
      1157  3.890000000E+02  0.000000000E+00  2.470986521E-02 
      1158  3.892500000E+02  0.000000000E+00  2.470251031E-02 
      1159  3.895000000E+02  0.000000000E+00  2.469503099E-02 
      1160  3.897500000E+02  0.000000000E+00  2.468742474E-02 
      1161  3.900000000E+02  0.000000000E+00  2.467968864E-02 
      1162  3.902500000E+02  0.000000000E+00  2.467181932E-02 
      1163  3.905000000E+02  0.000000000E+00  2.466381287E-02 
      1164  3.907500000E+02  0.000000000E+00  2.465566474E-02 
      1165  3.910000000E+02  0.000000000E+00  2.464736968E-02 
      1166  3.912500000E+02  0.000000000E+00  2.463892159E-02 
      1167  3.915000000E+02  0.000000000E+00  2.463031342E-02 
      1168  3.917500000E+02  0.000000000E+00  2.462153700E-02 
      1169  3.920000000E+02  0.000000000E+00  2.461258288E-02 
      1170  3.922500000E+02  0.000000000E+00  2.460344014E-02 
      1171  3.925000000E+02  0.000000000E+00  2.459409613E-02 
      1172  3.927500000E+02  0.000000000E+00  2.458453625E-02 
      1173  3.930000000E+02  0.000000000E+00  2.457474360E-02 
      1174  3.932500000E+02  0.000000000E+00  2.456469863E-02 
      1175  3.935000000E+02  0.000000000E+00  2.455437874E-02 
      1176  3.937500000E+02  0.000000000E+00  2.454375774E-02 
      1177  3.940000000E+02  0.000000000E+00  2.453280533E-02 
      1178  3.942500000E+02  0.000000000E+00  2.452148639E-02 
      1179  3.945000000E+02  0.000000000E+00  2.450976014E-02 
      1180  3.947500000E+02  0.000000000E+00  2.449757926E-02 
      1181  3.950000000E+02  0.000000000E+00  2.448488869E-02 
      1182  3.952500000E+02  0.000000000E+00  2.447162429E-02 
      1183  3.955000000E+02  0.000000000E+00  2.445771120E-02 
      1184  3.957500000E+02  0.000000000E+00  2.444306185E-02 
      1185  3.960000000E+02  0.000000000E+00  2.442757355E-02 
      1186  3.962500000E+02  0.000000000E+00  2.441112549E-02 
      1187  3.965000000E+02  0.000000000E+00  2.439357506E-02 
      1188  3.967500000E+02  0.000000000E+00  2.437475318E-02 
      1189  3.970000000E+02  0.000000000E+00  2.435445842E-02 
      1190  3.972500000E+02  0.000000000E+00  2.433244934E-02 
      1191  3.975000000E+02  0.000000000E+00  2.430843447E-02 
      1192  3.977500000E+02  0.000000000E+00  2.428205879E-02 
      1193  3.980000000E+02  0.000000000E+00  2.425288509E-02 
      1194  3.982500000E+02  0.000000000E+00  2.422036725E-02 
      1195  3.985000000E+02  0.000000000E+00  2.418381041E-02 
      1196  3.987500000E+02  0.000000000E+00  2.414230777E-02 
      1197  3.990000000E+02  0.000000000E+00  2.409463179E-02 
      1198  3.992500000E+02  0.000000000E+00  2.403902357E-02 
      1199  3.995000000E+02  0.000000000E+00  2.397271302E-02 
      1200  3.997500000E+02  0.000000000E+00  2.389058327E-02 
      1201  4.000000000E+02  0.000000000E+00  2.431842460E-02 
      1202  4.002000034E+02  0.000000000E+00  2.458585572E-02 
      1203  4.004016387E+02  0.000000000E+00  2.436766018E-02 
      1204  4.006049192E+02  0.000000000E+00  2.416081095E-02 
      1205  4.008098583E+02  0.000000000E+00  2.396471376E-02 
      1206  4.010164696E+02  0.000000000E+00  2.377880002E-02 
      1207  4.012247666E+02  0.000000000E+00  2.360252575E-02 
      1208  4.014347631E+02  0.000000000E+00  2.343537073E-02 
      1209  4.016464731E+02  0.000000000E+00  2.327683774E-02 
      1210  4.018599104E+02  0.000000000E+00  2.312645170E-02 
      1211  4.020750892E+02  0.000000000E+00  2.298375887E-02 
      1212  4.022920237E+02  0.000000000E+00  2.284832612E-02 
      1213  4.025107282E+02  0.000000000E+00  2.271864028E-02 
      1214  4.027312172E+02  0.000000000E+00  2.259572139E-02 
      1215  4.029535052E+02  0.000000000E+00  2.248028496E-02 
      1216  4.031776069E+02  0.000000000E+00  2.237051119E-02 
      1217  4.034035370E+02  0.000000000E+00  2.226606330E-02 
      1218  4.036313106E+02  0.000000000E+00  2.216662002E-02 
      1219  4.038609426E+02  0.000000000E+00  2.207187551E-02 
      1220  4.040924483E+02  0.000000000E+00  2.198153869E-02 
      1221  4.043258428E+02  0.000000000E+00  2.189597825E-02 
      1222  4.045611417E+02  0.000000000E+00  2.181445251E-02 
      1223  4.047983604E+02  0.000000000E+00  2.173603804E-02 
      1224  4.050375146E+02  0.000000000E+00  2.166096840E-02 
      1225  4.052786201E+02  0.000000000E+00  2.158902093E-02 
      1226  4.055216929E+02  0.000000000E+00  2.152119212E-02 
      1227  4.057667489E+02  0.000000000E+00  2.145850900E-02 
      1228  4.060138044E+02  0.000000000E+00  2.140045255E-02 
      1229  4.062628756E+02  0.000000000E+00  2.134391095E-02 
      1230  4.065139791E+02  0.000000000E+00  2.128793515E-02 
      1231  4.067671314E+02  0.000000000E+00  2.123517709E-02 
      1232  4.070223492E+02  0.000000000E+00  2.118459216E-02 
      1233  4.072796494E+02  0.000000000E+00  2.113640228E-02 
      1234  4.075390490E+02  0.000000000E+00  2.108931888E-02 
      1235  4.078005650E+02  0.000000000E+00  2.104158817E-02 
      1236  4.080642148E+02  0.000000000E+00  2.099523978E-02 
      1237  4.083300158E+02  0.000000000E+00  2.094984764E-02 
      1238  4.085979855E+02  0.000000000E+00  2.090524649E-02 
      1239  4.088681416E+02  0.000000000E+00  2.076307872E-02 
      1240  4.091405020E+02  0.000000000E+00  2.061992973E-02 
      1241  4.094150846E+02  0.000000000E+00  2.057605083E-02 
      1242  4.096919076E+02  0.000000000E+00  2.053296534E-02 
      1243  4.099709892E+02  0.000000000E+00  2.049057663E-02 
      1244  4.102523480E+02  0.000000000E+00  2.044879350E-02 
      1245  4.105360024E+02  0.000000000E+00  2.040752991E-02 
      1246  4.108219711E+02  0.000000000E+00  2.036670465E-02 
      1247  4.111102732E+02  0.000000000E+00  2.032624110E-02 
      1248  4.114009276E+02  0.000000000E+00  2.028606698E-02 
      1249  4.116939535E+02  0.000000000E+00  2.024611405E-02 
      1250  4.119893702E+02  0.000000000E+00  2.020631789E-02 
      1251  4.122871973E+02  0.000000000E+00  2.016661770E-02 
      1252  4.125874544E+02  0.000000000E+00  2.012695603E-02 
      1253  4.128901614E+02  0.000000000E+00  2.008727861E-02 
      1254  4.131953383E+02  0.000000000E+00  2.004753412E-02 
      1255  4.135030051E+02  0.000000000E+00  2.000767403E-02 
      1256  4.138131823E+02  0.000000000E+00  1.996765241E-02 
      1257  4.141258902E+02  0.000000000E+00  1.992742574E-02 
      1258  4.144411496E+02  0.000000000E+00  1.988695279E-02 
      1259  4.147589813E+02  0.000000000E+00  1.984619440E-02 
      1260  4.150794062E+02  0.000000000E+00  1.980511342E-02 
      1261  4.154024455E+02  0.000000000E+00  1.976367449E-02 
      1262  4.157281206E+02  0.000000000E+00  1.972184395E-02 
      1263  4.160564529E+02  0.000000000E+00  1.967958973E-02 
      1264  4.163874641E+02  0.000000000E+00  1.963688119E-02 
      1265  4.167211762E+02  0.000000000E+00  1.959368905E-02 
      1266  4.170576110E+02  0.000000000E+00  1.954998526E-02 
      1267  4.173967909E+02  0.000000000E+00  1.950574290E-02 
      1268  4.177387382E+02  0.000000000E+00  1.946093610E-02 
      1269  4.180834756E+02  0.000000000E+00  1.941553997E-02 
      1270  4.184310257E+02  0.000000000E+00  1.936953047E-02 
      1271  4.187814116E+02  0.000000000E+00  1.932288436E-02 
      1272  4.191346563E+02  0.000000000E+00  1.927557914E-02 
      1273  4.194907832E+02  0.000000000E+00  1.922759295E-02 
      1274  4.198498158E+02  0.000000000E+00  1.917890453E-02 
      1275  4.202117779E+02  0.000000000E+00  1.912949315E-02 
      1276  4.205766933E+02  0.000000000E+00  1.907933855E-02 
      1277  4.209445860E+02  0.000000000E+00  1.902842089E-02 
      1278  4.213154806E+02  0.000000000E+00  1.897672072E-02 
      1279  4.216894013E+02  0.000000000E+00  1.892421888E-02 
      1280  4.220663728E+02  0.000000000E+00  1.887089652E-02 
      1281  4.224464202E+02  0.000000000E+00  1.881673502E-02 
      1282  4.228295685E+02  0.000000000E+00  1.876171596E-02 
      1283  4.232158429E+02  0.000000000E+00  1.870582108E-02 
      1284  4.236052691E+02  0.000000000E+00  1.864903227E-02 
      1285  4.239978726E+02  0.000000000E+00  1.859133150E-02 
      1286  4.243936795E+02  0.000000000E+00  1.853270084E-02 
      1287  4.247927158E+02  0.000000000E+00  1.847312238E-02 
      1288  4.251950080E+02  0.000000000E+00  1.841257824E-02 
      1289  4.256005825E+02  0.000000000E+00  1.835105056E-02 
      1290  4.260094662E+02  0.000000000E+00  1.828852143E-02 
      1291  4.264216861E+02  0.000000000E+00  1.822497291E-02 
      1292  4.268372694E+02  0.000000000E+00  1.816038700E-02 
      1293  4.272562434E+02  0.000000000E+00  1.809474561E-02 
      1294  4.276786360E+02  0.000000000E+00  1.802803057E-02 
      1295  4.281044750E+02  0.000000000E+00  1.796022361E-02 
      1296  4.285337884E+02  0.000000000E+00  1.789130631E-02 
      1297  4.289666047E+02  0.000000000E+00  1.782126016E-02 
      1298  4.294029525E+02  0.000000000E+00  1.775006646E-02 
      1299  4.298428605E+02  0.000000000E+00  1.767770638E-02 
      1300  4.302863578E+02  0.000000000E+00  1.760416094E-02 
      1301  4.307334737E+02  0.000000000E+00  1.752941096E-02 
      1302  4.311842377E+02  0.000000000E+00  1.745343711E-02 
      1303  4.316386795E+02  0.000000000E+00  1.737621984E-02 
      1304  4.320968293E+02  0.000000000E+00  1.729773944E-02 
      1305  4.325587172E+02  0.000000000E+00  1.721797600E-02 
      1306  4.330243737E+02  0.000000000E+00  1.713690938E-02 
      1307  4.334938296E+02  0.000000000E+00  1.705451927E-02 
      1308  4.339671159E+02  0.000000000E+00  1.697078514E-02 
      1309  4.344442638E+02  0.000000000E+00  1.688568624E-02 
      1310  4.349253049E+02  0.000000000E+00  1.679920162E-02 
      1311  4.354102708E+02  0.000000000E+00  1.671131010E-02 
      1312  4.358991937E+02  0.000000000E+00  1.662199030E-02 
      1313  4.363921059E+02  0.000000000E+00  1.653122063E-02 
      1314  4.368890398E+02  0.000000000E+00  1.643897925E-02 
      1315  4.373900283E+02  0.000000000E+00  1.634524414E-02 
      1316  4.378951044E+02  0.000000000E+00  1.624999306E-02 
      1317  4.384043016E+02  0.000000000E+00  1.615320353E-02 
      1318  4.389176534E+02  0.000000000E+00  1.605485290E-02 
      1319  4.394351937E+02  0.000000000E+00  1.595491829E-02 
      1320  4.399569568E+02  0.000000000E+00  1.585337661E-02 
      1321  4.404829770E+02  0.000000000E+00  1.575020458E-02 
      1322  4.410132892E+02  0.000000000E+00  1.564537872E-02 
      1323  4.415479282E+02  0.000000000E+00  1.553887536E-02 
      1324  4.420869295E+02  0.000000000E+00  1.543067065E-02 
      1325  4.426303286E+02  0.000000000E+00  1.532074053E-02 
      1326  4.431781614E+02  0.000000000E+00  1.520906080E-02 
      1327  4.437304641E+02  0.000000000E+00  1.509560707E-02 
      1328  4.442872731E+02  0.000000000E+00  1.498035479E-02 
      1329  4.448486253E+02  0.000000000E+00  1.486327928E-02 
      1330  4.454145576E+02  0.000000000E+00  1.474435568E-02 
      1331  4.459851075E+02  0.000000000E+00  1.462355902E-02 
      1332  4.465603126E+02  0.000000000E+00  1.450086419E-02 
      1333  4.471402109E+02  0.000000000E+00  1.437624598E-02 
      1334  4.477248408E+02  0.000000000E+00  1.424967907E-02 
      1335  4.483142407E+02  0.000000000E+00  1.412113803E-02 
      1336  4.489084497E+02  0.000000000E+00  1.399059737E-02 
      1337  4.495075070E+02  0.000000000E+00  1.385803154E-02 
      1338  4.501114521E+02  0.000000000E+00  1.372341490E-02 
      1339  4.507203248E+02  0.000000000E+00  1.358672181E-02 
      1340  4.513341655E+02  0.000000000E+00  1.344792659E-02 
      1341  4.519530147E+02  0.000000000E+00  1.330700355E-02 
      1342  4.525769132E+02  0.000000000E+00  1.316392702E-02 
      1343  4.532059021E+02  0.000000000E+00  1.301867133E-02 
      1344  4.538400232E+02  0.000000000E+00  1.287121089E-02 
      1345  4.544793181E+02  0.000000000E+00  1.272152016E-02 
      1346  4.551238292E+02  0.000000000E+00  1.256957368E-02 
      1347  4.557735990E+02  0.000000000E+00  1.241534611E-02 
      1348  4.564286703E+02  0.000000000E+00  1.225881221E-02 
      1349  4.570890866E+02  0.000000000E+00  1.209994693E-02 
      1350  4.577548913E+02  0.000000000E+00  1.193872536E-02 
      1351  4.584261284E+02  0.000000000E+00  1.177512282E-02 
      1352  4.591028423E+02  0.000000000E+00  1.160911483E-02 
      1353  4.597850777E+02  0.000000000E+00  1.144067718E-02 
      1354  4.604728795E+02  0.000000000E+00  1.126978593E-02 
      1355  4.611662932E+02  0.000000000E+00  1.109641746E-02 
      1356  4.618653647E+02  0.000000000E+00  1.092054847E-02 
      1357  4.625701400E+02  0.000000000E+00  1.074215605E-02 
      1358  4.632806657E+02  0.000000000E+00  1.056121769E-02 
      1359  4.639969887E+02  0.000000000E+00  1.037771130E-02 
      1360  4.647191564E+02  0.000000000E+00  1.019161527E-02 
      1361  4.654472164E+02  0.000000000E+00  1.000290848E-02 
      1362  4.661812167E+02  0.000000000E+00  9.811570359E-03 
      1363  4.669212059E+02  0.000000000E+00  9.617580914E-03 
      1364  4.676672328E+02  0.000000000E+00  9.420920750E-03 
      1365  4.684193468E+02  0.000000000E+00  9.221571124E-03 
      1366  4.691775973E+02  0.000000000E+00  9.019513983E-03 
      1367  4.699420346E+02  0.000000000E+00  8.814731988E-03 
      1368  4.707127091E+02  0.000000000E+00  8.607208555E-03 
      1369  4.714896716E+02  0.000000000E+00  8.396927900E-03 
      1370  4.722729736E+02  0.000000000E+00  8.183875055E-03 
      1371  4.730626666E+02  0.000000000E+00  7.968035902E-03 
      1372  4.738588030E+02  0.000000000E+00  7.749397195E-03 
      1373  4.746614352E+02  0.000000000E+00  7.527946579E-03 
      1374  4.754706162E+02  0.000000000E+00  7.303672572E-03 
      1375  4.762863994E+02  0.000000000E+00  7.076564571E-03 
      1376  4.771088389E+02  0.000000000E+00  6.846612783E-03 
      1377  4.779379887E+02  0.000000000E+00  6.613808177E-03 
      1378  4.787739038E+02  0.000000000E+00  6.378142336E-03 
      1379  4.796166392E+02  0.000000000E+00  6.139607271E-03 
      1380  4.804662507E+02  0.000000000E+00  5.898195143E-03 
      1381  4.813227944E+02  0.000000000E+00  5.653897843E-03 
      1382  4.821863268E+02  0.000000000E+00  5.406706406E-03 
      1383  4.830569049E+02  0.000000000E+00  5.156610180E-03 
      1384  4.839345862E+02  0.000000000E+00  4.903595660E-03 
      1385  4.848194287E+02  0.000000000E+00  4.647644870E-03 
      1386  4.857114908E+02  0.000000000E+00  4.388733121E-03 
      1387  4.866108314E+02  0.000000000E+00  4.126825904E-03 
      1388  4.875175099E+02  0.000000000E+00  3.861874635E-03 
      1389  4.884315862E+02  0.000000000E+00  3.593810798E-03 
      1390  4.893531206E+02  0.000000000E+00  3.322537929E-03 
      1391  4.902821741E+02  0.000000000E+00  3.047920668E-03 
      1392  4.912188078E+02  0.000000000E+00  2.769769837E-03 
      1393  4.921630837E+02  0.000000000E+00  2.487822106E-03 
      1394  4.931150642E+02  0.000000000E+00  2.201712398E-03 
      1395  4.940748120E+02  0.000000000E+00  1.910936411E-03 
      1396  4.950423907E+02  0.000000000E+00  1.614799875E-03 
      1397  4.960178639E+02  0.000000000E+00  1.312349837E-03 
      1398  4.970012963E+02  0.000000000E+00  1.002281706E-03 
      1399  4.979927527E+02  0.000000000E+00  6.828205885E-04 
      1400  4.989922986E+02  0.000000000E+00  3.503270559E-04 
      1401  5.000000000E+02  0.000000000E+00  1.794561628E-04 
