nodenumber     x-coordinate     y-coordinate           udm-10 
         1  0.000000000E+00  0.000000000E+00 -6.632595629E-05 
         2  1.007701384E+00  0.000000000E+00 -1.322378430E-04 
         3  2.007247274E+00  0.000000000E+00 -2.626380897E-04 
         4  2.998703673E+00  0.000000000E+00 -3.917230566E-04 
         5  3.982136051E+00  0.000000000E+00 -5.199526915E-04 
         6  4.957609346E+00  0.000000000E+00 -6.473449604E-04 
         7  5.925187975E+00  0.000000000E+00 -7.739257366E-04 
         8  6.884935829E+00  0.000000000E+00 -8.997237799E-04 
         9  7.836916284E+00  0.000000000E+00 -1.024769401E-03 
        10  8.781192203E+00  0.000000000E+00 -1.149093546E-03 
        11  9.717825941E+00  0.000000000E+00 -1.272727181E-03 
        12  1.064687935E+01  0.000000000E+00 -1.395700879E-03 
        13  1.156841377E+01  0.000000000E+00 -1.518044538E-03 
        14  1.248249006E+01  0.000000000E+00 -1.639787207E-03 
        15  1.338916858E+01  0.000000000E+00 -1.760956961E-03 
        16  1.428850920E+01  0.000000000E+00 -1.881580835E-03 
        17  1.518057130E+01  0.000000000E+00 -2.001684779E-03 
        18  1.606541380E+01  0.000000000E+00 -2.121293639E-03 
        19  1.694309512E+01  0.000000000E+00 -2.240431153E-03 
        20  1.781367322E+01  0.000000000E+00 -2.359119957E-03 
        21  1.867720559E+01  0.000000000E+00 -2.477381595E-03 
        22  1.953374925E+01  0.000000000E+00 -2.595236540E-03 
        23  2.038336076E+01  0.000000000E+00 -2.712704215E-03 
        24  2.122609622E+01  0.000000000E+00 -2.829803014E-03 
        25  2.206201128E+01  0.000000000E+00 -2.946550332E-03 
        26  2.289116114E+01  0.000000000E+00 -3.062962591E-03 
        27  2.371360056E+01  0.000000000E+00 -3.179055265E-03 
        28  2.452938383E+01  0.000000000E+00 -3.294842909E-03 
        29  2.533856484E+01  0.000000000E+00 -3.410339190E-03 
        30  2.614119701E+01  0.000000000E+00 -3.525556909E-03 
        31  2.693733335E+01  0.000000000E+00 -3.640508034E-03 
        32  2.772702642E+01  0.000000000E+00 -3.755203728E-03 
        33  2.851032837E+01  0.000000000E+00 -3.869654371E-03 
        34  2.928729093E+01  0.000000000E+00 -3.983869593E-03 
        35  3.005796541E+01  0.000000000E+00 -4.097858298E-03 
        36  3.082240268E+01  0.000000000E+00 -4.211628687E-03 
        37  3.158065324E+01  0.000000000E+00 -4.325188291E-03 
        38  3.233276716E+01  0.000000000E+00 -4.438543990E-03 
        39  3.307879409E+01  0.000000000E+00 -4.551702040E-03 
        40  3.381878330E+01  0.000000000E+00 -4.664668096E-03 
        41  3.455278365E+01  0.000000000E+00 -4.777447237E-03 
        42  3.528084362E+01  0.000000000E+00 -4.890043989E-03 
        43  3.600301127E+01  0.000000000E+00 -5.002462346E-03 
        44  3.671933431E+01  0.000000000E+00 -5.114705794E-03 
        45  3.742986002E+01  0.000000000E+00 -5.226777330E-03 
        46  3.813463533E+01  0.000000000E+00 -5.338679486E-03 
        47  3.883370678E+01  0.000000000E+00 -5.450414345E-03 
        48  3.952712052E+01  0.000000000E+00 -5.561983567E-03 
        49  4.021492235E+01  0.000000000E+00 -5.673388401E-03 
        50  4.089715769E+01  0.000000000E+00 -5.784629710E-03 
        51  4.157387159E+01  0.000000000E+00 -5.895707985E-03 
        52  4.224510872E+01  0.000000000E+00 -6.006623365E-03 
        53  4.291091342E+01  0.000000000E+00 -6.117375654E-03 
        54  4.357132966E+01  0.000000000E+00 -6.227964337E-03 
        55  4.422640104E+01  0.000000000E+00 -6.338388595E-03 
        56  4.487617081E+01  0.000000000E+00 -6.448647323E-03 
        57  4.552068189E+01  0.000000000E+00 -6.558739145E-03 
        58  4.615997684E+01  0.000000000E+00 -6.668662426E-03 
        59  4.679409786E+01  0.000000000E+00 -6.778415290E-03 
        60  4.742308684E+01  0.000000000E+00 -6.887995631E-03 
        61  4.804698530E+01  0.000000000E+00 -6.997401128E-03 
        62  4.866583446E+01  0.000000000E+00 -7.106629256E-03 
        63  4.927967516E+01  0.000000000E+00 -7.215677302E-03 
        64  4.988854795E+01  0.000000000E+00 -7.324542372E-03 
        65  5.049249303E+01  0.000000000E+00 -7.433221406E-03 
        66  5.109155028E+01  0.000000000E+00 -7.541711191E-03 
        67  5.168575926E+01  0.000000000E+00 -7.650008367E-03 
        68  5.227515921E+01  0.000000000E+00 -7.758109440E-03 
        69  5.285978905E+01  0.000000000E+00 -7.866010794E-03 
        70  5.343968738E+01  0.000000000E+00 -7.973708697E-03 
        71  5.401489250E+01  0.000000000E+00 -8.081199312E-03 
        72  5.458544238E+01  0.000000000E+00 -8.188478706E-03 
        73  5.515137472E+01  0.000000000E+00 -8.295542860E-03 
        74  5.571272686E+01  0.000000000E+00 -8.402387676E-03 
        75  5.626953590E+01  0.000000000E+00 -8.509008984E-03 
        76  5.682183858E+01  0.000000000E+00 -8.615402552E-03 
        77  5.736967139E+01  0.000000000E+00 -8.721564091E-03 
        78  5.791307049E+01  0.000000000E+00 -8.827489266E-03 
        79  5.845207178E+01  0.000000000E+00 -8.933173698E-03 
        80  5.898671083E+01  0.000000000E+00 -9.038612975E-03 
        81  5.951702297E+01  0.000000000E+00 -9.143802655E-03 
        82  6.004304320E+01  0.000000000E+00 -9.248738277E-03 
        83  6.056480627E+01  0.000000000E+00 -9.353415360E-03 
        84  6.108234661E+01  0.000000000E+00 -9.457829415E-03 
        85  6.159569842E+01  0.000000000E+00 -9.561975950E-03 
        86  6.210489559E+01  0.000000000E+00 -9.665850472E-03 
        87  6.260997174E+01  0.000000000E+00 -9.769448494E-03 
        88  6.311096022E+01  0.000000000E+00 -9.872765543E-03 
        89  6.360789412E+01  0.000000000E+00 -9.975797161E-03 
        90  6.410080625E+01  0.000000000E+00 -1.007853892E-02 
        91  6.458972916E+01  0.000000000E+00 -1.018098640E-02 
        92  6.507469514E+01  0.000000000E+00 -1.028313524E-02 
        93  6.555573621E+01  0.000000000E+00 -1.038498109E-02 
        94  6.603288413E+01  0.000000000E+00 -1.048651968E-02 
        95  6.650617042E+01  0.000000000E+00 -1.058774674E-02 
        96  6.697562632E+01  0.000000000E+00 -1.068865810E-02 
        97  6.744128283E+01  0.000000000E+00 -1.078924962E-02 
        98  6.790317071E+01  0.000000000E+00 -1.088951725E-02 
        99  6.836132046E+01  0.000000000E+00 -1.098945698E-02 
       100  6.881576232E+01  0.000000000E+00 -1.108906492E-02 
       101  6.926652631E+01  0.000000000E+00 -1.118833723E-02 
       102  6.971364219E+01  0.000000000E+00 -1.128727018E-02 
       103  7.015713949E+01  0.000000000E+00 -1.138586015E-02 
       104  7.059704749E+01  0.000000000E+00 -1.148410361E-02 
       105  7.103339524E+01  0.000000000E+00 -1.158199717E-02 
       106  7.146621156E+01  0.000000000E+00 -1.167953755E-02 
       107  7.189552503E+01  0.000000000E+00 -1.177672163E-02 
       108  7.232136399E+01  0.000000000E+00 -1.187354644E-02 
       109  7.274375656E+01  0.000000000E+00 -1.197000916E-02 
       110  7.316273064E+01  0.000000000E+00 -1.206610716E-02 
       111  7.357831389E+01  0.000000000E+00 -1.216183802E-02 
       112  7.399053376E+01  0.000000000E+00 -1.225719951E-02 
       113  7.439941746E+01  0.000000000E+00 -1.235218965E-02 
       114  7.480499201E+01  0.000000000E+00 -1.244680669E-02 
       115  7.520728416E+01  0.000000000E+00 -1.254104917E-02 
       116  7.560632051E+01  0.000000000E+00 -1.263491594E-02 
       117  7.600212738E+01  0.000000000E+00 -1.272840615E-02 
       118  7.639473092E+01  0.000000000E+00 -1.282151932E-02 
       119  7.678415706E+01  0.000000000E+00 -1.291425535E-02 
       120  7.717043151E+01  0.000000000E+00 -1.300661456E-02 
       121  7.755357977E+01  0.000000000E+00 -1.309859774E-02 
       122  7.793362715E+01  0.000000000E+00 -1.319020618E-02 
       123  7.831059875E+01  0.000000000E+00 -1.328144169E-02 
       124  7.868451945E+01  0.000000000E+00 -1.337230671E-02 
       125  7.905541395E+01  0.000000000E+00 -1.346280432E-02 
       126  7.942330674E+01  0.000000000E+00 -1.355293828E-02 
       127  7.978822211E+01  0.000000000E+00 -1.364271316E-02 
       128  8.015018416E+01  0.000000000E+00 -1.373213435E-02 
       129  8.050921679E+01  0.000000000E+00 -1.382120814E-02 
       130  8.086534371E+01  0.000000000E+00 -1.390994184E-02 
       131  8.121858844E+01  0.000000000E+00 -1.399834383E-02 
       132  8.156897429E+01  0.000000000E+00 -1.408642366E-02 
       133  8.191652442E+01  0.000000000E+00 -1.417419217E-02 
       134  8.226126177E+01  0.000000000E+00 -1.426166156E-02 
       135  8.260320909E+01  0.000000000E+00 -1.434884557E-02 
       136  8.294238899E+01  0.000000000E+00 -1.443575954E-02 
       137  8.327882384E+01  0.000000000E+00 -1.452242060E-02 
       138  8.361253587E+01  0.000000000E+00 -1.460884778E-02 
       139  8.394354712E+01  0.000000000E+00 -1.469506219E-02 
       140  8.427187943E+01  0.000000000E+00 -1.478108717E-02 
       141  8.459755450E+01  0.000000000E+00 -1.486694848E-02 
       142  8.492059382E+01  0.000000000E+00 -1.495267450E-02 
       143  8.524101873E+01  0.000000000E+00 -1.503829642E-02 
       144  8.555885039E+01  0.000000000E+00 -1.512384846E-02 
       145  8.587410979E+01  0.000000000E+00 -1.520936813E-02 
       146  8.618681774E+01  0.000000000E+00 -1.529489643E-02 
       147  8.649699489E+01  0.000000000E+00 -1.538047815E-02 
       148  8.680466173E+01  0.000000000E+00 -1.546616216E-02 
       149  8.710983857E+01  0.000000000E+00 -1.555200166E-02 
       150  8.741254556E+01  0.000000000E+00 -1.563805454E-02 
       151  8.771280270E+01  0.000000000E+00 -1.572438368E-02 
       152  8.801062980E+01  0.000000000E+00 -1.581105735E-02 
       153  8.830604654E+01  0.000000000E+00 -1.589814952E-02 
       154  8.859907242E+01  0.000000000E+00 -1.598574028E-02 
       155  8.888972679E+01  0.000000000E+00 -1.607391629E-02 
       156  8.917802885E+01  0.000000000E+00 -1.616277115E-02 
       157  8.946399764E+01  0.000000000E+00 -1.625240590E-02 
       158  8.974765203E+01  0.000000000E+00 -1.634292950E-02 
       159  9.002901076E+01  0.000000000E+00 -1.643445929E-02 
       160  9.030809241E+01  0.000000000E+00 -1.652712158E-02 
       161  9.058491540E+01  0.000000000E+00 -1.662105216E-02 
       162  9.085949802E+01  0.000000000E+00 -1.671639687E-02 
       163  9.113185839E+01  0.000000000E+00 -1.681331222E-02 
       164  9.140201451E+01  0.000000000E+00 -1.691196599E-02 
       165  9.166998421E+01  0.000000000E+00 -1.701253788E-02 
       166  9.193578518E+01  0.000000000E+00 -1.711522019E-02 
       167  9.219943499E+01  0.000000000E+00 -1.722021846E-02 
       168  9.246095103E+01  0.000000000E+00 -1.732775224E-02 
       169  9.272035058E+01  0.000000000E+00 -1.743805579E-02 
       170  9.297765077E+01  0.000000000E+00 -1.755137887E-02 
       171  9.323286858E+01  0.000000000E+00 -1.766797553E-02 
       172  9.348602087E+01  0.000000000E+00 -1.778814181E-02 
       173  9.373712436E+01  0.000000000E+00 -1.791024278E-02 
       174  9.398619563E+01  0.000000000E+00 -1.803613478E-02 
       175  9.423325112E+01  0.000000000E+00 -1.816806357E-02 
       176  9.447830715E+01  0.000000000E+00 -1.836891648E-02 
       177  9.472137990E+01  0.000000000E+00 -1.857211000E-02 
       178  9.496248543E+01  0.000000000E+00 -1.871592070E-02 
       179  9.520163964E+01  0.000000000E+00 -1.886446474E-02 
       180  9.543885834E+01  0.000000000E+00 -1.901483104E-02 
       181  9.567415720E+01  0.000000000E+00 -1.917328038E-02 
       182  9.590755173E+01  0.000000000E+00 -1.934377036E-02 
       183  9.613905737E+01  0.000000000E+00 -1.952300407E-02 
       184  9.636868940E+01  0.000000000E+00 -1.971026351E-02 
       185  9.659646297E+01  0.000000000E+00 -1.990610683E-02 
       186  9.682239314E+01  0.000000000E+00 -2.011111959E-02 
       187  9.704649481E+01  0.000000000E+00 -2.032586658E-02 
       188  9.726878279E+01  0.000000000E+00 -2.055131946E-02 
       189  9.748927176E+01  0.000000000E+00 -2.078860023E-02 
       190  9.770797628E+01  0.000000000E+00 -2.103808068E-02 
       191  9.792491078E+01  0.000000000E+00 -2.130101624E-02 
       192  9.814008960E+01  0.000000000E+00 -2.157780692E-02 
       193  9.835352693E+01  0.000000000E+00 -2.186851875E-02 
       194  9.856523689E+01  0.000000000E+00 -2.217455009E-02 
       195  9.877523344E+01  0.000000000E+00 -2.249445106E-02 
       196  9.898353045E+01  0.000000000E+00 -2.283112383E-02 
       197  9.919014168E+01  0.000000000E+00 -2.318790555E-02 
       198  9.939508077E+01  0.000000000E+00 -2.356394430E-02 
       199  9.959836126E+01  0.000000000E+00 -2.396036576E-02 
       200  9.979999657E+01  0.000000000E+00 -2.437834936E-02 
       201  1.000000000E+02  0.000000000E+00 -2.385651125E-02 
       202  1.002500000E+02  0.000000000E+00 -2.302399652E-02 
       203  1.005000000E+02  0.000000000E+00 -2.317993017E-02 
       204  1.007500000E+02  0.000000000E+00 -2.330667001E-02 
       205  1.010000000E+02  0.000000000E+00 -2.341356741E-02 
       206  1.012500000E+02  0.000000000E+00 -2.350569225E-02 
       207  1.015000000E+02  0.000000000E+00 -2.358626645E-02 
       208  1.017500000E+02  0.000000000E+00 -2.365753949E-02 
       209  1.020000000E+02  0.000000000E+00 -2.372117333E-02 
       210  1.022500000E+02  0.000000000E+00 -2.377844144E-02 
       211  1.025000000E+02  0.000000000E+00 -2.383034468E-02 
       212  1.027500000E+02  0.000000000E+00 -2.387768437E-02 
       213  1.030000000E+02  0.000000000E+00 -2.392111131E-02 
       214  1.032500000E+02  0.000000000E+00 -2.396116007E-02 
       215  1.035000000E+02  0.000000000E+00 -2.399827379E-02 
       216  1.037500000E+02  0.000000000E+00 -2.403282266E-02 
       217  1.040000000E+02  0.000000000E+00 -2.406511794E-02 
       218  1.042500000E+02  0.000000000E+00 -2.409542284E-02 
       219  1.045000000E+02  0.000000000E+00 -2.412396100E-02 
       220  1.047500000E+02  0.000000000E+00 -2.415092335E-02 
       221  1.050000000E+02  0.000000000E+00 -2.417647354E-02 
       222  1.052500000E+02  0.000000000E+00 -2.420075234E-02 
       223  1.055000000E+02  0.000000000E+00 -2.422388132E-02 
       224  1.057500000E+02  0.000000000E+00 -2.424596582E-02 
       225  1.060000000E+02  0.000000000E+00 -2.426709740E-02 
       226  1.062500000E+02  0.000000000E+00 -2.428735595E-02 
       227  1.065000000E+02  0.000000000E+00 -2.430681137E-02 
       228  1.067500000E+02  0.000000000E+00 -2.432552504E-02 
       229  1.070000000E+02  0.000000000E+00 -2.434355103E-02 
       230  1.072500000E+02  0.000000000E+00 -2.436093716E-02 
       231  1.075000000E+02  0.000000000E+00 -2.437772582E-02 
       232  1.077500000E+02  0.000000000E+00 -2.439395478E-02 
       233  1.080000000E+02  0.000000000E+00 -2.440965777E-02 
       234  1.082500000E+02  0.000000000E+00 -2.442486504E-02 
       235  1.085000000E+02  0.000000000E+00 -2.443960380E-02 
       236  1.087500000E+02  0.000000000E+00 -2.445389866E-02 
       237  1.090000000E+02  0.000000000E+00 -2.446777192E-02 
       238  1.092500000E+02  0.000000000E+00 -2.448124388E-02 
       239  1.095000000E+02  0.000000000E+00 -2.449433310E-02 
       240  1.097500000E+02  0.000000000E+00 -2.450705657E-02 
       241  1.100000000E+02  0.000000000E+00 -2.451942996E-02 
       242  1.102500000E+02  0.000000000E+00 -2.453146771E-02 
       243  1.105000000E+02  0.000000000E+00 -2.454318322E-02 
       244  1.107500000E+02  0.000000000E+00 -2.455458894E-02 
       245  1.110000000E+02  0.000000000E+00 -2.456569648E-02 
       246  1.112500000E+02  0.000000000E+00 -2.457651671E-02 
       247  1.115000000E+02  0.000000000E+00 -2.458705980E-02 
       248  1.117500000E+02  0.000000000E+00 -2.459733535E-02 
       249  1.120000000E+02  0.000000000E+00 -2.460735237E-02 
       250  1.122500000E+02  0.000000000E+00 -2.461711940E-02 
       251  1.125000000E+02  0.000000000E+00 -2.462664452E-02 
       252  1.127500000E+02  0.000000000E+00 -2.463593538E-02 
       253  1.130000000E+02  0.000000000E+00 -2.464499928E-02 
       254  1.132500000E+02  0.000000000E+00 -2.465384313E-02 
       255  1.135000000E+02  0.000000000E+00 -2.466247356E-02 
       256  1.137500000E+02  0.000000000E+00 -2.467089686E-02 
       257  1.140000000E+02  0.000000000E+00 -2.467911905E-02 
       258  1.142500000E+02  0.000000000E+00 -2.468714592E-02 
       259  1.145000000E+02  0.000000000E+00 -2.469498298E-02 
       260  1.147500000E+02  0.000000000E+00 -2.470263552E-02 
       261  1.150000000E+02  0.000000000E+00 -2.471010863E-02 
       262  1.152500000E+02  0.000000000E+00 -2.471740717E-02 
       263  1.155000000E+02  0.000000000E+00 -2.472453585E-02 
       264  1.157500000E+02  0.000000000E+00 -2.473149915E-02 
       265  1.160000000E+02  0.000000000E+00 -2.473830142E-02 
       266  1.162500000E+02  0.000000000E+00 -2.474494683E-02 
       267  1.165000000E+02  0.000000000E+00 -2.475143939E-02 
       268  1.167500000E+02  0.000000000E+00 -2.475778297E-02 
       269  1.170000000E+02  0.000000000E+00 -2.476398130E-02 
       270  1.172500000E+02  0.000000000E+00 -2.477003798E-02 
       271  1.175000000E+02  0.000000000E+00 -2.477595647E-02 
       272  1.177500000E+02  0.000000000E+00 -2.478174014E-02 
       273  1.180000000E+02  0.000000000E+00 -2.478739220E-02 
       274  1.182500000E+02  0.000000000E+00 -2.479291578E-02 
       275  1.185000000E+02  0.000000000E+00 -2.479831390E-02 
       276  1.187500000E+02  0.000000000E+00 -2.480358948E-02 
       277  1.190000000E+02  0.000000000E+00 -2.480874534E-02 
       278  1.192500000E+02  0.000000000E+00 -2.481378420E-02 
       279  1.195000000E+02  0.000000000E+00 -2.481870870E-02 
       280  1.197500000E+02  0.000000000E+00 -2.482352141E-02 
       281  1.200000000E+02  0.000000000E+00 -2.482822480E-02 
       282  1.202500000E+02  0.000000000E+00 -2.483282126E-02 
       283  1.205000000E+02  0.000000000E+00 -2.483731313E-02 
       284  1.207500000E+02  0.000000000E+00 -2.484170267E-02 
       285  1.210000000E+02  0.000000000E+00 -2.484599206E-02 
       286  1.212500000E+02  0.000000000E+00 -2.485018343E-02 
       287  1.215000000E+02  0.000000000E+00 -2.485427884E-02 
       288  1.217500000E+02  0.000000000E+00 -2.485828030E-02 
       289  1.220000000E+02  0.000000000E+00 -2.486218978E-02 
       290  1.222500000E+02  0.000000000E+00 -2.486600915E-02 
       291  1.225000000E+02  0.000000000E+00 -2.486974027E-02 
       292  1.227500000E+02  0.000000000E+00 -2.487338495E-02 
       293  1.230000000E+02  0.000000000E+00 -2.487694493E-02 
       294  1.232500000E+02  0.000000000E+00 -2.488042192E-02 
       295  1.235000000E+02  0.000000000E+00 -2.488381760E-02 
       296  1.237500000E+02  0.000000000E+00 -2.488713358E-02 
       297  1.240000000E+02  0.000000000E+00 -2.489037146E-02 
       298  1.242500000E+02  0.000000000E+00 -2.489353279E-02 
       299  1.245000000E+02  0.000000000E+00 -2.489661908E-02 
       300  1.247500000E+02  0.000000000E+00 -2.489963182E-02 
       301  1.250000000E+02  0.000000000E+00 -2.490257245E-02 
       302  1.252500000E+02  0.000000000E+00 -2.490544240E-02 
       303  1.255000000E+02  0.000000000E+00 -2.490824306E-02 
       304  1.257500000E+02  0.000000000E+00 -2.491097579E-02 
       305  1.260000000E+02  0.000000000E+00 -2.491364193E-02 
       306  1.262500000E+02  0.000000000E+00 -2.491624278E-02 
       307  1.265000000E+02  0.000000000E+00 -2.491877962E-02 
       308  1.267500000E+02  0.000000000E+00 -2.492125372E-02 
       309  1.270000000E+02  0.000000000E+00 -2.492366632E-02 
       310  1.272500000E+02  0.000000000E+00 -2.492601862E-02 
       311  1.275000000E+02  0.000000000E+00 -2.492831183E-02 
       312  1.277500000E+02  0.000000000E+00 -2.493054710E-02 
       313  1.280000000E+02  0.000000000E+00 -2.493272560E-02 
       314  1.282500000E+02  0.000000000E+00 -2.493484846E-02 
       315  1.285000000E+02  0.000000000E+00 -2.493691679E-02 
       316  1.287500000E+02  0.000000000E+00 -2.493893169E-02 
       317  1.290000000E+02  0.000000000E+00 -2.494089424E-02 
       318  1.292500000E+02  0.000000000E+00 -2.494280548E-02 
       319  1.295000000E+02  0.000000000E+00 -2.494466648E-02 
       320  1.297500000E+02  0.000000000E+00 -2.494647826E-02 
       321  1.300000000E+02  0.000000000E+00 -2.494824182E-02 
       322  1.302500000E+02  0.000000000E+00 -2.494995817E-02 
       323  1.305000000E+02  0.000000000E+00 -2.495162828E-02 
       324  1.307500000E+02  0.000000000E+00 -2.495325312E-02 
       325  1.310000000E+02  0.000000000E+00 -2.495483364E-02 
       326  1.312500000E+02  0.000000000E+00 -2.495637078E-02 
       327  1.315000000E+02  0.000000000E+00 -2.495786545E-02 
       328  1.317500000E+02  0.000000000E+00 -2.495931858E-02 
       329  1.320000000E+02  0.000000000E+00 -2.496073104E-02 
       330  1.322500000E+02  0.000000000E+00 -2.496210372E-02 
       331  1.325000000E+02  0.000000000E+00 -2.496343748E-02 
       332  1.327500000E+02  0.000000000E+00 -2.496473319E-02 
       333  1.330000000E+02  0.000000000E+00 -2.496599167E-02 
       334  1.332500000E+02  0.000000000E+00 -2.496721376E-02 
       335  1.335000000E+02  0.000000000E+00 -2.496840026E-02 
       336  1.337500000E+02  0.000000000E+00 -2.496955198E-02 
       337  1.340000000E+02  0.000000000E+00 -2.497066971E-02 
       338  1.342500000E+02  0.000000000E+00 -2.497175421E-02 
       339  1.345000000E+02  0.000000000E+00 -2.497280625E-02 
       340  1.347500000E+02  0.000000000E+00 -2.497382657E-02 
       341  1.350000000E+02  0.000000000E+00 -2.497481592E-02 
       342  1.352500000E+02  0.000000000E+00 -2.497577502E-02 
       343  1.355000000E+02  0.000000000E+00 -2.497670457E-02 
       344  1.357500000E+02  0.000000000E+00 -2.497760527E-02 
       345  1.360000000E+02  0.000000000E+00 -2.497847781E-02 
       346  1.362500000E+02  0.000000000E+00 -2.497932286E-02 
       347  1.365000000E+02  0.000000000E+00 -2.498014107E-02 
       348  1.367500000E+02  0.000000000E+00 -2.498093310E-02 
       349  1.370000000E+02  0.000000000E+00 -2.498169958E-02 
       350  1.372500000E+02  0.000000000E+00 -2.498244114E-02 
       351  1.375000000E+02  0.000000000E+00 -2.498315837E-02 
       352  1.377500000E+02  0.000000000E+00 -2.498385188E-02 
       353  1.380000000E+02  0.000000000E+00 -2.498452225E-02 
       354  1.382500000E+02  0.000000000E+00 -2.498517005E-02 
       355  1.385000000E+02  0.000000000E+00 -2.498579584E-02 
       356  1.387500000E+02  0.000000000E+00 -2.498640018E-02 
       357  1.390000000E+02  0.000000000E+00 -2.498698358E-02 
       358  1.392500000E+02  0.000000000E+00 -2.498754658E-02 
       359  1.395000000E+02  0.000000000E+00 -2.498808969E-02 
       360  1.397500000E+02  0.000000000E+00 -2.498861340E-02 
       361  1.400000000E+02  0.000000000E+00 -2.498911819E-02 
       362  1.402500000E+02  0.000000000E+00 -2.498960454E-02 
       363  1.405000000E+02  0.000000000E+00 -2.499007291E-02 
       364  1.407500000E+02  0.000000000E+00 -2.499052374E-02 
       365  1.410000000E+02  0.000000000E+00 -2.499095748E-02 
       366  1.412500000E+02  0.000000000E+00 -2.499137454E-02 
       367  1.415000000E+02  0.000000000E+00 -2.499177533E-02 
       368  1.417500000E+02  0.000000000E+00 -2.499216026E-02 
       369  1.420000000E+02  0.000000000E+00 -2.499252970E-02 
       370  1.422500000E+02  0.000000000E+00 -2.499288404E-02 
       371  1.425000000E+02  0.000000000E+00 -2.499322363E-02 
       372  1.427500000E+02  0.000000000E+00 -2.499354883E-02 
       373  1.430000000E+02  0.000000000E+00 -2.499385997E-02 
       374  1.432500000E+02  0.000000000E+00 -2.499415737E-02 
       375  1.435000000E+02  0.000000000E+00 -2.499444136E-02 
       376  1.437500000E+02  0.000000000E+00 -2.499471222E-02 
       377  1.440000000E+02  0.000000000E+00 -2.499497025E-02 
       378  1.442500000E+02  0.000000000E+00 -2.499521573E-02 
       379  1.445000000E+02  0.000000000E+00 -2.499544891E-02 
       380  1.447500000E+02  0.000000000E+00 -2.499567006E-02 
       381  1.450000000E+02  0.000000000E+00 -2.499587941E-02 
       382  1.452500000E+02  0.000000000E+00 -2.499607719E-02 
       383  1.455000000E+02  0.000000000E+00 -2.499626361E-02 
       384  1.457500000E+02  0.000000000E+00 -2.499643888E-02 
       385  1.460000000E+02  0.000000000E+00 -2.499660320E-02 
       386  1.462500000E+02  0.000000000E+00 -2.499675673E-02 
       387  1.465000000E+02  0.000000000E+00 -2.499689965E-02 
       388  1.467500000E+02  0.000000000E+00 -2.499703210E-02 
       389  1.470000000E+02  0.000000000E+00 -2.499715424E-02 
       390  1.472500000E+02  0.000000000E+00 -2.499726620E-02 
       391  1.475000000E+02  0.000000000E+00 -2.499736809E-02 
       392  1.477500000E+02  0.000000000E+00 -2.499746001E-02 
       393  1.480000000E+02  0.000000000E+00 -2.499754206E-02 
       394  1.482500000E+02  0.000000000E+00 -2.499761432E-02 
       395  1.485000000E+02  0.000000000E+00 -2.499767687E-02 
       396  1.487500000E+02  0.000000000E+00 -2.499772974E-02 
       397  1.490000000E+02  0.000000000E+00 -2.499777299E-02 
       398  1.492500000E+02  0.000000000E+00 -2.499780665E-02 
       399  1.495000000E+02  0.000000000E+00 -2.499783073E-02 
       400  1.497500000E+02  0.000000000E+00 -2.499784523E-02 
       401  1.500000000E+02  0.000000000E+00 -2.499785016E-02 
       402  1.502500000E+02  0.000000000E+00 -2.499784548E-02 
       403  1.505000000E+02  0.000000000E+00 -2.499783116E-02 
       404  1.507500000E+02  0.000000000E+00 -2.499780715E-02 
       405  1.510000000E+02  0.000000000E+00 -2.499777339E-02 
       406  1.512500000E+02  0.000000000E+00 -2.499772980E-02 
       407  1.515000000E+02  0.000000000E+00 -2.499767629E-02 
       408  1.517500000E+02  0.000000000E+00 -2.499761275E-02 
       409  1.520000000E+02  0.000000000E+00 -2.499753908E-02 
       410  1.522500000E+02  0.000000000E+00 -2.499745513E-02 
       411  1.525000000E+02  0.000000000E+00 -2.499736076E-02 
       412  1.527500000E+02  0.000000000E+00 -2.499725580E-02 
       413  1.530000000E+02  0.000000000E+00 -2.499714009E-02 
       414  1.532500000E+02  0.000000000E+00 -2.499701341E-02 
       415  1.535000000E+02  0.000000000E+00 -2.499687558E-02 
       416  1.537500000E+02  0.000000000E+00 -2.499672635E-02 
       417  1.540000000E+02  0.000000000E+00 -2.499656550E-02 
       418  1.542500000E+02  0.000000000E+00 -2.499639277E-02 
       419  1.545000000E+02  0.000000000E+00 -2.499620788E-02 
       420  1.547500000E+02  0.000000000E+00 -2.499601055E-02 
       421  1.550000000E+02  0.000000000E+00 -2.499580046E-02 
       422  1.552500000E+02  0.000000000E+00 -2.499557730E-02 
       423  1.555000000E+02  0.000000000E+00 -2.499534072E-02 
       424  1.557500000E+02  0.000000000E+00 -2.499509035E-02 
       425  1.560000000E+02  0.000000000E+00 -2.499482584E-02 
       426  1.562500000E+02  0.000000000E+00 -2.499454676E-02 
       427  1.565000000E+02  0.000000000E+00 -2.499425272E-02 
       428  1.567500000E+02  0.000000000E+00 -2.499394326E-02 
       429  1.570000000E+02  0.000000000E+00 -2.499361794E-02 
       430  1.572500000E+02  0.000000000E+00 -2.499327628E-02 
       431  1.575000000E+02  0.000000000E+00 -2.499291778E-02 
       432  1.577500000E+02  0.000000000E+00 -2.499254192E-02 
       433  1.580000000E+02  0.000000000E+00 -2.499214816E-02 
       434  1.582500000E+02  0.000000000E+00 -2.499173594E-02 
       435  1.585000000E+02  0.000000000E+00 -2.499130466E-02 
       436  1.587500000E+02  0.000000000E+00 -2.499085373E-02 
       437  1.590000000E+02  0.000000000E+00 -2.499038250E-02 
       438  1.592500000E+02  0.000000000E+00 -2.498989032E-02 
       439  1.595000000E+02  0.000000000E+00 -2.498937651E-02 
       440  1.597500000E+02  0.000000000E+00 -2.498884035E-02 
       441  1.600000000E+02  0.000000000E+00 -2.498828112E-02 
       442  1.602500000E+02  0.000000000E+00 -2.498769805E-02 
       443  1.605000000E+02  0.000000000E+00 -2.498709036E-02 
       444  1.607500000E+02  0.000000000E+00 -2.498645722E-02 
       445  1.610000000E+02  0.000000000E+00 -2.498579780E-02 
       446  1.612500000E+02  0.000000000E+00 -2.498511122E-02 
       447  1.615000000E+02  0.000000000E+00 -2.498439657E-02 
       448  1.617500000E+02  0.000000000E+00 -2.498365293E-02 
       449  1.620000000E+02  0.000000000E+00 -2.498287932E-02 
       450  1.622500000E+02  0.000000000E+00 -2.498207475E-02 
       451  1.625000000E+02  0.000000000E+00 -2.498123818E-02 
       452  1.627500000E+02  0.000000000E+00 -2.498036857E-02 
       453  1.630000000E+02  0.000000000E+00 -2.497946479E-02 
       454  1.632500000E+02  0.000000000E+00 -2.497852573E-02 
       455  1.635000000E+02  0.000000000E+00 -2.497755022E-02 
       456  1.637500000E+02  0.000000000E+00 -2.497653704E-02 
       457  1.640000000E+02  0.000000000E+00 -2.497548497E-02 
       458  1.642500000E+02  0.000000000E+00 -2.497439270E-02 
       459  1.645000000E+02  0.000000000E+00 -2.497325893E-02 
       460  1.647500000E+02  0.000000000E+00 -2.497208230E-02 
       461  1.650000000E+02  0.000000000E+00 -2.497086140E-02 
       462  1.652500000E+02  0.000000000E+00 -2.496959479E-02 
       463  1.655000000E+02  0.000000000E+00 -2.496828099E-02 
       464  1.657500000E+02  0.000000000E+00 -2.496691847E-02 
       465  1.660000000E+02  0.000000000E+00 -2.496550565E-02 
       466  1.662500000E+02  0.000000000E+00 -2.496404092E-02 
       467  1.665000000E+02  0.000000000E+00 -2.496252260E-02 
       468  1.667500000E+02  0.000000000E+00 -2.496094900E-02 
       469  1.670000000E+02  0.000000000E+00 -2.495931834E-02 
       470  1.672500000E+02  0.000000000E+00 -2.495762882E-02 
       471  1.675000000E+02  0.000000000E+00 -2.495587857E-02 
       472  1.677500000E+02  0.000000000E+00 -2.495406570E-02 
       473  1.680000000E+02  0.000000000E+00 -2.495218822E-02 
       474  1.682500000E+02  0.000000000E+00 -2.495024413E-02 
       475  1.685000000E+02  0.000000000E+00 -2.494823135E-02 
       476  1.687500000E+02  0.000000000E+00 -2.494614776E-02 
       477  1.690000000E+02  0.000000000E+00 -2.494399117E-02 
       478  1.692500000E+02  0.000000000E+00 -2.494175935E-02 
       479  1.695000000E+02  0.000000000E+00 -2.493944998E-02 
       480  1.697500000E+02  0.000000000E+00 -2.493706073E-02 
       481  1.700000000E+02  0.000000000E+00 -2.493458916E-02 
       482  1.702500000E+02  0.000000000E+00 -2.493203279E-02 
       483  1.705000000E+02  0.000000000E+00 -2.492938909E-02 
       484  1.707500000E+02  0.000000000E+00 -2.492665544E-02 
       485  1.710000000E+02  0.000000000E+00 -2.492382917E-02 
       486  1.712500000E+02  0.000000000E+00 -2.492090755E-02 
       487  1.715000000E+02  0.000000000E+00 -2.491788777E-02 
       488  1.717500000E+02  0.000000000E+00 -2.491476695E-02 
       489  1.720000000E+02  0.000000000E+00 -2.491154216E-02 
       490  1.722500000E+02  0.000000000E+00 -2.490821038E-02 
       491  1.725000000E+02  0.000000000E+00 -2.490476854E-02 
       492  1.727500000E+02  0.000000000E+00 -2.490121347E-02 
       493  1.730000000E+02  0.000000000E+00 -2.489754196E-02 
       494  1.732500000E+02  0.000000000E+00 -2.489375069E-02 
       495  1.735000000E+02  0.000000000E+00 -2.488983629E-02 
       496  1.737500000E+02  0.000000000E+00 -2.488579531E-02 
       497  1.740000000E+02  0.000000000E+00 -2.488162422E-02 
       498  1.742500000E+02  0.000000000E+00 -2.487731942E-02 
       499  1.745000000E+02  0.000000000E+00 -2.487287722E-02 
       500  1.747500000E+02  0.000000000E+00 -2.486829384E-02 
       501  1.750000000E+02  0.000000000E+00 -2.486356546E-02 
       502  1.752500000E+02  0.000000000E+00 -2.485868814E-02 
       503  1.755000000E+02  0.000000000E+00 -2.485365788E-02 
       504  1.757500000E+02  0.000000000E+00 -2.484847058E-02 
       505  1.760000000E+02  0.000000000E+00 -2.484312207E-02 
       506  1.762500000E+02  0.000000000E+00 -2.483760809E-02 
       507  1.765000000E+02  0.000000000E+00 -2.483192430E-02 
       508  1.767500000E+02  0.000000000E+00 -2.482606626E-02 
       509  1.770000000E+02  0.000000000E+00 -2.482002948E-02 
       510  1.772500000E+02  0.000000000E+00 -2.481380933E-02 
       511  1.775000000E+02  0.000000000E+00 -2.480740114E-02 
       512  1.777500000E+02  0.000000000E+00 -2.480080013E-02 
       513  1.780000000E+02  0.000000000E+00 -2.479400143E-02 
       514  1.782500000E+02  0.000000000E+00 -2.478700010E-02 
       515  1.785000000E+02  0.000000000E+00 -2.477979108E-02 
       516  1.787500000E+02  0.000000000E+00 -2.477236925E-02 
       517  1.790000000E+02  0.000000000E+00 -2.476472938E-02 
       518  1.792500000E+02  0.000000000E+00 -2.475686616E-02 
       519  1.795000000E+02  0.000000000E+00 -2.474877420E-02 
       520  1.797500000E+02  0.000000000E+00 -2.474044799E-02 
       521  1.800000000E+02  0.000000000E+00 -2.473188196E-02 
       522  1.802500000E+02  0.000000000E+00 -2.472307043E-02 
       523  1.805000000E+02  0.000000000E+00 -2.471400762E-02 
       524  1.807500000E+02  0.000000000E+00 -2.470468769E-02 
       525  1.810000000E+02  0.000000000E+00 -2.469510467E-02 
       526  1.812500000E+02  0.000000000E+00 -2.468525254E-02 
       527  1.815000000E+02  0.000000000E+00 -2.467512514E-02 
       528  1.817500000E+02  0.000000000E+00 -2.466471624E-02 
       529  1.820000000E+02  0.000000000E+00 -2.465401953E-02 
       530  1.822500000E+02  0.000000000E+00 -2.464302858E-02 
       531  1.825000000E+02  0.000000000E+00 -2.463173687E-02 
       532  1.827500000E+02  0.000000000E+00 -2.462013779E-02 
       533  1.830000000E+02  0.000000000E+00 -2.460822464E-02 
       534  1.832500000E+02  0.000000000E+00 -2.459599059E-02 
       535  1.835000000E+02  0.000000000E+00 -2.458342873E-02 
       536  1.837500000E+02  0.000000000E+00 -2.457053204E-02 
       537  1.840000000E+02  0.000000000E+00 -2.455729341E-02 
       538  1.842500000E+02  0.000000000E+00 -2.454370558E-02 
       539  1.845000000E+02  0.000000000E+00 -2.452976121E-02 
       540  1.847500000E+02  0.000000000E+00 -2.451545283E-02 
       541  1.850000000E+02  0.000000000E+00 -2.450077283E-02 
       542  1.852500000E+02  0.000000000E+00 -2.448571348E-02 
       543  1.855000000E+02  0.000000000E+00 -2.447026691E-02 
       544  1.857500000E+02  0.000000000E+00 -2.445442508E-02 
       545  1.860000000E+02  0.000000000E+00 -2.443817981E-02 
       546  1.862500000E+02  0.000000000E+00 -2.442152272E-02 
       547  1.865000000E+02  0.000000000E+00 -2.440444525E-02 
       548  1.867500000E+02  0.000000000E+00 -2.438693861E-02 
       549  1.870000000E+02  0.000000000E+00 -2.436899377E-02 
       550  1.872500000E+02  0.000000000E+00 -2.435060147E-02 
       551  1.875000000E+02  0.000000000E+00 -2.433175210E-02 
       552  1.877500000E+02  0.000000000E+00 -2.431243576E-02 
       553  1.880000000E+02  0.000000000E+00 -2.429264215E-02 
       554  1.882500000E+02  0.000000000E+00 -2.427236054E-02 
       555  1.885000000E+02  0.000000000E+00 -2.425157972E-02 
       556  1.887500000E+02  0.000000000E+00 -2.423028793E-02 
       557  1.890000000E+02  0.000000000E+00 -2.420847276E-02 
       558  1.892500000E+02  0.000000000E+00 -2.418612107E-02 
       559  1.895000000E+02  0.000000000E+00 -2.416321890E-02 
       560  1.897500000E+02  0.000000000E+00 -2.413975129E-02 
       561  1.900000000E+02  0.000000000E+00 -2.411570219E-02 
       562  1.902500000E+02  0.000000000E+00 -2.409105425E-02 
       563  1.905000000E+02  0.000000000E+00 -2.406578864E-02 
       564  1.907500000E+02  0.000000000E+00 -2.403988479E-02 
       565  1.910000000E+02  0.000000000E+00 -2.401332014E-02 
       566  1.912500000E+02  0.000000000E+00 -2.398606983E-02 
       567  1.915000000E+02  0.000000000E+00 -2.395810630E-02 
       568  1.917500000E+02  0.000000000E+00 -2.392939885E-02 
       569  1.920000000E+02  0.000000000E+00 -2.389991320E-02 
       570  1.922500000E+02  0.000000000E+00 -2.386961082E-02 
       571  1.925000000E+02  0.000000000E+00 -2.383844830E-02 
       572  1.927500000E+02  0.000000000E+00 -2.380637649E-02 
       573  1.930000000E+02  0.000000000E+00 -2.377333961E-02 
       574  1.932500000E+02  0.000000000E+00 -2.373927410E-02 
       575  1.935000000E+02  0.000000000E+00 -2.370410733E-02 
       576  1.937500000E+02  0.000000000E+00 -2.366775605E-02 
       577  1.940000000E+02  0.000000000E+00 -2.363012460E-02 
       578  1.942500000E+02  0.000000000E+00 -2.359110277E-02 
       579  1.945000000E+02  0.000000000E+00 -2.355056321E-02 
       580  1.947500000E+02  0.000000000E+00 -2.350835844E-02 
       581  1.950000000E+02  0.000000000E+00 -2.346431722E-02 
       582  1.952500000E+02  0.000000000E+00 -2.341824021E-02 
       583  1.955000000E+02  0.000000000E+00 -2.336989471E-02 
       584  1.957500000E+02  0.000000000E+00 -2.331900832E-02 
       585  1.960000000E+02  0.000000000E+00 -2.326526113E-02 
       586  1.962500000E+02  0.000000000E+00 -2.320827619E-02 
       587  1.965000000E+02  0.000000000E+00 -2.314760759E-02 
       588  1.967500000E+02  0.000000000E+00 -2.308272547E-02 
       589  1.970000000E+02  0.000000000E+00 -2.301299706E-02 
       590  1.972500000E+02  0.000000000E+00 -2.293766202E-02 
       591  1.975000000E+02  0.000000000E+00 -2.285580012E-02 
       592  1.977500000E+02  0.000000000E+00 -2.276628775E-02 
       593  1.980000000E+02  0.000000000E+00 -2.266773776E-02 
       594  1.982500000E+02  0.000000000E+00 -2.255841357E-02 
       595  1.985000000E+02  0.000000000E+00 -2.243610073E-02 
       596  1.987500000E+02  0.000000000E+00 -2.229790353E-02 
       597  1.990000000E+02  0.000000000E+00 -2.213989488E-02 
       598  1.992500000E+02  0.000000000E+00 -2.195643879E-02 
       599  1.995000000E+02  0.000000000E+00 -2.173864713E-02 
       600  1.997500000E+02  0.000000000E+00 -2.147008577E-02 
       601  2.000000000E+02  0.000000000E+00 -2.297284855E-02 
       602  2.001999988E+02  0.000000000E+00 -2.391672248E-02 
       603  2.004032879E+02  0.000000000E+00 -2.317205183E-02 
       604  2.006099214E+02  0.000000000E+00 -2.246245932E-02 
       605  2.008199543E+02  0.000000000E+00 -2.178662108E-02 
       606  2.010334426E+02  0.000000000E+00 -2.114323931E-02 
       607  2.012504431E+02  0.000000000E+00 -2.053104024E-02 
       608  2.014710137E+02  0.000000000E+00 -1.994877287E-02 
       609  2.016952129E+02  0.000000000E+00 -1.939520790E-02 
       610  2.019231006E+02  0.000000000E+00 -1.886913726E-02 
       611  2.021547374E+02  0.000000000E+00 -1.836937375E-02 
       612  2.023901849E+02  0.000000000E+00 -1.789475090E-02 
       613  2.026295060E+02  0.000000000E+00 -1.744412318E-02 
       614  2.028727642E+02  0.000000000E+00 -1.701636623E-02 
       615  2.031200245E+02  0.000000000E+00 -1.661226567E-02 
       616  2.033713525E+02  0.000000000E+00 -1.623141813E-02 
       617  2.036268153E+02  0.000000000E+00 -1.577521508E-02 
       618  2.038864808E+02  0.000000000E+00 -1.532989508E-02 
       619  2.041504183E+02  0.000000000E+00 -1.499774744E-02 
       620  2.044186979E+02  0.000000000E+00 -1.468214622E-02 
       621  2.046913911E+02  0.000000000E+00 -1.437793302E-02 
       622  2.049685706E+02  0.000000000E+00 -1.408953483E-02 
       623  2.052503101E+02  0.000000000E+00 -1.381597727E-02 
       624  2.055366847E+02  0.000000000E+00 -1.355631650E-02 
       625  2.058277705E+02  0.000000000E+00 -1.330963880E-02 
       626  2.061236452E+02  0.000000000E+00 -1.307506144E-02 
       627  2.064243875E+02  0.000000000E+00 -1.285173311E-02 
       628  2.067300774E+02  0.000000000E+00 -1.263883421E-02 
       629  2.070407965E+02  0.000000000E+00 -1.243557706E-02 
       630  2.073566273E+02  0.000000000E+00 -1.224120603E-02 
       631  2.076776540E+02  0.000000000E+00 -1.205499752E-02 
       632  2.080039622E+02  0.000000000E+00 -1.187625987E-02 
       633  2.083356386E+02  0.000000000E+00 -1.170433321E-02 
       634  2.086727716E+02  0.000000000E+00 -1.153858910E-02 
       635  2.090154510E+02  0.000000000E+00 -1.137843021E-02 
       636  2.093637679E+02  0.000000000E+00 -1.122328974E-02 
       637  2.097178153E+02  0.000000000E+00 -1.107263097E-02 
       638  2.100776872E+02  0.000000000E+00 -1.092594651E-02 
       639  2.104434797E+02  0.000000000E+00 -1.078275760E-02 
       640  2.108152899E+02  0.000000000E+00 -1.064261338E-02 
       641  2.111932170E+02  0.000000000E+00 -1.050508989E-02 
       642  2.115773617E+02  0.000000000E+00 -1.036978932E-02 
       643  2.119678260E+02  0.000000000E+00 -1.023633892E-02 
       644  2.123647142E+02  0.000000000E+00 -1.010439004E-02 
       645  2.127681317E+02  0.000000000E+00 -9.973617143E-03 
       646  2.131781861E+02  0.000000000E+00 -9.843716659E-03 
       647  2.135949866E+02  0.000000000E+00 -9.714405969E-03 
       648  2.140186441E+02  0.000000000E+00 -9.585422297E-03 
       649  2.144492713E+02  0.000000000E+00 -9.456521602E-03 
       650  2.148869831E+02  0.000000000E+00 -9.327477512E-03 
       651  2.153318959E+02  0.000000000E+00 -9.198080223E-03 
       652  2.157841282E+02  0.000000000E+00 -9.068135425E-03 
       653  2.162438005E+02  0.000000000E+00 -8.937463274E-03 
       654  2.167110350E+02  0.000000000E+00 -8.805897343E-03 
       655  2.171859563E+02  0.000000000E+00 -8.673283641E-03 
       656  2.176686908E+02  0.000000000E+00 -8.539479635E-03 
       657  2.181593671E+02  0.000000000E+00 -8.404353309E-03 
       658  2.186581157E+02  0.000000000E+00 -8.267782297E-03 
       659  2.191650695E+02  0.000000000E+00 -8.129653006E-03 
       660  2.196803635E+02  0.000000000E+00 -7.989859821E-03 
       661  2.202041348E+02  0.000000000E+00 -7.848304325E-03 
       662  2.207365230E+02  0.000000000E+00 -7.704894579E-03 
       663  2.212776699E+02  0.000000000E+00 -7.559544435E-03 
       664  2.218277194E+02  0.000000000E+00 -7.412172908E-03 
       665  2.223868182E+02  0.000000000E+00 -7.262703579E-03 
       666  2.229551149E+02  0.000000000E+00 -7.111064035E-03 
       667  2.235327610E+02  0.000000000E+00 -6.957185372E-03 
       668  2.241199103E+02  0.000000000E+00 -6.801001719E-03 
       669  2.247167191E+02  0.000000000E+00 -6.642449810E-03 
       670  2.253233464E+02  0.000000000E+00 -6.481468592E-03 
       671  2.259399536E+02  0.000000000E+00 -6.317998865E-03 
       672  2.265667050E+02  0.000000000E+00 -6.151982962E-03 
       673  2.272037674E+02  0.000000000E+00 -5.983364448E-03 
       674  2.278513104E+02  0.000000000E+00 -5.812087867E-03 
       675  2.285095066E+02  0.000000000E+00 -5.638098493E-03 
       676  2.291785311E+02  0.000000000E+00 -5.461342123E-03 
       677  2.298585621E+02  0.000000000E+00 -5.281764897E-03 
       678  2.305497807E+02  0.000000000E+00 -5.099313108E-03 
       679  2.312523708E+02  0.000000000E+00 -4.913933076E-03 
       680  2.319665197E+02  0.000000000E+00 -4.725570995E-03 
       681  2.326924175E+02  0.000000000E+00 -4.534172831E-03 
       682  2.334302574E+02  0.000000000E+00 -4.339684202E-03 
       683  2.341802359E+02  0.000000000E+00 -4.142050298E-03 
       684  2.349425527E+02  0.000000000E+00 -3.941215795E-03 
       685  2.357174108E+02  0.000000000E+00 -3.737124778E-03 
       686  2.365050165E+02  0.000000000E+00 -3.529720672E-03 
       687  2.373055796E+02  0.000000000E+00 -3.318946198E-03 
       688  2.381193132E+02  0.000000000E+00 -3.104743295E-03 
       689  2.389464340E+02  0.000000000E+00 -2.887053089E-03 
       690  2.397871622E+02  0.000000000E+00 -2.665815844E-03 
       691  2.406417216E+02  0.000000000E+00 -2.440970909E-03 
       692  2.415103399E+02  0.000000000E+00 -2.212456677E-03 
       693  2.423932484E+02  0.000000000E+00 -1.980210549E-03 
       694  2.432906820E+02  0.000000000E+00 -1.744168885E-03 
       695  2.442028798E+02  0.000000000E+00 -1.504266953E-03 
       696  2.451300847E+02  0.000000000E+00 -1.260438886E-03 
       697  2.460725436E+02  0.000000000E+00 -1.012617621E-03 
       698  2.470305073E+02  0.000000000E+00 -7.607348277E-04 
       699  2.480042311E+02  0.000000000E+00 -5.047208211E-04 
       700  2.489939742E+02  0.000000000E+00 -2.445044581E-04 
       701  2.500000000E+02  0.000000000E+00  1.998703618E-05 
       702  2.510060258E+02  0.000000000E+00  2.844768897E-04 
       703  2.519957689E+02  0.000000000E+00  5.446884258E-04 
       704  2.529694927E+02  0.000000000E+00  8.006945255E-04 
       705  2.539274564E+02  0.000000000E+00  1.052566383E-03 
       706  2.548699153E+02  0.000000000E+00  1.300373690E-03 
       707  2.557971202E+02  0.000000000E+00  1.544184739E-03 
       708  2.567093180E+02  0.000000000E+00  1.784066516E-03 
       709  2.576067516E+02  0.000000000E+00  2.020084781E-03 
       710  2.584896601E+02  0.000000000E+00  2.252304122E-03 
       711  2.593582784E+02  0.000000000E+00  2.480788007E-03 
       712  2.602128379E+02  0.000000000E+00  2.705598829E-03 
       713  2.610535660E+02  0.000000000E+00  2.926797965E-03 
       714  2.618806868E+02  0.000000000E+00  3.144445803E-03 
       715  2.626944204E+02  0.000000000E+00  3.358601795E-03 
       716  2.634949835E+02  0.000000000E+00  3.569324501E-03 
       717  2.642825892E+02  0.000000000E+00  3.776671641E-03 
       718  2.650574473E+02  0.000000000E+00  3.980700133E-03 
       719  2.658197641E+02  0.000000000E+00  4.181466168E-03 
       720  2.665697426E+02  0.000000000E+00  4.379025254E-03 
       721  2.673075825E+02  0.000000000E+00  4.573432293E-03 
       722  2.680334803E+02  0.000000000E+00  4.764741654E-03 
       723  2.687476292E+02  0.000000000E+00  4.953007262E-03 
       724  2.694502193E+02  0.000000000E+00  5.138282678E-03 
       725  2.701414379E+02  0.000000000E+00  5.320621229E-03 
       726  2.708214689E+02  0.000000000E+00  5.500076102E-03 
       727  2.714904934E+02  0.000000000E+00  5.676700505E-03 
       728  2.721486896E+02  0.000000000E+00  5.850547794E-03 
       729  2.727962326E+02  0.000000000E+00  6.021671666E-03 
       730  2.734332950E+02  0.000000000E+00  6.190126340E-03 
       731  2.740600464E+02  0.000000000E+00  6.355966765E-03 
       732  2.746766536E+02  0.000000000E+00  6.519248875E-03 
       733  2.752832808E+02  0.000000000E+00  6.680029839E-03 
       734  2.758800897E+02  0.000000000E+00  6.838368367E-03 
       735  2.764672390E+02  0.000000000E+00  6.994325030E-03 
       736  2.770448851E+02  0.000000000E+00  7.147962623E-03 
       737  2.776131818E+02  0.000000000E+00  7.299346557E-03 
       738  2.781722806E+02  0.000000000E+00  7.448545285E-03 
       739  2.787223301E+02  0.000000000E+00  7.595630787E-03 
       740  2.792634769E+02  0.000000000E+00  7.740679059E-03 
       741  2.797958652E+02  0.000000000E+00  7.883770679E-03 
       742  2.803196365E+02  0.000000000E+00  8.024991400E-03 
       743  2.808349305E+02  0.000000000E+00  8.164432781E-03 
       744  2.813418843E+02  0.000000000E+00  8.302192875E-03 
       745  2.818406329E+02  0.000000000E+00  8.438376946E-03 
       746  2.823313092E+02  0.000000000E+00  8.573098250E-03 
       747  2.828140437E+02  0.000000000E+00  8.706478826E-03 
       748  2.832889650E+02  0.000000000E+00  8.838650375E-03 
       749  2.837561995E+02  0.000000000E+00  8.969755139E-03 
       750  2.842158718E+02  0.000000000E+00  9.099946831E-03 
       751  2.846681041E+02  0.000000000E+00  9.229391614E-03 
       752  2.851130169E+02  0.000000000E+00  9.358269085E-03 
       753  2.855507287E+02  0.000000000E+00  9.486773323E-03 
       754  2.859813560E+02  0.000000000E+00  9.615113921E-03 
       755  2.864050134E+02  0.000000000E+00  9.743517061E-03 
       756  2.868218139E+02  0.000000000E+00  9.872226623E-03 
       757  2.872318683E+02  0.000000000E+00  1.000150525E-02 
       758  2.876352858E+02  0.000000000E+00  1.013163546E-02 
       759  2.880321740E+02  0.000000000E+00  1.026292075E-02 
       760  2.884226383E+02  0.000000000E+00  1.039568667E-02 
       761  2.888067830E+02  0.000000000E+00  1.053028189E-02 
       762  2.891847101E+02  0.000000000E+00  1.066707926E-02 
       763  2.895565204E+02  0.000000000E+00  1.080647678E-02 
       764  2.899223128E+02  0.000000000E+00  1.094889863E-02 
       765  2.902821847E+02  0.000000000E+00  1.109479604E-02 
       766  2.906362321E+02  0.000000000E+00  1.124464820E-02 
       767  2.909845490E+02  0.000000000E+00  1.139896307E-02 
       768  2.913272284E+02  0.000000000E+00  1.155827806E-02 
       769  2.916643614E+02  0.000000000E+00  1.172316079E-02 
       770  2.919960378E+02  0.000000000E+00  1.189420960E-02 
       771  2.923223460E+02  0.000000000E+00  1.207205409E-02 
       772  2.926433727E+02  0.000000000E+00  1.225735548E-02 
       773  2.929592035E+02  0.000000000E+00  1.245080699E-02 
       774  2.932699226E+02  0.000000000E+00  1.265313400E-02 
       775  2.935756125E+02  0.000000000E+00  1.286509416E-02 
       776  2.938763548E+02  0.000000000E+00  1.308747743E-02 
       777  2.941722295E+02  0.000000000E+00  1.332110599E-02 
       778  2.944633153E+02  0.000000000E+00  1.356683398E-02 
       779  2.947496899E+02  0.000000000E+00  1.382554730E-02 
       780  2.950314294E+02  0.000000000E+00  1.409816317E-02 
       781  2.953086088E+02  0.000000000E+00  1.438562970E-02 
       782  2.955813021E+02  0.000000000E+00  1.468892532E-02 
       783  2.958495817E+02  0.000000000E+00  1.500905820E-02 
       784  2.961135192E+02  0.000000000E+00  1.534706553E-02 
       785  2.963731847E+02  0.000000000E+00  1.570401287E-02 
       786  2.966286475E+02  0.000000000E+00  1.608099343E-02 
       787  2.968799755E+02  0.000000000E+00  1.647912729E-02 
       788  2.971272358E+02  0.000000000E+00  1.689956074E-02 
       789  2.973704940E+02  0.000000000E+00  1.734346556E-02 
       790  2.976098151E+02  0.000000000E+00  1.781203849E-02 
       791  2.978452626E+02  0.000000000E+00  1.830650063E-02 
       792  2.980768994E+02  0.000000000E+00  1.882809714E-02 
       793  2.983047871E+02  0.000000000E+00  1.937809705E-02 
       794  2.985289863E+02  0.000000000E+00  1.995779312E-02 
       795  2.987495568E+02  0.000000000E+00  2.026452304E-02 
       796  2.989665574E+02  0.000000000E+00  2.055127818E-02 
       797  2.991800457E+02  0.000000000E+00  2.110993717E-02 
       798  2.993900786E+02  0.000000000E+00  2.169447047E-02 
       799  2.995967121E+02  0.000000000E+00  2.230587980E-02 
       800  2.998000012E+02  0.000000000E+00  2.294517814E-02 
       801  3.000000000E+02  0.000000000E+00  2.240203349E-02 
       802  3.002500000E+02  0.000000000E+00  2.146762563E-02 
       803  3.005000000E+02  0.000000000E+00  2.173591685E-02 
       804  3.007500000E+02  0.000000000E+00  2.195345583E-02 
       805  3.010000000E+02  0.000000000E+00  2.213667932E-02 
       806  3.012500000E+02  0.000000000E+00  2.229447565E-02 
       807  3.015000000E+02  0.000000000E+00  2.243248018E-02 
       808  3.017500000E+02  0.000000000E+00  2.255461904E-02 
       809  3.020000000E+02  0.000000000E+00  2.266378687E-02 
       810  3.022500000E+02  0.000000000E+00  2.276219700E-02 
       811  3.025000000E+02  0.000000000E+00  2.285158492E-02 
       812  3.027500000E+02  0.000000000E+00  2.293333672E-02 
       813  3.030000000E+02  0.000000000E+00  2.300857502E-02 
       814  3.032500000E+02  0.000000000E+00  2.307821910E-02 
       815  3.035000000E+02  0.000000000E+00  2.314302841E-02 
       816  3.037500000E+02  0.000000000E+00  2.320363489E-02 
       817  3.040000000E+02  0.000000000E+00  2.326056764E-02 
       818  3.042500000E+02  0.000000000E+00  2.331427184E-02 
       819  3.045000000E+02  0.000000000E+00  2.336512380E-02 
       820  3.047500000E+02  0.000000000E+00  2.341344280E-02 
       821  3.050000000E+02  0.000000000E+00  2.345950066E-02 
       822  3.052500000E+02  0.000000000E+00  2.350352957E-02 
       823  3.055000000E+02  0.000000000E+00  2.354572838E-02 
       824  3.057500000E+02  0.000000000E+00  2.358626788E-02 
       825  3.060000000E+02  0.000000000E+00  2.362529512E-02 
       826  3.062500000E+02  0.000000000E+00  2.366293707E-02 
       827  3.065000000E+02  0.000000000E+00  2.369930359E-02 
       828  3.067500000E+02  0.000000000E+00  2.373449001E-02 
       829  3.070000000E+02  0.000000000E+00  2.376857925E-02 
       830  3.072500000E+02  0.000000000E+00  2.380164366E-02 
       831  3.075000000E+02  0.000000000E+00  2.383374654E-02 
       832  3.077500000E+02  0.000000000E+00  2.386494341E-02 
       833  3.080000000E+02  0.000000000E+00  2.389528318E-02 
       834  3.082500000E+02  0.000000000E+00  2.392480906E-02 
       835  3.085000000E+02  0.000000000E+00  2.395355934E-02 
       836  3.087500000E+02  0.000000000E+00  2.398156815E-02 
       837  3.090000000E+02  0.000000000E+00  2.400886598E-02 
       838  3.092500000E+02  0.000000000E+00  2.403548021E-02 
       839  3.095000000E+02  0.000000000E+00  2.406143556E-02 
       840  3.097500000E+02  0.000000000E+00  2.408675442E-02 
       841  3.100000000E+02  0.000000000E+00  2.411145722E-02 
       842  3.102500000E+02  0.000000000E+00  2.413556265E-02 
       843  3.105000000E+02  0.000000000E+00  2.415908792E-02 
       844  3.107500000E+02  0.000000000E+00  2.418204897E-02 
       845  3.110000000E+02  0.000000000E+00  2.420446063E-02 
       846  3.112500000E+02  0.000000000E+00  2.422633674E-02 
       847  3.115000000E+02  0.000000000E+00  2.424769035E-02 
       848  3.117500000E+02  0.000000000E+00  2.426853374E-02 
       849  3.120000000E+02  0.000000000E+00  2.428887859E-02 
       850  3.122500000E+02  0.000000000E+00  2.430873601E-02 
       851  3.125000000E+02  0.000000000E+00  2.432811664E-02 
       852  3.127500000E+02  0.000000000E+00  2.434703069E-02 
       853  3.130000000E+02  0.000000000E+00  2.436548798E-02 
       854  3.132500000E+02  0.000000000E+00  2.438349802E-02 
       855  3.135000000E+02  0.000000000E+00  2.440107002E-02 
       856  3.137500000E+02  0.000000000E+00  2.441821294E-02 
       857  3.140000000E+02  0.000000000E+00  2.443493548E-02 
       858  3.142500000E+02  0.000000000E+00  2.445124614E-02 
       859  3.145000000E+02  0.000000000E+00  2.446715323E-02 
       860  3.147500000E+02  0.000000000E+00  2.448266489E-02 
       861  3.150000000E+02  0.000000000E+00  2.449778908E-02 
       862  3.152500000E+02  0.000000000E+00  2.451253363E-02 
       863  3.155000000E+02  0.000000000E+00  2.452690622E-02 
       864  3.157500000E+02  0.000000000E+00  2.454091439E-02 
       865  3.160000000E+02  0.000000000E+00  2.455456558E-02 
       866  3.162500000E+02  0.000000000E+00  2.456786709E-02 
       867  3.165000000E+02  0.000000000E+00  2.458082612E-02 
       868  3.167500000E+02  0.000000000E+00  2.459344975E-02 
       869  3.170000000E+02  0.000000000E+00  2.460574497E-02 
       870  3.172500000E+02  0.000000000E+00  2.461771866E-02 
       871  3.175000000E+02  0.000000000E+00  2.462937760E-02 
       872  3.177500000E+02  0.000000000E+00  2.464072846E-02 
       873  3.180000000E+02  0.000000000E+00  2.465177783E-02 
       874  3.182500000E+02  0.000000000E+00  2.466253221E-02 
       875  3.185000000E+02  0.000000000E+00  2.467299799E-02 
       876  3.187500000E+02  0.000000000E+00  2.468318147E-02 
       877  3.190000000E+02  0.000000000E+00  2.469308887E-02 
       878  3.192500000E+02  0.000000000E+00  2.470272630E-02 
       879  3.195000000E+02  0.000000000E+00  2.471209980E-02 
       880  3.197500000E+02  0.000000000E+00  2.472121529E-02 
       881  3.200000000E+02  0.000000000E+00  2.473007863E-02 
       882  3.202500000E+02  0.000000000E+00  2.473869557E-02 
       883  3.205000000E+02  0.000000000E+00  2.474707178E-02 
       884  3.207500000E+02  0.000000000E+00  2.475521283E-02 
       885  3.210000000E+02  0.000000000E+00  2.476312421E-02 
       886  3.212500000E+02  0.000000000E+00  2.477081132E-02 
       887  3.215000000E+02  0.000000000E+00  2.477827946E-02 
       888  3.217500000E+02  0.000000000E+00  2.478553385E-02 
       889  3.220000000E+02  0.000000000E+00  2.479257963E-02 
       890  3.222500000E+02  0.000000000E+00  2.479942183E-02 
       891  3.225000000E+02  0.000000000E+00  2.480606542E-02 
       892  3.227500000E+02  0.000000000E+00  2.481251525E-02 
       893  3.230000000E+02  0.000000000E+00  2.481877610E-02 
       894  3.232500000E+02  0.000000000E+00  2.482485267E-02 
       895  3.235000000E+02  0.000000000E+00  2.483074957E-02 
       896  3.237500000E+02  0.000000000E+00  2.483647131E-02 
       897  3.240000000E+02  0.000000000E+00  2.484202233E-02 
       898  3.242500000E+02  0.000000000E+00  2.484740698E-02 
       899  3.245000000E+02  0.000000000E+00  2.485262953E-02 
       900  3.247500000E+02  0.000000000E+00  2.485769415E-02 
       901  3.250000000E+02  0.000000000E+00  2.486260496E-02 
       902  3.252500000E+02  0.000000000E+00  2.486736596E-02 
       903  3.255000000E+02  0.000000000E+00  2.487198110E-02 
       904  3.257500000E+02  0.000000000E+00  2.487645423E-02 
       905  3.260000000E+02  0.000000000E+00  2.488078912E-02 
       906  3.262500000E+02  0.000000000E+00  2.488498948E-02 
       907  3.265000000E+02  0.000000000E+00  2.488905891E-02 
       908  3.267500000E+02  0.000000000E+00  2.489300098E-02 
       909  3.270000000E+02  0.000000000E+00  2.489681913E-02 
       910  3.272500000E+02  0.000000000E+00  2.490051676E-02 
       911  3.275000000E+02  0.000000000E+00  2.490409718E-02 
       912  3.277500000E+02  0.000000000E+00  2.490756364E-02 
       913  3.280000000E+02  0.000000000E+00  2.491091930E-02 
       914  3.282500000E+02  0.000000000E+00  2.491416726E-02 
       915  3.285000000E+02  0.000000000E+00  2.491731054E-02 
       916  3.287500000E+02  0.000000000E+00  2.492035210E-02 
       917  3.290000000E+02  0.000000000E+00  2.492329483E-02 
       918  3.292500000E+02  0.000000000E+00  2.492614155E-02 
       919  3.295000000E+02  0.000000000E+00  2.492889501E-02 
       920  3.297500000E+02  0.000000000E+00  2.493155789E-02 
       921  3.300000000E+02  0.000000000E+00  2.493413282E-02 
       922  3.302500000E+02  0.000000000E+00  2.493662235E-02 
       923  3.305000000E+02  0.000000000E+00  2.493902898E-02 
       924  3.307500000E+02  0.000000000E+00  2.494135514E-02 
       925  3.310000000E+02  0.000000000E+00  2.494360321E-02 
       926  3.312500000E+02  0.000000000E+00  2.494577550E-02 
       927  3.315000000E+02  0.000000000E+00  2.494787426E-02 
       928  3.317500000E+02  0.000000000E+00  2.494990169E-02 
       929  3.320000000E+02  0.000000000E+00  2.495185993E-02 
       930  3.322500000E+02  0.000000000E+00  2.495375106E-02 
       931  3.325000000E+02  0.000000000E+00  2.495557712E-02 
       932  3.327500000E+02  0.000000000E+00  2.495734009E-02 
       933  3.330000000E+02  0.000000000E+00  2.495904187E-02 
       934  3.332500000E+02  0.000000000E+00  2.496068436E-02 
       935  3.335000000E+02  0.000000000E+00  2.496226938E-02 
       936  3.337500000E+02  0.000000000E+00  2.496379868E-02 
       937  3.340000000E+02  0.000000000E+00  2.496527401E-02 
       938  3.342500000E+02  0.000000000E+00  2.496669703E-02 
       939  3.345000000E+02  0.000000000E+00  2.496806938E-02 
       940  3.347500000E+02  0.000000000E+00  2.496939264E-02 
       941  3.350000000E+02  0.000000000E+00  2.497066836E-02 
       942  3.352500000E+02  0.000000000E+00  2.497189802E-02 
       943  3.355000000E+02  0.000000000E+00  2.497308309E-02 
       944  3.357500000E+02  0.000000000E+00  2.497422497E-02 
       945  3.360000000E+02  0.000000000E+00  2.497532503E-02 
       946  3.362500000E+02  0.000000000E+00  2.497638460E-02 
       947  3.365000000E+02  0.000000000E+00  2.497740498E-02 
       948  3.367500000E+02  0.000000000E+00  2.497838742E-02 
       949  3.370000000E+02  0.000000000E+00  2.497933313E-02 
       950  3.372500000E+02  0.000000000E+00  2.498024329E-02 
       951  3.375000000E+02  0.000000000E+00  2.498111905E-02 
       952  3.377500000E+02  0.000000000E+00  2.498196150E-02 
       953  3.380000000E+02  0.000000000E+00  2.498277172E-02 
       954  3.382500000E+02  0.000000000E+00  2.498355075E-02 
       955  3.385000000E+02  0.000000000E+00  2.498429959E-02 
       956  3.387500000E+02  0.000000000E+00  2.498501923E-02 
       957  3.390000000E+02  0.000000000E+00  2.498571059E-02 
       958  3.392500000E+02  0.000000000E+00  2.498637460E-02 
       959  3.395000000E+02  0.000000000E+00  2.498701213E-02 
       960  3.397500000E+02  0.000000000E+00  2.498762403E-02 
       961  3.400000000E+02  0.000000000E+00  2.498821113E-02 
       962  3.402500000E+02  0.000000000E+00  2.498877422E-02 
       963  3.405000000E+02  0.000000000E+00  2.498931407E-02 
       964  3.407500000E+02  0.000000000E+00  2.498983142E-02 
       965  3.410000000E+02  0.000000000E+00  2.499032699E-02 
       966  3.412500000E+02  0.000000000E+00  2.499080146E-02 
       967  3.415000000E+02  0.000000000E+00  2.499125549E-02 
       968  3.417500000E+02  0.000000000E+00  2.499168972E-02 
       969  3.420000000E+02  0.000000000E+00  2.499210478E-02 
       970  3.422500000E+02  0.000000000E+00  2.499250125E-02 
       971  3.425000000E+02  0.000000000E+00  2.499287969E-02 
       972  3.427500000E+02  0.000000000E+00  2.499324066E-02 
       973  3.430000000E+02  0.000000000E+00  2.499358468E-02 
       974  3.432500000E+02  0.000000000E+00  2.499391225E-02 
       975  3.435000000E+02  0.000000000E+00  2.499422385E-02 
       976  3.437500000E+02  0.000000000E+00  2.499451994E-02 
       977  3.440000000E+02  0.000000000E+00  2.499480097E-02 
       978  3.442500000E+02  0.000000000E+00  2.499506735E-02 
       979  3.445000000E+02  0.000000000E+00  2.499531949E-02 
       980  3.447500000E+02  0.000000000E+00  2.499555776E-02 
       981  3.450000000E+02  0.000000000E+00  2.499578254E-02 
       982  3.452500000E+02  0.000000000E+00  2.499599416E-02 
       983  3.455000000E+02  0.000000000E+00  2.499619295E-02 
       984  3.457500000E+02  0.000000000E+00  2.499637923E-02 
       985  3.460000000E+02  0.000000000E+00  2.499655328E-02 
       986  3.462500000E+02  0.000000000E+00  2.499671538E-02 
       987  3.465000000E+02  0.000000000E+00  2.499686580E-02 
       988  3.467500000E+02  0.000000000E+00  2.499700476E-02 
       989  3.470000000E+02  0.000000000E+00  2.499713251E-02 
       990  3.472500000E+02  0.000000000E+00  2.499724924E-02 
       991  3.475000000E+02  0.000000000E+00  2.499735516E-02 
       992  3.477500000E+02  0.000000000E+00  2.499745045E-02 
       993  3.480000000E+02  0.000000000E+00  2.499753526E-02 
       994  3.482500000E+02  0.000000000E+00  2.499760976E-02 
       995  3.485000000E+02  0.000000000E+00  2.499767406E-02 
       996  3.487500000E+02  0.000000000E+00  2.499772830E-02 
       997  3.490000000E+02  0.000000000E+00  2.499777258E-02 
       998  3.492500000E+02  0.000000000E+00  2.499780699E-02 
       999  3.495000000E+02  0.000000000E+00  2.499783161E-02 
      1000  3.497500000E+02  0.000000000E+00  2.499784651E-02 
      1001  3.500000000E+02  0.000000000E+00  2.499785173E-02 
      1002  3.502500000E+02  0.000000000E+00  2.499784731E-02 
      1003  3.505000000E+02  0.000000000E+00  2.499783328E-02 
      1004  3.507500000E+02  0.000000000E+00  2.499780965E-02 
      1005  3.510000000E+02  0.000000000E+00  2.499777640E-02 
      1006  3.512500000E+02  0.000000000E+00  2.499773354E-02 
      1007  3.515000000E+02  0.000000000E+00  2.499768103E-02 
      1008  3.517500000E+02  0.000000000E+00  2.499761882E-02 
      1009  3.520000000E+02  0.000000000E+00  2.499754687E-02 
      1010  3.522500000E+02  0.000000000E+00  2.499746510E-02 
      1011  3.525000000E+02  0.000000000E+00  2.499737344E-02 
      1012  3.527500000E+02  0.000000000E+00  2.499727180E-02 
      1013  3.530000000E+02  0.000000000E+00  2.499716007E-02 
      1014  3.532500000E+02  0.000000000E+00  2.499703813E-02 
      1015  3.535000000E+02  0.000000000E+00  2.499690586E-02 
      1016  3.537500000E+02  0.000000000E+00  2.499676311E-02 
      1017  3.540000000E+02  0.000000000E+00  2.499660973E-02 
      1018  3.542500000E+02  0.000000000E+00  2.499644555E-02 
      1019  3.545000000E+02  0.000000000E+00  2.499627040E-02 
      1020  3.547500000E+02  0.000000000E+00  2.499608408E-02 
      1021  3.550000000E+02  0.000000000E+00  2.499588640E-02 
      1022  3.552500000E+02  0.000000000E+00  2.499567713E-02 
      1023  3.555000000E+02  0.000000000E+00  2.499545605E-02 
      1024  3.557500000E+02  0.000000000E+00  2.499522293E-02 
      1025  3.560000000E+02  0.000000000E+00  2.499497750E-02 
      1026  3.562500000E+02  0.000000000E+00  2.499471950E-02 
      1027  3.565000000E+02  0.000000000E+00  2.499444867E-02 
      1028  3.567500000E+02  0.000000000E+00  2.499416471E-02 
      1029  3.570000000E+02  0.000000000E+00  2.499386733E-02 
      1030  3.572500000E+02  0.000000000E+00  2.499355620E-02 
      1031  3.575000000E+02  0.000000000E+00  2.499323101E-02 
      1032  3.577500000E+02  0.000000000E+00  2.499289142E-02 
      1033  3.580000000E+02  0.000000000E+00  2.499253708E-02 
      1034  3.582500000E+02  0.000000000E+00  2.499216763E-02 
      1035  3.585000000E+02  0.000000000E+00  2.499178270E-02 
      1036  3.587500000E+02  0.000000000E+00  2.499138191E-02 
      1037  3.590000000E+02  0.000000000E+00  2.499096485E-02 
      1038  3.592500000E+02  0.000000000E+00  2.499053111E-02 
      1039  3.595000000E+02  0.000000000E+00  2.499008028E-02 
      1040  3.597500000E+02  0.000000000E+00  2.498961192E-02 
      1041  3.600000000E+02  0.000000000E+00  2.498912558E-02 
      1042  3.602500000E+02  0.000000000E+00  2.498862080E-02 
      1043  3.605000000E+02  0.000000000E+00  2.498809712E-02 
      1044  3.607500000E+02  0.000000000E+00  2.498755405E-02 
      1045  3.610000000E+02  0.000000000E+00  2.498699109E-02 
      1046  3.612500000E+02  0.000000000E+00  2.498640774E-02 
      1047  3.615000000E+02  0.000000000E+00  2.498580348E-02 
      1048  3.617500000E+02  0.000000000E+00  2.498517777E-02 
      1049  3.620000000E+02  0.000000000E+00  2.498453006E-02 
      1050  3.622500000E+02  0.000000000E+00  2.498385981E-02 
      1051  3.625000000E+02  0.000000000E+00  2.498316644E-02 
      1052  3.627500000E+02  0.000000000E+00  2.498244937E-02 
      1053  3.630000000E+02  0.000000000E+00  2.498170800E-02 
      1054  3.632500000E+02  0.000000000E+00  2.498094172E-02 
      1055  3.635000000E+02  0.000000000E+00  2.498014993E-02 
      1056  3.637500000E+02  0.000000000E+00  2.497933197E-02 
      1057  3.640000000E+02  0.000000000E+00  2.497848722E-02 
      1058  3.642500000E+02  0.000000000E+00  2.497761501E-02 
      1059  3.645000000E+02  0.000000000E+00  2.497671467E-02 
      1060  3.647500000E+02  0.000000000E+00  2.497578553E-02 
      1061  3.650000000E+02  0.000000000E+00  2.497482688E-02 
      1062  3.652500000E+02  0.000000000E+00  2.497383801E-02 
      1063  3.655000000E+02  0.000000000E+00  2.497281822E-02 
      1064  3.657500000E+02  0.000000000E+00  2.497176676E-02 
      1065  3.660000000E+02  0.000000000E+00  2.497068290E-02 
      1066  3.662500000E+02  0.000000000E+00  2.496956586E-02 
      1067  3.665000000E+02  0.000000000E+00  2.496841489E-02 
      1068  3.667500000E+02  0.000000000E+00  2.496722920E-02 
      1069  3.670000000E+02  0.000000000E+00  2.496600799E-02 
      1070  3.672500000E+02  0.000000000E+00  2.496475046E-02 
      1071  3.675000000E+02  0.000000000E+00  2.496345577E-02 
      1072  3.677500000E+02  0.000000000E+00  2.496212310E-02 
      1073  3.680000000E+02  0.000000000E+00  2.496075160E-02 
      1074  3.682500000E+02  0.000000000E+00  2.495934040E-02 
      1075  3.685000000E+02  0.000000000E+00  2.495788863E-02 
      1076  3.687500000E+02  0.000000000E+00  2.495639540E-02 
      1077  3.690000000E+02  0.000000000E+00  2.495485981E-02 
      1078  3.692500000E+02  0.000000000E+00  2.495328094E-02 
      1079  3.695000000E+02  0.000000000E+00  2.495165786E-02 
      1080  3.697500000E+02  0.000000000E+00  2.494998962E-02 
      1081  3.700000000E+02  0.000000000E+00  2.494827526E-02 
      1082  3.702500000E+02  0.000000000E+00  2.494651382E-02 
      1083  3.705000000E+02  0.000000000E+00  2.494470429E-02 
      1084  3.707500000E+02  0.000000000E+00  2.494284568E-02 
      1085  3.710000000E+02  0.000000000E+00  2.494093696E-02 
      1086  3.712500000E+02  0.000000000E+00  2.493897710E-02 
      1087  3.715000000E+02  0.000000000E+00  2.493696504E-02 
      1088  3.717500000E+02  0.000000000E+00  2.493489971E-02 
      1089  3.720000000E+02  0.000000000E+00  2.493278002E-02 
      1090  3.722500000E+02  0.000000000E+00  2.493060487E-02 
      1091  3.725000000E+02  0.000000000E+00  2.492837312E-02 
      1092  3.727500000E+02  0.000000000E+00  2.492608365E-02 
      1093  3.730000000E+02  0.000000000E+00  2.492373528E-02 
      1094  3.732500000E+02  0.000000000E+00  2.492132682E-02 
      1095  3.735000000E+02  0.000000000E+00  2.491885708E-02 
      1096  3.737500000E+02  0.000000000E+00  2.491632483E-02 
      1097  3.740000000E+02  0.000000000E+00  2.491372881E-02 
      1098  3.742500000E+02  0.000000000E+00  2.491106775E-02 
      1099  3.745000000E+02  0.000000000E+00  2.490834036E-02 
      1100  3.747500000E+02  0.000000000E+00  2.490554530E-02 
      1101  3.750000000E+02  0.000000000E+00  2.490268123E-02 
      1102  3.752500000E+02  0.000000000E+00  2.489974677E-02 
      1103  3.755000000E+02  0.000000000E+00  2.489674051E-02 
      1104  3.757500000E+02  0.000000000E+00  2.489366101E-02 
      1105  3.760000000E+02  0.000000000E+00  2.489050681E-02 
      1106  3.762500000E+02  0.000000000E+00  2.488727639E-02 
      1107  3.765000000E+02  0.000000000E+00  2.488396822E-02 
      1108  3.767500000E+02  0.000000000E+00  2.488058072E-02 
      1109  3.770000000E+02  0.000000000E+00  2.487711229E-02 
      1110  3.772500000E+02  0.000000000E+00  2.487356127E-02 
      1111  3.775000000E+02  0.000000000E+00  2.486992596E-02 
      1112  3.777500000E+02  0.000000000E+00  2.486620463E-02 
      1113  3.780000000E+02  0.000000000E+00  2.486239550E-02 
      1114  3.782500000E+02  0.000000000E+00  2.485849674E-02 
      1115  3.785000000E+02  0.000000000E+00  2.485450645E-02 
      1116  3.787500000E+02  0.000000000E+00  2.485042272E-02 
      1117  3.790000000E+02  0.000000000E+00  2.484624355E-02 
      1118  3.792500000E+02  0.000000000E+00  2.484196690E-02 
      1119  3.795000000E+02  0.000000000E+00  2.483759066E-02 
      1120  3.797500000E+02  0.000000000E+00  2.483311266E-02 
      1121  3.800000000E+02  0.000000000E+00  2.482853067E-02 
      1122  3.802500000E+02  0.000000000E+00  2.482384237E-02 
      1123  3.805000000E+02  0.000000000E+00  2.481904541E-02 
      1124  3.807500000E+02  0.000000000E+00  2.481413732E-02 
      1125  3.810000000E+02  0.000000000E+00  2.480911557E-02 
      1126  3.812500000E+02  0.000000000E+00  2.480397756E-02 
      1127  3.815000000E+02  0.000000000E+00  2.479872056E-02 
      1128  3.817500000E+02  0.000000000E+00  2.479334181E-02 
      1129  3.820000000E+02  0.000000000E+00  2.478783840E-02 
      1130  3.822500000E+02  0.000000000E+00  2.478220736E-02 
      1131  3.825000000E+02  0.000000000E+00  2.477644559E-02 
      1132  3.827500000E+02  0.000000000E+00  2.477054989E-02 
      1133  3.830000000E+02  0.000000000E+00  2.476451694E-02 
      1134  3.832500000E+02  0.000000000E+00  2.475834332E-02 
      1135  3.835000000E+02  0.000000000E+00  2.475202547E-02 
      1136  3.837500000E+02  0.000000000E+00  2.474555968E-02 
      1137  3.840000000E+02  0.000000000E+00  2.473894214E-02 
      1138  3.842500000E+02  0.000000000E+00  2.473216886E-02 
      1139  3.845000000E+02  0.000000000E+00  2.472523573E-02 
      1140  3.847500000E+02  0.000000000E+00  2.471813844E-02 
      1141  3.850000000E+02  0.000000000E+00  2.471087254E-02 
      1142  3.852500000E+02  0.000000000E+00  2.470343340E-02 
      1143  3.855000000E+02  0.000000000E+00  2.469581619E-02 
      1144  3.857500000E+02  0.000000000E+00  2.468801587E-02 
      1145  3.860000000E+02  0.000000000E+00  2.468002721E-02 
      1146  3.862500000E+02  0.000000000E+00  2.467184475E-02 
      1147  3.865000000E+02  0.000000000E+00  2.466346277E-02 
      1148  3.867500000E+02  0.000000000E+00  2.465487530E-02 
      1149  3.870000000E+02  0.000000000E+00  2.464607611E-02 
      1150  3.872500000E+02  0.000000000E+00  2.463705865E-02 
      1151  3.875000000E+02  0.000000000E+00  2.462781607E-02 
      1152  3.877500000E+02  0.000000000E+00  2.461834114E-02 
      1153  3.880000000E+02  0.000000000E+00  2.460862628E-02 
      1154  3.882500000E+02  0.000000000E+00  2.459866350E-02 
      1155  3.885000000E+02  0.000000000E+00  2.458844435E-02 
      1156  3.887500000E+02  0.000000000E+00  2.457795988E-02 
      1157  3.890000000E+02  0.000000000E+00  2.456720060E-02 
      1158  3.892500000E+02  0.000000000E+00  2.455615643E-02 
      1159  3.895000000E+02  0.000000000E+00  2.454481660E-02 
      1160  3.897500000E+02  0.000000000E+00  2.453316961E-02 
      1161  3.900000000E+02  0.000000000E+00  2.452120312E-02 
      1162  3.902500000E+02  0.000000000E+00  2.450890387E-02 
      1163  3.905000000E+02  0.000000000E+00  2.449625752E-02 
      1164  3.907500000E+02  0.000000000E+00  2.448324856E-02 
      1165  3.910000000E+02  0.000000000E+00  2.446986013E-02 
      1166  3.912500000E+02  0.000000000E+00  2.445607385E-02 
      1167  3.915000000E+02  0.000000000E+00  2.444186958E-02 
      1168  3.917500000E+02  0.000000000E+00  2.442722521E-02 
      1169  3.920000000E+02  0.000000000E+00  2.441211636E-02 
      1170  3.922500000E+02  0.000000000E+00  2.439651602E-02 
      1171  3.925000000E+02  0.000000000E+00  2.438039420E-02 
      1172  3.927500000E+02  0.000000000E+00  2.436371742E-02 
      1173  3.930000000E+02  0.000000000E+00  2.434644826E-02 
      1174  3.932500000E+02  0.000000000E+00  2.432854462E-02 
      1175  3.935000000E+02  0.000000000E+00  2.430995910E-02 
      1176  3.937500000E+02  0.000000000E+00  2.429063802E-02 
      1177  3.940000000E+02  0.000000000E+00  2.427052049E-02 
      1178  3.942500000E+02  0.000000000E+00  2.424953714E-02 
      1179  3.945000000E+02  0.000000000E+00  2.422760870E-02 
      1180  3.947500000E+02  0.000000000E+00  2.420464430E-02 
      1181  3.950000000E+02  0.000000000E+00  2.418053939E-02 
      1182  3.952500000E+02  0.000000000E+00  2.415517331E-02 
      1183  3.955000000E+02  0.000000000E+00  2.412840631E-02 
      1184  3.957500000E+02  0.000000000E+00  2.410007595E-02 
      1185  3.960000000E+02  0.000000000E+00  2.406999271E-02 
      1186  3.962500000E+02  0.000000000E+00  2.403793455E-02 
      1187  3.965000000E+02  0.000000000E+00  2.400364015E-02 
      1188  3.967500000E+02  0.000000000E+00  2.396680047E-02 
      1189  3.970000000E+02  0.000000000E+00  2.392704794E-02 
      1190  3.972500000E+02  0.000000000E+00  2.388394254E-02 
      1191  3.975000000E+02  0.000000000E+00  2.383695342E-02 
      1192  3.977500000E+02  0.000000000E+00  2.378543430E-02 
      1193  3.980000000E+02  0.000000000E+00  2.372858935E-02 
      1194  3.982500000E+02  0.000000000E+00  2.366542459E-02 
      1195  3.985000000E+02  0.000000000E+00  2.359467514E-02 
      1196  3.987500000E+02  0.000000000E+00  2.351469026E-02 
      1197  3.990000000E+02  0.000000000E+00  2.342323549E-02 
      1198  3.992500000E+02  0.000000000E+00  2.331711030E-02 
      1199  3.995000000E+02  0.000000000E+00  2.319127814E-02 
      1200  3.997500000E+02  0.000000000E+00  2.303644858E-02 
      1201  4.000000000E+02  0.000000000E+00  2.378663333E-02 
      1202  4.002000034E+02  0.000000000E+00  2.425145919E-02 
      1203  4.004016387E+02  0.000000000E+00  2.385157414E-02 
      1204  4.006049192E+02  0.000000000E+00  2.347196140E-02 
      1205  4.008098583E+02  0.000000000E+00  2.311151668E-02 
      1206  4.010164696E+02  0.000000000E+00  2.276918629E-02 
      1207  4.012247666E+02  0.000000000E+00  2.244396477E-02 
      1208  4.014347631E+02  0.000000000E+00  2.213489291E-02 
      1209  4.016464731E+02  0.000000000E+00  2.184105601E-02 
      1210  4.018599104E+02  0.000000000E+00  2.156158205E-02 
      1211  4.020750892E+02  0.000000000E+00  2.129564000E-02 
      1212  4.022920237E+02  0.000000000E+00  2.104243826E-02 
      1213  4.025107282E+02  0.000000000E+00  2.079888172E-02 
      1214  4.027312172E+02  0.000000000E+00  2.056710392E-02 
      1215  4.029535052E+02  0.000000000E+00  2.034875443E-02 
      1216  4.031776069E+02  0.000000000E+00  2.014024316E-02 
      1217  4.034035370E+02  0.000000000E+00  1.994096179E-02 
      1218  4.036313106E+02  0.000000000E+00  1.975033196E-02 
      1219  4.038609426E+02  0.000000000E+00  1.956780466E-02 
      1220  4.040924483E+02  0.000000000E+00  1.939285905E-02 
      1221  4.043258428E+02  0.000000000E+00  1.922541929E-02 
      1222  4.045611417E+02  0.000000000E+00  1.906484120E-02 
      1223  4.047983604E+02  0.000000000E+00  1.891022752E-02 
      1224  4.050375146E+02  0.000000000E+00  1.876131196E-02 
      1225  4.052786201E+02  0.000000000E+00  1.861770367E-02 
      1226  4.055216929E+02  0.000000000E+00  1.848023260E-02 
      1227  4.057667489E+02  0.000000000E+00  1.834969316E-02 
      1228  4.060138044E+02  0.000000000E+00  1.822497376E-02 
      1229  4.062628756E+02  0.000000000E+00  1.810331863E-02 
      1230  4.065139791E+02  0.000000000E+00  1.798408396E-02 
      1231  4.067671314E+02  0.000000000E+00  1.786886900E-02 
      1232  4.070223492E+02  0.000000000E+00  1.775697859E-02 
      1233  4.072796494E+02  0.000000000E+00  1.764820627E-02 
      1234  4.075390490E+02  0.000000000E+00  1.754186794E-02 
      1235  4.078005650E+02  0.000000000E+00  1.743692249E-02 
      1236  4.080642148E+02  0.000000000E+00  1.733396957E-02 
      1237  4.083300158E+02  0.000000000E+00  1.723266608E-02 
      1238  4.085979855E+02  0.000000000E+00  1.713282787E-02 
      1239  4.088681416E+02  0.000000000E+00  1.695278326E-02 
      1240  4.091405020E+02  0.000000000E+00  1.677382107E-02 
      1241  4.094150846E+02  0.000000000E+00  1.667907929E-02 
      1242  4.096919076E+02  0.000000000E+00  1.658573067E-02 
      1243  4.099709892E+02  0.000000000E+00  1.649363044E-02 
      1244  4.102523480E+02  0.000000000E+00  1.640264387E-02 
      1245  4.105360024E+02  0.000000000E+00  1.631264563E-02 
      1246  4.108219711E+02  0.000000000E+00  1.622351930E-02 
      1247  4.111102732E+02  0.000000000E+00  1.613515681E-02 
      1248  4.114009276E+02  0.000000000E+00  1.604745796E-02 
      1249  4.116939535E+02  0.000000000E+00  1.596032991E-02 
      1250  4.119893702E+02  0.000000000E+00  1.587368677E-02 
      1251  4.122871973E+02  0.000000000E+00  1.578744913E-02 
      1252  4.125874544E+02  0.000000000E+00  1.570154364E-02 
      1253  4.128901614E+02  0.000000000E+00  1.561590267E-02 
      1254  4.131953383E+02  0.000000000E+00  1.553046389E-02 
      1255  4.135030051E+02  0.000000000E+00  1.544516994E-02 
      1256  4.138131823E+02  0.000000000E+00  1.535996812E-02 
      1257  4.141258902E+02  0.000000000E+00  1.527481003E-02 
      1258  4.144411496E+02  0.000000000E+00  1.518965129E-02 
      1259  4.147589813E+02  0.000000000E+00  1.510445131E-02 
      1260  4.150794062E+02  0.000000000E+00  1.501917294E-02 
      1261  4.154024455E+02  0.000000000E+00  1.493378232E-02 
      1262  4.157281206E+02  0.000000000E+00  1.484824856E-02 
      1263  4.160564529E+02  0.000000000E+00  1.476254358E-02 
      1264  4.163874641E+02  0.000000000E+00  1.467664190E-02 
      1265  4.167211762E+02  0.000000000E+00  1.459052040E-02 
      1266  4.170576110E+02  0.000000000E+00  1.450415823E-02 
      1267  4.173967909E+02  0.000000000E+00  1.441753654E-02 
      1268  4.177387382E+02  0.000000000E+00  1.433063841E-02 
      1269  4.180834756E+02  0.000000000E+00  1.424344867E-02 
      1270  4.184310257E+02  0.000000000E+00  1.415595374E-02 
      1271  4.187814116E+02  0.000000000E+00  1.406814156E-02 
      1272  4.191346563E+02  0.000000000E+00  1.398000142E-02 
      1273  4.194907832E+02  0.000000000E+00  1.389152388E-02 
      1274  4.198498158E+02  0.000000000E+00  1.380270068E-02 
      1275  4.202117779E+02  0.000000000E+00  1.371352460E-02 
      1276  4.205766933E+02  0.000000000E+00  1.362398943E-02 
      1277  4.209445860E+02  0.000000000E+00  1.353408984E-02 
      1278  4.213154806E+02  0.000000000E+00  1.344382135E-02 
      1279  4.216894013E+02  0.000000000E+00  1.335318024E-02 
      1280  4.220663728E+02  0.000000000E+00  1.326216348E-02 
      1281  4.224464202E+02  0.000000000E+00  1.317076870E-02 
      1282  4.228295685E+02  0.000000000E+00  1.307899409E-02 
      1283  4.232158429E+02  0.000000000E+00  1.298683840E-02 
      1284  4.236052691E+02  0.000000000E+00  1.289430087E-02 
      1285  4.239978726E+02  0.000000000E+00  1.280138122E-02 
      1286  4.243936795E+02  0.000000000E+00  1.270807954E-02 
      1287  4.247927158E+02  0.000000000E+00  1.261439634E-02 
      1288  4.251950080E+02  0.000000000E+00  1.252033248E-02 
      1289  4.256005825E+02  0.000000000E+00  1.242588911E-02 
      1290  4.260094662E+02  0.000000000E+00  1.233106772E-02 
      1291  4.264216861E+02  0.000000000E+00  1.223587005E-02 
      1292  4.268372694E+02  0.000000000E+00  1.214029809E-02 
      1293  4.272562434E+02  0.000000000E+00  1.204435405E-02 
      1294  4.276786360E+02  0.000000000E+00  1.194804039E-02 
      1295  4.281044750E+02  0.000000000E+00  1.185135973E-02 
      1296  4.285337884E+02  0.000000000E+00  1.175431488E-02 
      1297  4.289666047E+02  0.000000000E+00  1.165690883E-02 
      1298  4.294029525E+02  0.000000000E+00  1.155914470E-02 
      1299  4.298428605E+02  0.000000000E+00  1.146102577E-02 
      1300  4.302863578E+02  0.000000000E+00  1.136255544E-02 
      1301  4.307334737E+02  0.000000000E+00  1.126373725E-02 
      1302  4.311842377E+02  0.000000000E+00  1.116457482E-02 
      1303  4.316386795E+02  0.000000000E+00  1.106507191E-02 
      1304  4.320968293E+02  0.000000000E+00  1.096523234E-02 
      1305  4.325587172E+02  0.000000000E+00  1.086506005E-02 
      1306  4.330243737E+02  0.000000000E+00  1.076455903E-02 
      1307  4.334938296E+02  0.000000000E+00  1.066373338E-02 
      1308  4.339671159E+02  0.000000000E+00  1.056258723E-02 
      1309  4.344442638E+02  0.000000000E+00  1.046112480E-02 
      1310  4.349253049E+02  0.000000000E+00  1.035935036E-02 
      1311  4.354102708E+02  0.000000000E+00  1.025726823E-02 
      1312  4.358991937E+02  0.000000000E+00  1.015488276E-02 
      1313  4.363921059E+02  0.000000000E+00  1.005219838E-02 
      1314  4.368890398E+02  0.000000000E+00  9.949219503E-03 
      1315  4.373900283E+02  0.000000000E+00  9.845950615E-03 
      1316  4.378951044E+02  0.000000000E+00  9.742396206E-03 
      1317  4.384043016E+02  0.000000000E+00  9.638560789E-03 
      1318  4.389176534E+02  0.000000000E+00  9.534448894E-03 
      1319  4.394351937E+02  0.000000000E+00  9.430065059E-03 
      1320  4.399569568E+02  0.000000000E+00  9.325413819E-03 
      1321  4.404829770E+02  0.000000000E+00  9.220499718E-03 
      1322  4.410132892E+02  0.000000000E+00  9.115327285E-03 
      1323  4.415479282E+02  0.000000000E+00  9.009901036E-03 
      1324  4.420869295E+02  0.000000000E+00  8.904225468E-03 
      1325  4.426303286E+02  0.000000000E+00  8.798305056E-03 
      1326  4.431781614E+02  0.000000000E+00  8.692144235E-03 
      1327  4.437304641E+02  0.000000000E+00  8.585747409E-03 
      1328  4.442872731E+02  0.000000000E+00  8.479118930E-03 
      1329  4.448486253E+02  0.000000000E+00  8.372263104E-03 
      1330  4.454145576E+02  0.000000000E+00  8.265184168E-03 
      1331  4.459851075E+02  0.000000000E+00  8.157886302E-03 
      1332  4.465603126E+02  0.000000000E+00  8.050373599E-03 
      1333  4.471402109E+02  0.000000000E+00  7.942650076E-03 
      1334  4.477248408E+02  0.000000000E+00  7.834719654E-03 
      1335  4.483142407E+02  0.000000000E+00  7.726586153E-03 
      1336  4.489084497E+02  0.000000000E+00  7.618253285E-03 
      1337  4.495075070E+02  0.000000000E+00  7.509724638E-03 
      1338  4.501114521E+02  0.000000000E+00  7.401003672E-03 
      1339  4.507203248E+02  0.000000000E+00  7.292093705E-03 
      1340  4.513341655E+02  0.000000000E+00  7.182997908E-03 
      1341  4.519530147E+02  0.000000000E+00  7.073719284E-03 
      1342  4.525769132E+02  0.000000000E+00  6.964260670E-03 
      1343  4.532059021E+02  0.000000000E+00  6.854624710E-03 
      1344  4.538400232E+02  0.000000000E+00  6.744813857E-03 
      1345  4.544793181E+02  0.000000000E+00  6.634830346E-03 
      1346  4.551238292E+02  0.000000000E+00  6.524676197E-03 
      1347  4.557735990E+02  0.000000000E+00  6.414353189E-03 
      1348  4.564286703E+02  0.000000000E+00  6.303862846E-03 
      1349  4.570890866E+02  0.000000000E+00  6.193206434E-03 
      1350  4.577548913E+02  0.000000000E+00  6.082384930E-03 
      1351  4.584261284E+02  0.000000000E+00  5.971399024E-03 
      1352  4.591028423E+02  0.000000000E+00  5.860249082E-03 
      1353  4.597850777E+02  0.000000000E+00  5.748935149E-03 
      1354  4.604728795E+02  0.000000000E+00  5.637456923E-03 
      1355  4.611662932E+02  0.000000000E+00  5.525813735E-03 
      1356  4.618653647E+02  0.000000000E+00  5.414004532E-03 
      1357  4.625701400E+02  0.000000000E+00  5.302027864E-03 
      1358  4.632806657E+02  0.000000000E+00  5.189881856E-03 
      1359  4.639969887E+02  0.000000000E+00  5.077564192E-03 
      1360  4.647191564E+02  0.000000000E+00  4.965072096E-03 
      1361  4.654472164E+02  0.000000000E+00  4.852402302E-03 
      1362  4.661812167E+02  0.000000000E+00  4.739551041E-03 
      1363  4.669212059E+02  0.000000000E+00  4.626514010E-03 
      1364  4.676672328E+02  0.000000000E+00  4.513286351E-03 
      1365  4.684193468E+02  0.000000000E+00  4.399862621E-03 
      1366  4.691775973E+02  0.000000000E+00  4.286236774E-03 
      1367  4.699420346E+02  0.000000000E+00  4.172402118E-03 
      1368  4.707127091E+02  0.000000000E+00  4.058351291E-03 
      1369  4.714896716E+02  0.000000000E+00  3.944076233E-03 
      1370  4.722729736E+02  0.000000000E+00  3.829568138E-03 
      1371  4.730626666E+02  0.000000000E+00  3.714817419E-03 
      1372  4.738588030E+02  0.000000000E+00  3.599813665E-03 
      1373  4.746614352E+02  0.000000000E+00  3.484545586E-03 
      1374  4.754706162E+02  0.000000000E+00  3.369000957E-03 
      1375  4.762863994E+02  0.000000000E+00  3.253166548E-03 
      1376  4.771088389E+02  0.000000000E+00  3.137028038E-03 
      1377  4.779379887E+02  0.000000000E+00  3.020569927E-03 
      1378  4.787739038E+02  0.000000000E+00  2.903775406E-03 
      1379  4.796166392E+02  0.000000000E+00  2.786626212E-03 
      1380  4.804662507E+02  0.000000000E+00  2.669102441E-03 
      1381  4.813227944E+02  0.000000000E+00  2.551182314E-03 
      1382  4.821863268E+02  0.000000000E+00  2.432841866E-03 
      1383  4.830569049E+02  0.000000000E+00  2.314054560E-03 
      1384  4.839345862E+02  0.000000000E+00  2.194790769E-03 
      1385  4.848194287E+02  0.000000000E+00  2.075017108E-03 
      1386  4.857114908E+02  0.000000000E+00  1.954695537E-03 
      1387  4.866108314E+02  0.000000000E+00  1.833782171E-03 
      1388  4.875175099E+02  0.000000000E+00  1.712225687E-03 
      1389  4.884315862E+02  0.000000000E+00  1.589965165E-03 
      1390  4.893531206E+02  0.000000000E+00  1.466927149E-03 
      1391  4.902821741E+02  0.000000000E+00  1.343021630E-03 
      1392  4.912188078E+02  0.000000000E+00  1.218136504E-03 
      1393  4.921630837E+02  0.000000000E+00  1.092129878E-03 
      1394  4.931150642E+02  0.000000000E+00  9.648193186E-04 
      1395  4.940748120E+02  0.000000000E+00  8.359667335E-04 
      1396  4.950423907E+02  0.000000000E+00  7.052569575E-04 
      1397  4.960178639E+02  0.000000000E+00  5.722672407E-04 
      1398  4.970012963E+02  0.000000000E+00  4.364234741E-04 
      1399  4.979927527E+02  0.000000000E+00  2.969404052E-04 
      1400  4.989922986E+02  0.000000000E+00  1.521982019E-04 
      1401  5.000000000E+02  0.000000000E+00  7.791185393E-05 
