nodenumber     x-coordinate     y-coordinate           udm-10 
         1  0.000000000E+00  0.000000000E+00 -1.950330366E-04 
         2  1.007701384E+00  0.000000000E+00 -3.888332540E-04 
         3  2.007247274E+00  0.000000000E+00 -7.721473206E-04 
         4  2.998703673E+00  0.000000000E+00 -1.151281686E-03 
         5  3.982136051E+00  0.000000000E+00 -1.527382485E-03 
         6  4.957609346E+00  0.000000000E+00 -1.900318391E-03 
         7  5.925187975E+00  0.000000000E+00 -2.269993440E-03 
         8  6.884935829E+00  0.000000000E+00 -2.636331508E-03 
         9  7.836916284E+00  0.000000000E+00 -2.999270971E-03 
        10  8.781192203E+00  0.000000000E+00 -3.358760847E-03 
        11  9.717825941E+00  0.000000000E+00 -3.714758041E-03 
        12  1.064687935E+01  0.000000000E+00 -4.067225390E-03 
        13  1.156841377E+01  0.000000000E+00 -4.416130275E-03 
        14  1.248249006E+01  0.000000000E+00 -4.761443639E-03 
        15  1.338916858E+01  0.000000000E+00 -5.103139291E-03 
        16  1.428850920E+01  0.000000000E+00 -5.441193416E-03 
        17  1.518057130E+01  0.000000000E+00 -5.775584223E-03 
        18  1.606541380E+01  0.000000000E+00 -6.106291694E-03 
        19  1.694309512E+01  0.000000000E+00 -6.433297402E-03 
        20  1.781367322E+01  0.000000000E+00 -6.756584382E-03 
        21  1.867720559E+01  0.000000000E+00 -7.076137028E-03 
        22  1.953374925E+01  0.000000000E+00 -7.391941023E-03 
        23  2.038336076E+01  0.000000000E+00 -7.703983278E-03 
        24  2.122609622E+01  0.000000000E+00 -8.012251891E-03 
        25  2.206201128E+01  0.000000000E+00 -8.316736109E-03 
        26  2.289116114E+01  0.000000000E+00 -8.617426298E-03 
        27  2.371360056E+01  0.000000000E+00 -8.914313924E-03 
        28  2.452938383E+01  0.000000000E+00 -9.207391526E-03 
        29  2.533856484E+01  0.000000000E+00 -9.496652708E-03 
        30  2.614119701E+01  0.000000000E+00 -9.782092114E-03 
        31  2.693733335E+01  0.000000000E+00 -1.006370543E-02 
        32  2.772702642E+01  0.000000000E+00 -1.034148935E-02 
        33  2.851032837E+01  0.000000000E+00 -1.061544159E-02 
        34  2.928729093E+01  0.000000000E+00 -1.088556089E-02 
        35  3.005796541E+01  0.000000000E+00 -1.115184694E-02 
        36  3.082240268E+01  0.000000000E+00 -1.141430048E-02 
        37  3.158065324E+01  0.000000000E+00 -1.167292318E-02 
        38  3.233276716E+01  0.000000000E+00 -1.192771773E-02 
        39  3.307879409E+01  0.000000000E+00 -1.217868777E-02 
        40  3.381878330E+01  0.000000000E+00 -1.242583790E-02 
        41  3.455278365E+01  0.000000000E+00 -1.266917371E-02 
        42  3.528084362E+01  0.000000000E+00 -1.290870172E-02 
        43  3.600301127E+01  0.000000000E+00 -1.314442941E-02 
        44  3.671933431E+01  0.000000000E+00 -1.337636520E-02 
        45  3.742986002E+01  0.000000000E+00 -1.360451845E-02 
        46  3.813463533E+01  0.000000000E+00 -1.382889944E-02 
        47  3.883370678E+01  0.000000000E+00 -1.404951938E-02 
        48  3.952712052E+01  0.000000000E+00 -1.426639038E-02 
        49  4.021492235E+01  0.000000000E+00 -1.447952549E-02 
        50  4.089715769E+01  0.000000000E+00 -1.468893860E-02 
        51  4.157387159E+01  0.000000000E+00 -1.489464454E-02 
        52  4.224510872E+01  0.000000000E+00 -1.509665898E-02 
        53  4.291091342E+01  0.000000000E+00 -1.529499848E-02 
        54  4.357132966E+01  0.000000000E+00 -1.548968042E-02 
        55  4.422640104E+01  0.000000000E+00 -1.568072305E-02 
        56  4.487617081E+01  0.000000000E+00 -1.586814544E-02 
        57  4.552068189E+01  0.000000000E+00 -1.605196748E-02 
        58  4.615997684E+01  0.000000000E+00 -1.623220985E-02 
        59  4.679409786E+01  0.000000000E+00 -1.640889401E-02 
        60  4.742308684E+01  0.000000000E+00 -1.658204222E-02 
        61  4.804698530E+01  0.000000000E+00 -1.675167747E-02 
        62  4.866583446E+01  0.000000000E+00 -1.691782349E-02 
        63  4.927967516E+01  0.000000000E+00 -1.708050476E-02 
        64  4.988854795E+01  0.000000000E+00 -1.723974644E-02 
        65  5.049249303E+01  0.000000000E+00 -1.739557437E-02 
        66  5.109155028E+01  0.000000000E+00 -1.754801509E-02 
        67  5.168575926E+01  0.000000000E+00 -1.769709578E-02 
        68  5.227515921E+01  0.000000000E+00 -1.784284424E-02 
        69  5.285978905E+01  0.000000000E+00 -1.798528891E-02 
        70  5.343968738E+01  0.000000000E+00 -1.812445879E-02 
        71  5.401489250E+01  0.000000000E+00 -1.826038348E-02 
        72  5.458544238E+01  0.000000000E+00 -1.839309314E-02 
        73  5.515137472E+01  0.000000000E+00 -1.852261844E-02 
        74  5.571272686E+01  0.000000000E+00 -1.864899059E-02 
        75  5.626953590E+01  0.000000000E+00 -1.877224128E-02 
        76  5.682183858E+01  0.000000000E+00 -1.889240268E-02 
        77  5.736967139E+01  0.000000000E+00 -1.900950740E-02 
        78  5.791307049E+01  0.000000000E+00 -1.912358851E-02 
        79  5.845207178E+01  0.000000000E+00 -1.923467946E-02 
        80  5.898671083E+01  0.000000000E+00 -1.934281411E-02 
        81  5.951702297E+01  0.000000000E+00 -1.944802668E-02 
        82  6.004304320E+01  0.000000000E+00 -1.955035175E-02 
        83  6.056480627E+01  0.000000000E+00 -1.964982423E-02 
        84  6.108234661E+01  0.000000000E+00 -1.974647932E-02 
        85  6.159569842E+01  0.000000000E+00 -1.984035253E-02 
        86  6.210489559E+01  0.000000000E+00 -1.993147963E-02 
        87  6.260997174E+01  0.000000000E+00 -2.001989664E-02 
        88  6.311096022E+01  0.000000000E+00 -2.010563980E-02 
        89  6.360789412E+01  0.000000000E+00 -2.018874558E-02 
        90  6.410080625E+01  0.000000000E+00 -2.026925062E-02 
        91  6.458972916E+01  0.000000000E+00 -2.034719175E-02 
        92  6.507469514E+01  0.000000000E+00 -2.042260595E-02 
        93  6.555573621E+01  0.000000000E+00 -2.049553034E-02 
        94  6.603288413E+01  0.000000000E+00 -2.056600216E-02 
        95  6.650617042E+01  0.000000000E+00 -2.063405875E-02 
        96  6.697562632E+01  0.000000000E+00 -2.069973755E-02 
        97  6.744128283E+01  0.000000000E+00 -2.076307608E-02 
        98  6.790317071E+01  0.000000000E+00 -2.082411190E-02 
        99  6.836132046E+01  0.000000000E+00 -2.088288263E-02 
       100  6.881576232E+01  0.000000000E+00 -2.093942593E-02 
       101  6.926652631E+01  0.000000000E+00 -2.099377949E-02 
       102  6.971364219E+01  0.000000000E+00 -2.104598099E-02 
       103  7.015713949E+01  0.000000000E+00 -2.109606814E-02 
       104  7.059704749E+01  0.000000000E+00 -2.114407864E-02 
       105  7.103339524E+01  0.000000000E+00 -2.119005017E-02 
       106  7.146621156E+01  0.000000000E+00 -2.123402042E-02 
       107  7.189552503E+01  0.000000000E+00 -2.127602702E-02 
       108  7.232136399E+01  0.000000000E+00 -2.131610764E-02 
       109  7.274375656E+01  0.000000000E+00 -2.135429986E-02 
       110  7.316273064E+01  0.000000000E+00 -2.139064130E-02 
       111  7.357831389E+01  0.000000000E+00 -2.142516952E-02 
       112  7.399053376E+01  0.000000000E+00 -2.145792209E-02 
       113  7.439941746E+01  0.000000000E+00 -2.148893657E-02 
       114  7.480499201E+01  0.000000000E+00 -2.151825052E-02 
       115  7.520728416E+01  0.000000000E+00 -2.154590152E-02 
       116  7.560632051E+01  0.000000000E+00 -2.157192717E-02 
       117  7.600212738E+01  0.000000000E+00 -2.159636513E-02 
       118  7.639473092E+01  0.000000000E+00 -2.161925310E-02 
       119  7.678415706E+01  0.000000000E+00 -2.164062889E-02 
       120  7.717043151E+01  0.000000000E+00 -2.166053041E-02 
       121  7.755357977E+01  0.000000000E+00 -2.167899570E-02 
       122  7.793362715E+01  0.000000000E+00 -2.169606298E-02 
       123  7.831059875E+01  0.000000000E+00 -2.171177066E-02 
       124  7.868451945E+01  0.000000000E+00 -2.172615739E-02 
       125  7.905541395E+01  0.000000000E+00 -2.173926211E-02 
       126  7.942330674E+01  0.000000000E+00 -2.175112407E-02 
       127  7.978822211E+01  0.000000000E+00 -2.176178289E-02 
       128  8.015018416E+01  0.000000000E+00 -2.177127864E-02 
       129  8.050921679E+01  0.000000000E+00 -2.177965182E-02 
       130  8.086534371E+01  0.000000000E+00 -2.178694351E-02 
       131  8.121858844E+01  0.000000000E+00 -2.179319538E-02 
       132  8.156897429E+01  0.000000000E+00 -2.179844977E-02 
       133  8.191652442E+01  0.000000000E+00 -2.180274975E-02 
       134  8.226126177E+01  0.000000000E+00 -2.180613924E-02 
       135  8.260320909E+01  0.000000000E+00 -2.180866304E-02 
       136  8.294238899E+01  0.000000000E+00 -2.181036696E-02 
       137  8.327882384E+01  0.000000000E+00 -2.181129788E-02 
       138  8.361253587E+01  0.000000000E+00 -2.181150386E-02 
       139  8.394354712E+01  0.000000000E+00 -2.181103428E-02 
       140  8.427187943E+01  0.000000000E+00 -2.180993986E-02 
       141  8.459755450E+01  0.000000000E+00 -2.180827289E-02 
       142  8.492059382E+01  0.000000000E+00 -2.180608723E-02 
       143  8.524101873E+01  0.000000000E+00 -2.180343854E-02 
       144  8.555885039E+01  0.000000000E+00 -2.180038436E-02 
       145  8.587410979E+01  0.000000000E+00 -2.179698423E-02 
       146  8.618681774E+01  0.000000000E+00 -2.179329991E-02 
       147  8.649699489E+01  0.000000000E+00 -2.178939544E-02 
       148  8.680466173E+01  0.000000000E+00 -2.178533738E-02 
       149  8.710983857E+01  0.000000000E+00 -2.178119491E-02 
       150  8.741254556E+01  0.000000000E+00 -2.177704007E-02 
       151  8.771280270E+01  0.000000000E+00 -2.177294786E-02 
       152  8.801062980E+01  0.000000000E+00 -2.176899650E-02 
       153  8.830604654E+01  0.000000000E+00 -2.176526760E-02 
       154  8.859907242E+01  0.000000000E+00 -2.176184633E-02 
       155  8.888972679E+01  0.000000000E+00 -2.175882169E-02 
       156  8.917802885E+01  0.000000000E+00 -2.175628670E-02 
       157  8.946399764E+01  0.000000000E+00 -2.175433859E-02 
       158  8.974765203E+01  0.000000000E+00 -2.175307912E-02 
       159  9.002901076E+01  0.000000000E+00 -2.175261473E-02 
       160  9.030809241E+01  0.000000000E+00 -2.175305688E-02 
       161  9.058491540E+01  0.000000000E+00 -2.175452222E-02 
       162  9.085949802E+01  0.000000000E+00 -2.175713297E-02 
       163  9.113185839E+01  0.000000000E+00 -2.176101707E-02 
       164  9.140201451E+01  0.000000000E+00 -2.176630860E-02 
       165  9.166998421E+01  0.000000000E+00 -2.177314798E-02 
       166  9.193578518E+01  0.000000000E+00 -2.178168233E-02 
       167  9.219943499E+01  0.000000000E+00 -2.179206578E-02 
       168  9.246095103E+01  0.000000000E+00 -2.180445977E-02 
       169  9.272035058E+01  0.000000000E+00 -2.181903346E-02 
       170  9.297765077E+01  0.000000000E+00 -2.183596398E-02 
       171  9.323286858E+01  0.000000000E+00 -2.185544053E-02 
       172  9.348602087E+01  0.000000000E+00 -2.187765345E-02 
       173  9.373712436E+01  0.000000000E+00 -2.189969537E-02 
       174  9.398619563E+01  0.000000000E+00 -2.192427447E-02 
       175  9.423325112E+01  0.000000000E+00 -2.195461819E-02 
       176  9.447830715E+01  0.000000000E+00 -2.209443858E-02 
       177  9.472137990E+01  0.000000000E+00 -2.223339757E-02 
       178  9.496248543E+01  0.000000000E+00 -2.226998790E-02 
       179  9.520163964E+01  0.000000000E+00 -2.230807697E-02 
       180  9.543885834E+01  0.000000000E+00 -2.234047928E-02 
       181  9.567415720E+01  0.000000000E+00 -2.238052676E-02 
       182  9.590755173E+01  0.000000000E+00 -2.243580298E-02 
       183  9.613905737E+01  0.000000000E+00 -2.249864124E-02 
       184  9.636868940E+01  0.000000000E+00 -2.256683950E-02 
       185  9.659646297E+01  0.000000000E+00 -2.264070238E-02 
       186  9.682239314E+01  0.000000000E+00 -2.272054793E-02 
       187  9.704649481E+01  0.000000000E+00 -2.280514178E-02 
       188  9.726878279E+01  0.000000000E+00 -2.289660802E-02 
       189  9.748927176E+01  0.000000000E+00 -2.299567857E-02 
       190  9.770797628E+01  0.000000000E+00 -2.310242131E-02 
       191  9.792491078E+01  0.000000000E+00 -2.321765312E-02 
       192  9.814008960E+01  0.000000000E+00 -2.334142439E-02 
       193  9.835352693E+01  0.000000000E+00 -2.347492799E-02 
       194  9.856523689E+01  0.000000000E+00 -2.361761630E-02 
       195  9.877523344E+01  0.000000000E+00 -2.376952125E-02 
       196  9.898353045E+01  0.000000000E+00 -2.393118710E-02 
       197  9.919014168E+01  0.000000000E+00 -2.410350213E-02 
       198  9.939508077E+01  0.000000000E+00 -2.428688449E-02 
       199  9.959836126E+01  0.000000000E+00 -2.448186247E-02 
       200  9.979999657E+01  0.000000000E+00 -2.468898385E-02 
       201  1.000000000E+02  0.000000000E+00 -2.442198243E-02 
       202  1.002500000E+02  0.000000000E+00 -2.399502075E-02 
       203  1.005000000E+02  0.000000000E+00 -2.406584251E-02 
       204  1.007500000E+02  0.000000000E+00 -2.412308072E-02 
       205  1.010000000E+02  0.000000000E+00 -2.417124890E-02 
       206  1.012500000E+02  0.000000000E+00 -2.421277216E-02 
       207  1.015000000E+02  0.000000000E+00 -2.424917910E-02 
       208  1.017500000E+02  0.000000000E+00 -2.428152897E-02 
       209  1.020000000E+02  0.000000000E+00 -2.431059863E-02 
       210  1.022500000E+02  0.000000000E+00 -2.433697889E-02 
       211  1.025000000E+02  0.000000000E+00 -2.436113034E-02 
       212  1.027500000E+02  0.000000000E+00 -2.438341849E-02 
       213  1.030000000E+02  0.000000000E+00 -2.440413723E-02 
       214  1.032500000E+02  0.000000000E+00 -2.442352530E-02 
       215  1.035000000E+02  0.000000000E+00 -2.444177808E-02 
       216  1.037500000E+02  0.000000000E+00 -2.445905645E-02 
       217  1.040000000E+02  0.000000000E+00 -2.447549344E-02 
       218  1.042500000E+02  0.000000000E+00 -2.449119949E-02 
       219  1.045000000E+02  0.000000000E+00 -2.450626644E-02 
       220  1.047500000E+02  0.000000000E+00 -2.452077083E-02 
       221  1.050000000E+02  0.000000000E+00 -2.453477647E-02 
       222  1.052500000E+02  0.000000000E+00 -2.454833660E-02 
       223  1.055000000E+02  0.000000000E+00 -2.456149563E-02 
       224  1.057500000E+02  0.000000000E+00 -2.457429054E-02 
       225  1.060000000E+02  0.000000000E+00 -2.458675211E-02 
       226  1.062500000E+02  0.000000000E+00 -2.459890588E-02 
       227  1.065000000E+02  0.000000000E+00 -2.461077302E-02 
       228  1.067500000E+02  0.000000000E+00 -2.462237101E-02 
       229  1.070000000E+02  0.000000000E+00 -2.463371423E-02 
       230  1.072500000E+02  0.000000000E+00 -2.464481447E-02 
       231  1.075000000E+02  0.000000000E+00 -2.465568135E-02 
       232  1.077500000E+02  0.000000000E+00 -2.466632267E-02 
       233  1.080000000E+02  0.000000000E+00 -2.467674474E-02 
       234  1.082500000E+02  0.000000000E+00 -2.468695264E-02 
       235  1.085000000E+02  0.000000000E+00 -2.469695042E-02 
       236  1.087500000E+02  0.000000000E+00 -2.470674129E-02 
       237  1.090000000E+02  0.000000000E+00 -2.471632783E-02 
       238  1.092500000E+02  0.000000000E+00 -2.472571205E-02 
       239  1.095000000E+02  0.000000000E+00 -2.473489559E-02 
       240  1.097500000E+02  0.000000000E+00 -2.474387975E-02 
       241  1.100000000E+02  0.000000000E+00 -2.475266560E-02 
       242  1.102500000E+02  0.000000000E+00 -2.476125409E-02 
       243  1.105000000E+02  0.000000000E+00 -2.476964603E-02 
       244  1.107500000E+02  0.000000000E+00 -2.477784221E-02 
       245  1.110000000E+02  0.000000000E+00 -2.478584342E-02 
       246  1.112500000E+02  0.000000000E+00 -2.479365044E-02 
       247  1.115000000E+02  0.000000000E+00 -2.480126417E-02 
       248  1.117500000E+02  0.000000000E+00 -2.480868553E-02 
       249  1.120000000E+02  0.000000000E+00 -2.481591559E-02 
       250  1.122500000E+02  0.000000000E+00 -2.482295548E-02 
       251  1.125000000E+02  0.000000000E+00 -2.482980650E-02 
       252  1.127500000E+02  0.000000000E+00 -2.483647006E-02 
       253  1.130000000E+02  0.000000000E+00 -2.484294770E-02 
       254  1.132500000E+02  0.000000000E+00 -2.484924109E-02 
       255  1.135000000E+02  0.000000000E+00 -2.485535207E-02 
       256  1.137500000E+02  0.000000000E+00 -2.486128259E-02 
       257  1.140000000E+02  0.000000000E+00 -2.486703473E-02 
       258  1.142500000E+02  0.000000000E+00 -2.487261073E-02 
       259  1.145000000E+02  0.000000000E+00 -2.487801291E-02 
       260  1.147500000E+02  0.000000000E+00 -2.488324376E-02 
       261  1.150000000E+02  0.000000000E+00 -2.488830585E-02 
       262  1.152500000E+02  0.000000000E+00 -2.489320187E-02 
       263  1.155000000E+02  0.000000000E+00 -2.489793461E-02 
       264  1.157500000E+02  0.000000000E+00 -2.490250696E-02 
       265  1.160000000E+02  0.000000000E+00 -2.490692187E-02 
       266  1.162500000E+02  0.000000000E+00 -2.491118241E-02 
       267  1.165000000E+02  0.000000000E+00 -2.491529167E-02 
       268  1.167500000E+02  0.000000000E+00 -2.491925285E-02 
       269  1.170000000E+02  0.000000000E+00 -2.492306918E-02 
       270  1.172500000E+02  0.000000000E+00 -2.492674392E-02 
       271  1.175000000E+02  0.000000000E+00 -2.493028041E-02 
       272  1.177500000E+02  0.000000000E+00 -2.493368198E-02 
       273  1.180000000E+02  0.000000000E+00 -2.493695203E-02 
       274  1.182500000E+02  0.000000000E+00 -2.494009392E-02 
       275  1.185000000E+02  0.000000000E+00 -2.494311108E-02 
       276  1.187500000E+02  0.000000000E+00 -2.494600689E-02 
       277  1.190000000E+02  0.000000000E+00 -2.494878476E-02 
       278  1.192500000E+02  0.000000000E+00 -2.495144810E-02 
       279  1.195000000E+02  0.000000000E+00 -2.495400026E-02 
       280  1.197500000E+02  0.000000000E+00 -2.495644462E-02 
       281  1.200000000E+02  0.000000000E+00 -2.495878451E-02 
       282  1.202500000E+02  0.000000000E+00 -2.496102323E-02 
       283  1.205000000E+02  0.000000000E+00 -2.496316406E-02 
       284  1.207500000E+02  0.000000000E+00 -2.496521021E-02 
       285  1.210000000E+02  0.000000000E+00 -2.496716489E-02 
       286  1.212500000E+02  0.000000000E+00 -2.496903123E-02 
       287  1.215000000E+02  0.000000000E+00 -2.497081232E-02 
       288  1.217500000E+02  0.000000000E+00 -2.497251121E-02 
       289  1.220000000E+02  0.000000000E+00 -2.497413089E-02 
       290  1.222500000E+02  0.000000000E+00 -2.497567427E-02 
       291  1.225000000E+02  0.000000000E+00 -2.497714423E-02 
       292  1.227500000E+02  0.000000000E+00 -2.497854357E-02 
       293  1.230000000E+02  0.000000000E+00 -2.497987504E-02 
       294  1.232500000E+02  0.000000000E+00 -2.498114131E-02 
       295  1.235000000E+02  0.000000000E+00 -2.498234499E-02 
       296  1.237500000E+02  0.000000000E+00 -2.498348863E-02 
       297  1.240000000E+02  0.000000000E+00 -2.498457471E-02 
       298  1.242500000E+02  0.000000000E+00 -2.498560563E-02 
       299  1.245000000E+02  0.000000000E+00 -2.498658374E-02 
       300  1.247500000E+02  0.000000000E+00 -2.498751130E-02 
       301  1.250000000E+02  0.000000000E+00 -2.498839052E-02 
       302  1.252500000E+02  0.000000000E+00 -2.498922353E-02 
       303  1.255000000E+02  0.000000000E+00 -2.499001240E-02 
       304  1.257500000E+02  0.000000000E+00 -2.499075912E-02 
       305  1.260000000E+02  0.000000000E+00 -2.499146563E-02 
       306  1.262500000E+02  0.000000000E+00 -2.499213378E-02 
       307  1.265000000E+02  0.000000000E+00 -2.499276539E-02 
       308  1.267500000E+02  0.000000000E+00 -2.499336217E-02 
       309  1.270000000E+02  0.000000000E+00 -2.499392580E-02 
       310  1.272500000E+02  0.000000000E+00 -2.499445789E-02 
       311  1.275000000E+02  0.000000000E+00 -2.499495998E-02 
       312  1.277500000E+02  0.000000000E+00 -2.499543356E-02 
       313  1.280000000E+02  0.000000000E+00 -2.499588006E-02 
       314  1.282500000E+02  0.000000000E+00 -2.499630083E-02 
       315  1.285000000E+02  0.000000000E+00 -2.499669720E-02 
       316  1.287500000E+02  0.000000000E+00 -2.499707043E-02 
       317  1.290000000E+02  0.000000000E+00 -2.499742170E-02 
       318  1.292500000E+02  0.000000000E+00 -2.499775219E-02 
       319  1.295000000E+02  0.000000000E+00 -2.499806298E-02 
       320  1.297500000E+02  0.000000000E+00 -2.499835514E-02 
       321  1.300000000E+02  0.000000000E+00 -2.499862966E-02 
       322  1.302500000E+02  0.000000000E+00 -2.499888751E-02 
       323  1.305000000E+02  0.000000000E+00 -2.499912961E-02 
       324  1.307500000E+02  0.000000000E+00 -2.499935681E-02 
       325  1.310000000E+02  0.000000000E+00 -2.499956996E-02 
       326  1.312500000E+02  0.000000000E+00 -2.499976984E-02 
       327  1.315000000E+02  0.000000000E+00 -2.499995720E-02 
       328  1.317500000E+02  0.000000000E+00 -2.500013277E-02 
       329  1.320000000E+02  0.000000000E+00 -2.500029722E-02 
       330  1.322500000E+02  0.000000000E+00 -2.500045119E-02 
       331  1.325000000E+02  0.000000000E+00 -2.500059530E-02 
       332  1.327500000E+02  0.000000000E+00 -2.500073013E-02 
       333  1.330000000E+02  0.000000000E+00 -2.500085622E-02 
       334  1.332500000E+02  0.000000000E+00 -2.500097411E-02 
       335  1.335000000E+02  0.000000000E+00 -2.500108428E-02 
       336  1.337500000E+02  0.000000000E+00 -2.500118720E-02 
       337  1.340000000E+02  0.000000000E+00 -2.500128331E-02 
       338  1.342500000E+02  0.000000000E+00 -2.500137303E-02 
       339  1.345000000E+02  0.000000000E+00 -2.500145675E-02 
       340  1.347500000E+02  0.000000000E+00 -2.500153485E-02 
       341  1.350000000E+02  0.000000000E+00 -2.500160768E-02 
       342  1.352500000E+02  0.000000000E+00 -2.500167557E-02 
       343  1.355000000E+02  0.000000000E+00 -2.500173884E-02 
       344  1.357500000E+02  0.000000000E+00 -2.500179777E-02 
       345  1.360000000E+02  0.000000000E+00 -2.500185265E-02 
       346  1.362500000E+02  0.000000000E+00 -2.500190373E-02 
       347  1.365000000E+02  0.000000000E+00 -2.500195127E-02 
       348  1.367500000E+02  0.000000000E+00 -2.500199549E-02 
       349  1.370000000E+02  0.000000000E+00 -2.500203662E-02 
       350  1.372500000E+02  0.000000000E+00 -2.500207485E-02 
       351  1.375000000E+02  0.000000000E+00 -2.500211038E-02 
       352  1.377500000E+02  0.000000000E+00 -2.500214338E-02 
       353  1.380000000E+02  0.000000000E+00 -2.500217404E-02 
       354  1.382500000E+02  0.000000000E+00 -2.500220249E-02 
       355  1.385000000E+02  0.000000000E+00 -2.500222890E-02 
       356  1.387500000E+02  0.000000000E+00 -2.500225341E-02 
       357  1.390000000E+02  0.000000000E+00 -2.500227614E-02 
       358  1.392500000E+02  0.000000000E+00 -2.500229721E-02 
       359  1.395000000E+02  0.000000000E+00 -2.500231674E-02 
       360  1.397500000E+02  0.000000000E+00 -2.500233484E-02 
       361  1.400000000E+02  0.000000000E+00 -2.500235161E-02 
       362  1.402500000E+02  0.000000000E+00 -2.500236713E-02 
       363  1.405000000E+02  0.000000000E+00 -2.500238150E-02 
       364  1.407500000E+02  0.000000000E+00 -2.500239480E-02 
       365  1.410000000E+02  0.000000000E+00 -2.500240710E-02 
       366  1.412500000E+02  0.000000000E+00 -2.500241848E-02 
       367  1.415000000E+02  0.000000000E+00 -2.500242900E-02 
       368  1.417500000E+02  0.000000000E+00 -2.500243871E-02 
       369  1.420000000E+02  0.000000000E+00 -2.500244769E-02 
       370  1.422500000E+02  0.000000000E+00 -2.500245598E-02 
       371  1.425000000E+02  0.000000000E+00 -2.500246363E-02 
       372  1.427500000E+02  0.000000000E+00 -2.500247070E-02 
       373  1.430000000E+02  0.000000000E+00 -2.500247721E-02 
       374  1.432500000E+02  0.000000000E+00 -2.500248321E-02 
       375  1.435000000E+02  0.000000000E+00 -2.500248874E-02 
       376  1.437500000E+02  0.000000000E+00 -2.500249383E-02 
       377  1.440000000E+02  0.000000000E+00 -2.500249852E-02 
       378  1.442500000E+02  0.000000000E+00 -2.500250283E-02 
       379  1.445000000E+02  0.000000000E+00 -2.500250679E-02 
       380  1.447500000E+02  0.000000000E+00 -2.500251043E-02 
       381  1.450000000E+02  0.000000000E+00 -2.500251377E-02 
       382  1.452500000E+02  0.000000000E+00 -2.500251683E-02 
       383  1.455000000E+02  0.000000000E+00 -2.500251963E-02 
       384  1.457500000E+02  0.000000000E+00 -2.500252219E-02 
       385  1.460000000E+02  0.000000000E+00 -2.500252452E-02 
       386  1.462500000E+02  0.000000000E+00 -2.500252665E-02 
       387  1.465000000E+02  0.000000000E+00 -2.500252858E-02 
       388  1.467500000E+02  0.000000000E+00 -2.500253033E-02 
       389  1.470000000E+02  0.000000000E+00 -2.500253192E-02 
       390  1.472500000E+02  0.000000000E+00 -2.500253334E-02 
       391  1.475000000E+02  0.000000000E+00 -2.500253461E-02 
       392  1.477500000E+02  0.000000000E+00 -2.500253574E-02 
       393  1.480000000E+02  0.000000000E+00 -2.500253674E-02 
       394  1.482500000E+02  0.000000000E+00 -2.500253761E-02 
       395  1.485000000E+02  0.000000000E+00 -2.500253837E-02 
       396  1.487500000E+02  0.000000000E+00 -2.500253900E-02 
       397  1.490000000E+02  0.000000000E+00 -2.500253953E-02 
       398  1.492500000E+02  0.000000000E+00 -2.500253995E-02 
       399  1.495000000E+02  0.000000000E+00 -2.500254027E-02 
       400  1.497500000E+02  0.000000000E+00 -2.500254048E-02 
       401  1.500000000E+02  0.000000000E+00 -2.500254059E-02 
       402  1.502500000E+02  0.000000000E+00 -2.500254061E-02 
       403  1.505000000E+02  0.000000000E+00 -2.500254052E-02 
       404  1.507500000E+02  0.000000000E+00 -2.500254034E-02 
       405  1.510000000E+02  0.000000000E+00 -2.500254005E-02 
       406  1.512500000E+02  0.000000000E+00 -2.500253966E-02 
       407  1.515000000E+02  0.000000000E+00 -2.500253917E-02 
       408  1.517500000E+02  0.000000000E+00 -2.500253857E-02 
       409  1.520000000E+02  0.000000000E+00 -2.500253785E-02 
       410  1.522500000E+02  0.000000000E+00 -2.500253702E-02 
       411  1.525000000E+02  0.000000000E+00 -2.500253606E-02 
       412  1.527500000E+02  0.000000000E+00 -2.500253497E-02 
       413  1.530000000E+02  0.000000000E+00 -2.500253375E-02 
       414  1.532500000E+02  0.000000000E+00 -2.500253238E-02 
       415  1.535000000E+02  0.000000000E+00 -2.500253086E-02 
       416  1.537500000E+02  0.000000000E+00 -2.500252917E-02 
       417  1.540000000E+02  0.000000000E+00 -2.500252731E-02 
       418  1.542500000E+02  0.000000000E+00 -2.500252526E-02 
       419  1.545000000E+02  0.000000000E+00 -2.500252301E-02 
       420  1.547500000E+02  0.000000000E+00 -2.500252054E-02 
       421  1.550000000E+02  0.000000000E+00 -2.500251785E-02 
       422  1.552500000E+02  0.000000000E+00 -2.500251490E-02 
       423  1.555000000E+02  0.000000000E+00 -2.500251169E-02 
       424  1.557500000E+02  0.000000000E+00 -2.500250819E-02 
       425  1.560000000E+02  0.000000000E+00 -2.500250438E-02 
       426  1.562500000E+02  0.000000000E+00 -2.500250023E-02 
       427  1.565000000E+02  0.000000000E+00 -2.500249573E-02 
       428  1.567500000E+02  0.000000000E+00 -2.500249083E-02 
       429  1.570000000E+02  0.000000000E+00 -2.500248552E-02 
       430  1.572500000E+02  0.000000000E+00 -2.500247976E-02 
       431  1.575000000E+02  0.000000000E+00 -2.500247352E-02 
       432  1.577500000E+02  0.000000000E+00 -2.500246675E-02 
       433  1.580000000E+02  0.000000000E+00 -2.500245942E-02 
       434  1.582500000E+02  0.000000000E+00 -2.500245149E-02 
       435  1.585000000E+02  0.000000000E+00 -2.500244290E-02 
       436  1.587500000E+02  0.000000000E+00 -2.500243361E-02 
       437  1.590000000E+02  0.000000000E+00 -2.500242356E-02 
       438  1.592500000E+02  0.000000000E+00 -2.500241269E-02 
       439  1.595000000E+02  0.000000000E+00 -2.500240096E-02 
       440  1.597500000E+02  0.000000000E+00 -2.500238827E-02 
       441  1.600000000E+02  0.000000000E+00 -2.500237458E-02 
       442  1.602500000E+02  0.000000000E+00 -2.500235980E-02 
       443  1.605000000E+02  0.000000000E+00 -2.500234384E-02 
       444  1.607500000E+02  0.000000000E+00 -2.500232663E-02 
       445  1.610000000E+02  0.000000000E+00 -2.500230807E-02 
       446  1.612500000E+02  0.000000000E+00 -2.500228805E-02 
       447  1.615000000E+02  0.000000000E+00 -2.500226649E-02 
       448  1.617500000E+02  0.000000000E+00 -2.500224325E-02 
       449  1.620000000E+02  0.000000000E+00 -2.500221822E-02 
       450  1.622500000E+02  0.000000000E+00 -2.500219127E-02 
       451  1.625000000E+02  0.000000000E+00 -2.500216226E-02 
       452  1.627500000E+02  0.000000000E+00 -2.500213105E-02 
       453  1.630000000E+02  0.000000000E+00 -2.500209748E-02 
       454  1.632500000E+02  0.000000000E+00 -2.500206139E-02 
       455  1.635000000E+02  0.000000000E+00 -2.500202259E-02 
       456  1.637500000E+02  0.000000000E+00 -2.500198090E-02 
       457  1.640000000E+02  0.000000000E+00 -2.500193611E-02 
       458  1.642500000E+02  0.000000000E+00 -2.500188802E-02 
       459  1.645000000E+02  0.000000000E+00 -2.500183640E-02 
       460  1.647500000E+02  0.000000000E+00 -2.500178101E-02 
       461  1.650000000E+02  0.000000000E+00 -2.500172159E-02 
       462  1.652500000E+02  0.000000000E+00 -2.500165788E-02 
       463  1.655000000E+02  0.000000000E+00 -2.500158958E-02 
       464  1.657500000E+02  0.000000000E+00 -2.500151639E-02 
       465  1.660000000E+02  0.000000000E+00 -2.500143800E-02 
       466  1.662500000E+02  0.000000000E+00 -2.500135406E-02 
       467  1.665000000E+02  0.000000000E+00 -2.500126421E-02 
       468  1.667500000E+02  0.000000000E+00 -2.500116808E-02 
       469  1.670000000E+02  0.000000000E+00 -2.500106525E-02 
       470  1.672500000E+02  0.000000000E+00 -2.500095530E-02 
       471  1.675000000E+02  0.000000000E+00 -2.500083779E-02 
       472  1.677500000E+02  0.000000000E+00 -2.500071224E-02 
       473  1.680000000E+02  0.000000000E+00 -2.500057815E-02 
       474  1.682500000E+02  0.000000000E+00 -2.500043500E-02 
       475  1.685000000E+02  0.000000000E+00 -2.500028222E-02 
       476  1.687500000E+02  0.000000000E+00 -2.500011925E-02 
       477  1.690000000E+02  0.000000000E+00 -2.499994546E-02 
       478  1.692500000E+02  0.000000000E+00 -2.499976020E-02 
       479  1.695000000E+02  0.000000000E+00 -2.499956281E-02 
       480  1.697500000E+02  0.000000000E+00 -2.499935256E-02 
       481  1.700000000E+02  0.000000000E+00 -2.499912871E-02 
       482  1.702500000E+02  0.000000000E+00 -2.499889046E-02 
       483  1.705000000E+02  0.000000000E+00 -2.499863701E-02 
       484  1.707500000E+02  0.000000000E+00 -2.499836748E-02 
       485  1.710000000E+02  0.000000000E+00 -2.499808097E-02 
       486  1.712500000E+02  0.000000000E+00 -2.499777654E-02 
       487  1.715000000E+02  0.000000000E+00 -2.499745319E-02 
       488  1.717500000E+02  0.000000000E+00 -2.499710990E-02 
       489  1.720000000E+02  0.000000000E+00 -2.499674557E-02 
       490  1.722500000E+02  0.000000000E+00 -2.499635909E-02 
       491  1.725000000E+02  0.000000000E+00 -2.499594927E-02 
       492  1.727500000E+02  0.000000000E+00 -2.499551489E-02 
       493  1.730000000E+02  0.000000000E+00 -2.499505467E-02 
       494  1.732500000E+02  0.000000000E+00 -2.499456727E-02 
       495  1.735000000E+02  0.000000000E+00 -2.499405132E-02 
       496  1.737500000E+02  0.000000000E+00 -2.499350536E-02 
       497  1.740000000E+02  0.000000000E+00 -2.499292790E-02 
       498  1.742500000E+02  0.000000000E+00 -2.499231739E-02 
       499  1.745000000E+02  0.000000000E+00 -2.499167220E-02 
       500  1.747500000E+02  0.000000000E+00 -2.499099066E-02 
       501  1.750000000E+02  0.000000000E+00 -2.499027103E-02 
       502  1.752500000E+02  0.000000000E+00 -2.498951152E-02 
       503  1.755000000E+02  0.000000000E+00 -2.498871025E-02 
       504  1.757500000E+02  0.000000000E+00 -2.498786530E-02 
       505  1.760000000E+02  0.000000000E+00 -2.498697468E-02 
       506  1.762500000E+02  0.000000000E+00 -2.498603631E-02 
       507  1.765000000E+02  0.000000000E+00 -2.498504809E-02 
       508  1.767500000E+02  0.000000000E+00 -2.498400781E-02 
       509  1.770000000E+02  0.000000000E+00 -2.498291320E-02 
       510  1.772500000E+02  0.000000000E+00 -2.498176194E-02 
       511  1.775000000E+02  0.000000000E+00 -2.498055161E-02 
       512  1.777500000E+02  0.000000000E+00 -2.497927976E-02 
       513  1.780000000E+02  0.000000000E+00 -2.497794382E-02 
       514  1.782500000E+02  0.000000000E+00 -2.497654118E-02 
       515  1.785000000E+02  0.000000000E+00 -2.497506916E-02 
       516  1.787500000E+02  0.000000000E+00 -2.497352500E-02 
       517  1.790000000E+02  0.000000000E+00 -2.497190586E-02 
       518  1.792500000E+02  0.000000000E+00 -2.497020883E-02 
       519  1.795000000E+02  0.000000000E+00 -2.496843095E-02 
       520  1.797500000E+02  0.000000000E+00 -2.496656914E-02 
       521  1.800000000E+02  0.000000000E+00 -2.496462030E-02 
       522  1.802500000E+02  0.000000000E+00 -2.496258122E-02 
       523  1.805000000E+02  0.000000000E+00 -2.496044863E-02 
       524  1.807500000E+02  0.000000000E+00 -2.495821917E-02 
       525  1.810000000E+02  0.000000000E+00 -2.495588943E-02 
       526  1.812500000E+02  0.000000000E+00 -2.495345590E-02 
       527  1.815000000E+02  0.000000000E+00 -2.495091501E-02 
       528  1.817500000E+02  0.000000000E+00 -2.494826310E-02 
       529  1.820000000E+02  0.000000000E+00 -2.494549644E-02 
       530  1.822500000E+02  0.000000000E+00 -2.494261122E-02 
       531  1.825000000E+02  0.000000000E+00 -2.493960355E-02 
       532  1.827500000E+02  0.000000000E+00 -2.493646945E-02 
       533  1.830000000E+02  0.000000000E+00 -2.493320485E-02 
       534  1.832500000E+02  0.000000000E+00 -2.492980562E-02 
       535  1.835000000E+02  0.000000000E+00 -2.492626751E-02 
       536  1.837500000E+02  0.000000000E+00 -2.492258618E-02 
       537  1.840000000E+02  0.000000000E+00 -2.491875721E-02 
       538  1.842500000E+02  0.000000000E+00 -2.491477605E-02 
       539  1.845000000E+02  0.000000000E+00 -2.491063807E-02 
       540  1.847500000E+02  0.000000000E+00 -2.490633849E-02 
       541  1.850000000E+02  0.000000000E+00 -2.490187245E-02 
       542  1.852500000E+02  0.000000000E+00 -2.489723491E-02 
       543  1.855000000E+02  0.000000000E+00 -2.489242074E-02 
       544  1.857500000E+02  0.000000000E+00 -2.488742463E-02 
       545  1.860000000E+02  0.000000000E+00 -2.488224110E-02 
       546  1.862500000E+02  0.000000000E+00 -2.487686451E-02 
       547  1.865000000E+02  0.000000000E+00 -2.487128901E-02 
       548  1.867500000E+02  0.000000000E+00 -2.486550857E-02 
       549  1.870000000E+02  0.000000000E+00 -2.485951688E-02 
       550  1.872500000E+02  0.000000000E+00 -2.485330742E-02 
       551  1.875000000E+02  0.000000000E+00 -2.484687337E-02 
       552  1.877500000E+02  0.000000000E+00 -2.484020760E-02 
       553  1.880000000E+02  0.000000000E+00 -2.483330264E-02 
       554  1.882500000E+02  0.000000000E+00 -2.482615065E-02 
       555  1.885000000E+02  0.000000000E+00 -2.481874336E-02 
       556  1.887500000E+02  0.000000000E+00 -2.481107202E-02 
       557  1.890000000E+02  0.000000000E+00 -2.480312740E-02 
       558  1.892500000E+02  0.000000000E+00 -2.479489964E-02 
       559  1.895000000E+02  0.000000000E+00 -2.478637828E-02 
       560  1.897500000E+02  0.000000000E+00 -2.477755210E-02 
       561  1.900000000E+02  0.000000000E+00 -2.476840907E-02 
       562  1.902500000E+02  0.000000000E+00 -2.475893628E-02 
       563  1.905000000E+02  0.000000000E+00 -2.474911975E-02 
       564  1.907500000E+02  0.000000000E+00 -2.473894439E-02 
       565  1.910000000E+02  0.000000000E+00 -2.472839378E-02 
       566  1.912500000E+02  0.000000000E+00 -2.471745004E-02 
       567  1.915000000E+02  0.000000000E+00 -2.470609365E-02 
       568  1.917500000E+02  0.000000000E+00 -2.469430317E-02 
       569  1.920000000E+02  0.000000000E+00 -2.468205506E-02 
       570  1.922500000E+02  0.000000000E+00 -2.466932334E-02 
       571  1.925000000E+02  0.000000000E+00 -2.465607925E-02 
       572  1.927500000E+02  0.000000000E+00 -2.464229089E-02 
       573  1.930000000E+02  0.000000000E+00 -2.462792274E-02 
       574  1.932500000E+02  0.000000000E+00 -2.461293511E-02 
       575  1.935000000E+02  0.000000000E+00 -2.459728357E-02 
       576  1.937500000E+02  0.000000000E+00 -2.458091821E-02 
       577  1.940000000E+02  0.000000000E+00 -2.456378275E-02 
       578  1.942500000E+02  0.000000000E+00 -2.454581357E-02 
       579  1.945000000E+02  0.000000000E+00 -2.452693855E-02 
       580  1.947500000E+02  0.000000000E+00 -2.450707559E-02 
       581  1.950000000E+02  0.000000000E+00 -2.448613101E-02 
       582  1.952500000E+02  0.000000000E+00 -2.446399748E-02 
       583  1.955000000E+02  0.000000000E+00 -2.444055160E-02 
       584  1.957500000E+02  0.000000000E+00 -2.441565101E-02 
       585  1.960000000E+02  0.000000000E+00 -2.438913071E-02 
       586  1.962500000E+02  0.000000000E+00 -2.436079872E-02 
       587  1.965000000E+02  0.000000000E+00 -2.433043051E-02 
       588  1.967500000E+02  0.000000000E+00 -2.429776211E-02 
       589  1.970000000E+02  0.000000000E+00 -2.426248132E-02 
       590  1.972500000E+02  0.000000000E+00 -2.422421631E-02 
       591  1.975000000E+02  0.000000000E+00 -2.418252070E-02 
       592  1.977500000E+02  0.000000000E+00 -2.413685339E-02 
       593  1.980000000E+02  0.000000000E+00 -2.408655087E-02 
       594  1.982500000E+02  0.000000000E+00 -2.403078750E-02 
       595  1.985000000E+02  0.000000000E+00 -2.396851647E-02 
       596  1.987500000E+02  0.000000000E+00 -2.389837633E-02 
       597  1.990000000E+02  0.000000000E+00 -2.381853071E-02 
       598  1.992500000E+02  0.000000000E+00 -2.372635928E-02 
       599  1.995000000E+02  0.000000000E+00 -2.361775675E-02 
       600  1.997500000E+02  0.000000000E+00 -2.348518995E-02 
       601  2.000000000E+02  0.000000000E+00 -2.411733654E-02 
       602  2.001999988E+02  0.000000000E+00 -2.450557055E-02 
       603  2.004032879E+02  0.000000000E+00 -2.415726024E-02 
       604  2.006099214E+02  0.000000000E+00 -2.382311798E-02 
       605  2.008199543E+02  0.000000000E+00 -2.350250912E-02 
       606  2.010334426E+02  0.000000000E+00 -2.319480600E-02 
       607  2.012504431E+02  0.000000000E+00 -2.289938840E-02 
       608  2.014710137E+02  0.000000000E+00 -2.261564443E-02 
       609  2.016952129E+02  0.000000000E+00 -2.234297136E-02 
       610  2.019231006E+02  0.000000000E+00 -2.208077636E-02 
       611  2.021547374E+02  0.000000000E+00 -2.182847725E-02 
       612  2.023901849E+02  0.000000000E+00 -2.158550301E-02 
       613  2.026295060E+02  0.000000000E+00 -2.135129439E-02 
       614  2.028727642E+02  0.000000000E+00 -2.112530433E-02 
       615  2.031200245E+02  0.000000000E+00 -2.090841770E-02 
       616  2.033713525E+02  0.000000000E+00 -2.070046913E-02 
       617  2.036268153E+02  0.000000000E+00 -2.043951379E-02 
       618  2.038864808E+02  0.000000000E+00 -2.018023779E-02 
       619  2.041504183E+02  0.000000000E+00 -1.998690352E-02 
       620  2.044186979E+02  0.000000000E+00 -1.979854673E-02 
       621  2.046913911E+02  0.000000000E+00 -1.961206931E-02 
       622  2.049685706E+02  0.000000000E+00 -1.943045960E-02 
       623  2.052503101E+02  0.000000000E+00 -1.925326321E-02 
       624  2.055366847E+02  0.000000000E+00 -1.908004319E-02 
       625  2.058277705E+02  0.000000000E+00 -1.891037784E-02 
       626  2.061236452E+02  0.000000000E+00 -1.874386150E-02 
       627  2.064243875E+02  0.000000000E+00 -1.858010445E-02 
       628  2.067300774E+02  0.000000000E+00 -1.841873267E-02 
       629  2.070407965E+02  0.000000000E+00 -1.825938767E-02 
       630  2.073566273E+02  0.000000000E+00 -1.810172616E-02 
       631  2.076776540E+02  0.000000000E+00 -1.794541974E-02 
       632  2.080039622E+02  0.000000000E+00 -1.779015453E-02 
       633  2.083356386E+02  0.000000000E+00 -1.763563075E-02 
       634  2.086727716E+02  0.000000000E+00 -1.748156232E-02 
       635  2.090154510E+02  0.000000000E+00 -1.732767636E-02 
       636  2.093637679E+02  0.000000000E+00 -1.717371276E-02 
       637  2.097178153E+02  0.000000000E+00 -1.701942365E-02 
       638  2.100776872E+02  0.000000000E+00 -1.686457288E-02 
       639  2.104434797E+02  0.000000000E+00 -1.670893552E-02 
       640  2.108152899E+02  0.000000000E+00 -1.655229736E-02 
       641  2.111932170E+02  0.000000000E+00 -1.639445433E-02 
       642  2.115773617E+02  0.000000000E+00 -1.623521200E-02 
       643  2.119678260E+02  0.000000000E+00 -1.607438507E-02 
       644  2.123647142E+02  0.000000000E+00 -1.591179683E-02 
       645  2.127681317E+02  0.000000000E+00 -1.574727869E-02 
       646  2.131781861E+02  0.000000000E+00 -1.558066965E-02 
       647  2.135949866E+02  0.000000000E+00 -1.541181582E-02 
       648  2.140186441E+02  0.000000000E+00 -1.524056997E-02 
       649  2.144492713E+02  0.000000000E+00 -1.506679108E-02 
       650  2.148869831E+02  0.000000000E+00 -1.489034387E-02 
       651  2.153318959E+02  0.000000000E+00 -1.471109842E-02 
       652  2.157841282E+02  0.000000000E+00 -1.452892971E-02 
       653  2.162438005E+02  0.000000000E+00 -1.434371731E-02 
       654  2.167110350E+02  0.000000000E+00 -1.415534492E-02 
       655  2.171859563E+02  0.000000000E+00 -1.396370010E-02 
       656  2.176686908E+02  0.000000000E+00 -1.376867387E-02 
       657  2.181593671E+02  0.000000000E+00 -1.357016042E-02 
       658  2.186581157E+02  0.000000000E+00 -1.336805679E-02 
       659  2.191650695E+02  0.000000000E+00 -1.316226260E-02 
       660  2.196803635E+02  0.000000000E+00 -1.295267977E-02 
       661  2.202041348E+02  0.000000000E+00 -1.273921224E-02 
       662  2.207365230E+02  0.000000000E+00 -1.252176576E-02 
       663  2.212776699E+02  0.000000000E+00 -1.230024766E-02 
       664  2.218277194E+02  0.000000000E+00 -1.207456659E-02 
       665  2.223868182E+02  0.000000000E+00 -1.184463240E-02 
       666  2.229551149E+02  0.000000000E+00 -1.161035587E-02 
       667  2.235327610E+02  0.000000000E+00 -1.137164863E-02 
       668  2.241199103E+02  0.000000000E+00 -1.112842293E-02 
       669  2.247167191E+02  0.000000000E+00 -1.088059154E-02 
       670  2.253233464E+02  0.000000000E+00 -1.062806763E-02 
       671  2.259399536E+02  0.000000000E+00 -1.037076464E-02 
       672  2.265667050E+02  0.000000000E+00 -1.010859620E-02 
       673  2.272037674E+02  0.000000000E+00 -9.841476067E-03 
       674  2.278513104E+02  0.000000000E+00 -9.569318021E-03 
       675  2.285095066E+02  0.000000000E+00 -9.292035857E-03 
       676  2.291785311E+02  0.000000000E+00 -9.009543331E-03 
       677  2.298585621E+02  0.000000000E+00 -8.721754169E-03 
       678  2.305497807E+02  0.000000000E+00 -8.428582026E-03 
       679  2.312523708E+02  0.000000000E+00 -8.129940544E-03 
       680  2.319665197E+02  0.000000000E+00 -7.825743342E-03 
       681  2.326924175E+02  0.000000000E+00 -7.515904092E-03 
       682  2.334302574E+02  0.000000000E+00 -7.200336548E-03 
       683  2.341802359E+02  0.000000000E+00 -6.878954633E-03 
       684  2.349425527E+02  0.000000000E+00 -6.551672527E-03 
       685  2.357174108E+02  0.000000000E+00 -6.218404753E-03 
       686  2.365050165E+02  0.000000000E+00 -5.879066290E-03 
       687  2.373055796E+02  0.000000000E+00 -5.533572710E-03 
       688  2.381193132E+02  0.000000000E+00 -5.181840293E-03 
       689  2.389464340E+02  0.000000000E+00 -4.823786190E-03 
       690  2.397871622E+02  0.000000000E+00 -4.459328588E-03 
       691  2.406417216E+02  0.000000000E+00 -4.088386870E-03 
       692  2.415103399E+02  0.000000000E+00 -3.710881796E-03 
       693  2.423932484E+02  0.000000000E+00 -3.326735714E-03 
       694  2.432906820E+02  0.000000000E+00 -2.935872744E-03 
       695  2.442028798E+02  0.000000000E+00 -2.538218982E-03 
       696  2.451300847E+02  0.000000000E+00 -2.133702706E-03 
       697  2.460725436E+02  0.000000000E+00 -1.722254559E-03 
       698  2.470305073E+02  0.000000000E+00 -1.303807692E-03 
       699  2.480042311E+02  0.000000000E+00 -8.782978414E-04 
       700  2.489939742E+02  0.000000000E+00 -4.456633188E-04 
       701  2.500000000E+02  0.000000000E+00 -5.844722154E-06 
       702  2.510060258E+02  0.000000000E+00  4.339796948E-04 
       703  2.519957689E+02  0.000000000E+00  8.666313414E-04 
       704  2.529694927E+02  0.000000000E+00  1.292169133E-03 
       705  2.539274564E+02  0.000000000E+00  1.710654276E-03 
       706  2.548699153E+02  0.000000000E+00  2.122150560E-03 
       707  2.557971202E+02  0.000000000E+00  2.526724378E-03 
       708  2.567093180E+02  0.000000000E+00  2.924444641E-03 
       709  2.576067516E+02  0.000000000E+00  3.315382647E-03 
       710  2.584896601E+02  0.000000000E+00  3.699611887E-03 
       711  2.593582784E+02  0.000000000E+00  4.077207840E-03 
       712  2.602128379E+02  0.000000000E+00  4.448247776E-03 
       713  2.610535660E+02  0.000000000E+00  4.812810563E-03 
       714  2.618806868E+02  0.000000000E+00  5.170976458E-03 
       715  2.626944204E+02  0.000000000E+00  5.522826923E-03 
       716  2.634949835E+02  0.000000000E+00  5.868444465E-03 
       717  2.642825892E+02  0.000000000E+00  6.207912465E-03 
       718  2.650574473E+02  0.000000000E+00  6.541315013E-03 
       719  2.658197641E+02  0.000000000E+00  6.868736796E-03 
       720  2.665697426E+02  0.000000000E+00  7.190262948E-03 
       721  2.673075825E+02  0.000000000E+00  7.505978944E-03 
       722  2.680334803E+02  0.000000000E+00  7.815970502E-03 
       723  2.687476292E+02  0.000000000E+00  8.120323498E-03 
       724  2.694502193E+02  0.000000000E+00  8.419123875E-03 
       725  2.701414379E+02  0.000000000E+00  8.712457610E-03 
       726  2.708214689E+02  0.000000000E+00  9.000410636E-03 
       727  2.714904934E+02  0.000000000E+00  9.283068852E-03 
       728  2.721486896E+02  0.000000000E+00  9.560518068E-03 
       729  2.727962326E+02  0.000000000E+00  9.832844037E-03 
       730  2.734332950E+02  0.000000000E+00  1.010013246E-02 
       731  2.740600464E+02  0.000000000E+00  1.036246902E-02 
       732  2.746766536E+02  0.000000000E+00  1.061993942E-02 
       733  2.752832808E+02  0.000000000E+00  1.087262949E-02 
       734  2.758800897E+02  0.000000000E+00  1.112062520E-02 
       735  2.764672390E+02  0.000000000E+00  1.136401284E-02 
       736  2.770448851E+02  0.000000000E+00  1.160287906E-02 
       737  2.776131818E+02  0.000000000E+00  1.183731106E-02 
       738  2.781722806E+02  0.000000000E+00  1.206739667E-02 
       739  2.787223301E+02  0.000000000E+00  1.229322457E-02 
       740  2.792634769E+02  0.000000000E+00  1.251488444E-02 
       741  2.797958652E+02  0.000000000E+00  1.273246713E-02 
       742  2.803196365E+02  0.000000000E+00  1.294606489E-02 
       743  2.808349305E+02  0.000000000E+00  1.315577159E-02 
       744  2.813418843E+02  0.000000000E+00  1.336168291E-02 
       745  2.818406329E+02  0.000000000E+00  1.356389662E-02 
       746  2.823313092E+02  0.000000000E+00  1.376251286E-02 
       747  2.828140437E+02  0.000000000E+00  1.395763435E-02 
       748  2.832889650E+02  0.000000000E+00  1.414936674E-02 
       749  2.837561995E+02  0.000000000E+00  1.433781887E-02 
       750  2.842158718E+02  0.000000000E+00  1.452310313E-02 
       751  2.846681041E+02  0.000000000E+00  1.470533576E-02 
       752  2.851130169E+02  0.000000000E+00  1.488463722E-02 
       753  2.855507287E+02  0.000000000E+00  1.506113257E-02 
       754  2.859813560E+02  0.000000000E+00  1.523495184E-02 
       755  2.864050134E+02  0.000000000E+00  1.540623041E-02 
       756  2.868218139E+02  0.000000000E+00  1.557510948E-02 
       757  2.872318683E+02  0.000000000E+00  1.574173647E-02 
       758  2.876352858E+02  0.000000000E+00  1.590626548E-02 
       759  2.880321740E+02  0.000000000E+00  1.606885778E-02 
       760  2.884226383E+02  0.000000000E+00  1.622968225E-02 
       761  2.888067830E+02  0.000000000E+00  1.638891590E-02 
       762  2.891847101E+02  0.000000000E+00  1.654674438E-02 
       763  2.895565204E+02  0.000000000E+00  1.670336249E-02 
       764  2.899223128E+02  0.000000000E+00  1.685897469E-02 
       765  2.902821847E+02  0.000000000E+00  1.701379565E-02 
       766  2.906362321E+02  0.000000000E+00  1.716805076E-02 
       767  2.909845490E+02  0.000000000E+00  1.732197669E-02 
       768  2.913272284E+02  0.000000000E+00  1.747582185E-02 
       769  2.916643614E+02  0.000000000E+00  1.762984698E-02 
       770  2.919960378E+02  0.000000000E+00  1.778432560E-02 
       771  2.923223460E+02  0.000000000E+00  1.793954452E-02 
       772  2.926433727E+02  0.000000000E+00  1.809580427E-02 
       773  2.929592035E+02  0.000000000E+00  1.825341960E-02 
       774  2.932699226E+02  0.000000000E+00  1.841271985E-02 
       775  2.935756125E+02  0.000000000E+00  1.857404931E-02 
       776  2.938763548E+02  0.000000000E+00  1.873776762E-02 
       777  2.941722295E+02  0.000000000E+00  1.890425002E-02 
       778  2.944633153E+02  0.000000000E+00  1.907388761E-02 
       779  2.947496899E+02  0.000000000E+00  1.924708757E-02 
       780  2.950314294E+02  0.000000000E+00  1.942427331E-02 
       781  2.953086088E+02  0.000000000E+00  1.960588456E-02 
       782  2.955813021E+02  0.000000000E+00  1.979237743E-02 
       783  2.958495817E+02  0.000000000E+00  1.998422440E-02 
       784  2.961135192E+02  0.000000000E+00  2.018191417E-02 
       785  2.963731847E+02  0.000000000E+00  2.038595164E-02 
       786  2.966286475E+02  0.000000000E+00  2.059685764E-02 
       787  2.968799755E+02  0.000000000E+00  2.081516867E-02 
       788  2.971272358E+02  0.000000000E+00  2.104143662E-02 
       789  2.973704940E+02  0.000000000E+00  2.127622833E-02 
       790  2.976098151E+02  0.000000000E+00  2.152012523E-02 
       791  2.978452626E+02  0.000000000E+00  2.177372277E-02 
       792  2.980768994E+02  0.000000000E+00  2.203762990E-02 
       793  2.983047871E+02  0.000000000E+00  2.231246846E-02 
       794  2.985289863E+02  0.000000000E+00  2.259887248E-02 
       795  2.987495568E+02  0.000000000E+00  2.278004939E-02 
       796  2.989665574E+02  0.000000000E+00  2.294889047E-02 
       797  2.991800457E+02  0.000000000E+00  2.321794795E-02 
       798  2.993900786E+02  0.000000000E+00  2.349677899E-02 
       799  2.995967121E+02  0.000000000E+00  2.378587444E-02 
       800  2.998000012E+02  0.000000000E+00  2.408572078E-02 
       801  3.000000000E+02  0.000000000E+00  2.386888778E-02 
       802  3.002500000E+02  0.000000000E+00  2.348221310E-02 
       803  3.005000000E+02  0.000000000E+00  2.361496372E-02 
       804  3.007500000E+02  0.000000000E+00  2.372371499E-02 
       805  3.010000000E+02  0.000000000E+00  2.381601321E-02 
       806  3.012500000E+02  0.000000000E+00  2.389597051E-02 
       807  3.015000000E+02  0.000000000E+00  2.396621132E-02 
       808  3.017500000E+02  0.000000000E+00  2.402857469E-02 
       809  3.020000000E+02  0.000000000E+00  2.408442395E-02 
       810  3.022500000E+02  0.000000000E+00  2.413480722E-02 
       811  3.025000000E+02  0.000000000E+00  2.418055109E-02 
       812  3.027500000E+02  0.000000000E+00  2.422231982E-02 
       813  3.030000000E+02  0.000000000E+00  2.426065501E-02 
       814  3.032500000E+02  0.000000000E+00  2.429600346E-02 
       815  3.035000000E+02  0.000000000E+00  2.432873729E-02 
       816  3.037500000E+02  0.000000000E+00  2.435916893E-02 
       817  3.040000000E+02  0.000000000E+00  2.438756250E-02 
       818  3.042500000E+02  0.000000000E+00  2.441414264E-02 
       819  3.045000000E+02  0.000000000E+00  2.443910145E-02 
       820  3.047500000E+02  0.000000000E+00  2.446260396E-02 
       821  3.050000000E+02  0.000000000E+00  2.448479260E-02 
       822  3.052500000E+02  0.000000000E+00  2.450579078E-02 
       823  3.055000000E+02  0.000000000E+00  2.452570586E-02 
       824  3.057500000E+02  0.000000000E+00  2.454463155E-02 
       825  3.060000000E+02  0.000000000E+00  2.456264993E-02 
       826  3.062500000E+02  0.000000000E+00  2.457983316E-02 
       827  3.065000000E+02  0.000000000E+00  2.459624484E-02 
       828  3.067500000E+02  0.000000000E+00  2.461194126E-02 
       829  3.070000000E+02  0.000000000E+00  2.462697235E-02 
       830  3.072500000E+02  0.000000000E+00  2.464138255E-02 
       831  3.075000000E+02  0.000000000E+00  2.465521155E-02 
       832  3.077500000E+02  0.000000000E+00  2.466849488E-02 
       833  3.080000000E+02  0.000000000E+00  2.468126446E-02 
       834  3.082500000E+02  0.000000000E+00  2.469354906E-02 
       835  3.085000000E+02  0.000000000E+00  2.470537469E-02 
       836  3.087500000E+02  0.000000000E+00  2.471676492E-02 
       837  3.090000000E+02  0.000000000E+00  2.472774118E-02 
       838  3.092500000E+02  0.000000000E+00  2.473832305E-02 
       839  3.095000000E+02  0.000000000E+00  2.474852841E-02 
       840  3.097500000E+02  0.000000000E+00  2.475837372E-02 
       841  3.100000000E+02  0.000000000E+00  2.476787411E-02 
       842  3.102500000E+02  0.000000000E+00  2.477704356E-02 
       843  3.105000000E+02  0.000000000E+00  2.478589505E-02 
       844  3.107500000E+02  0.000000000E+00  2.479444062E-02 
       845  3.110000000E+02  0.000000000E+00  2.480269151E-02 
       846  3.112500000E+02  0.000000000E+00  2.481065825E-02 
       847  3.115000000E+02  0.000000000E+00  2.481835070E-02 
       848  3.117500000E+02  0.000000000E+00  2.482577815E-02 
       849  3.120000000E+02  0.000000000E+00  2.483294938E-02 
       850  3.122500000E+02  0.000000000E+00  2.483987267E-02 
       851  3.125000000E+02  0.000000000E+00  2.484655592E-02 
       852  3.127500000E+02  0.000000000E+00  2.485300662E-02 
       853  3.130000000E+02  0.000000000E+00  2.485923194E-02 
       854  3.132500000E+02  0.000000000E+00  2.486523872E-02 
       855  3.135000000E+02  0.000000000E+00  2.487103353E-02 
       856  3.137500000E+02  0.000000000E+00  2.487662270E-02 
       857  3.140000000E+02  0.000000000E+00  2.488201230E-02 
       858  3.142500000E+02  0.000000000E+00  2.488720820E-02 
       859  3.145000000E+02  0.000000000E+00  2.489221607E-02 
       860  3.147500000E+02  0.000000000E+00  2.489704142E-02 
       861  3.150000000E+02  0.000000000E+00  2.490168958E-02 
       862  3.152500000E+02  0.000000000E+00  2.490616572E-02 
       863  3.155000000E+02  0.000000000E+00  2.491047489E-02 
       864  3.157500000E+02  0.000000000E+00  2.491462200E-02 
       865  3.160000000E+02  0.000000000E+00  2.491861182E-02 
       866  3.162500000E+02  0.000000000E+00  2.492244902E-02 
       867  3.165000000E+02  0.000000000E+00  2.492613817E-02 
       868  3.167500000E+02  0.000000000E+00  2.492968370E-02 
       869  3.170000000E+02  0.000000000E+00  2.493308999E-02 
       870  3.172500000E+02  0.000000000E+00  2.493636129E-02 
       871  3.175000000E+02  0.000000000E+00  2.493950175E-02 
       872  3.177500000E+02  0.000000000E+00  2.494251547E-02 
       873  3.180000000E+02  0.000000000E+00  2.494540644E-02 
       874  3.182500000E+02  0.000000000E+00  2.494817856E-02 
       875  3.185000000E+02  0.000000000E+00  2.495083565E-02 
       876  3.187500000E+02  0.000000000E+00  2.495338147E-02 
       877  3.190000000E+02  0.000000000E+00  2.495581968E-02 
       878  3.192500000E+02  0.000000000E+00  2.495815387E-02 
       879  3.195000000E+02  0.000000000E+00  2.496038755E-02 
       880  3.197500000E+02  0.000000000E+00  2.496252416E-02 
       881  3.200000000E+02  0.000000000E+00  2.496456706E-02 
       882  3.202500000E+02  0.000000000E+00  2.496651953E-02 
       883  3.205000000E+02  0.000000000E+00  2.496838477E-02 
       884  3.207500000E+02  0.000000000E+00  2.497016593E-02 
       885  3.210000000E+02  0.000000000E+00  2.497186606E-02 
       886  3.212500000E+02  0.000000000E+00  2.497348816E-02 
       887  3.215000000E+02  0.000000000E+00  2.497503513E-02 
       888  3.217500000E+02  0.000000000E+00  2.497650981E-02 
       889  3.220000000E+02  0.000000000E+00  2.497791498E-02 
       890  3.222500000E+02  0.000000000E+00  2.497925332E-02 
       891  3.225000000E+02  0.000000000E+00  2.498052747E-02 
       892  3.227500000E+02  0.000000000E+00  2.498173996E-02 
       893  3.230000000E+02  0.000000000E+00  2.498289328E-02 
       894  3.232500000E+02  0.000000000E+00  2.498398984E-02 
       895  3.235000000E+02  0.000000000E+00  2.498503198E-02 
       896  3.237500000E+02  0.000000000E+00  2.498602196E-02 
       897  3.240000000E+02  0.000000000E+00  2.498696199E-02 
       898  3.242500000E+02  0.000000000E+00  2.498785420E-02 
       899  3.245000000E+02  0.000000000E+00  2.498870065E-02 
       900  3.247500000E+02  0.000000000E+00  2.498950334E-02 
       901  3.250000000E+02  0.000000000E+00  2.499026421E-02 
       902  3.252500000E+02  0.000000000E+00  2.499098511E-02 
       903  3.255000000E+02  0.000000000E+00  2.499166786E-02 
       904  3.257500000E+02  0.000000000E+00  2.499231420E-02 
       905  3.260000000E+02  0.000000000E+00  2.499292580E-02 
       906  3.262500000E+02  0.000000000E+00  2.499350428E-02 
       907  3.265000000E+02  0.000000000E+00  2.499405121E-02 
       908  3.267500000E+02  0.000000000E+00  2.499456808E-02 
       909  3.270000000E+02  0.000000000E+00  2.499505635E-02 
       910  3.272500000E+02  0.000000000E+00  2.499551739E-02 
       911  3.275000000E+02  0.000000000E+00  2.499595254E-02 
       912  3.277500000E+02  0.000000000E+00  2.499636309E-02 
       913  3.280000000E+02  0.000000000E+00  2.499675026E-02 
       914  3.282500000E+02  0.000000000E+00  2.499711524E-02 
       915  3.285000000E+02  0.000000000E+00  2.499745915E-02 
       916  3.287500000E+02  0.000000000E+00  2.499778308E-02 
       917  3.290000000E+02  0.000000000E+00  2.499808805E-02 
       918  3.292500000E+02  0.000000000E+00  2.499837508E-02 
       919  3.295000000E+02  0.000000000E+00  2.499864509E-02 
       920  3.297500000E+02  0.000000000E+00  2.499889900E-02 
       921  3.300000000E+02  0.000000000E+00  2.499913767E-02 
       922  3.302500000E+02  0.000000000E+00  2.499936192E-02 
       923  3.305000000E+02  0.000000000E+00  2.499957255E-02 
       924  3.307500000E+02  0.000000000E+00  2.499977030E-02 
       925  3.310000000E+02  0.000000000E+00  2.499995589E-02 
       926  3.312500000E+02  0.000000000E+00  2.500012999E-02 
       927  3.315000000E+02  0.000000000E+00  2.500029326E-02 
       928  3.317500000E+02  0.000000000E+00  2.500044630E-02 
       929  3.320000000E+02  0.000000000E+00  2.500058971E-02 
       930  3.322500000E+02  0.000000000E+00  2.500072404E-02 
       931  3.325000000E+02  0.000000000E+00  2.500084982E-02 
       932  3.327500000E+02  0.000000000E+00  2.500096754E-02 
       933  3.330000000E+02  0.000000000E+00  2.500107768E-02 
       934  3.332500000E+02  0.000000000E+00  2.500118070E-02 
       935  3.335000000E+02  0.000000000E+00  2.500127701E-02 
       936  3.337500000E+02  0.000000000E+00  2.500136702E-02 
       937  3.340000000E+02  0.000000000E+00  2.500145111E-02 
       938  3.342500000E+02  0.000000000E+00  2.500152964E-02 
       939  3.345000000E+02  0.000000000E+00  2.500160296E-02 
       940  3.347500000E+02  0.000000000E+00  2.500167137E-02 
       941  3.350000000E+02  0.000000000E+00  2.500173520E-02 
       942  3.352500000E+02  0.000000000E+00  2.500179473E-02 
       943  3.355000000E+02  0.000000000E+00  2.500185022E-02 
       944  3.357500000E+02  0.000000000E+00  2.500190193E-02 
       945  3.360000000E+02  0.000000000E+00  2.500195010E-02 
       946  3.362500000E+02  0.000000000E+00  2.500199497E-02 
       947  3.365000000E+02  0.000000000E+00  2.500203673E-02 
       948  3.367500000E+02  0.000000000E+00  2.500207560E-02 
       949  3.370000000E+02  0.000000000E+00  2.500211176E-02 
       950  3.372500000E+02  0.000000000E+00  2.500214539E-02 
       951  3.375000000E+02  0.000000000E+00  2.500217665E-02 
       952  3.377500000E+02  0.000000000E+00  2.500220571E-02 
       953  3.380000000E+02  0.000000000E+00  2.500223271E-02 
       954  3.382500000E+02  0.000000000E+00  2.500225778E-02 
       955  3.385000000E+02  0.000000000E+00  2.500228106E-02 
       956  3.387500000E+02  0.000000000E+00  2.500230266E-02 
       957  3.390000000E+02  0.000000000E+00  2.500232271E-02 
       958  3.392500000E+02  0.000000000E+00  2.500234131E-02 
       959  3.395000000E+02  0.000000000E+00  2.500235855E-02 
       960  3.397500000E+02  0.000000000E+00  2.500237453E-02 
       961  3.400000000E+02  0.000000000E+00  2.500238934E-02 
       962  3.402500000E+02  0.000000000E+00  2.500240306E-02 
       963  3.405000000E+02  0.000000000E+00  2.500241576E-02 
       964  3.407500000E+02  0.000000000E+00  2.500242752E-02 
       965  3.410000000E+02  0.000000000E+00  2.500243840E-02 
       966  3.412500000E+02  0.000000000E+00  2.500244846E-02 
       967  3.415000000E+02  0.000000000E+00  2.500245777E-02 
       968  3.417500000E+02  0.000000000E+00  2.500246637E-02 
       969  3.420000000E+02  0.000000000E+00  2.500247432E-02 
       970  3.422500000E+02  0.000000000E+00  2.500248166E-02 
       971  3.425000000E+02  0.000000000E+00  2.500248844E-02 
       972  3.427500000E+02  0.000000000E+00  2.500249470E-02 
       973  3.430000000E+02  0.000000000E+00  2.500250047E-02 
       974  3.432500000E+02  0.000000000E+00  2.500250579E-02 
       975  3.435000000E+02  0.000000000E+00  2.500251069E-02 
       976  3.437500000E+02  0.000000000E+00  2.500251520E-02 
       977  3.440000000E+02  0.000000000E+00  2.500251935E-02 
       978  3.442500000E+02  0.000000000E+00  2.500252317E-02 
       979  3.445000000E+02  0.000000000E+00  2.500252668E-02 
       980  3.447500000E+02  0.000000000E+00  2.500252990E-02 
       981  3.450000000E+02  0.000000000E+00  2.500253285E-02 
       982  3.452500000E+02  0.000000000E+00  2.500253555E-02 
       983  3.455000000E+02  0.000000000E+00  2.500253802E-02 
       984  3.457500000E+02  0.000000000E+00  2.500254027E-02 
       985  3.460000000E+02  0.000000000E+00  2.500254233E-02 
       986  3.462500000E+02  0.000000000E+00  2.500254419E-02 
       987  3.465000000E+02  0.000000000E+00  2.500254588E-02 
       988  3.467500000E+02  0.000000000E+00  2.500254741E-02 
       989  3.470000000E+02  0.000000000E+00  2.500254878E-02 
       990  3.472500000E+02  0.000000000E+00  2.500255000E-02 
       991  3.475000000E+02  0.000000000E+00  2.500255109E-02 
       992  3.477500000E+02  0.000000000E+00  2.500255205E-02 
       993  3.480000000E+02  0.000000000E+00  2.500255289E-02 
       994  3.482500000E+02  0.000000000E+00  2.500255361E-02 
       995  3.485000000E+02  0.000000000E+00  2.500255421E-02 
       996  3.487500000E+02  0.000000000E+00  2.500255471E-02 
       997  3.490000000E+02  0.000000000E+00  2.500255510E-02 
       998  3.492500000E+02  0.000000000E+00  2.500255538E-02 
       999  3.495000000E+02  0.000000000E+00  2.500255557E-02 
      1000  3.497500000E+02  0.000000000E+00  2.500255566E-02 
      1001  3.500000000E+02  0.000000000E+00  2.500255564E-02 
      1002  3.502500000E+02  0.000000000E+00  2.500255553E-02 
      1003  3.505000000E+02  0.000000000E+00  2.500255532E-02 
      1004  3.507500000E+02  0.000000000E+00  2.500255501E-02 
      1005  3.510000000E+02  0.000000000E+00  2.500255459E-02 
      1006  3.512500000E+02  0.000000000E+00  2.500255406E-02 
      1007  3.515000000E+02  0.000000000E+00  2.500255343E-02 
      1008  3.517500000E+02  0.000000000E+00  2.500255268E-02 
      1009  3.520000000E+02  0.000000000E+00  2.500255181E-02 
      1010  3.522500000E+02  0.000000000E+00  2.500255081E-02 
      1011  3.525000000E+02  0.000000000E+00  2.500254968E-02 
      1012  3.527500000E+02  0.000000000E+00  2.500254841E-02 
      1013  3.530000000E+02  0.000000000E+00  2.500254699E-02 
      1014  3.532500000E+02  0.000000000E+00  2.500254541E-02 
      1015  3.535000000E+02  0.000000000E+00  2.500254366E-02 
      1016  3.537500000E+02  0.000000000E+00  2.500254173E-02 
      1017  3.540000000E+02  0.000000000E+00  2.500253961E-02 
      1018  3.542500000E+02  0.000000000E+00  2.500253727E-02 
      1019  3.545000000E+02  0.000000000E+00  2.500253472E-02 
      1020  3.547500000E+02  0.000000000E+00  2.500253192E-02 
      1021  3.550000000E+02  0.000000000E+00  2.500252886E-02 
      1022  3.552500000E+02  0.000000000E+00  2.500252553E-02 
      1023  3.555000000E+02  0.000000000E+00  2.500252190E-02 
      1024  3.557500000E+02  0.000000000E+00  2.500251794E-02 
      1025  3.560000000E+02  0.000000000E+00  2.500251363E-02 
      1026  3.562500000E+02  0.000000000E+00  2.500250895E-02 
      1027  3.565000000E+02  0.000000000E+00  2.500250386E-02 
      1028  3.567500000E+02  0.000000000E+00  2.500249834E-02 
      1029  3.570000000E+02  0.000000000E+00  2.500249234E-02 
      1030  3.572500000E+02  0.000000000E+00  2.500248583E-02 
      1031  3.575000000E+02  0.000000000E+00  2.500247878E-02 
      1032  3.577500000E+02  0.000000000E+00  2.500247113E-02 
      1033  3.580000000E+02  0.000000000E+00  2.500246285E-02 
      1034  3.582500000E+02  0.000000000E+00  2.500245388E-02 
      1035  3.585000000E+02  0.000000000E+00  2.500244417E-02 
      1036  3.587500000E+02  0.000000000E+00  2.500243366E-02 
      1037  3.590000000E+02  0.000000000E+00  2.500242229E-02 
      1038  3.592500000E+02  0.000000000E+00  2.500241000E-02 
      1039  3.595000000E+02  0.000000000E+00  2.500239671E-02 
      1040  3.597500000E+02  0.000000000E+00  2.500238235E-02 
      1041  3.600000000E+02  0.000000000E+00  2.500236684E-02 
      1042  3.602500000E+02  0.000000000E+00  2.500235009E-02 
      1043  3.605000000E+02  0.000000000E+00  2.500233200E-02 
      1044  3.607500000E+02  0.000000000E+00  2.500231248E-02 
      1045  3.610000000E+02  0.000000000E+00  2.500229143E-02 
      1046  3.612500000E+02  0.000000000E+00  2.500226871E-02 
      1047  3.615000000E+02  0.000000000E+00  2.500224422E-02 
      1048  3.617500000E+02  0.000000000E+00  2.500221783E-02 
      1049  3.620000000E+02  0.000000000E+00  2.500218939E-02 
      1050  3.622500000E+02  0.000000000E+00  2.500215876E-02 
      1051  3.625000000E+02  0.000000000E+00  2.500212577E-02 
      1052  3.627500000E+02  0.000000000E+00  2.500209027E-02 
      1053  3.630000000E+02  0.000000000E+00  2.500205206E-02 
      1054  3.632500000E+02  0.000000000E+00  2.500201096E-02 
      1055  3.635000000E+02  0.000000000E+00  2.500196676E-02 
      1056  3.637500000E+02  0.000000000E+00  2.500191925E-02 
      1057  3.640000000E+02  0.000000000E+00  2.500186819E-02 
      1058  3.642500000E+02  0.000000000E+00  2.500181334E-02 
      1059  3.645000000E+02  0.000000000E+00  2.500175444E-02 
      1060  3.647500000E+02  0.000000000E+00  2.500169121E-02 
      1061  3.650000000E+02  0.000000000E+00  2.500162336E-02 
      1062  3.652500000E+02  0.000000000E+00  2.500155056E-02 
      1063  3.655000000E+02  0.000000000E+00  2.500147250E-02 
      1064  3.657500000E+02  0.000000000E+00  2.500138882E-02 
      1065  3.660000000E+02  0.000000000E+00  2.500129914E-02 
      1066  3.662500000E+02  0.000000000E+00  2.500120308E-02 
      1067  3.665000000E+02  0.000000000E+00  2.500110021E-02 
      1068  3.667500000E+02  0.000000000E+00  2.500099010E-02 
      1069  3.670000000E+02  0.000000000E+00  2.500087227E-02 
      1070  3.672500000E+02  0.000000000E+00  2.500074623E-02 
      1071  3.675000000E+02  0.000000000E+00  2.500061147E-02 
      1072  3.677500000E+02  0.000000000E+00  2.500046742E-02 
      1073  3.680000000E+02  0.000000000E+00  2.500031352E-02 
      1074  3.682500000E+02  0.000000000E+00  2.500014915E-02 
      1075  3.685000000E+02  0.000000000E+00  2.499997366E-02 
      1076  3.687500000E+02  0.000000000E+00  2.499978638E-02 
      1077  3.690000000E+02  0.000000000E+00  2.499958659E-02 
      1078  3.692500000E+02  0.000000000E+00  2.499937354E-02 
      1079  3.695000000E+02  0.000000000E+00  2.499914643E-02 
      1080  3.697500000E+02  0.000000000E+00  2.499890445E-02 
      1081  3.700000000E+02  0.000000000E+00  2.499864672E-02 
      1082  3.702500000E+02  0.000000000E+00  2.499837233E-02 
      1083  3.705000000E+02  0.000000000E+00  2.499808031E-02 
      1084  3.707500000E+02  0.000000000E+00  2.499776966E-02 
      1085  3.710000000E+02  0.000000000E+00  2.499743933E-02 
      1086  3.712500000E+02  0.000000000E+00  2.499708822E-02 
      1087  3.715000000E+02  0.000000000E+00  2.499671518E-02 
      1088  3.717500000E+02  0.000000000E+00  2.499631901E-02 
      1089  3.720000000E+02  0.000000000E+00  2.499589845E-02 
      1090  3.722500000E+02  0.000000000E+00  2.499545218E-02 
      1091  3.725000000E+02  0.000000000E+00  2.499497885E-02 
      1092  3.727500000E+02  0.000000000E+00  2.499447703E-02 
      1093  3.730000000E+02  0.000000000E+00  2.499394523E-02 
      1094  3.732500000E+02  0.000000000E+00  2.499338191E-02 
      1095  3.735000000E+02  0.000000000E+00  2.499278547E-02 
      1096  3.737500000E+02  0.000000000E+00  2.499215424E-02 
      1097  3.740000000E+02  0.000000000E+00  2.499148648E-02 
      1098  3.742500000E+02  0.000000000E+00  2.499078041E-02 
      1099  3.745000000E+02  0.000000000E+00  2.499003416E-02 
      1100  3.747500000E+02  0.000000000E+00  2.498924580E-02 
      1101  3.750000000E+02  0.000000000E+00  2.498841335E-02 
      1102  3.752500000E+02  0.000000000E+00  2.498753473E-02 
      1103  3.755000000E+02  0.000000000E+00  2.498660782E-02 
      1104  3.757500000E+02  0.000000000E+00  2.498563042E-02 
      1105  3.760000000E+02  0.000000000E+00  2.498460026E-02 
      1106  3.762500000E+02  0.000000000E+00  2.498351501E-02 
      1107  3.765000000E+02  0.000000000E+00  2.498237226E-02 
      1108  3.767500000E+02  0.000000000E+00  2.498116955E-02 
      1109  3.770000000E+02  0.000000000E+00  2.497990433E-02 
      1110  3.772500000E+02  0.000000000E+00  2.497857400E-02 
      1111  3.775000000E+02  0.000000000E+00  2.497717589E-02 
      1112  3.777500000E+02  0.000000000E+00  2.497570726E-02 
      1113  3.780000000E+02  0.000000000E+00  2.497416531E-02 
      1114  3.782500000E+02  0.000000000E+00  2.497254719E-02 
      1115  3.785000000E+02  0.000000000E+00  2.497084997E-02 
      1116  3.787500000E+02  0.000000000E+00  2.496907067E-02 
      1117  3.790000000E+02  0.000000000E+00  2.496720627E-02 
      1118  3.792500000E+02  0.000000000E+00  2.496525368E-02 
      1119  3.795000000E+02  0.000000000E+00  2.496320977E-02 
      1120  3.797500000E+02  0.000000000E+00  2.496107136E-02 
      1121  3.800000000E+02  0.000000000E+00  2.495883522E-02 
      1122  3.802500000E+02  0.000000000E+00  2.495649811E-02 
      1123  3.805000000E+02  0.000000000E+00  2.495405672E-02 
      1124  3.807500000E+02  0.000000000E+00  2.495150774E-02 
      1125  3.810000000E+02  0.000000000E+00  2.494884782E-02 
      1126  3.812500000E+02  0.000000000E+00  2.494607358E-02 
      1127  3.815000000E+02  0.000000000E+00  2.494318166E-02 
      1128  3.817500000E+02  0.000000000E+00  2.494016866E-02 
      1129  3.820000000E+02  0.000000000E+00  2.493703119E-02 
      1130  3.822500000E+02  0.000000000E+00  2.493376586E-02 
      1131  3.825000000E+02  0.000000000E+00  2.493036929E-02 
      1132  3.827500000E+02  0.000000000E+00  2.492683814E-02 
      1133  3.830000000E+02  0.000000000E+00  2.492316905E-02 
      1134  3.832500000E+02  0.000000000E+00  2.491935873E-02 
      1135  3.835000000E+02  0.000000000E+00  2.491540392E-02 
      1136  3.837500000E+02  0.000000000E+00  2.491130139E-02 
      1137  3.840000000E+02  0.000000000E+00  2.490704798E-02 
      1138  3.842500000E+02  0.000000000E+00  2.490264060E-02 
      1139  3.845000000E+02  0.000000000E+00  2.489807620E-02 
      1140  3.847500000E+02  0.000000000E+00  2.489335185E-02 
      1141  3.850000000E+02  0.000000000E+00  2.488846466E-02 
      1142  3.852500000E+02  0.000000000E+00  2.488341187E-02 
      1143  3.855000000E+02  0.000000000E+00  2.487819080E-02 
      1144  3.857500000E+02  0.000000000E+00  2.487279888E-02 
      1145  3.860000000E+02  0.000000000E+00  2.486723366E-02 
      1146  3.862500000E+02  0.000000000E+00  2.486149281E-02 
      1147  3.865000000E+02  0.000000000E+00  2.485557412E-02 
      1148  3.867500000E+02  0.000000000E+00  2.484947552E-02 
      1149  3.870000000E+02  0.000000000E+00  2.484319505E-02 
      1150  3.872500000E+02  0.000000000E+00  2.483673092E-02 
      1151  3.875000000E+02  0.000000000E+00  2.483008145E-02 
      1152  3.877500000E+02  0.000000000E+00  2.482324510E-02 
      1153  3.880000000E+02  0.000000000E+00  2.481622049E-02 
      1154  3.882500000E+02  0.000000000E+00  2.480900633E-02 
      1155  3.885000000E+02  0.000000000E+00  2.480160148E-02 
      1156  3.887500000E+02  0.000000000E+00  2.479400490E-02 
      1157  3.890000000E+02  0.000000000E+00  2.478621566E-02 
      1158  3.892500000E+02  0.000000000E+00  2.477823289E-02 
      1159  3.895000000E+02  0.000000000E+00  2.477005580E-02 
      1160  3.897500000E+02  0.000000000E+00  2.476168361E-02 
      1161  3.900000000E+02  0.000000000E+00  2.475311554E-02 
      1162  3.902500000E+02  0.000000000E+00  2.474435078E-02 
      1163  3.905000000E+02  0.000000000E+00  2.473538841E-02 
      1164  3.907500000E+02  0.000000000E+00  2.472622736E-02 
      1165  3.910000000E+02  0.000000000E+00  2.471686632E-02 
      1166  3.912500000E+02  0.000000000E+00  2.470730368E-02 
      1167  3.915000000E+02  0.000000000E+00  2.469753743E-02 
      1168  3.917500000E+02  0.000000000E+00  2.468756503E-02 
      1169  3.920000000E+02  0.000000000E+00  2.467738325E-02 
      1170  3.922500000E+02  0.000000000E+00  2.466698808E-02 
      1171  3.925000000E+02  0.000000000E+00  2.465637447E-02 
      1172  3.927500000E+02  0.000000000E+00  2.464553614E-02 
      1173  3.930000000E+02  0.000000000E+00  2.463446531E-02 
      1174  3.932500000E+02  0.000000000E+00  2.462315241E-02 
      1175  3.935000000E+02  0.000000000E+00  2.461158569E-02 
      1176  3.937500000E+02  0.000000000E+00  2.459975084E-02 
      1177  3.940000000E+02  0.000000000E+00  2.458763045E-02 
      1178  3.942500000E+02  0.000000000E+00  2.457520344E-02 
      1179  3.945000000E+02  0.000000000E+00  2.456244435E-02 
      1180  3.947500000E+02  0.000000000E+00  2.454932255E-02 
      1181  3.950000000E+02  0.000000000E+00  2.453580117E-02 
      1182  3.952500000E+02  0.000000000E+00  2.452183598E-02 
      1183  3.955000000E+02  0.000000000E+00  2.450737395E-02 
      1184  3.957500000E+02  0.000000000E+00  2.449235149E-02 
      1185  3.960000000E+02  0.000000000E+00  2.447669232E-02 
      1186  3.962500000E+02  0.000000000E+00  2.446030494E-02 
      1187  3.965000000E+02  0.000000000E+00  2.444307930E-02 
      1188  3.967500000E+02  0.000000000E+00  2.442488282E-02 
      1189  3.970000000E+02  0.000000000E+00  2.440555517E-02 
      1190  3.972500000E+02  0.000000000E+00  2.438490161E-02 
      1191  3.975000000E+02  0.000000000E+00  2.436268421E-02 
      1192  3.977500000E+02  0.000000000E+00  2.433861002E-02 
      1193  3.980000000E+02  0.000000000E+00  2.431231469E-02 
      1194  3.982500000E+02  0.000000000E+00  2.428333909E-02 
      1195  3.985000000E+02  0.000000000E+00  2.425109426E-02 
      1196  3.987500000E+02  0.000000000E+00  2.421480569E-02 
      1197  3.990000000E+02  0.000000000E+00  2.417341734E-02 
      1198  3.992500000E+02  0.000000000E+00  2.412540514E-02 
      1199  3.995000000E+02  0.000000000E+00  2.406835102E-02 
      1200  3.997500000E+02  0.000000000E+00  2.399775446E-02 
      1201  4.000000000E+02  0.000000000E+00  2.438537465E-02 
      1202  4.002000034E+02  0.000000000E+00  2.462649170E-02 
      1203  4.004016387E+02  0.000000000E+00  2.443039241E-02 
      1204  4.006049192E+02  0.000000000E+00  2.424564850E-02 
      1205  4.008098583E+02  0.000000000E+00  2.407175427E-02 
      1206  4.010164696E+02  0.000000000E+00  2.390822177E-02 
      1207  4.012247666E+02  0.000000000E+00  2.375458026E-02 
      1208  4.014347631E+02  0.000000000E+00  2.361037569E-02 
      1209  4.016464731E+02  0.000000000E+00  2.347517023E-02 
      1210  4.018599104E+02  0.000000000E+00  2.334854182E-02 
      1211  4.020750892E+02  0.000000000E+00  2.323008364E-02 
      1212  4.022920237E+02  0.000000000E+00  2.311940373E-02 
      1213  4.025107282E+02  0.000000000E+00  2.301653755E-02 
      1214  4.027312172E+02  0.000000000E+00  2.292104914E-02 
      1215  4.029535052E+02  0.000000000E+00  2.283213867E-02 
      1216  4.031776069E+02  0.000000000E+00  2.274951471E-02 
      1217  4.034035370E+02  0.000000000E+00  2.267285745E-02 
      1218  4.036313106E+02  0.000000000E+00  2.260185952E-02 
      1219  4.038609426E+02  0.000000000E+00  2.253622539E-02 
      1220  4.040924483E+02  0.000000000E+00  2.247567102E-02 
      1221  4.043258428E+02  0.000000000E+00  2.242210817E-02 
      1222  4.045611417E+02  0.000000000E+00  2.237325242E-02 
      1223  4.047983604E+02  0.000000000E+00  2.232661345E-02 
      1224  4.050375146E+02  0.000000000E+00  2.228398814E-02 
      1225  4.052786201E+02  0.000000000E+00  2.224514745E-02 
      1226  4.055216929E+02  0.000000000E+00  2.221251461E-02 
      1227  4.057667489E+02  0.000000000E+00  2.218843234E-02 
      1228  4.060138044E+02  0.000000000E+00  2.217183439E-02 
      1229  4.062628756E+02  0.000000000E+00  2.215544310E-02 
      1230  4.065139791E+02  0.000000000E+00  2.213715505E-02 
      1231  4.067671314E+02  0.000000000E+00  2.212281717E-02 
      1232  4.070223492E+02  0.000000000E+00  2.211057716E-02 
      1233  4.072796494E+02  0.000000000E+00  2.210066939E-02 
      1234  4.075390490E+02  0.000000000E+00  2.209192211E-02 
      1235  4.078005650E+02  0.000000000E+00  2.208213972E-02 
      1236  4.080642148E+02  0.000000000E+00  2.207429544E-02 
      1237  4.083300158E+02  0.000000000E+00  2.206783490E-02 
      1238  4.085979855E+02  0.000000000E+00  2.206254878E-02 
      1239  4.088681416E+02  0.000000000E+00  2.191631738E-02 
      1240  4.091405020E+02  0.000000000E+00  2.176954758E-02 
      1241  4.094150846E+02  0.000000000E+00  2.176704617E-02 
      1242  4.096919076E+02  0.000000000E+00  2.176568695E-02 
      1243  4.099709892E+02  0.000000000E+00  2.176534796E-02 
      1244  4.102523480E+02  0.000000000E+00  2.176591273E-02 
      1245  4.105360024E+02  0.000000000E+00  2.176727002E-02 
      1246  4.108219711E+02  0.000000000E+00  2.176931353E-02 
      1247  4.111102732E+02  0.000000000E+00  2.177194169E-02 
      1248  4.114009276E+02  0.000000000E+00  2.177505737E-02 
      1249  4.116939535E+02  0.000000000E+00  2.177856769E-02 
      1250  4.119893702E+02  0.000000000E+00  2.178238377E-02 
      1251  4.122871973E+02  0.000000000E+00  2.178642051E-02 
      1252  4.125874544E+02  0.000000000E+00  2.179059639E-02 
      1253  4.128901614E+02  0.000000000E+00  2.179483328E-02 
      1254  4.131953383E+02  0.000000000E+00  2.179905622E-02 
      1255  4.135030051E+02  0.000000000E+00  2.180319323E-02 
      1256  4.138131823E+02  0.000000000E+00  2.180717518E-02 
      1257  4.141258902E+02  0.000000000E+00  2.181093555E-02 
      1258  4.144411496E+02  0.000000000E+00  2.181441033E-02 
      1259  4.147589813E+02  0.000000000E+00  2.181753782E-02 
      1260  4.150794062E+02  0.000000000E+00  2.182025848E-02 
      1261  4.154024455E+02  0.000000000E+00  2.182251481E-02 
      1262  4.157281206E+02  0.000000000E+00  2.182425120E-02 
      1263  4.160564529E+02  0.000000000E+00  2.182541379E-02 
      1264  4.163874641E+02  0.000000000E+00  2.182595037E-02 
      1265  4.167211762E+02  0.000000000E+00  2.182581022E-02 
      1266  4.170576110E+02  0.000000000E+00  2.182494403E-02 
      1267  4.173967909E+02  0.000000000E+00  2.182330379E-02 
      1268  4.177387382E+02  0.000000000E+00  2.182084267E-02 
      1269  4.180834756E+02  0.000000000E+00  2.181751493E-02 
      1270  4.184310257E+02  0.000000000E+00  2.181327583E-02 
      1271  4.187814116E+02  0.000000000E+00  2.180808156E-02 
      1272  4.191346563E+02  0.000000000E+00  2.180188912E-02 
      1273  4.194907832E+02  0.000000000E+00  2.179465626E-02 
      1274  4.198498158E+02  0.000000000E+00  2.178634144E-02 
      1275  4.202117779E+02  0.000000000E+00  2.177690370E-02 
      1276  4.205766933E+02  0.000000000E+00  2.176630264E-02 
      1277  4.209445860E+02  0.000000000E+00  2.175449835E-02 
      1278  4.213154806E+02  0.000000000E+00  2.174145135E-02 
      1279  4.216894013E+02  0.000000000E+00  2.172712254E-02 
      1280  4.220663728E+02  0.000000000E+00  2.171147315E-02 
      1281  4.224464202E+02  0.000000000E+00  2.169446470E-02 
      1282  4.228295685E+02  0.000000000E+00  2.167605895E-02 
      1283  4.232158429E+02  0.000000000E+00  2.165621786E-02 
      1284  4.236052691E+02  0.000000000E+00  2.163490359E-02 
      1285  4.239978726E+02  0.000000000E+00  2.161207842E-02 
      1286  4.243936795E+02  0.000000000E+00  2.158770476E-02 
      1287  4.247927158E+02  0.000000000E+00  2.156174509E-02 
      1288  4.251950080E+02  0.000000000E+00  2.153416198E-02 
      1289  4.256005825E+02  0.000000000E+00  2.150491803E-02 
      1290  4.260094662E+02  0.000000000E+00  2.147397588E-02 
      1291  4.264216861E+02  0.000000000E+00  2.144129820E-02 
      1292  4.268372694E+02  0.000000000E+00  2.140684764E-02 
      1293  4.272562434E+02  0.000000000E+00  2.137058686E-02 
      1294  4.276786360E+02  0.000000000E+00  2.133247852E-02 
      1295  4.281044750E+02  0.000000000E+00  2.129248523E-02 
      1296  4.285337884E+02  0.000000000E+00  2.125056963E-02 
      1297  4.289666047E+02  0.000000000E+00  2.120669430E-02 
      1298  4.294029525E+02  0.000000000E+00  2.116082180E-02 
      1299  4.298428605E+02  0.000000000E+00  2.111291471E-02 
      1300  4.302863578E+02  0.000000000E+00  2.106293557E-02 
      1301  4.307334737E+02  0.000000000E+00  2.101084690E-02 
      1302  4.311842377E+02  0.000000000E+00  2.095661124E-02 
      1303  4.316386795E+02  0.000000000E+00  2.090019114E-02 
      1304  4.320968293E+02  0.000000000E+00  2.084154914E-02 
      1305  4.325587172E+02  0.000000000E+00  2.078064784E-02 
      1306  4.330243737E+02  0.000000000E+00  2.071744985E-02 
      1307  4.334938296E+02  0.000000000E+00  2.065191785E-02 
      1308  4.339671159E+02  0.000000000E+00  2.058401457E-02 
      1309  4.344442638E+02  0.000000000E+00  2.051370284E-02 
      1310  4.349253049E+02  0.000000000E+00  2.044094556E-02 
      1311  4.354102708E+02  0.000000000E+00  2.036570576E-02 
      1312  4.358991937E+02  0.000000000E+00  2.028794658E-02 
      1313  4.363921059E+02  0.000000000E+00  2.020763132E-02 
      1314  4.368890398E+02  0.000000000E+00  2.012472342E-02 
      1315  4.373900283E+02  0.000000000E+00  2.003918652E-02 
      1316  4.378951044E+02  0.000000000E+00  1.995098445E-02 
      1317  4.384043016E+02  0.000000000E+00  1.986008126E-02 
      1318  4.389176534E+02  0.000000000E+00  1.976644123E-02 
      1319  4.394351937E+02  0.000000000E+00  1.967002890E-02 
      1320  4.399569568E+02  0.000000000E+00  1.957080909E-02 
      1321  4.404829770E+02  0.000000000E+00  1.946874691E-02 
      1322  4.410132892E+02  0.000000000E+00  1.936380780E-02 
      1323  4.415479282E+02  0.000000000E+00  1.925595752E-02 
      1324  4.420869295E+02  0.000000000E+00  1.914516219E-02 
      1325  4.426303286E+02  0.000000000E+00  1.903138833E-02 
      1326  4.431781614E+02  0.000000000E+00  1.891460284E-02 
      1327  4.437304641E+02  0.000000000E+00  1.879477305E-02 
      1328  4.442872731E+02  0.000000000E+00  1.867186671E-02 
      1329  4.448486253E+02  0.000000000E+00  1.854585207E-02 
      1330  4.454145576E+02  0.000000000E+00  1.841669784E-02 
      1331  4.459851075E+02  0.000000000E+00  1.828437324E-02 
      1332  4.465603126E+02  0.000000000E+00  1.814884801E-02 
      1333  4.471402109E+02  0.000000000E+00  1.801009245E-02 
      1334  4.477248408E+02  0.000000000E+00  1.786807740E-02 
      1335  4.483142407E+02  0.000000000E+00  1.772277430E-02 
      1336  4.489084497E+02  0.000000000E+00  1.757415521E-02 
      1337  4.495075070E+02  0.000000000E+00  1.742219279E-02 
      1338  4.501114521E+02  0.000000000E+00  1.726686036E-02 
      1339  4.507203248E+02  0.000000000E+00  1.710813190E-02 
      1340  4.513341655E+02  0.000000000E+00  1.694598206E-02 
      1341  4.519530147E+02  0.000000000E+00  1.678038621E-02 
      1342  4.525769132E+02  0.000000000E+00  1.661132042E-02 
      1343  4.532059021E+02  0.000000000E+00  1.643876150E-02 
      1344  4.538400232E+02  0.000000000E+00  1.626268701E-02 
      1345  4.544793181E+02  0.000000000E+00  1.608307528E-02 
      1346  4.551238292E+02  0.000000000E+00  1.589990542E-02 
      1347  4.557735990E+02  0.000000000E+00  1.571315735E-02 
      1348  4.564286703E+02  0.000000000E+00  1.552281178E-02 
      1349  4.570890866E+02  0.000000000E+00  1.532885026E-02 
      1350  4.577548913E+02  0.000000000E+00  1.513125517E-02 
      1351  4.584261284E+02  0.000000000E+00  1.493000977E-02 
      1352  4.591028423E+02  0.000000000E+00  1.472509814E-02 
      1353  4.597850777E+02  0.000000000E+00  1.451650527E-02 
      1354  4.604728795E+02  0.000000000E+00  1.430421703E-02 
      1355  4.611662932E+02  0.000000000E+00  1.408822018E-02 
      1356  4.618653647E+02  0.000000000E+00  1.386850239E-02 
      1357  4.625701400E+02  0.000000000E+00  1.364505224E-02 
      1358  4.632806657E+02  0.000000000E+00  1.341785923E-02 
      1359  4.639969887E+02  0.000000000E+00  1.318691380E-02 
      1360  4.647191564E+02  0.000000000E+00  1.295220734E-02 
      1361  4.654472164E+02  0.000000000E+00  1.271373215E-02 
      1362  4.661812167E+02  0.000000000E+00  1.247148152E-02 
      1363  4.669212059E+02  0.000000000E+00  1.222544966E-02 
      1364  4.676672328E+02  0.000000000E+00  1.197563177E-02 
      1365  4.684193468E+02  0.000000000E+00  1.172202399E-02 
      1366  4.691775973E+02  0.000000000E+00  1.146462347E-02 
      1367  4.699420346E+02  0.000000000E+00  1.120342831E-02 
      1368  4.707127091E+02  0.000000000E+00  1.093843759E-02 
      1369  4.714896716E+02  0.000000000E+00  1.066965139E-02 
      1370  4.722729736E+02  0.000000000E+00  1.039707077E-02 
      1371  4.730626666E+02  0.000000000E+00  1.012069778E-02 
      1372  4.738588030E+02  0.000000000E+00  9.840535498E-03 
      1373  4.746614352E+02  0.000000000E+00  9.556587980E-03 
      1374  4.754706162E+02  0.000000000E+00  9.268860301E-03 
      1375  4.762863994E+02  0.000000000E+00  8.977358553E-03 
      1376  4.771088389E+02  0.000000000E+00  8.682089830E-03 
      1377  4.779379887E+02  0.000000000E+00  8.383062250E-03 
      1378  4.787739038E+02  0.000000000E+00  8.080284924E-03 
      1379  4.796166392E+02  0.000000000E+00  7.773767944E-03 
      1380  4.804662507E+02  0.000000000E+00  7.463522339E-03 
      1381  4.813227944E+02  0.000000000E+00  7.149560003E-03 
      1382  4.821863268E+02  0.000000000E+00  6.831893560E-03 
      1383  4.830569049E+02  0.000000000E+00  6.510536156E-03 
      1384  4.839345862E+02  0.000000000E+00  6.185501102E-03 
      1385  4.848194287E+02  0.000000000E+00  5.856801303E-03 
      1386  4.857114908E+02  0.000000000E+00  5.524448357E-03 
      1387  4.866108314E+02  0.000000000E+00  5.188451095E-03 
      1388  4.875175099E+02  0.000000000E+00  4.848813323E-03 
      1389  4.884315862E+02  0.000000000E+00  4.505530258E-03 
      1390  4.893531206E+02  0.000000000E+00  4.158582998E-03 
      1391  4.902821741E+02  0.000000000E+00  3.807929986E-03 
      1392  4.912188078E+02  0.000000000E+00  3.453493867E-03 
      1393  4.921630837E+02  0.000000000E+00  3.095141448E-03 
      1394  4.931150642E+02  0.000000000E+00  2.732653252E-03 
      1395  4.940748120E+02  0.000000000E+00  2.365677482E-03 
      1396  4.950423907E+02  0.000000000E+00  1.993660698E-03 
      1397  4.960178639E+02  0.000000000E+00  1.615744146E-03 
      1398  4.970012963E+02  0.000000000E+00  1.230609709E-03 
      1399  4.979927527E+02  0.000000000E+00  8.362603723E-04 
      1400  4.989922986E+02  0.000000000E+00  4.281979654E-04 
      1401  5.000000000E+02  0.000000000E+00  2.190450694E-04 
