nodenumber     x-coordinate     y-coordinate           udm-10 
         1  0.000000000E+00  0.000000000E+00 -7.854728479E-05 
         2  1.007701384E+00  0.000000000E+00 -1.565986593E-04 
         3  2.007247274E+00  0.000000000E+00 -3.109932750E-04 
         4  2.998703673E+00  0.000000000E+00 -4.637665856E-04 
         5  3.982136051E+00  0.000000000E+00 -6.154268629E-04 
         6  4.957609346E+00  0.000000000E+00 -7.659617248E-04 
         7  5.925187975E+00  0.000000000E+00 -9.153702227E-04 
         8  6.884935829E+00  0.000000000E+00 -1.063656770E-03 
         9  7.836916284E+00  0.000000000E+00 -1.210829402E-03 
        10  8.781192203E+00  0.000000000E+00 -1.356898552E-03 
        11  9.717825941E+00  0.000000000E+00 -1.501876210E-03 
        12  1.064687935E+01  0.000000000E+00 -1.645775336E-03 
        13  1.156841377E+01  0.000000000E+00 -1.788609454E-03 
        14  1.248249006E+01  0.000000000E+00 -1.930392375E-03 
        15  1.338916858E+01  0.000000000E+00 -2.071137999E-03 
        16  1.428850920E+01  0.000000000E+00 -2.210860192E-03 
        17  1.518057130E+01  0.000000000E+00 -2.349572686E-03 
        18  1.606541380E+01  0.000000000E+00 -2.487289025E-03 
        19  1.694309512E+01  0.000000000E+00 -2.624022522E-03 
        20  1.781367322E+01  0.000000000E+00 -2.759786233E-03 
        21  1.867720559E+01  0.000000000E+00 -2.894592943E-03 
        22  1.953374925E+01  0.000000000E+00 -3.028455156E-03 
        23  2.038336076E+01  0.000000000E+00 -3.161385088E-03 
        24  2.122609622E+01  0.000000000E+00 -3.293394671E-03 
        25  2.206201128E+01  0.000000000E+00 -3.424495555E-03 
        26  2.289116114E+01  0.000000000E+00 -3.554699103E-03 
        27  2.371360056E+01  0.000000000E+00 -3.684016408E-03 
        28  2.452938383E+01  0.000000000E+00 -3.812458286E-03 
        29  2.533856484E+01  0.000000000E+00 -3.940035292E-03 
        30  2.614119701E+01  0.000000000E+00 -4.066757719E-03 
        31  2.693733335E+01  0.000000000E+00 -4.192635606E-03 
        32  2.772702642E+01  0.000000000E+00 -4.317678747E-03 
        33  2.851032837E+01  0.000000000E+00 -4.441896693E-03 
        34  2.928729093E+01  0.000000000E+00 -4.565298763E-03 
        35  3.005796541E+01  0.000000000E+00 -4.687894047E-03 
        36  3.082240268E+01  0.000000000E+00 -4.809691411E-03 
        37  3.158065324E+01  0.000000000E+00 -4.930699509E-03 
        38  3.233276716E+01  0.000000000E+00 -5.050926782E-03 
        39  3.307879409E+01  0.000000000E+00 -5.170381469E-03 
        40  3.381878330E+01  0.000000000E+00 -5.289071610E-03 
        41  3.455278365E+01  0.000000000E+00 -5.407005052E-03 
        42  3.528084362E+01  0.000000000E+00 -5.524189458E-03 
        43  3.600301127E+01  0.000000000E+00 -5.640632306E-03 
        44  3.671933431E+01  0.000000000E+00 -5.756340900E-03 
        45  3.742986002E+01  0.000000000E+00 -5.871322371E-03 
        46  3.813463533E+01  0.000000000E+00 -5.985583687E-03 
        47  3.883370678E+01  0.000000000E+00 -6.099131652E-03 
        48  3.952712052E+01  0.000000000E+00 -6.211972916E-03 
        49  4.021492235E+01  0.000000000E+00 -6.324113975E-03 
        50  4.089715769E+01  0.000000000E+00 -6.435561182E-03 
        51  4.157387159E+01  0.000000000E+00 -6.546320743E-03 
        52  4.224510872E+01  0.000000000E+00 -6.656398729E-03 
        53  4.291091342E+01  0.000000000E+00 -6.765801075E-03 
        54  4.357132966E+01  0.000000000E+00 -6.874533588E-03 
        55  4.422640104E+01  0.000000000E+00 -6.982601948E-03 
        56  4.487617081E+01  0.000000000E+00 -7.090011715E-03 
        57  4.552068189E+01  0.000000000E+00 -7.196768328E-03 
        58  4.615997684E+01  0.000000000E+00 -7.302877114E-03 
        59  4.679409786E+01  0.000000000E+00 -7.408343290E-03 
        60  4.742308684E+01  0.000000000E+00 -7.513171962E-03 
        61  4.804698530E+01  0.000000000E+00 -7.617368137E-03 
        62  4.866583446E+01  0.000000000E+00 -7.720936719E-03 
        63  4.927967516E+01  0.000000000E+00 -7.823882514E-03 
        64  4.988854795E+01  0.000000000E+00 -7.926210237E-03 
        65  5.049249303E+01  0.000000000E+00 -8.027924510E-03 
        66  5.109155028E+01  0.000000000E+00 -8.129029867E-03 
        67  5.168575926E+01  0.000000000E+00 -8.229530758E-03 
        68  5.227515921E+01  0.000000000E+00 -8.329431549E-03 
        69  5.285978905E+01  0.000000000E+00 -8.428736530E-03 
        70  5.343968738E+01  0.000000000E+00 -8.527449911E-03 
        71  5.401489250E+01  0.000000000E+00 -8.625575829E-03 
        72  5.458544238E+01  0.000000000E+00 -8.723118350E-03 
        73  5.515137472E+01  0.000000000E+00 -8.820081470E-03 
        74  5.571272686E+01  0.000000000E+00 -8.916469119E-03 
        75  5.626953590E+01  0.000000000E+00 -9.012285163E-03 
        76  5.682183858E+01  0.000000000E+00 -9.107533406E-03 
        77  5.736967139E+01  0.000000000E+00 -9.202217592E-03 
        78  5.791307049E+01  0.000000000E+00 -9.296341409E-03 
        79  5.845207178E+01  0.000000000E+00 -9.389908490E-03 
        80  5.898671083E+01  0.000000000E+00 -9.482922415E-03 
        81  5.951702297E+01  0.000000000E+00 -9.575386713E-03 
        82  6.004304320E+01  0.000000000E+00 -9.667304867E-03 
        83  6.056480627E+01  0.000000000E+00 -9.758680314E-03 
        84  6.108234661E+01  0.000000000E+00 -9.849516448E-03 
        85  6.159569842E+01  0.000000000E+00 -9.939816620E-03 
        86  6.210489559E+01  0.000000000E+00 -1.002958415E-02 
        87  6.260997174E+01  0.000000000E+00 -1.011882231E-02 
        88  6.311096022E+01  0.000000000E+00 -1.020753435E-02 
        89  6.360789412E+01  0.000000000E+00 -1.029572348E-02 
        90  6.410080625E+01  0.000000000E+00 -1.038339291E-02 
        91  6.458972916E+01  0.000000000E+00 -1.047054579E-02 
        92  6.507469514E+01  0.000000000E+00 -1.055718527E-02 
        93  6.555573621E+01  0.000000000E+00 -1.064331448E-02 
        94  6.603288413E+01  0.000000000E+00 -1.072893655E-02 
        95  6.650617042E+01  0.000000000E+00 -1.081405458E-02 
        96  6.697562632E+01  0.000000000E+00 -1.089867168E-02 
        97  6.744128283E+01  0.000000000E+00 -1.098279095E-02 
        98  6.790317071E+01  0.000000000E+00 -1.106641553E-02 
        99  6.836132046E+01  0.000000000E+00 -1.114954854E-02 
       100  6.881576232E+01  0.000000000E+00 -1.123219314E-02 
       101  6.926652631E+01  0.000000000E+00 -1.131435250E-02 
       102  6.971364219E+01  0.000000000E+00 -1.139602985E-02 
       103  7.015713949E+01  0.000000000E+00 -1.147722845E-02 
       104  7.059704749E+01  0.000000000E+00 -1.155795163E-02 
       105  7.103339524E+01  0.000000000E+00 -1.163820278E-02 
       106  7.146621156E+01  0.000000000E+00 -1.171798536E-02 
       107  7.189552503E+01  0.000000000E+00 -1.179730293E-02 
       108  7.232136399E+01  0.000000000E+00 -1.187615918E-02 
       109  7.274375656E+01  0.000000000E+00 -1.195455789E-02 
       110  7.316273064E+01  0.000000000E+00 -1.203250301E-02 
       111  7.357831389E+01  0.000000000E+00 -1.210999864E-02 
       112  7.399053376E+01  0.000000000E+00 -1.218704906E-02 
       113  7.439941746E+01  0.000000000E+00 -1.226365877E-02 
       114  7.480499201E+01  0.000000000E+00 -1.233983251E-02 
       115  7.520728416E+01  0.000000000E+00 -1.241557527E-02 
       116  7.560632051E+01  0.000000000E+00 -1.249089236E-02 
       117  7.600212738E+01  0.000000000E+00 -1.256578940E-02 
       118  7.639473092E+01  0.000000000E+00 -1.264027238E-02 
       119  7.678415706E+01  0.000000000E+00 -1.271434773E-02 
       120  7.717043151E+01  0.000000000E+00 -1.278802232E-02 
       121  7.755357977E+01  0.000000000E+00 -1.286130352E-02 
       122  7.793362715E+01  0.000000000E+00 -1.293419927E-02 
       123  7.831059875E+01  0.000000000E+00 -1.300671816E-02 
       124  7.868451945E+01  0.000000000E+00 -1.307886943E-02 
       125  7.905541395E+01  0.000000000E+00 -1.315066309E-02 
       126  7.942330674E+01  0.000000000E+00 -1.322211000E-02 
       127  7.978822211E+01  0.000000000E+00 -1.329322191E-02 
       128  8.015018416E+01  0.000000000E+00 -1.336401160E-02 
       129  8.050921679E+01  0.000000000E+00 -1.343449295E-02 
       130  8.086534371E+01  0.000000000E+00 -1.350468102E-02 
       131  8.121858844E+01  0.000000000E+00 -1.357459223E-02 
       132  8.156897429E+01  0.000000000E+00 -1.364424440E-02 
       133  8.191652442E+01  0.000000000E+00 -1.371365697E-02 
       134  8.226126177E+01  0.000000000E+00 -1.378285104E-02 
       135  8.260320909E+01  0.000000000E+00 -1.385184962E-02 
       136  8.294238899E+01  0.000000000E+00 -1.392067770E-02 
       137  8.327882384E+01  0.000000000E+00 -1.398936250E-02 
       138  8.361253587E+01  0.000000000E+00 -1.405793362E-02 
       139  8.394354712E+01  0.000000000E+00 -1.412642323E-02 
       140  8.427187943E+01  0.000000000E+00 -1.419486629E-02 
       141  8.459755450E+01  0.000000000E+00 -1.426330079E-02 
       142  8.492059382E+01  0.000000000E+00 -1.433176797E-02 
       143  8.524101873E+01  0.000000000E+00 -1.440031259E-02 
       144  8.555885039E+01  0.000000000E+00 -1.446898319E-02 
       145  8.587410979E+01  0.000000000E+00 -1.453783239E-02 
       146  8.618681774E+01  0.000000000E+00 -1.460691718E-02 
       147  8.649699489E+01  0.000000000E+00 -1.467629926E-02 
       148  8.680466173E+01  0.000000000E+00 -1.474604538E-02 
       149  8.710983857E+01  0.000000000E+00 -1.481622768E-02 
       150  8.741254556E+01  0.000000000E+00 -1.488692412E-02 
       151  8.771280270E+01  0.000000000E+00 -1.495821883E-02 
       152  8.801062980E+01  0.000000000E+00 -1.503020255E-02 
       153  8.830604654E+01  0.000000000E+00 -1.510297313E-02 
       154  8.859907242E+01  0.000000000E+00 -1.517663589E-02 
       155  8.888972679E+01  0.000000000E+00 -1.525130424E-02 
       156  8.917802885E+01  0.000000000E+00 -1.532710010E-02 
       157  8.946399764E+01  0.000000000E+00 -1.540415447E-02 
       158  8.974765203E+01  0.000000000E+00 -1.548260803E-02 
       159  9.002901076E+01  0.000000000E+00 -1.556261170E-02 
       160  9.030809241E+01  0.000000000E+00 -1.564432724E-02 
       161  9.058491540E+01  0.000000000E+00 -1.572792796E-02 
       162  9.085949802E+01  0.000000000E+00 -1.581359930E-02 
       163  9.113185839E+01  0.000000000E+00 -1.590153961E-02 
       164  9.140201451E+01  0.000000000E+00 -1.599196084E-02 
       165  9.166998421E+01  0.000000000E+00 -1.608508927E-02 
       166  9.193578518E+01  0.000000000E+00 -1.618116631E-02 
       167  9.219943499E+01  0.000000000E+00 -1.628044931E-02 
       168  9.246095103E+01  0.000000000E+00 -1.638321234E-02 
       169  9.272035058E+01  0.000000000E+00 -1.648974714E-02 
       170  9.297765077E+01  0.000000000E+00 -1.660036390E-02 
       171  9.323286858E+01  0.000000000E+00 -1.671538542E-02 
       172  9.348602087E+01  0.000000000E+00 -1.683516905E-02 
       173  9.373712436E+01  0.000000000E+00 -1.695750982E-02 
       174  9.398619563E+01  0.000000000E+00 -1.708485683E-02 
       175  9.423325112E+01  0.000000000E+00 -1.722015011E-02 
       176  9.447830715E+01  0.000000000E+00 -1.744702498E-02 
       177  9.472137990E+01  0.000000000E+00 -1.767682407E-02 
       178  9.496248543E+01  0.000000000E+00 -1.782751639E-02 
       179  9.520163964E+01  0.000000000E+00 -1.798412710E-02 
       180  9.543885834E+01  0.000000000E+00 -1.814237672E-02 
       181  9.567415720E+01  0.000000000E+00 -1.831114657E-02 
       182  9.590755173E+01  0.000000000E+00 -1.849596538E-02 
       183  9.613905737E+01  0.000000000E+00 -1.869205833E-02 
       184  9.636868940E+01  0.000000000E+00 -1.889830807E-02 
       185  9.659646297E+01  0.000000000E+00 -1.911537975E-02 
       186  9.682239314E+01  0.000000000E+00 -1.934397152E-02 
       187  9.704649481E+01  0.000000000E+00 -1.958453411E-02 
       188  9.726878279E+01  0.000000000E+00 -1.983845494E-02 
       189  9.748927176E+01  0.000000000E+00 -2.010708893E-02 
       190  9.770797628E+01  0.000000000E+00 -2.039085465E-02 
       191  9.792491078E+01  0.000000000E+00 -2.069126593E-02 
       192  9.814008960E+01  0.000000000E+00 -2.100876797E-02 
       193  9.835352693E+01  0.000000000E+00 -2.134359559E-02 
       194  9.856523689E+01  0.000000000E+00 -2.169722372E-02 
       195  9.877523344E+01  0.000000000E+00 -2.206802795E-02 
       196  9.898353045E+01  0.000000000E+00 -2.245931652E-02 
       197  9.919014168E+01  0.000000000E+00 -2.287493181E-02 
       198  9.939508077E+01  0.000000000E+00 -2.331397078E-02 
       199  9.959836126E+01  0.000000000E+00 -2.377775475E-02 
       200  9.979999657E+01  0.000000000E+00 -2.426766870E-02 
       201  1.000000000E+02  0.000000000E+00 -2.364171489E-02 
       202  1.002500000E+02  0.000000000E+00 -2.264612804E-02 
       203  1.005000000E+02  0.000000000E+00 -2.282572348E-02 
       204  1.007500000E+02  0.000000000E+00 -2.297135890E-02 
       205  1.010000000E+02  0.000000000E+00 -2.309400223E-02 
       206  1.012500000E+02  0.000000000E+00 -2.319958736E-02 
       207  1.015000000E+02  0.000000000E+00 -2.329187834E-02 
       208  1.017500000E+02  0.000000000E+00 -2.337349880E-02 
       209  1.020000000E+02  0.000000000E+00 -2.344638408E-02 
       210  1.022500000E+02  0.000000000E+00 -2.351201475E-02 
       211  1.025000000E+02  0.000000000E+00 -2.357155245E-02 
       212  1.027500000E+02  0.000000000E+00 -2.362592550E-02 
       213  1.030000000E+02  0.000000000E+00 -2.367588634E-02 
       214  1.032500000E+02  0.000000000E+00 -2.372205161E-02 
       215  1.035000000E+02  0.000000000E+00 -2.376493119E-02 
       216  1.037500000E+02  0.000000000E+00 -2.380494983E-02 
       217  1.040000000E+02  0.000000000E+00 -2.384246355E-02 
       218  1.042500000E+02  0.000000000E+00 -2.387777234E-02 
       219  1.045000000E+02  0.000000000E+00 -2.391113015E-02 
       220  1.047500000E+02  0.000000000E+00 -2.394275283E-02 
       221  1.050000000E+02  0.000000000E+00 -2.397282454E-02 
       222  1.052500000E+02  0.000000000E+00 -2.400150292E-02 
       223  1.055000000E+02  0.000000000E+00 -2.402892335E-02 
       224  1.057500000E+02  0.000000000E+00 -2.405520241E-02 
       225  1.060000000E+02  0.000000000E+00 -2.408044084E-02 
       226  1.062500000E+02  0.000000000E+00 -2.410472592E-02 
       227  1.065000000E+02  0.000000000E+00 -2.412813348E-02 
       228  1.067500000E+02  0.000000000E+00 -2.415072963E-02 
       229  1.070000000E+02  0.000000000E+00 -2.417257214E-02 
       230  1.072500000E+02  0.000000000E+00 -2.419371170E-02 
       231  1.075000000E+02  0.000000000E+00 -2.421419292E-02 
       232  1.077500000E+02  0.000000000E+00 -2.423405518E-02 
       233  1.080000000E+02  0.000000000E+00 -2.425333338E-02 
       234  1.082500000E+02  0.000000000E+00 -2.427205860E-02 
       235  1.085000000E+02  0.000000000E+00 -2.429025858E-02 
       236  1.087500000E+02  0.000000000E+00 -2.430795821E-02 
       237  1.090000000E+02  0.000000000E+00 -2.432517994E-02 
       238  1.092500000E+02  0.000000000E+00 -2.434194407E-02 
       239  1.095000000E+02  0.000000000E+00 -2.435826905E-02 
       240  1.097500000E+02  0.000000000E+00 -2.437417175E-02 
       241  1.100000000E+02  0.000000000E+00 -2.438966765E-02 
       242  1.102500000E+02  0.000000000E+00 -2.440477101E-02 
       243  1.105000000E+02  0.000000000E+00 -2.441949505E-02 
       244  1.107500000E+02  0.000000000E+00 -2.443385208E-02 
       245  1.110000000E+02  0.000000000E+00 -2.444785357E-02 
       246  1.112500000E+02  0.000000000E+00 -2.446151030E-02 
       247  1.115000000E+02  0.000000000E+00 -2.447483244E-02 
       248  1.117500000E+02  0.000000000E+00 -2.448782958E-02 
       249  1.120000000E+02  0.000000000E+00 -2.450051084E-02 
       250  1.122500000E+02  0.000000000E+00 -2.451288489E-02 
       251  1.125000000E+02  0.000000000E+00 -2.452496000E-02 
       252  1.127500000E+02  0.000000000E+00 -2.453674411E-02 
       253  1.130000000E+02  0.000000000E+00 -2.454824481E-02 
       254  1.132500000E+02  0.000000000E+00 -2.455946943E-02 
       255  1.135000000E+02  0.000000000E+00 -2.457042501E-02 
       256  1.137500000E+02  0.000000000E+00 -2.458111836E-02 
       257  1.140000000E+02  0.000000000E+00 -2.459155606E-02 
       258  1.142500000E+02  0.000000000E+00 -2.460174447E-02 
       259  1.145000000E+02  0.000000000E+00 -2.461168977E-02 
       260  1.147500000E+02  0.000000000E+00 -2.462139795E-02 
       261  1.150000000E+02  0.000000000E+00 -2.463087484E-02 
       262  1.152500000E+02  0.000000000E+00 -2.464012607E-02 
       263  1.155000000E+02  0.000000000E+00 -2.464915716E-02 
       264  1.157500000E+02  0.000000000E+00 -2.465797344E-02 
       265  1.160000000E+02  0.000000000E+00 -2.466658014E-02 
       266  1.162500000E+02  0.000000000E+00 -2.467498231E-02 
       267  1.165000000E+02  0.000000000E+00 -2.468318490E-02 
       268  1.167500000E+02  0.000000000E+00 -2.469119272E-02 
       269  1.170000000E+02  0.000000000E+00 -2.469901046E-02 
       270  1.172500000E+02  0.000000000E+00 -2.470664269E-02 
       271  1.175000000E+02  0.000000000E+00 -2.471409387E-02 
       272  1.177500000E+02  0.000000000E+00 -2.472136833E-02 
       273  1.180000000E+02  0.000000000E+00 -2.472847031E-02 
       274  1.182500000E+02  0.000000000E+00 -2.473540394E-02 
       275  1.185000000E+02  0.000000000E+00 -2.474217323E-02 
       276  1.187500000E+02  0.000000000E+00 -2.474878211E-02 
       277  1.190000000E+02  0.000000000E+00 -2.475523440E-02 
       278  1.192500000E+02  0.000000000E+00 -2.476153382E-02 
       279  1.195000000E+02  0.000000000E+00 -2.476768401E-02 
       280  1.197500000E+02  0.000000000E+00 -2.477368849E-02 
       281  1.200000000E+02  0.000000000E+00 -2.477955073E-02 
       282  1.202500000E+02  0.000000000E+00 -2.478527408E-02 
       283  1.205000000E+02  0.000000000E+00 -2.479086182E-02 
       284  1.207500000E+02  0.000000000E+00 -2.479631713E-02 
       285  1.210000000E+02  0.000000000E+00 -2.480164314E-02 
       286  1.212500000E+02  0.000000000E+00 -2.480684286E-02 
       287  1.215000000E+02  0.000000000E+00 -2.481191925E-02 
       288  1.217500000E+02  0.000000000E+00 -2.481687520E-02 
       289  1.220000000E+02  0.000000000E+00 -2.482171349E-02 
       290  1.222500000E+02  0.000000000E+00 -2.482643687E-02 
       291  1.225000000E+02  0.000000000E+00 -2.483104799E-02 
       292  1.227500000E+02  0.000000000E+00 -2.483554944E-02 
       293  1.230000000E+02  0.000000000E+00 -2.483994376E-02 
       294  1.232500000E+02  0.000000000E+00 -2.484423340E-02 
       295  1.235000000E+02  0.000000000E+00 -2.484842077E-02 
       296  1.237500000E+02  0.000000000E+00 -2.485250820E-02 
       297  1.240000000E+02  0.000000000E+00 -2.485649796E-02 
       298  1.242500000E+02  0.000000000E+00 -2.486039228E-02 
       299  1.245000000E+02  0.000000000E+00 -2.486419333E-02 
       300  1.247500000E+02  0.000000000E+00 -2.486790320E-02 
       301  1.250000000E+02  0.000000000E+00 -2.487152396E-02 
       302  1.252500000E+02  0.000000000E+00 -2.487505761E-02 
       303  1.255000000E+02  0.000000000E+00 -2.487850611E-02 
       304  1.257500000E+02  0.000000000E+00 -2.488187135E-02 
       305  1.260000000E+02  0.000000000E+00 -2.488515520E-02 
       306  1.262500000E+02  0.000000000E+00 -2.488835947E-02 
       307  1.265000000E+02  0.000000000E+00 -2.489148592E-02 
       308  1.267500000E+02  0.000000000E+00 -2.489453629E-02 
       309  1.270000000E+02  0.000000000E+00 -2.489751225E-02 
       310  1.272500000E+02  0.000000000E+00 -2.490041544E-02 
       311  1.275000000E+02  0.000000000E+00 -2.490324747E-02 
       312  1.277500000E+02  0.000000000E+00 -2.490600989E-02 
       313  1.280000000E+02  0.000000000E+00 -2.490870425E-02 
       314  1.282500000E+02  0.000000000E+00 -2.491133202E-02 
       315  1.285000000E+02  0.000000000E+00 -2.491389465E-02 
       316  1.287500000E+02  0.000000000E+00 -2.491639359E-02 
       317  1.290000000E+02  0.000000000E+00 -2.491883020E-02 
       318  1.292500000E+02  0.000000000E+00 -2.492120584E-02 
       319  1.295000000E+02  0.000000000E+00 -2.492352185E-02 
       320  1.297500000E+02  0.000000000E+00 -2.492577951E-02 
       321  1.300000000E+02  0.000000000E+00 -2.492798010E-02 
       322  1.302500000E+02  0.000000000E+00 -2.493012484E-02 
       323  1.305000000E+02  0.000000000E+00 -2.493221494E-02 
       324  1.307500000E+02  0.000000000E+00 -2.493425160E-02 
       325  1.310000000E+02  0.000000000E+00 -2.493623595E-02 
       326  1.312500000E+02  0.000000000E+00 -2.493816914E-02 
       327  1.315000000E+02  0.000000000E+00 -2.494005227E-02 
       328  1.317500000E+02  0.000000000E+00 -2.494188641E-02 
       329  1.320000000E+02  0.000000000E+00 -2.494367263E-02 
       330  1.322500000E+02  0.000000000E+00 -2.494541196E-02 
       331  1.325000000E+02  0.000000000E+00 -2.494710541E-02 
       332  1.327500000E+02  0.000000000E+00 -2.494875397E-02 
       333  1.330000000E+02  0.000000000E+00 -2.495035861E-02 
       334  1.332500000E+02  0.000000000E+00 -2.495192027E-02 
       335  1.335000000E+02  0.000000000E+00 -2.495343989E-02 
       336  1.337500000E+02  0.000000000E+00 -2.495491836E-02 
       337  1.340000000E+02  0.000000000E+00 -2.495635659E-02 
       338  1.342500000E+02  0.000000000E+00 -2.495775542E-02 
       339  1.345000000E+02  0.000000000E+00 -2.495911572E-02 
       340  1.347500000E+02  0.000000000E+00 -2.496043832E-02 
       341  1.350000000E+02  0.000000000E+00 -2.496172402E-02 
       342  1.352500000E+02  0.000000000E+00 -2.496297362E-02 
       343  1.355000000E+02  0.000000000E+00 -2.496418791E-02 
       344  1.357500000E+02  0.000000000E+00 -2.496536763E-02 
       345  1.360000000E+02  0.000000000E+00 -2.496651354E-02 
       346  1.362500000E+02  0.000000000E+00 -2.496762637E-02 
       347  1.365000000E+02  0.000000000E+00 -2.496870681E-02 
       348  1.367500000E+02  0.000000000E+00 -2.496975557E-02 
       349  1.370000000E+02  0.000000000E+00 -2.497077333E-02 
       350  1.372500000E+02  0.000000000E+00 -2.497176074E-02 
       351  1.375000000E+02  0.000000000E+00 -2.497271846E-02 
       352  1.377500000E+02  0.000000000E+00 -2.497364712E-02 
       353  1.380000000E+02  0.000000000E+00 -2.497454733E-02 
       354  1.382500000E+02  0.000000000E+00 -2.497541970E-02 
       355  1.385000000E+02  0.000000000E+00 -2.497626482E-02 
       356  1.387500000E+02  0.000000000E+00 -2.497708325E-02 
       357  1.390000000E+02  0.000000000E+00 -2.497787556E-02 
       358  1.392500000E+02  0.000000000E+00 -2.497864229E-02 
       359  1.395000000E+02  0.000000000E+00 -2.497938397E-02 
       360  1.397500000E+02  0.000000000E+00 -2.498010112E-02 
       361  1.400000000E+02  0.000000000E+00 -2.498079422E-02 
       362  1.402500000E+02  0.000000000E+00 -2.498146378E-02 
       363  1.405000000E+02  0.000000000E+00 -2.498211027E-02 
       364  1.407500000E+02  0.000000000E+00 -2.498273413E-02 
       365  1.410000000E+02  0.000000000E+00 -2.498333583E-02 
       366  1.412500000E+02  0.000000000E+00 -2.498391578E-02 
       367  1.415000000E+02  0.000000000E+00 -2.498447442E-02 
       368  1.417500000E+02  0.000000000E+00 -2.498501213E-02 
       369  1.420000000E+02  0.000000000E+00 -2.498552932E-02 
       370  1.422500000E+02  0.000000000E+00 -2.498602635E-02 
       371  1.425000000E+02  0.000000000E+00 -2.498650360E-02 
       372  1.427500000E+02  0.000000000E+00 -2.498696140E-02 
       373  1.430000000E+02  0.000000000E+00 -2.498740010E-02 
       374  1.432500000E+02  0.000000000E+00 -2.498782002E-02 
       375  1.435000000E+02  0.000000000E+00 -2.498822146E-02 
       376  1.437500000E+02  0.000000000E+00 -2.498860471E-02 
       377  1.440000000E+02  0.000000000E+00 -2.498897007E-02 
       378  1.442500000E+02  0.000000000E+00 -2.498931780E-02 
       379  1.445000000E+02  0.000000000E+00 -2.498964814E-02 
       380  1.447500000E+02  0.000000000E+00 -2.498996135E-02 
       381  1.450000000E+02  0.000000000E+00 -2.499025764E-02 
       382  1.452500000E+02  0.000000000E+00 -2.499053722E-02 
       383  1.455000000E+02  0.000000000E+00 -2.499080030E-02 
       384  1.457500000E+02  0.000000000E+00 -2.499104706E-02 
       385  1.460000000E+02  0.000000000E+00 -2.499127766E-02 
       386  1.462500000E+02  0.000000000E+00 -2.499149227E-02 
       387  1.465000000E+02  0.000000000E+00 -2.499169102E-02 
       388  1.467500000E+02  0.000000000E+00 -2.499187404E-02 
       389  1.470000000E+02  0.000000000E+00 -2.499204144E-02 
       390  1.472500000E+02  0.000000000E+00 -2.499219332E-02 
       391  1.475000000E+02  0.000000000E+00 -2.499232977E-02 
       392  1.477500000E+02  0.000000000E+00 -2.499245084E-02 
       393  1.480000000E+02  0.000000000E+00 -2.499255660E-02 
       394  1.482500000E+02  0.000000000E+00 -2.499264709E-02 
       395  1.485000000E+02  0.000000000E+00 -2.499272232E-02 
       396  1.487500000E+02  0.000000000E+00 -2.499278230E-02 
       397  1.490000000E+02  0.000000000E+00 -2.499282703E-02 
       398  1.492500000E+02  0.000000000E+00 -2.499285648E-02 
       399  1.495000000E+02  0.000000000E+00 -2.499287062E-02 
       400  1.497500000E+02  0.000000000E+00 -2.499286939E-02 
       401  1.500000000E+02  0.000000000E+00 -2.499285272E-02 
       402  1.502500000E+02  0.000000000E+00 -2.499282052E-02 
       403  1.505000000E+02  0.000000000E+00 -2.499277268E-02 
       404  1.507500000E+02  0.000000000E+00 -2.499270909E-02 
       405  1.510000000E+02  0.000000000E+00 -2.499262962E-02 
       406  1.512500000E+02  0.000000000E+00 -2.499253409E-02 
       407  1.515000000E+02  0.000000000E+00 -2.499242235E-02 
       408  1.517500000E+02  0.000000000E+00 -2.499229420E-02 
       409  1.520000000E+02  0.000000000E+00 -2.499214944E-02 
       410  1.522500000E+02  0.000000000E+00 -2.499198784E-02 
       411  1.525000000E+02  0.000000000E+00 -2.499180916E-02 
       412  1.527500000E+02  0.000000000E+00 -2.499161312E-02 
       413  1.530000000E+02  0.000000000E+00 -2.499139946E-02 
       414  1.532500000E+02  0.000000000E+00 -2.499116787E-02 
       415  1.535000000E+02  0.000000000E+00 -2.499091803E-02 
       416  1.537500000E+02  0.000000000E+00 -2.499064960E-02 
       417  1.540000000E+02  0.000000000E+00 -2.499036223E-02 
       418  1.542500000E+02  0.000000000E+00 -2.499005552E-02 
       419  1.545000000E+02  0.000000000E+00 -2.498972907E-02 
       420  1.547500000E+02  0.000000000E+00 -2.498938248E-02 
       421  1.550000000E+02  0.000000000E+00 -2.498901528E-02 
       422  1.552500000E+02  0.000000000E+00 -2.498862702E-02 
       423  1.555000000E+02  0.000000000E+00 -2.498821720E-02 
       424  1.557500000E+02  0.000000000E+00 -2.498778531E-02 
       425  1.560000000E+02  0.000000000E+00 -2.498733083E-02 
       426  1.562500000E+02  0.000000000E+00 -2.498685319E-02 
       427  1.565000000E+02  0.000000000E+00 -2.498635180E-02 
       428  1.567500000E+02  0.000000000E+00 -2.498582607E-02 
       429  1.570000000E+02  0.000000000E+00 -2.498527537E-02 
       430  1.572500000E+02  0.000000000E+00 -2.498469903E-02 
       431  1.575000000E+02  0.000000000E+00 -2.498409637E-02 
       432  1.577500000E+02  0.000000000E+00 -2.498346669E-02 
       433  1.580000000E+02  0.000000000E+00 -2.498280926E-02 
       434  1.582500000E+02  0.000000000E+00 -2.498212330E-02 
       435  1.585000000E+02  0.000000000E+00 -2.498140803E-02 
       436  1.587500000E+02  0.000000000E+00 -2.498066264E-02 
       437  1.590000000E+02  0.000000000E+00 -2.497988627E-02 
       438  1.592500000E+02  0.000000000E+00 -2.497907805E-02 
       439  1.595000000E+02  0.000000000E+00 -2.497823707E-02 
       440  1.597500000E+02  0.000000000E+00 -2.497736241E-02 
       441  1.600000000E+02  0.000000000E+00 -2.497645308E-02 
       442  1.602500000E+02  0.000000000E+00 -2.497550810E-02 
       443  1.605000000E+02  0.000000000E+00 -2.497452643E-02 
       444  1.607500000E+02  0.000000000E+00 -2.497350702E-02 
       445  1.610000000E+02  0.000000000E+00 -2.497244875E-02 
       446  1.612500000E+02  0.000000000E+00 -2.497135051E-02 
       447  1.615000000E+02  0.000000000E+00 -2.497021113E-02 
       448  1.617500000E+02  0.000000000E+00 -2.496902940E-02 
       449  1.620000000E+02  0.000000000E+00 -2.496780410E-02 
       450  1.622500000E+02  0.000000000E+00 -2.496653395E-02 
       451  1.625000000E+02  0.000000000E+00 -2.496521764E-02 
       452  1.627500000E+02  0.000000000E+00 -2.496385383E-02 
       453  1.630000000E+02  0.000000000E+00 -2.496244112E-02 
       454  1.632500000E+02  0.000000000E+00 -2.496097810E-02 
       455  1.635000000E+02  0.000000000E+00 -2.495946330E-02 
       456  1.637500000E+02  0.000000000E+00 -2.495789521E-02 
       457  1.640000000E+02  0.000000000E+00 -2.495627229E-02 
       458  1.642500000E+02  0.000000000E+00 -2.495459295E-02 
       459  1.645000000E+02  0.000000000E+00 -2.495285556E-02 
       460  1.647500000E+02  0.000000000E+00 -2.495105845E-02 
       461  1.650000000E+02  0.000000000E+00 -2.494919990E-02 
       462  1.652500000E+02  0.000000000E+00 -2.494727814E-02 
       463  1.655000000E+02  0.000000000E+00 -2.494529137E-02 
       464  1.657500000E+02  0.000000000E+00 -2.494323773E-02 
       465  1.660000000E+02  0.000000000E+00 -2.494111533E-02 
       466  1.662500000E+02  0.000000000E+00 -2.493892220E-02 
       467  1.665000000E+02  0.000000000E+00 -2.493665636E-02 
       468  1.667500000E+02  0.000000000E+00 -2.493431576E-02 
       469  1.670000000E+02  0.000000000E+00 -2.493189831E-02 
       470  1.672500000E+02  0.000000000E+00 -2.492940184E-02 
       471  1.675000000E+02  0.000000000E+00 -2.492682418E-02 
       472  1.677500000E+02  0.000000000E+00 -2.492416305E-02 
       473  1.680000000E+02  0.000000000E+00 -2.492141618E-02 
       474  1.682500000E+02  0.000000000E+00 -2.491858118E-02 
       475  1.685000000E+02  0.000000000E+00 -2.491565567E-02 
       476  1.687500000E+02  0.000000000E+00 -2.491263716E-02 
       477  1.690000000E+02  0.000000000E+00 -2.490952314E-02 
       478  1.692500000E+02  0.000000000E+00 -2.490631102E-02 
       479  1.695000000E+02  0.000000000E+00 -2.490299819E-02 
       480  1.697500000E+02  0.000000000E+00 -2.489958193E-02 
       481  1.700000000E+02  0.000000000E+00 -2.489605950E-02 
       482  1.702500000E+02  0.000000000E+00 -2.489242810E-02 
       483  1.705000000E+02  0.000000000E+00 -2.488868485E-02 
       484  1.707500000E+02  0.000000000E+00 -2.488482681E-02 
       485  1.710000000E+02  0.000000000E+00 -2.488085101E-02 
       486  1.712500000E+02  0.000000000E+00 -2.487675439E-02 
       487  1.715000000E+02  0.000000000E+00 -2.487253382E-02 
       488  1.717500000E+02  0.000000000E+00 -2.486818615E-02 
       489  1.720000000E+02  0.000000000E+00 -2.486370811E-02 
       490  1.722500000E+02  0.000000000E+00 -2.485909642E-02 
       491  1.725000000E+02  0.000000000E+00 -2.485434770E-02 
       492  1.727500000E+02  0.000000000E+00 -2.484945852E-02 
       493  1.730000000E+02  0.000000000E+00 -2.484442538E-02 
       494  1.732500000E+02  0.000000000E+00 -2.483924471E-02 
       495  1.735000000E+02  0.000000000E+00 -2.483391289E-02 
       496  1.737500000E+02  0.000000000E+00 -2.482842622E-02 
       497  1.740000000E+02  0.000000000E+00 -2.482278093E-02 
       498  1.742500000E+02  0.000000000E+00 -2.481697320E-02 
       499  1.745000000E+02  0.000000000E+00 -2.481099912E-02 
       500  1.747500000E+02  0.000000000E+00 -2.480485473E-02 
       501  1.750000000E+02  0.000000000E+00 -2.479853599E-02 
       502  1.752500000E+02  0.000000000E+00 -2.479203880E-02 
       503  1.755000000E+02  0.000000000E+00 -2.478535900E-02 
       504  1.757500000E+02  0.000000000E+00 -2.477849233E-02 
       505  1.760000000E+02  0.000000000E+00 -2.477143449E-02 
       506  1.762500000E+02  0.000000000E+00 -2.476418111E-02 
       507  1.765000000E+02  0.000000000E+00 -2.475672774E-02 
       508  1.767500000E+02  0.000000000E+00 -2.474906985E-02 
       509  1.770000000E+02  0.000000000E+00 -2.474120288E-02 
       510  1.772500000E+02  0.000000000E+00 -2.473312216E-02 
       511  1.775000000E+02  0.000000000E+00 -2.472482297E-02 
       512  1.777500000E+02  0.000000000E+00 -2.471630053E-02 
       513  1.780000000E+02  0.000000000E+00 -2.470754997E-02 
       514  1.782500000E+02  0.000000000E+00 -2.469856636E-02 
       515  1.785000000E+02  0.000000000E+00 -2.468934471E-02 
       516  1.787500000E+02  0.000000000E+00 -2.467987996E-02 
       517  1.790000000E+02  0.000000000E+00 -2.467016698E-02 
       518  1.792500000E+02  0.000000000E+00 -2.466020056E-02 
       519  1.795000000E+02  0.000000000E+00 -2.464997544E-02 
       520  1.797500000E+02  0.000000000E+00 -2.463948629E-02 
       521  1.800000000E+02  0.000000000E+00 -2.462872770E-02 
       522  1.802500000E+02  0.000000000E+00 -2.461769422E-02 
       523  1.805000000E+02  0.000000000E+00 -2.460638030E-02 
       524  1.807500000E+02  0.000000000E+00 -2.459478035E-02 
       525  1.810000000E+02  0.000000000E+00 -2.458288871E-02 
       526  1.812500000E+02  0.000000000E+00 -2.457069964E-02 
       527  1.815000000E+02  0.000000000E+00 -2.455820734E-02 
       528  1.817500000E+02  0.000000000E+00 -2.454540597E-02 
       529  1.820000000E+02  0.000000000E+00 -2.453228958E-02 
       530  1.822500000E+02  0.000000000E+00 -2.451885218E-02 
       531  1.825000000E+02  0.000000000E+00 -2.450508771E-02 
       532  1.827500000E+02  0.000000000E+00 -2.449099003E-02 
       533  1.830000000E+02  0.000000000E+00 -2.447655295E-02 
       534  1.832500000E+02  0.000000000E+00 -2.446177019E-02 
       535  1.835000000E+02  0.000000000E+00 -2.444663542E-02 
       536  1.837500000E+02  0.000000000E+00 -2.443114219E-02 
       537  1.840000000E+02  0.000000000E+00 -2.441528403E-02 
       538  1.842500000E+02  0.000000000E+00 -2.439905434E-02 
       539  1.845000000E+02  0.000000000E+00 -2.438244645E-02 
       540  1.847500000E+02  0.000000000E+00 -2.436545361E-02 
       541  1.850000000E+02  0.000000000E+00 -2.434806894E-02 
       542  1.852500000E+02  0.000000000E+00 -2.433028549E-02 
       543  1.855000000E+02  0.000000000E+00 -2.431209615E-02 
       544  1.857500000E+02  0.000000000E+00 -2.429349371E-02 
       545  1.860000000E+02  0.000000000E+00 -2.427447082E-02 
       546  1.862500000E+02  0.000000000E+00 -2.425501996E-02 
       547  1.865000000E+02  0.000000000E+00 -2.423513343E-02 
       548  1.867500000E+02  0.000000000E+00 -2.421480333E-02 
       549  1.870000000E+02  0.000000000E+00 -2.419402154E-02 
       550  1.872500000E+02  0.000000000E+00 -2.417277970E-02 
       551  1.875000000E+02  0.000000000E+00 -2.415106912E-02 
       552  1.877500000E+02  0.000000000E+00 -2.412888081E-02 
       553  1.880000000E+02  0.000000000E+00 -2.410620538E-02 
       554  1.882500000E+02  0.000000000E+00 -2.408303301E-02 
       555  1.885000000E+02  0.000000000E+00 -2.405935336E-02 
       556  1.887500000E+02  0.000000000E+00 -2.403515552E-02 
       557  1.890000000E+02  0.000000000E+00 -2.401042790E-02 
       558  1.892500000E+02  0.000000000E+00 -2.398515814E-02 
       559  1.895000000E+02  0.000000000E+00 -2.395933296E-02 
       560  1.897500000E+02  0.000000000E+00 -2.393293804E-02 
       561  1.900000000E+02  0.000000000E+00 -2.390595787E-02 
       562  1.902500000E+02  0.000000000E+00 -2.387837551E-02 
       563  1.905000000E+02  0.000000000E+00 -2.385017241E-02 
       564  1.907500000E+02  0.000000000E+00 -2.382132811E-02 
       565  1.910000000E+02  0.000000000E+00 -2.379181997E-02 
       566  1.912500000E+02  0.000000000E+00 -2.376162278E-02 
       567  1.915000000E+02  0.000000000E+00 -2.373070839E-02 
       568  1.917500000E+02  0.000000000E+00 -2.369904517E-02 
       569  1.920000000E+02  0.000000000E+00 -2.366659750E-02 
       570  1.922500000E+02  0.000000000E+00 -2.363332507E-02 
       571  1.925000000E+02  0.000000000E+00 -2.359918214E-02 
       572  1.927500000E+02  0.000000000E+00 -2.356411662E-02 
       573  1.930000000E+02  0.000000000E+00 -2.352806903E-02 
       574  1.932500000E+02  0.000000000E+00 -2.349097125E-02 
       575  1.935000000E+02  0.000000000E+00 -2.345274507E-02 
       576  1.937500000E+02  0.000000000E+00 -2.341330048E-02 
       577  1.940000000E+02  0.000000000E+00 -2.337253365E-02 
       578  1.942500000E+02  0.000000000E+00 -2.333032456E-02 
       579  1.945000000E+02  0.000000000E+00 -2.328653413E-02 
       580  1.947500000E+02  0.000000000E+00 -2.324100086E-02 
       581  1.950000000E+02  0.000000000E+00 -2.319353682E-02 
       582  1.952500000E+02  0.000000000E+00 -2.314392280E-02 
       583  1.955000000E+02  0.000000000E+00 -2.309190248E-02 
       584  1.957500000E+02  0.000000000E+00 -2.303717534E-02 
       585  1.960000000E+02  0.000000000E+00 -2.297938803E-02 
       586  1.962500000E+02  0.000000000E+00 -2.291812370E-02 
       587  1.965000000E+02  0.000000000E+00 -2.285288879E-02 
       588  1.967500000E+02  0.000000000E+00 -2.278309640E-02 
       589  1.970000000E+02  0.000000000E+00 -2.270804509E-02 
       590  1.972500000E+02  0.000000000E+00 -2.262689159E-02 
       591  1.975000000E+02  0.000000000E+00 -2.253861480E-02 
       592  1.977500000E+02  0.000000000E+00 -2.244196743E-02 
       593  1.980000000E+02  0.000000000E+00 -2.233540914E-02 
       594  1.982500000E+02  0.000000000E+00 -2.221701094E-02 
       595  1.985000000E+02  0.000000000E+00 -2.208431238E-02 
       596  1.987500000E+02  0.000000000E+00 -2.193409511E-02 
       597  1.990000000E+02  0.000000000E+00 -2.176199315E-02 
       598  1.992500000E+02  0.000000000E+00 -2.156173816E-02 
       599  1.995000000E+02  0.000000000E+00 -2.132343938E-02 
       600  1.997500000E+02  0.000000000E+00 -2.102879542E-02 
       601  2.000000000E+02  0.000000000E+00 -2.272515579E-02 
       602  2.001999988E+02  0.000000000E+00 -2.379482840E-02 
       603  2.004032879E+02  0.000000000E+00 -2.296997844E-02 
       604  2.006099214E+02  0.000000000E+00 -2.218463913E-02 
       605  2.008199543E+02  0.000000000E+00 -2.143730979E-02 
       606  2.010334426E+02  0.000000000E+00 -2.072652615E-02 
       607  2.012504431E+02  0.000000000E+00 -2.005085691E-02 
       608  2.014710137E+02  0.000000000E+00 -1.940890126E-02 
       609  2.016952129E+02  0.000000000E+00 -1.879928672E-02 
       610  2.019231006E+02  0.000000000E+00 -1.822066786E-02 
       611  2.021547374E+02  0.000000000E+00 -1.767172516E-02 
       612  2.023901849E+02  0.000000000E+00 -1.715116431E-02 
       613  2.026295060E+02  0.000000000E+00 -1.665771590E-02 
       614  2.028727642E+02  0.000000000E+00 -1.619013523E-02 
       615  2.031200245E+02  0.000000000E+00 -1.574908605E-02 
       616  2.033713525E+02  0.000000000E+00 -1.533410609E-02 
       617  2.036268153E+02  0.000000000E+00 -1.483867793E-02 
       618  2.038864808E+02  0.000000000E+00 -1.435602271E-02 
       619  2.041504183E+02  0.000000000E+00 -1.399667460E-02 
       620  2.044186979E+02  0.000000000E+00 -1.365623218E-02 
       621  2.046913911E+02  0.000000000E+00 -1.332918579E-02 
       622  2.049685706E+02  0.000000000E+00 -1.302020622E-02 
       623  2.052503101E+02  0.000000000E+00 -1.272821621E-02 
       624  2.055366847E+02  0.000000000E+00 -1.245217170E-02 
       625  2.058277705E+02  0.000000000E+00 -1.219106153E-02 
       626  2.061236452E+02  0.000000000E+00 -1.194390835E-02 
       627  2.064243875E+02  0.000000000E+00 -1.170976904E-02 
       628  2.067300774E+02  0.000000000E+00 -1.148773507E-02 
       629  2.070407965E+02  0.000000000E+00 -1.127693278E-02 
       630  2.073566273E+02  0.000000000E+00 -1.107652353E-02 
       631  2.076776540E+02  0.000000000E+00 -1.088570375E-02 
       632  2.080039622E+02  0.000000000E+00 -1.070370487E-02 
       633  2.083356386E+02  0.000000000E+00 -1.052979318E-02 
       634  2.086727716E+02  0.000000000E+00 -1.036326955E-02 
       635  2.090154510E+02  0.000000000E+00 -1.020346907E-02 
       636  2.093637679E+02  0.000000000E+00 -1.004976054E-02 
       637  2.097178153E+02  0.000000000E+00 -9.901545929E-03 
       638  2.100776872E+02  0.000000000E+00 -9.758259688E-03 
       639  2.104434797E+02  0.000000000E+00 -9.619368015E-03 
       640  2.108152899E+02  0.000000000E+00 -9.484368030E-03 
       641  2.111932170E+02  0.000000000E+00 -9.352786849E-03 
       642  2.115773617E+02  0.000000000E+00 -9.224180654E-03 
       643  2.119678260E+02  0.000000000E+00 -9.098133647E-03 
       644  2.123647142E+02  0.000000000E+00 -8.974256998E-03 
       645  2.127681317E+02  0.000000000E+00 -8.852187730E-03 
       646  2.131781861E+02  0.000000000E+00 -8.731587580E-03 
       647  2.135949866E+02  0.000000000E+00 -8.612141833E-03 
       648  2.140186441E+02  0.000000000E+00 -8.493558156E-03 
       649  2.144492713E+02  0.000000000E+00 -8.375565383E-03 
       650  2.148869831E+02  0.000000000E+00 -8.257912356E-03 
       651  2.153318959E+02  0.000000000E+00 -8.140366719E-03 
       652  2.157841282E+02  0.000000000E+00 -8.022713749E-03 
       653  2.162438005E+02  0.000000000E+00 -7.904755212E-03 
       654  2.167110350E+02  0.000000000E+00 -7.786308220E-03 
       655  2.171859563E+02  0.000000000E+00 -7.667204139E-03 
       656  2.176686908E+02  0.000000000E+00 -7.547287500E-03 
       657  2.181593671E+02  0.000000000E+00 -7.426414977E-03 
       658  2.186581157E+02  0.000000000E+00 -7.304454394E-03 
       659  2.191650695E+02  0.000000000E+00 -7.181283765E-03 
       660  2.196803635E+02  0.000000000E+00 -7.056790395E-03 
       661  2.202041348E+02  0.000000000E+00 -6.930870007E-03 
       662  2.207365230E+02  0.000000000E+00 -6.803425937E-03 
       663  2.212776699E+02  0.000000000E+00 -6.674368356E-03 
       664  2.218277194E+02  0.000000000E+00 -6.543613559E-03 
       665  2.223868182E+02  0.000000000E+00 -6.411083294E-03 
       666  2.229551149E+02  0.000000000E+00 -6.276704126E-03 
       667  2.235327610E+02  0.000000000E+00 -6.140406870E-03 
       668  2.241199103E+02  0.000000000E+00 -6.002126052E-03 
       669  2.247167191E+02  0.000000000E+00 -5.861799418E-03 
       670  2.253233464E+02  0.000000000E+00 -5.719367488E-03 
       671  2.259399536E+02  0.000000000E+00 -5.574773140E-03 
       672  2.265667050E+02  0.000000000E+00 -5.427961251E-03 
       673  2.272037674E+02  0.000000000E+00 -5.278878344E-03 
       674  2.278513104E+02  0.000000000E+00 -5.127472299E-03 
       675  2.285095066E+02  0.000000000E+00 -4.973692068E-03 
       676  2.291785311E+02  0.000000000E+00 -4.817487440E-03 
       677  2.298585621E+02  0.000000000E+00 -4.658808823E-03 
       678  2.305497807E+02  0.000000000E+00 -4.497607041E-03 
       679  2.312523708E+02  0.000000000E+00 -4.333833175E-03 
       680  2.319665197E+02  0.000000000E+00 -4.167438397E-03 
       681  2.326924175E+02  0.000000000E+00 -3.998373850E-03 
       682  2.334302574E+02  0.000000000E+00 -3.826590513E-03 
       683  2.341802359E+02  0.000000000E+00 -3.652039107E-03 
       684  2.349425527E+02  0.000000000E+00 -3.474670003E-03 
       685  2.357174108E+02  0.000000000E+00 -3.294433133E-03 
       686  2.365050165E+02  0.000000000E+00 -3.111277917E-03 
       687  2.373055796E+02  0.000000000E+00 -2.925153209E-03 
       688  2.381193132E+02  0.000000000E+00 -2.736007223E-03 
       689  2.389464340E+02  0.000000000E+00 -2.543787490E-03 
       690  2.397871622E+02  0.000000000E+00 -2.348440807E-03 
       691  2.406417216E+02  0.000000000E+00 -2.149913193E-03 
       692  2.415103399E+02  0.000000000E+00 -1.948149837E-03 
       693  2.423932484E+02  0.000000000E+00 -1.743095065E-03 
       694  2.432906820E+02  0.000000000E+00 -1.534692295E-03 
       695  2.442028798E+02  0.000000000E+00 -1.322883986E-03 
       696  2.451300847E+02  0.000000000E+00 -1.107611596E-03 
       697  2.460725436E+02  0.000000000E+00 -8.888155282E-04 
       698  2.470305073E+02  0.000000000E+00 -6.664350602E-04 
       699  2.480042311E+02  0.000000000E+00 -4.404082666E-04 
       700  2.489939742E+02  0.000000000E+00 -2.106719258E-04 
       701  2.500000000E+02  0.000000000E+00  2.283863541E-05 
       702  2.510060258E+02  0.000000000E+00  2.563480286E-04 
       703  2.519957689E+02  0.000000000E+00  4.860809190E-04 
       704  2.529694927E+02  0.000000000E+00  7.121020105E-04 
       705  2.539274564E+02  0.000000000E+00  9.344744856E-04 
       706  2.548699153E+02  0.000000000E+00  1.153260171E-03 
       707  2.557971202E+02  0.000000000E+00  1.368519637E-03 
       708  2.567093180E+02  0.000000000E+00  1.580312283E-03 
       709  2.576067516E+02  0.000000000E+00  1.788696413E-03 
       710  2.584896601E+02  0.000000000E+00  1.993729291E-03 
       711  2.593582784E+02  0.000000000E+00  2.195467188E-03 
       712  2.602128379E+02  0.000000000E+00  2.393965433E-03 
       713  2.610535660E+02  0.000000000E+00  2.589278463E-03 
       714  2.618806868E+02  0.000000000E+00  2.781459863E-03 
       715  2.626944204E+02  0.000000000E+00  2.970562411E-03 
       716  2.634949835E+02  0.000000000E+00  3.156638132E-03 
       717  2.642825892E+02  0.000000000E+00  3.339738346E-03 
       718  2.650574473E+02  0.000000000E+00  3.519913716E-03 
       719  2.658197641E+02  0.000000000E+00  3.697214325E-03 
       720  2.665697426E+02  0.000000000E+00  3.871689728E-03 
       721  2.673075825E+02  0.000000000E+00  4.043389032E-03 
       722  2.680334803E+02  0.000000000E+00  4.212360987E-03 
       723  2.687476292E+02  0.000000000E+00  4.378654077E-03 
       724  2.694502193E+02  0.000000000E+00  4.542316621E-03 
       725  2.701414379E+02  0.000000000E+00  4.703396907E-03 
       726  2.708214689E+02  0.000000000E+00  4.861943314E-03 
       727  2.714904934E+02  0.000000000E+00  5.018004485E-03 
       728  2.721486896E+02  0.000000000E+00  5.171629480E-03 
       729  2.727962326E+02  0.000000000E+00  5.322867990E-03 
       730  2.734332950E+02  0.000000000E+00  5.471770550E-03 
       731  2.740600464E+02  0.000000000E+00  5.618388776E-03 
       732  2.746766536E+02  0.000000000E+00  5.762775656E-03 
       733  2.752832808E+02  0.000000000E+00  5.904985835E-03 
       734  2.758800897E+02  0.000000000E+00  6.045075971E-03 
       735  2.764672390E+02  0.000000000E+00  6.183105094E-03 
       736  2.770448851E+02  0.000000000E+00  6.319135020E-03 
       737  2.776131818E+02  0.000000000E+00  6.453230803E-03 
       738  2.781722806E+02  0.000000000E+00  6.585461217E-03 
       739  2.787223301E+02  0.000000000E+00  6.715899303E-03 
       740  2.792634769E+02  0.000000000E+00  6.844622928E-03 
       741  2.797958652E+02  0.000000000E+00  6.971715425E-03 
       742  2.803196365E+02  0.000000000E+00  7.097266260E-03 
       743  2.808349305E+02  0.000000000E+00  7.221371742E-03 
       744  2.813418843E+02  0.000000000E+00  7.344135804E-03 
       745  2.818406329E+02  0.000000000E+00  7.465670797E-03 
       746  2.823313092E+02  0.000000000E+00  7.586098377E-03 
       747  2.828140437E+02  0.000000000E+00  7.705550386E-03 
       748  2.832889650E+02  0.000000000E+00  7.824169816E-03 
       749  2.837561995E+02  0.000000000E+00  7.942111804E-03 
       750  2.842158718E+02  0.000000000E+00  8.059544665E-03 
       751  2.846681041E+02  0.000000000E+00  8.176650968E-03 
       752  2.851130169E+02  0.000000000E+00  8.293628627E-03 
       753  2.855507287E+02  0.000000000E+00  8.410692055E-03 
       754  2.859813560E+02  0.000000000E+00  8.528073304E-03 
       755  2.864050134E+02  0.000000000E+00  8.646023236E-03 
       756  2.868218139E+02  0.000000000E+00  8.764812738E-03 
       757  2.872318683E+02  0.000000000E+00  8.884733883E-03 
       758  2.876352858E+02  0.000000000E+00  9.006101151E-03 
       759  2.880321740E+02  0.000000000E+00  9.129252603E-03 
       760  2.884226383E+02  0.000000000E+00  9.254551053E-03 
       761  2.888067830E+02  0.000000000E+00  9.382385218E-03 
       762  2.891847101E+02  0.000000000E+00  9.513170844E-03 
       763  2.895565204E+02  0.000000000E+00  9.647351765E-03 
       764  2.899223128E+02  0.000000000E+00  9.785400967E-03 
       765  2.902821847E+02  0.000000000E+00  9.927821526E-03 
       766  2.906362321E+02  0.000000000E+00  1.007514756E-02 
       767  2.909845490E+02  0.000000000E+00  1.022794504E-02 
       768  2.913272284E+02  0.000000000E+00  1.038681258E-02 
       769  2.916643614E+02  0.000000000E+00  1.055238212E-02 
       770  2.919960378E+02  0.000000000E+00  1.072531948E-02 
       771  2.923223460E+02  0.000000000E+00  1.090632492E-02 
       772  2.926433727E+02  0.000000000E+00  1.109613345E-02 
       773  2.929592035E+02  0.000000000E+00  1.129551520E-02 
       774  2.932699226E+02  0.000000000E+00  1.150527555E-02 
       775  2.935756125E+02  0.000000000E+00  1.172625524E-02 
       776  2.938763548E+02  0.000000000E+00  1.195933028E-02 
       777  2.941722295E+02  0.000000000E+00  1.220541192E-02 
       778  2.944633153E+02  0.000000000E+00  1.246544627E-02 
       779  2.947496899E+02  0.000000000E+00  1.274041408E-02 
       780  2.950314294E+02  0.000000000E+00  1.303133025E-02 
       781  2.953086088E+02  0.000000000E+00  1.333924333E-02 
       782  2.955813021E+02  0.000000000E+00  1.366523499E-02 
       783  2.958495817E+02  0.000000000E+00  1.401041935E-02 
       784  2.961135192E+02  0.000000000E+00  1.437594229E-02 
       785  2.963731847E+02  0.000000000E+00  1.476298085E-02 
       786  2.966286475E+02  0.000000000E+00  1.517274248E-02 
       787  2.968799755E+02  0.000000000E+00  1.560646443E-02 
       788  2.971272358E+02  0.000000000E+00  1.606541321E-02 
       789  2.973704940E+02  0.000000000E+00  1.655088400E-02 
       790  2.976098151E+02  0.000000000E+00  1.706420039E-02 
       791  2.978452626E+02  0.000000000E+00  1.760671411E-02 
       792  2.980768994E+02  0.000000000E+00  1.817980509E-02 
       793  2.983047871E+02  0.000000000E+00  1.878488178E-02 
       794  2.985289863E+02  0.000000000E+00  1.942338159E-02 
       795  2.987495568E+02  0.000000000E+00  1.974903943E-02 
       796  2.989665574E+02  0.000000000E+00  2.005335974E-02 
       797  2.991800457E+02  0.000000000E+00  2.067037530E-02 
       798  2.993900786E+02  0.000000000E+00  2.131672794E-02 
       799  2.995967121E+02  0.000000000E+00  2.199355269E-02 
       800  2.998000012E+02  0.000000000E+00  2.270200347E-02 
       801  3.000000000E+02  0.000000000E+00  2.208382682E-02 
       802  3.002500000E+02  0.000000000E+00  2.102629437E-02 
       803  3.005000000E+02  0.000000000E+00  2.132059037E-02 
       804  3.007500000E+02  0.000000000E+00  2.155856586E-02 
       805  3.010000000E+02  0.000000000E+00  2.175852360E-02 
       806  3.012500000E+02  0.000000000E+00  2.193035373E-02 
       807  3.015000000E+02  0.000000000E+00  2.208032335E-02 
       808  3.017500000E+02  0.000000000E+00  2.221279698E-02 
       809  3.020000000E+02  0.000000000E+00  2.233099146E-02 
       810  3.022500000E+02  0.000000000E+00  2.243736577E-02 
       811  3.025000000E+02  0.000000000E+00  2.253384748E-02 
       812  3.027500000E+02  0.000000000E+00  2.262197563E-02 
       813  3.030000000E+02  0.000000000E+00  2.270299626E-02 
       814  3.032500000E+02  0.000000000E+00  2.277792931E-02 
       815  3.035000000E+02  0.000000000E+00  2.284761698E-02 
       816  3.037500000E+02  0.000000000E+00  2.291275972E-02 
       817  3.040000000E+02  0.000000000E+00  2.297394351E-02 
       818  3.042500000E+02  0.000000000E+00  2.303166107E-02 
       819  3.045000000E+02  0.000000000E+00  2.308632847E-02 
       820  3.047500000E+02  0.000000000E+00  2.313829834E-02 
       821  3.050000000E+02  0.000000000E+00  2.318787054E-02 
       822  3.052500000E+02  0.000000000E+00  2.323530079E-02 
       823  3.055000000E+02  0.000000000E+00  2.328080775E-02 
       824  3.057500000E+02  0.000000000E+00  2.332457884E-02 
       825  3.060000000E+02  0.000000000E+00  2.336677507E-02 
       826  3.062500000E+02  0.000000000E+00  2.340753508E-02 
       827  3.065000000E+02  0.000000000E+00  2.344697852E-02 
       828  3.067500000E+02  0.000000000E+00  2.348520884E-02 
       829  3.070000000E+02  0.000000000E+00  2.352231570E-02 
       830  3.072500000E+02  0.000000000E+00  2.355837700E-02 
       831  3.075000000E+02  0.000000000E+00  2.359346056E-02 
       832  3.077500000E+02  0.000000000E+00  2.362762559E-02 
       833  3.080000000E+02  0.000000000E+00  2.366092393E-02 
       834  3.082500000E+02  0.000000000E+00  2.369340108E-02 
       835  3.085000000E+02  0.000000000E+00  2.372509713E-02 
       836  3.087500000E+02  0.000000000E+00  2.375604750E-02 
       837  3.090000000E+02  0.000000000E+00  2.378628362E-02 
       838  3.092500000E+02  0.000000000E+00  2.381583346E-02 
       839  3.095000000E+02  0.000000000E+00  2.384472205E-02 
       840  3.097500000E+02  0.000000000E+00  2.387297187E-02 
       841  3.100000000E+02  0.000000000E+00  2.390060323E-02 
       842  3.102500000E+02  0.000000000E+00  2.392763453E-02 
       843  3.105000000E+02  0.000000000E+00  2.395408256E-02 
       844  3.107500000E+02  0.000000000E+00  2.397996272E-02 
       845  3.110000000E+02  0.000000000E+00  2.400528918E-02 
       846  3.112500000E+02  0.000000000E+00  2.403007511E-02 
       847  3.115000000E+02  0.000000000E+00  2.405433274E-02 
       848  3.117500000E+02  0.000000000E+00  2.407807357E-02 
       849  3.120000000E+02  0.000000000E+00  2.410130839E-02 
       850  3.122500000E+02  0.000000000E+00  2.412404743E-02 
       851  3.125000000E+02  0.000000000E+00  2.414630041E-02 
       852  3.127500000E+02  0.000000000E+00  2.416807664E-02 
       853  3.130000000E+02  0.000000000E+00  2.418938500E-02 
       854  3.132500000E+02  0.000000000E+00  2.421023409E-02 
       855  3.135000000E+02  0.000000000E+00  2.423063220E-02 
       856  3.137500000E+02  0.000000000E+00  2.425058736E-02 
       857  3.140000000E+02  0.000000000E+00  2.427010738E-02 
       858  3.142500000E+02  0.000000000E+00  2.428919989E-02 
       859  3.145000000E+02  0.000000000E+00  2.430787232E-02 
       860  3.147500000E+02  0.000000000E+00  2.432613197E-02 
       861  3.150000000E+02  0.000000000E+00  2.434398598E-02 
       862  3.152500000E+02  0.000000000E+00  2.436144137E-02 
       863  3.155000000E+02  0.000000000E+00  2.437850504E-02 
       864  3.157500000E+02  0.000000000E+00  2.439518380E-02 
       865  3.160000000E+02  0.000000000E+00  2.441148434E-02 
       866  3.162500000E+02  0.000000000E+00  2.442741329E-02 
       867  3.165000000E+02  0.000000000E+00  2.444297716E-02 
       868  3.167500000E+02  0.000000000E+00  2.445818240E-02 
       869  3.170000000E+02  0.000000000E+00  2.447303539E-02 
       870  3.172500000E+02  0.000000000E+00  2.448754241E-02 
       871  3.175000000E+02  0.000000000E+00  2.450170970E-02 
       872  3.177500000E+02  0.000000000E+00  2.451554341E-02 
       873  3.180000000E+02  0.000000000E+00  2.452904962E-02 
       874  3.182500000E+02  0.000000000E+00  2.454223437E-02 
       875  3.185000000E+02  0.000000000E+00  2.455510359E-02 
       876  3.187500000E+02  0.000000000E+00  2.456766320E-02 
       877  3.190000000E+02  0.000000000E+00  2.457991901E-02 
       878  3.192500000E+02  0.000000000E+00  2.459187679E-02 
       879  3.195000000E+02  0.000000000E+00  2.460354223E-02 
       880  3.197500000E+02  0.000000000E+00  2.461492098E-02 
       881  3.200000000E+02  0.000000000E+00  2.462601860E-02 
       882  3.202500000E+02  0.000000000E+00  2.463684060E-02 
       883  3.205000000E+02  0.000000000E+00  2.464739243E-02 
       884  3.207500000E+02  0.000000000E+00  2.465767945E-02 
       885  3.210000000E+02  0.000000000E+00  2.466770698E-02 
       886  3.212500000E+02  0.000000000E+00  2.467748027E-02 
       887  3.215000000E+02  0.000000000E+00  2.468700450E-02 
       888  3.217500000E+02  0.000000000E+00  2.469628478E-02 
       889  3.220000000E+02  0.000000000E+00  2.470532616E-02 
       890  3.222500000E+02  0.000000000E+00  2.471413364E-02 
       891  3.225000000E+02  0.000000000E+00  2.472271211E-02 
       892  3.227500000E+02  0.000000000E+00  2.473106643E-02 
       893  3.230000000E+02  0.000000000E+00  2.473920139E-02 
       894  3.232500000E+02  0.000000000E+00  2.474712168E-02 
       895  3.235000000E+02  0.000000000E+00  2.475483198E-02 
       896  3.237500000E+02  0.000000000E+00  2.476233684E-02 
       897  3.240000000E+02  0.000000000E+00  2.476964078E-02 
       898  3.242500000E+02  0.000000000E+00  2.477674825E-02 
       899  3.245000000E+02  0.000000000E+00  2.478366361E-02 
       900  3.247500000E+02  0.000000000E+00  2.479039119E-02 
       901  3.250000000E+02  0.000000000E+00  2.479693521E-02 
       902  3.252500000E+02  0.000000000E+00  2.480329985E-02 
       903  3.255000000E+02  0.000000000E+00  2.480948921E-02 
       904  3.257500000E+02  0.000000000E+00  2.481550734E-02 
       905  3.260000000E+02  0.000000000E+00  2.482135819E-02 
       906  3.262500000E+02  0.000000000E+00  2.482704568E-02 
       907  3.265000000E+02  0.000000000E+00  2.483257364E-02 
       908  3.267500000E+02  0.000000000E+00  2.483794583E-02 
       909  3.270000000E+02  0.000000000E+00  2.484316597E-02 
       910  3.272500000E+02  0.000000000E+00  2.484823769E-02 
       911  3.275000000E+02  0.000000000E+00  2.485316456E-02 
       912  3.277500000E+02  0.000000000E+00  2.485795009E-02 
       913  3.280000000E+02  0.000000000E+00  2.486259771E-02 
       914  3.282500000E+02  0.000000000E+00  2.486711082E-02 
       915  3.285000000E+02  0.000000000E+00  2.487149272E-02 
       916  3.287500000E+02  0.000000000E+00  2.487574666E-02 
       917  3.290000000E+02  0.000000000E+00  2.487987583E-02 
       918  3.292500000E+02  0.000000000E+00  2.488388335E-02 
       919  3.295000000E+02  0.000000000E+00  2.488777230E-02 
       920  3.297500000E+02  0.000000000E+00  2.489154566E-02 
       921  3.300000000E+02  0.000000000E+00  2.489520639E-02 
       922  3.302500000E+02  0.000000000E+00  2.489875737E-02 
       923  3.305000000E+02  0.000000000E+00  2.490220141E-02 
       924  3.307500000E+02  0.000000000E+00  2.490554128E-02 
       925  3.310000000E+02  0.000000000E+00  2.490877969E-02 
       926  3.312500000E+02  0.000000000E+00  2.491191928E-02 
       927  3.315000000E+02  0.000000000E+00  2.491496265E-02 
       928  3.317500000E+02  0.000000000E+00  2.491791232E-02 
       929  3.320000000E+02  0.000000000E+00  2.492077079E-02 
       930  3.322500000E+02  0.000000000E+00  2.492354046E-02 
       931  3.325000000E+02  0.000000000E+00  2.492622372E-02 
       932  3.327500000E+02  0.000000000E+00  2.492882287E-02 
       933  3.330000000E+02  0.000000000E+00  2.493134019E-02 
       934  3.332500000E+02  0.000000000E+00  2.493377788E-02 
       935  3.335000000E+02  0.000000000E+00  2.493613811E-02 
       936  3.337500000E+02  0.000000000E+00  2.493842298E-02 
       937  3.340000000E+02  0.000000000E+00  2.494063455E-02 
       938  3.342500000E+02  0.000000000E+00  2.494277484E-02 
       939  3.345000000E+02  0.000000000E+00  2.494484580E-02 
       940  3.347500000E+02  0.000000000E+00  2.494684935E-02 
       941  3.350000000E+02  0.000000000E+00  2.494878736E-02 
       942  3.352500000E+02  0.000000000E+00  2.495066165E-02 
       943  3.355000000E+02  0.000000000E+00  2.495247399E-02 
       944  3.357500000E+02  0.000000000E+00  2.495422612E-02 
       945  3.360000000E+02  0.000000000E+00  2.495591971E-02 
       946  3.362500000E+02  0.000000000E+00  2.495755642E-02 
       947  3.365000000E+02  0.000000000E+00  2.495913784E-02 
       948  3.367500000E+02  0.000000000E+00  2.496066553E-02 
       949  3.370000000E+02  0.000000000E+00  2.496214101E-02 
       950  3.372500000E+02  0.000000000E+00  2.496356576E-02 
       951  3.375000000E+02  0.000000000E+00  2.496494120E-02 
       952  3.377500000E+02  0.000000000E+00  2.496626874E-02 
       953  3.380000000E+02  0.000000000E+00  2.496754973E-02 
       954  3.382500000E+02  0.000000000E+00  2.496878550E-02 
       955  3.385000000E+02  0.000000000E+00  2.496997732E-02 
       956  3.387500000E+02  0.000000000E+00  2.497112645E-02 
       957  3.390000000E+02  0.000000000E+00  2.497223409E-02 
       958  3.392500000E+02  0.000000000E+00  2.497330141E-02 
       959  3.395000000E+02  0.000000000E+00  2.497432957E-02 
       960  3.397500000E+02  0.000000000E+00  2.497531966E-02 
       961  3.400000000E+02  0.000000000E+00  2.497627276E-02 
       962  3.402500000E+02  0.000000000E+00  2.497718990E-02 
       963  3.405000000E+02  0.000000000E+00  2.497807210E-02 
       964  3.407500000E+02  0.000000000E+00  2.497892032E-02 
       965  3.410000000E+02  0.000000000E+00  2.497973552E-02 
       966  3.412500000E+02  0.000000000E+00  2.498051861E-02 
       967  3.415000000E+02  0.000000000E+00  2.498127047E-02 
       968  3.417500000E+02  0.000000000E+00  2.498199195E-02 
       969  3.420000000E+02  0.000000000E+00  2.498268389E-02 
       970  3.422500000E+02  0.000000000E+00  2.498334708E-02 
       971  3.425000000E+02  0.000000000E+00  2.498398229E-02 
       972  3.427500000E+02  0.000000000E+00  2.498459025E-02 
       973  3.430000000E+02  0.000000000E+00  2.498517170E-02 
       974  3.432500000E+02  0.000000000E+00  2.498572730E-02 
       975  3.435000000E+02  0.000000000E+00  2.498625774E-02 
       976  3.437500000E+02  0.000000000E+00  2.498676364E-02 
       977  3.440000000E+02  0.000000000E+00  2.498724562E-02 
       978  3.442500000E+02  0.000000000E+00  2.498770426E-02 
       979  3.445000000E+02  0.000000000E+00  2.498814014E-02 
       980  3.447500000E+02  0.000000000E+00  2.498855378E-02 
       981  3.450000000E+02  0.000000000E+00  2.498894571E-02 
       982  3.452500000E+02  0.000000000E+00  2.498931643E-02 
       983  3.455000000E+02  0.000000000E+00  2.498966639E-02 
       984  3.457500000E+02  0.000000000E+00  2.498999606E-02 
       985  3.460000000E+02  0.000000000E+00  2.499030586E-02 
       986  3.462500000E+02  0.000000000E+00  2.499059619E-02 
       987  3.465000000E+02  0.000000000E+00  2.499086745E-02 
       988  3.467500000E+02  0.000000000E+00  2.499111999E-02 
       989  3.470000000E+02  0.000000000E+00  2.499135417E-02 
       990  3.472500000E+02  0.000000000E+00  2.499157030E-02 
       991  3.475000000E+02  0.000000000E+00  2.499176870E-02 
       992  3.477500000E+02  0.000000000E+00  2.499194964E-02 
       993  3.480000000E+02  0.000000000E+00  2.499211340E-02 
       994  3.482500000E+02  0.000000000E+00  2.499226021E-02 
       995  3.485000000E+02  0.000000000E+00  2.499239032E-02 
       996  3.487500000E+02  0.000000000E+00  2.499250394E-02 
       997  3.490000000E+02  0.000000000E+00  2.499260124E-02 
       998  3.492500000E+02  0.000000000E+00  2.499268242E-02 
       999  3.495000000E+02  0.000000000E+00  2.499274763E-02 
      1000  3.497500000E+02  0.000000000E+00  2.499279701E-02 
      1001  3.500000000E+02  0.000000000E+00  2.499283068E-02 
      1002  3.502500000E+02  0.000000000E+00  2.499284875E-02 
      1003  3.505000000E+02  0.000000000E+00  2.499285131E-02 
      1004  3.507500000E+02  0.000000000E+00  2.499283843E-02 
      1005  3.510000000E+02  0.000000000E+00  2.499281018E-02 
      1006  3.512500000E+02  0.000000000E+00  2.499276658E-02 
      1007  3.515000000E+02  0.000000000E+00  2.499270768E-02 
      1008  3.517500000E+02  0.000000000E+00  2.499263348E-02 
      1009  3.520000000E+02  0.000000000E+00  2.499254397E-02 
      1010  3.522500000E+02  0.000000000E+00  2.499243913E-02 
      1011  3.525000000E+02  0.000000000E+00  2.499231893E-02 
      1012  3.527500000E+02  0.000000000E+00  2.499218332E-02 
      1013  3.530000000E+02  0.000000000E+00  2.499203223E-02 
      1014  3.532500000E+02  0.000000000E+00  2.499186557E-02 
      1015  3.535000000E+02  0.000000000E+00  2.499168326E-02 
      1016  3.537500000E+02  0.000000000E+00  2.499148518E-02 
      1017  3.540000000E+02  0.000000000E+00  2.499127121E-02 
      1018  3.542500000E+02  0.000000000E+00  2.499104121E-02 
      1019  3.545000000E+02  0.000000000E+00  2.499079502E-02 
      1020  3.547500000E+02  0.000000000E+00  2.499053249E-02 
      1021  3.550000000E+02  0.000000000E+00  2.499025342E-02 
      1022  3.552500000E+02  0.000000000E+00  2.498995762E-02 
      1023  3.555000000E+02  0.000000000E+00  2.498964488E-02 
      1024  3.557500000E+02  0.000000000E+00  2.498931498E-02 
      1025  3.560000000E+02  0.000000000E+00  2.498896768E-02 
      1026  3.562500000E+02  0.000000000E+00  2.498860273E-02 
      1027  3.565000000E+02  0.000000000E+00  2.498821987E-02 
      1028  3.567500000E+02  0.000000000E+00  2.498781880E-02 
      1029  3.570000000E+02  0.000000000E+00  2.498739925E-02 
      1030  3.572500000E+02  0.000000000E+00  2.498696091E-02 
      1031  3.575000000E+02  0.000000000E+00  2.498650346E-02 
      1032  3.577500000E+02  0.000000000E+00  2.498602655E-02 
      1033  3.580000000E+02  0.000000000E+00  2.498552985E-02 
      1034  3.582500000E+02  0.000000000E+00  2.498501300E-02 
      1035  3.585000000E+02  0.000000000E+00  2.498447562E-02 
      1036  3.587500000E+02  0.000000000E+00  2.498391732E-02 
      1037  3.590000000E+02  0.000000000E+00  2.498333770E-02 
      1038  3.592500000E+02  0.000000000E+00  2.498273634E-02 
      1039  3.595000000E+02  0.000000000E+00  2.498211282E-02 
      1040  3.597500000E+02  0.000000000E+00  2.498146670E-02 
      1041  3.600000000E+02  0.000000000E+00  2.498079751E-02 
      1042  3.602500000E+02  0.000000000E+00  2.498010478E-02 
      1043  3.605000000E+02  0.000000000E+00  2.497938803E-02 
      1044  3.607500000E+02  0.000000000E+00  2.497864677E-02 
      1045  3.610000000E+02  0.000000000E+00  2.497788047E-02 
      1046  3.612500000E+02  0.000000000E+00  2.497708861E-02 
      1047  3.615000000E+02  0.000000000E+00  2.497627066E-02 
      1048  3.617500000E+02  0.000000000E+00  2.497542605E-02 
      1049  3.620000000E+02  0.000000000E+00  2.497455421E-02 
      1050  3.622500000E+02  0.000000000E+00  2.497365456E-02 
      1051  3.625000000E+02  0.000000000E+00  2.497272650E-02 
      1052  3.627500000E+02  0.000000000E+00  2.497176942E-02 
      1053  3.630000000E+02  0.000000000E+00  2.497078269E-02 
      1054  3.632500000E+02  0.000000000E+00  2.496976565E-02 
      1055  3.635000000E+02  0.000000000E+00  2.496871766E-02 
      1056  3.637500000E+02  0.000000000E+00  2.496763803E-02 
      1057  3.640000000E+02  0.000000000E+00  2.496652607E-02 
      1058  3.642500000E+02  0.000000000E+00  2.496538109E-02 
      1059  3.645000000E+02  0.000000000E+00  2.496420234E-02 
      1060  3.647500000E+02  0.000000000E+00  2.496298910E-02 
      1061  3.650000000E+02  0.000000000E+00  2.496174060E-02 
      1062  3.652500000E+02  0.000000000E+00  2.496045607E-02 
      1063  3.655000000E+02  0.000000000E+00  2.495913473E-02 
      1064  3.657500000E+02  0.000000000E+00  2.495777575E-02 
      1065  3.660000000E+02  0.000000000E+00  2.495637832E-02 
      1066  3.662500000E+02  0.000000000E+00  2.495494159E-02 
      1067  3.665000000E+02  0.000000000E+00  2.495346469E-02 
      1068  3.667500000E+02  0.000000000E+00  2.495194675E-02 
      1069  3.670000000E+02  0.000000000E+00  2.495038685E-02 
      1070  3.672500000E+02  0.000000000E+00  2.494878408E-02 
      1071  3.675000000E+02  0.000000000E+00  2.494713750E-02 
      1072  3.677500000E+02  0.000000000E+00  2.494544614E-02 
      1073  3.680000000E+02  0.000000000E+00  2.494370902E-02 
      1074  3.682500000E+02  0.000000000E+00  2.494192514E-02 
      1075  3.685000000E+02  0.000000000E+00  2.494009345E-02 
      1076  3.687500000E+02  0.000000000E+00  2.493821291E-02 
      1077  3.690000000E+02  0.000000000E+00  2.493628246E-02 
      1078  3.692500000E+02  0.000000000E+00  2.493430098E-02 
      1079  3.695000000E+02  0.000000000E+00  2.493226735E-02 
      1080  3.697500000E+02  0.000000000E+00  2.493018043E-02 
      1081  3.700000000E+02  0.000000000E+00  2.492803904E-02 
      1082  3.702500000E+02  0.000000000E+00  2.492584198E-02 
      1083  3.705000000E+02  0.000000000E+00  2.492358802E-02 
      1084  3.707500000E+02  0.000000000E+00  2.492127589E-02 
      1085  3.710000000E+02  0.000000000E+00  2.491890432E-02 
      1086  3.712500000E+02  0.000000000E+00  2.491647199E-02 
      1087  3.715000000E+02  0.000000000E+00  2.491397755E-02 
      1088  3.717500000E+02  0.000000000E+00  2.491141961E-02 
      1089  3.720000000E+02  0.000000000E+00  2.490879677E-02 
      1090  3.722500000E+02  0.000000000E+00  2.490610758E-02 
      1091  3.725000000E+02  0.000000000E+00  2.490335056E-02 
      1092  3.727500000E+02  0.000000000E+00  2.490052420E-02 
      1093  3.730000000E+02  0.000000000E+00  2.489762692E-02 
      1094  3.732500000E+02  0.000000000E+00  2.489465716E-02 
      1095  3.735000000E+02  0.000000000E+00  2.489161327E-02 
      1096  3.737500000E+02  0.000000000E+00  2.488849358E-02 
      1097  3.740000000E+02  0.000000000E+00  2.488529638E-02 
      1098  3.742500000E+02  0.000000000E+00  2.488201992E-02 
      1099  3.745000000E+02  0.000000000E+00  2.487866239E-02 
      1100  3.747500000E+02  0.000000000E+00  2.487522194E-02 
      1101  3.750000000E+02  0.000000000E+00  2.487169669E-02 
      1102  3.752500000E+02  0.000000000E+00  2.486808470E-02 
      1103  3.755000000E+02  0.000000000E+00  2.486438397E-02 
      1104  3.757500000E+02  0.000000000E+00  2.486059245E-02 
      1105  3.760000000E+02  0.000000000E+00  2.485670807E-02 
      1106  3.762500000E+02  0.000000000E+00  2.485272866E-02 
      1107  3.765000000E+02  0.000000000E+00  2.484865202E-02 
      1108  3.767500000E+02  0.000000000E+00  2.484447589E-02 
      1109  3.770000000E+02  0.000000000E+00  2.484019794E-02 
      1110  3.772500000E+02  0.000000000E+00  2.483581581E-02 
      1111  3.775000000E+02  0.000000000E+00  2.483132703E-02 
      1112  3.777500000E+02  0.000000000E+00  2.482672911E-02 
      1113  3.780000000E+02  0.000000000E+00  2.482201946E-02 
      1114  3.782500000E+02  0.000000000E+00  2.481719544E-02 
      1115  3.785000000E+02  0.000000000E+00  2.481225435E-02 
      1116  3.787500000E+02  0.000000000E+00  2.480719339E-02 
      1117  3.790000000E+02  0.000000000E+00  2.480200972E-02 
      1118  3.792500000E+02  0.000000000E+00  2.479670039E-02 
      1119  3.795000000E+02  0.000000000E+00  2.479126241E-02 
      1120  3.797500000E+02  0.000000000E+00  2.478569268E-02 
      1121  3.800000000E+02  0.000000000E+00  2.477998803E-02 
      1122  3.802500000E+02  0.000000000E+00  2.477414521E-02 
      1123  3.805000000E+02  0.000000000E+00  2.476816089E-02 
      1124  3.807500000E+02  0.000000000E+00  2.476203163E-02 
      1125  3.810000000E+02  0.000000000E+00  2.475575394E-02 
      1126  3.812500000E+02  0.000000000E+00  2.474932419E-02 
      1127  3.815000000E+02  0.000000000E+00  2.474273870E-02 
      1128  3.817500000E+02  0.000000000E+00  2.473599368E-02 
      1129  3.820000000E+02  0.000000000E+00  2.472908522E-02 
      1130  3.822500000E+02  0.000000000E+00  2.472200933E-02 
      1131  3.825000000E+02  0.000000000E+00  2.471476192E-02 
      1132  3.827500000E+02  0.000000000E+00  2.470733879E-02 
      1133  3.830000000E+02  0.000000000E+00  2.469973563E-02 
      1134  3.832500000E+02  0.000000000E+00  2.469194801E-02 
      1135  3.835000000E+02  0.000000000E+00  2.468397139E-02 
      1136  3.837500000E+02  0.000000000E+00  2.467580113E-02 
      1137  3.840000000E+02  0.000000000E+00  2.466743244E-02 
      1138  3.842500000E+02  0.000000000E+00  2.465886042E-02 
      1139  3.845000000E+02  0.000000000E+00  2.465008003E-02 
      1140  3.847500000E+02  0.000000000E+00  2.464108611E-02 
      1141  3.850000000E+02  0.000000000E+00  2.463187333E-02 
      1142  3.852500000E+02  0.000000000E+00  2.462243625E-02 
      1143  3.855000000E+02  0.000000000E+00  2.461276925E-02 
      1144  3.857500000E+02  0.000000000E+00  2.460286655E-02 
      1145  3.860000000E+02  0.000000000E+00  2.459272220E-02 
      1146  3.862500000E+02  0.000000000E+00  2.458233007E-02 
      1147  3.865000000E+02  0.000000000E+00  2.457168384E-02 
      1148  3.867500000E+02  0.000000000E+00  2.456077697E-02 
      1149  3.870000000E+02  0.000000000E+00  2.454960271E-02 
      1150  3.872500000E+02  0.000000000E+00  2.453815405E-02 
      1151  3.875000000E+02  0.000000000E+00  2.452642372E-02 
      1152  3.877500000E+02  0.000000000E+00  2.451440418E-02 
      1153  3.880000000E+02  0.000000000E+00  2.450208755E-02 
      1154  3.882500000E+02  0.000000000E+00  2.448946560E-02 
      1155  3.885000000E+02  0.000000000E+00  2.447652972E-02 
      1156  3.887500000E+02  0.000000000E+00  2.446327086E-02 
      1157  3.890000000E+02  0.000000000E+00  2.444967948E-02 
      1158  3.892500000E+02  0.000000000E+00  2.443574549E-02 
      1159  3.895000000E+02  0.000000000E+00  2.442145818E-02 
      1160  3.897500000E+02  0.000000000E+00  2.440680613E-02 
      1161  3.900000000E+02  0.000000000E+00  2.439177713E-02 
      1162  3.902500000E+02  0.000000000E+00  2.437635804E-02 
      1163  3.905000000E+02  0.000000000E+00  2.436053468E-02 
      1164  3.907500000E+02  0.000000000E+00  2.434429168E-02 
      1165  3.910000000E+02  0.000000000E+00  2.432761228E-02 
      1166  3.912500000E+02  0.000000000E+00  2.431047812E-02 
      1167  3.915000000E+02  0.000000000E+00  2.429286904E-02 
      1168  3.917500000E+02  0.000000000E+00  2.427476274E-02 
      1169  3.920000000E+02  0.000000000E+00  2.425613448E-02 
      1170  3.922500000E+02  0.000000000E+00  2.423695668E-02 
      1171  3.925000000E+02  0.000000000E+00  2.421719847E-02 
      1172  3.927500000E+02  0.000000000E+00  2.419682515E-02 
      1173  3.930000000E+02  0.000000000E+00  2.417579759E-02 
      1174  3.932500000E+02  0.000000000E+00  2.415407146E-02 
      1175  3.935000000E+02  0.000000000E+00  2.413159639E-02 
      1176  3.937500000E+02  0.000000000E+00  2.410831495E-02 
      1177  3.940000000E+02  0.000000000E+00  2.408416144E-02 
      1178  3.942500000E+02  0.000000000E+00  2.405906050E-02 
      1179  3.945000000E+02  0.000000000E+00  2.403292537E-02 
      1180  3.947500000E+02  0.000000000E+00  2.400565595E-02 
      1181  3.950000000E+02  0.000000000E+00  2.397713633E-02 
      1182  3.952500000E+02  0.000000000E+00  2.394723197E-02 
      1183  3.955000000E+02  0.000000000E+00  2.391578616E-02 
      1184  3.957500000E+02  0.000000000E+00  2.388261585E-02 
      1185  3.960000000E+02  0.000000000E+00  2.384750648E-02 
      1186  3.962500000E+02  0.000000000E+00  2.381020556E-02 
      1187  3.965000000E+02  0.000000000E+00  2.377041487E-02 
      1188  3.967500000E+02  0.000000000E+00  2.372778046E-02 
      1189  3.970000000E+02  0.000000000E+00  2.368188001E-02 
      1190  3.972500000E+02  0.000000000E+00  2.363220653E-02 
      1191  3.975000000E+02  0.000000000E+00  2.357814688E-02 
      1192  3.977500000E+02  0.000000000E+00  2.351895282E-02 
      1193  3.980000000E+02  0.000000000E+00  2.345370116E-02 
      1194  3.982500000E+02  0.000000000E+00  2.338123664E-02 
      1195  3.985000000E+02  0.000000000E+00  2.330008670E-02 
      1196  3.987500000E+02  0.000000000E+00  2.320832642E-02 
      1197  3.990000000E+02  0.000000000E+00  2.310334608E-02 
      1198  3.992500000E+02  0.000000000E+00  2.298140146E-02 
      1199  3.995000000E+02  0.000000000E+00  2.283658950E-02 
      1200  3.997500000E+02  0.000000000E+00  2.265799866E-02 
      1201  4.000000000E+02  0.000000000E+00  2.355694881E-02 
      1202  4.002000034E+02  0.000000000E+00  2.411605793E-02 
      1203  4.004016387E+02  0.000000000E+00  2.364727736E-02 
      1204  4.006049192E+02  0.000000000E+00  2.320310777E-02 
      1205  4.008098583E+02  0.000000000E+00  2.278225190E-02 
      1206  4.010164696E+02  0.000000000E+00  2.238347209E-02 
      1207  4.012247666E+02  0.000000000E+00  2.200558717E-02 
      1208  4.014347631E+02  0.000000000E+00  2.164746989E-02 
      1209  4.016464731E+02  0.000000000E+00  2.130804458E-02 
      1210  4.018599104E+02  0.000000000E+00  2.098628489E-02 
      1211  4.020750892E+02  0.000000000E+00  2.068121170E-02 
      1212  4.022920237E+02  0.000000000E+00  2.039189122E-02 
      1213  4.025107282E+02  0.000000000E+00  2.011486202E-02 
      1214  4.027312172E+02  0.000000000E+00  1.985246514E-02 
      1215  4.029535052E+02  0.000000000E+00  1.960644772E-02 
      1216  4.031776069E+02  0.000000000E+00  1.937274471E-02 
      1217  4.034035370E+02  0.000000000E+00  1.915063230E-02 
      1218  4.036313106E+02  0.000000000E+00  1.893942137E-02 
      1219  4.038609426E+02  0.000000000E+00  1.873845648E-02 
      1220  4.040924483E+02  0.000000000E+00  1.854711461E-02 
      1221  4.043258428E+02  0.000000000E+00  1.836556378E-02 
      1222  4.045611417E+02  0.000000000E+00  1.819277479E-02 
      1223  4.047983604E+02  0.000000000E+00  1.802740649E-02 
      1224  4.050375146E+02  0.000000000E+00  1.786939579E-02 
      1225  4.052786201E+02  0.000000000E+00  1.771826954E-02 
      1226  4.055216929E+02  0.000000000E+00  1.757526518E-02 
      1227  4.057667489E+02  0.000000000E+00  1.744153059E-02 
      1228  4.060138044E+02  0.000000000E+00  1.731551094E-02 
      1229  4.062628756E+02  0.000000000E+00  1.719328593E-02 
      1230  4.065139791E+02  0.000000000E+00  1.707398746E-02 
      1231  4.067671314E+02  0.000000000E+00  1.695982311E-02 
      1232  4.070223492E+02  0.000000000E+00  1.684995308E-02 
      1233  4.072796494E+02  0.000000000E+00  1.674406524E-02 
      1234  4.075390490E+02  0.000000000E+00  1.664158846E-02 
      1235  4.078005650E+02  0.000000000E+00  1.654143925E-02 
      1236  4.080642148E+02  0.000000000E+00  1.644409912E-02 
      1237  4.083300158E+02  0.000000000E+00  1.634916387E-02 
      1238  4.085979855E+02  0.000000000E+00  1.625641066E-02 
      1239  4.088681416E+02  0.000000000E+00  1.605881594E-02 
      1240  4.091405020E+02  0.000000000E+00  1.586289611E-02 
      1241  4.094150846E+02  0.000000000E+00  1.577754202E-02 
      1242  4.096919076E+02  0.000000000E+00  1.569423306E-02 
      1243  4.099709892E+02  0.000000000E+00  1.561278497E-02 
      1244  4.102523480E+02  0.000000000E+00  1.553302561E-02 
      1245  4.105360024E+02  0.000000000E+00  1.545479432E-02 
      1246  4.108219711E+02  0.000000000E+00  1.537794123E-02 
      1247  4.111102732E+02  0.000000000E+00  1.530232669E-02 
      1248  4.114009276E+02  0.000000000E+00  1.522782067E-02 
      1249  4.116939535E+02  0.000000000E+00  1.515430215E-02 
      1250  4.119893702E+02  0.000000000E+00  1.508165864E-02 
      1251  4.122871973E+02  0.000000000E+00  1.500978563E-02 
      1252  4.125874544E+02  0.000000000E+00  1.493858609E-02 
      1253  4.128901614E+02  0.000000000E+00  1.486797005E-02 
      1254  4.131953383E+02  0.000000000E+00  1.479785408E-02 
      1255  4.135030051E+02  0.000000000E+00  1.472816093E-02 
      1256  4.138131823E+02  0.000000000E+00  1.465881912E-02 
      1257  4.141258902E+02  0.000000000E+00  1.458976253E-02 
      1258  4.144411496E+02  0.000000000E+00  1.452093006E-02 
      1259  4.147589813E+02  0.000000000E+00  1.445226528E-02 
      1260  4.150794062E+02  0.000000000E+00  1.438371612E-02 
      1261  4.154024455E+02  0.000000000E+00  1.431523456E-02 
      1262  4.157281206E+02  0.000000000E+00  1.424677632E-02 
      1263  4.160564529E+02  0.000000000E+00  1.417830064E-02 
      1264  4.163874641E+02  0.000000000E+00  1.410976999E-02 
      1265  4.167211762E+02  0.000000000E+00  1.404114983E-02 
      1266  4.170576110E+02  0.000000000E+00  1.397240838E-02 
      1267  4.173967909E+02  0.000000000E+00  1.390351647E-02 
      1268  4.177387382E+02  0.000000000E+00  1.383444723E-02 
      1269  4.180834756E+02  0.000000000E+00  1.376517604E-02 
      1270  4.184310257E+02  0.000000000E+00  1.369568024E-02 
      1271  4.187814116E+02  0.000000000E+00  1.362593904E-02 
      1272  4.191346563E+02  0.000000000E+00  1.355593335E-02 
      1273  4.194907832E+02  0.000000000E+00  1.348564564E-02 
      1274  4.198498158E+02  0.000000000E+00  1.341505980E-02 
      1275  4.202117779E+02  0.000000000E+00  1.334416103E-02 
      1276  4.205766933E+02  0.000000000E+00  1.327293574E-02 
      1277  4.209445860E+02  0.000000000E+00  1.320137143E-02 
      1278  4.213154806E+02  0.000000000E+00  1.312945659E-02 
      1279  4.216894013E+02  0.000000000E+00  1.305718063E-02 
      1280  4.220663728E+02  0.000000000E+00  1.298453377E-02 
      1281  4.224464202E+02  0.000000000E+00  1.291150700E-02 
      1282  4.228295685E+02  0.000000000E+00  1.283809199E-02 
      1283  4.232158429E+02  0.000000000E+00  1.276428101E-02 
      1284  4.236052691E+02  0.000000000E+00  1.269006690E-02 
      1285  4.239978726E+02  0.000000000E+00  1.261544302E-02 
      1286  4.243936795E+02  0.000000000E+00  1.254040315E-02 
      1287  4.247927158E+02  0.000000000E+00  1.246494151E-02 
      1288  4.251950080E+02  0.000000000E+00  1.238905268E-02 
      1289  4.256005825E+02  0.000000000E+00  1.231273155E-02 
      1290  4.260094662E+02  0.000000000E+00  1.223597334E-02 
      1291  4.264216861E+02  0.000000000E+00  1.215877349E-02 
      1292  4.268372694E+02  0.000000000E+00  1.208112772E-02 
      1293  4.272562434E+02  0.000000000E+00  1.200303191E-02 
      1294  4.276786360E+02  0.000000000E+00  1.192448217E-02 
      1295  4.281044750E+02  0.000000000E+00  1.184547474E-02 
      1296  4.285337884E+02  0.000000000E+00  1.176600601E-02 
      1297  4.289666047E+02  0.000000000E+00  1.168607251E-02 
      1298  4.294029525E+02  0.000000000E+00  1.160567085E-02 
      1299  4.298428605E+02  0.000000000E+00  1.152479775E-02 
      1300  4.302863578E+02  0.000000000E+00  1.144345001E-02 
      1301  4.307334737E+02  0.000000000E+00  1.136162450E-02 
      1302  4.311842377E+02  0.000000000E+00  1.127931814E-02 
      1303  4.316386795E+02  0.000000000E+00  1.119652789E-02 
      1304  4.320968293E+02  0.000000000E+00  1.111325076E-02 
      1305  4.325587172E+02  0.000000000E+00  1.102948379E-02 
      1306  4.330243737E+02  0.000000000E+00  1.094522404E-02 
      1307  4.334938296E+02  0.000000000E+00  1.086046858E-02 
      1308  4.339671159E+02  0.000000000E+00  1.077521449E-02 
      1309  4.344442638E+02  0.000000000E+00  1.068945886E-02 
      1310  4.349253049E+02  0.000000000E+00  1.060319878E-02 
      1311  4.354102708E+02  0.000000000E+00  1.051643132E-02 
      1312  4.358991937E+02  0.000000000E+00  1.042915355E-02 
      1313  4.363921059E+02  0.000000000E+00  1.034136252E-02 
      1314  4.368890398E+02  0.000000000E+00  1.025305528E-02 
      1315  4.373900283E+02  0.000000000E+00  1.016422883E-02 
      1316  4.378951044E+02  0.000000000E+00  1.007488017E-02 
      1317  4.384043016E+02  0.000000000E+00  9.985006248E-03 
      1318  4.389176534E+02  0.000000000E+00  9.894604003E-03 
      1319  4.394351937E+02  0.000000000E+00  9.803670332E-03 
      1320  4.399569568E+02  0.000000000E+00  9.712202091E-03 
      1321  4.404829770E+02  0.000000000E+00  9.620196104E-03 
      1322  4.410132892E+02  0.000000000E+00  9.527649153E-03 
      1323  4.415479282E+02  0.000000000E+00  9.434557970E-03 
      1324  4.420869295E+02  0.000000000E+00  9.340919247E-03 
      1325  4.426303286E+02  0.000000000E+00  9.246729627E-03 
      1326  4.431781614E+02  0.000000000E+00  9.151985699E-03 
      1327  4.437304641E+02  0.000000000E+00  9.056684001E-03 
      1328  4.442872731E+02  0.000000000E+00  8.960821014E-03 
      1329  4.448486253E+02  0.000000000E+00  8.864393165E-03 
      1330  4.454145576E+02  0.000000000E+00  8.767396812E-03 
      1331  4.459851075E+02  0.000000000E+00  8.669828261E-03 
      1332  4.465603126E+02  0.000000000E+00  8.571683743E-03 
      1333  4.471402109E+02  0.000000000E+00  8.472959427E-03 
      1334  4.477248408E+02  0.000000000E+00  8.373651409E-03 
      1335  4.483142407E+02  0.000000000E+00  8.273755715E-03 
      1336  4.489084497E+02  0.000000000E+00  8.173268291E-03 
      1337  4.495075070E+02  0.000000000E+00  8.072185007E-03 
      1338  4.501114521E+02  0.000000000E+00  7.970501651E-03 
      1339  4.507203248E+02  0.000000000E+00  7.868213928E-03 
      1340  4.513341655E+02  0.000000000E+00  7.765317454E-03 
      1341  4.519530147E+02  0.000000000E+00  7.661807753E-03 
      1342  4.525769132E+02  0.000000000E+00  7.557680264E-03 
      1343  4.532059021E+02  0.000000000E+00  7.452930318E-03 
      1344  4.538400232E+02  0.000000000E+00  7.347553155E-03 
      1345  4.544793181E+02  0.000000000E+00  7.241543904E-03 
      1346  4.551238292E+02  0.000000000E+00  7.134897595E-03 
      1347  4.557735990E+02  0.000000000E+00  7.027609142E-03 
      1348  4.564286703E+02  0.000000000E+00  6.919673345E-03 
      1349  4.570890866E+02  0.000000000E+00  6.811084889E-03 
      1350  4.577548913E+02  0.000000000E+00  6.701838331E-03 
      1351  4.584261284E+02  0.000000000E+00  6.591928111E-03 
      1352  4.591028423E+02  0.000000000E+00  6.481348529E-03 
      1353  4.597850777E+02  0.000000000E+00  6.370093756E-03 
      1354  4.604728795E+02  0.000000000E+00  6.258157822E-03 
      1355  4.611662932E+02  0.000000000E+00  6.145534613E-03 
      1356  4.618653647E+02  0.000000000E+00  6.032217864E-03 
      1357  4.625701400E+02  0.000000000E+00  5.918201160E-03 
      1358  4.632806657E+02  0.000000000E+00  5.803477926E-03 
      1359  4.639969887E+02  0.000000000E+00  5.688041418E-03 
      1360  4.647191564E+02  0.000000000E+00  5.571884730E-03 
      1361  4.654472164E+02  0.000000000E+00  5.455000771E-03 
      1362  4.661812167E+02  0.000000000E+00  5.337382276E-03 
      1363  4.669212059E+02  0.000000000E+00  5.219021782E-03 
      1364  4.676672328E+02  0.000000000E+00  5.099911638E-03 
      1365  4.684193468E+02  0.000000000E+00  4.980043983E-03 
      1366  4.691775973E+02  0.000000000E+00  4.859410748E-03 
      1367  4.699420346E+02  0.000000000E+00  4.738003644E-03 
      1368  4.707127091E+02  0.000000000E+00  4.615814141E-03 
      1369  4.714896716E+02  0.000000000E+00  4.492833477E-03 
      1370  4.722729736E+02  0.000000000E+00  4.369052628E-03 
      1371  4.730626666E+02  0.000000000E+00  4.244462299E-03 
      1372  4.738588030E+02  0.000000000E+00  4.119052904E-03 
      1373  4.746614352E+02  0.000000000E+00  3.992814547E-03 
      1374  4.754706162E+02  0.000000000E+00  3.865736989E-03 
      1375  4.762863994E+02  0.000000000E+00  3.737809622E-03 
      1376  4.771088389E+02  0.000000000E+00  3.609021416E-03 
      1377  4.779379887E+02  0.000000000E+00  3.479360873E-03 
      1378  4.787739038E+02  0.000000000E+00  3.348815949E-03 
      1379  4.796166392E+02  0.000000000E+00  3.217373964E-03 
      1380  4.804662507E+02  0.000000000E+00  3.085021473E-03 
      1381  4.813227944E+02  0.000000000E+00  2.951744104E-03 
      1382  4.821863268E+02  0.000000000E+00  2.817526328E-03 
      1383  4.830569049E+02  0.000000000E+00  2.682351155E-03 
      1384  4.839345862E+02  0.000000000E+00  2.546199715E-03 
      1385  4.848194287E+02  0.000000000E+00  2.409050676E-03 
      1386  4.857114908E+02  0.000000000E+00  2.270879454E-03 
      1387  4.866108314E+02  0.000000000E+00  2.131657091E-03 
      1388  4.875175099E+02  0.000000000E+00  1.991348707E-03 
      1389  4.884315862E+02  0.000000000E+00  1.849911313E-03 
      1390  4.893531206E+02  0.000000000E+00  1.707290725E-03 
      1391  4.902821741E+02  0.000000000E+00  1.563417189E-03 
      1392  4.912188078E+02  0.000000000E+00  1.418199169E-03 
      1393  4.921630837E+02  0.000000000E+00  1.271514469E-03 
      1394  4.931150642E+02  0.000000000E+00  1.123197517E-03 
      1395  4.940748120E+02  0.000000000E+00  9.730211110E-04 
      1396  4.950423907E+02  0.000000000E+00  8.206701104E-04 
      1397  4.960178639E+02  0.000000000E+00  6.657034535E-04 
      1398  4.970012963E+02  0.000000000E+00  5.074991365E-04 
      1399  4.979927527E+02  0.000000000E+00  3.451782370E-04 
      1400  4.989922986E+02  0.000000000E+00  1.768714469E-04 
      1401  5.000000000E+02  0.000000000E+00  9.052386402E-05 
