nodenumber     x-coordinate     y-coordinate           udm-10 
         1  0.000000000E+00  0.000000000E+00 -2.166766167E-04 
         2  1.007701384E+00  0.000000000E+00 -4.319282597E-04 
         3  2.007247274E+00  0.000000000E+00 -8.575705224E-04 
         4  2.998703673E+00  0.000000000E+00 -1.278355601E-03 
         5  3.982136051E+00  0.000000000E+00 -1.695518740E-03 
         6  4.957609346E+00  0.000000000E+00 -2.108866381E-03 
         7  5.925187975E+00  0.000000000E+00 -2.518240359E-03 
         8  6.884935829E+00  0.000000000E+00 -2.923503110E-03 
         9  7.836916284E+00  0.000000000E+00 -3.324533687E-03 
        10  8.781192203E+00  0.000000000E+00 -3.721224746E-03 
        11  9.717825941E+00  0.000000000E+00 -4.113480306E-03 
        12  1.064687935E+01  0.000000000E+00 -4.501214078E-03 
        13  1.156841377E+01  0.000000000E+00 -4.884348207E-03 
        14  1.248249006E+01  0.000000000E+00 -5.262812325E-03 
        15  1.338916858E+01  0.000000000E+00 -5.636542835E-03 
        16  1.428850920E+01  0.000000000E+00 -6.005482348E-03 
        17  1.518057130E+01  0.000000000E+00 -6.369579251E-03 
        18  1.606541380E+01  0.000000000E+00 -6.728787354E-03 
        19  1.694309512E+01  0.000000000E+00 -7.083065603E-03 
        20  1.781367322E+01  0.000000000E+00 -7.432377836E-03 
        21  1.867720559E+01  0.000000000E+00 -7.776692571E-03 
        22  1.953374925E+01  0.000000000E+00 -8.115982820E-03 
        23  2.038336076E+01  0.000000000E+00 -8.450225914E-03 
        24  2.122609622E+01  0.000000000E+00 -8.779403346E-03 
        25  2.206201128E+01  0.000000000E+00 -9.103500621E-03 
        26  2.289116114E+01  0.000000000E+00 -9.422507105E-03 
        27  2.371360056E+01  0.000000000E+00 -9.736415894E-03 
        28  2.452938383E+01  0.000000000E+00 -1.004522367E-02 
        29  2.533856484E+01  0.000000000E+00 -1.034893058E-02 
        30  2.614119701E+01  0.000000000E+00 -1.064754010E-02 
        31  2.693733335E+01  0.000000000E+00 -1.094105889E-02 
        32  2.772702642E+01  0.000000000E+00 -1.122949669E-02 
        33  2.851032837E+01  0.000000000E+00 -1.151286621E-02 
        34  2.928729093E+01  0.000000000E+00 -1.179118298E-02 
        35  3.005796541E+01  0.000000000E+00 -1.206446524E-02 
        36  3.082240268E+01  0.000000000E+00 -1.233273383E-02 
        37  3.158065324E+01  0.000000000E+00 -1.259601206E-02 
        38  3.233276716E+01  0.000000000E+00 -1.285432564E-02 
        39  3.307879409E+01  0.000000000E+00 -1.310770250E-02 
        40  3.381878330E+01  0.000000000E+00 -1.335617275E-02 
        41  3.455278365E+01  0.000000000E+00 -1.359976855E-02 
        42  3.528084362E+01  0.000000000E+00 -1.383852398E-02 
        43  3.600301127E+01  0.000000000E+00 -1.407247499E-02 
        44  3.671933431E+01  0.000000000E+00 -1.430165925E-02 
        45  3.742986002E+01  0.000000000E+00 -1.452611611E-02 
        46  3.813463533E+01  0.000000000E+00 -1.474588644E-02 
        47  3.883370678E+01  0.000000000E+00 -1.496101260E-02 
        48  3.952712052E+01  0.000000000E+00 -1.517153832E-02 
        49  4.021492235E+01  0.000000000E+00 -1.537750863E-02 
        50  4.089715769E+01  0.000000000E+00 -1.557896975E-02 
        51  4.157387159E+01  0.000000000E+00 -1.577596903E-02 
        52  4.224510872E+01  0.000000000E+00 -1.596855488E-02 
        53  4.291091342E+01  0.000000000E+00 -1.615677666E-02 
        54  4.357132966E+01  0.000000000E+00 -1.634068464E-02 
        55  4.422640104E+01  0.000000000E+00 -1.652032991E-02 
        56  4.487617081E+01  0.000000000E+00 -1.669576431E-02 
        57  4.552068189E+01  0.000000000E+00 -1.686704038E-02 
        58  4.615997684E+01  0.000000000E+00 -1.703421126E-02 
        59  4.679409786E+01  0.000000000E+00 -1.719733067E-02 
        60  4.742308684E+01  0.000000000E+00 -1.735645281E-02 
        61  4.804698530E+01  0.000000000E+00 -1.751163233E-02 
        62  4.866583446E+01  0.000000000E+00 -1.766292426E-02 
        63  4.927967516E+01  0.000000000E+00 -1.781038397E-02 
        64  4.988854795E+01  0.000000000E+00 -1.795406708E-02 
        65  5.049249303E+01  0.000000000E+00 -1.809402947E-02 
        66  5.109155028E+01  0.000000000E+00 -1.823032716E-02 
        67  5.168575926E+01  0.000000000E+00 -1.836301632E-02 
        68  5.227515921E+01  0.000000000E+00 -1.849215322E-02 
        69  5.285978905E+01  0.000000000E+00 -1.861779415E-02 
        70  5.343968738E+01  0.000000000E+00 -1.873999540E-02 
        71  5.401489250E+01  0.000000000E+00 -1.885881326E-02 
        72  5.458544238E+01  0.000000000E+00 -1.897430390E-02 
        73  5.515137472E+01  0.000000000E+00 -1.908652341E-02 
        74  5.571272686E+01  0.000000000E+00 -1.919552771E-02 
        75  5.626953590E+01  0.000000000E+00 -1.930137258E-02 
        76  5.682183858E+01  0.000000000E+00 -1.940411356E-02 
        77  5.736967139E+01  0.000000000E+00 -1.950380597E-02 
        78  5.791307049E+01  0.000000000E+00 -1.960050485E-02 
        79  5.845207178E+01  0.000000000E+00 -1.969426496E-02 
        80  5.898671083E+01  0.000000000E+00 -1.978514075E-02 
        81  5.951702297E+01  0.000000000E+00 -1.987318631E-02 
        82  6.004304320E+01  0.000000000E+00 -1.995845537E-02 
        83  6.056480627E+01  0.000000000E+00 -2.004100130E-02 
        84  6.108234661E+01  0.000000000E+00 -2.012087705E-02 
        85  6.159569842E+01  0.000000000E+00 -2.019813514E-02 
        86  6.210489559E+01  0.000000000E+00 -2.027282766E-02 
        87  6.260997174E+01  0.000000000E+00 -2.034500626E-02 
        88  6.311096022E+01  0.000000000E+00 -2.041472209E-02 
        89  6.360789412E+01  0.000000000E+00 -2.048202585E-02 
        90  6.410080625E+01  0.000000000E+00 -2.054696773E-02 
        91  6.458972916E+01  0.000000000E+00 -2.060959741E-02 
        92  6.507469514E+01  0.000000000E+00 -2.066996406E-02 
        93  6.555573621E+01  0.000000000E+00 -2.072811633E-02 
        94  6.603288413E+01  0.000000000E+00 -2.078410234E-02 
        95  6.650617042E+01  0.000000000E+00 -2.083796965E-02 
        96  6.697562632E+01  0.000000000E+00 -2.088976531E-02 
        97  6.744128283E+01  0.000000000E+00 -2.093953580E-02 
        98  6.790317071E+01  0.000000000E+00 -2.098732706E-02 
        99  6.836132046E+01  0.000000000E+00 -2.103318446E-02 
       100  6.881576232E+01  0.000000000E+00 -2.107715285E-02 
       101  6.926652631E+01  0.000000000E+00 -2.111927651E-02 
       102  6.971364219E+01  0.000000000E+00 -2.115959916E-02 
       103  7.015713949E+01  0.000000000E+00 -2.119816399E-02 
       104  7.059704749E+01  0.000000000E+00 -2.123501364E-02 
       105  7.103339524E+01  0.000000000E+00 -2.127019021E-02 
       106  7.146621156E+01  0.000000000E+00 -2.130373529E-02 
       107  7.189552503E+01  0.000000000E+00 -2.133568993E-02 
       108  7.232136399E+01  0.000000000E+00 -2.136609468E-02 
       109  7.274375656E+01  0.000000000E+00 -2.139498958E-02 
       110  7.316273064E+01  0.000000000E+00 -2.142241419E-02 
       111  7.357831389E+01  0.000000000E+00 -2.144840761E-02 
       112  7.399053376E+01  0.000000000E+00 -2.147300847E-02 
       113  7.439941746E+01  0.000000000E+00 -2.149625497E-02 
       114  7.480499201E+01  0.000000000E+00 -2.151818490E-02 
       115  7.520728416E+01  0.000000000E+00 -2.153883565E-02 
       116  7.560632051E+01  0.000000000E+00 -2.155824423E-02 
       117  7.600212738E+01  0.000000000E+00 -2.157644733E-02 
       118  7.639473092E+01  0.000000000E+00 -2.159348131E-02 
       119  7.678415706E+01  0.000000000E+00 -2.160938224E-02 
       120  7.717043151E+01  0.000000000E+00 -2.162418595E-02 
       121  7.755357977E+01  0.000000000E+00 -2.163792804E-02 
       122  7.793362715E+01  0.000000000E+00 -2.165064395E-02 
       123  7.831059875E+01  0.000000000E+00 -2.166236897E-02 
       124  7.868451945E+01  0.000000000E+00 -2.167313829E-02 
       125  7.905541395E+01  0.000000000E+00 -2.168298707E-02 
       126  7.942330674E+01  0.000000000E+00 -2.169195045E-02 
       127  7.978822211E+01  0.000000000E+00 -2.170006365E-02 
       128  8.015018416E+01  0.000000000E+00 -2.170736197E-02 
       129  8.050921679E+01  0.000000000E+00 -2.171388090E-02 
       130  8.086534371E+01  0.000000000E+00 -2.171965617E-02 
       131  8.121858844E+01  0.000000000E+00 -2.172472379E-02 
       132  8.156897429E+01  0.000000000E+00 -2.172912015E-02 
       133  8.191652442E+01  0.000000000E+00 -2.173288210E-02 
       134  8.226126177E+01  0.000000000E+00 -2.173604698E-02 
       135  8.260320909E+01  0.000000000E+00 -2.173865277E-02 
       136  8.294238899E+01  0.000000000E+00 -2.174073814E-02 
       137  8.327882384E+01  0.000000000E+00 -2.174234254E-02 
       138  8.361253587E+01  0.000000000E+00 -2.174350631E-02 
       139  8.394354712E+01  0.000000000E+00 -2.174427078E-02 
       140  8.427187943E+01  0.000000000E+00 -2.174467840E-02 
       141  8.459755450E+01  0.000000000E+00 -2.174477278E-02 
       142  8.492059382E+01  0.000000000E+00 -2.174459892E-02 
       143  8.524101873E+01  0.000000000E+00 -2.174420323E-02 
       144  8.555885039E+01  0.000000000E+00 -2.174363372E-02 
       145  8.587410979E+01  0.000000000E+00 -2.174294014E-02 
       146  8.618681774E+01  0.000000000E+00 -2.174217408E-02 
       147  8.649699489E+01  0.000000000E+00 -2.174138916E-02 
       148  8.680466173E+01  0.000000000E+00 -2.174064117E-02 
       149  8.710983857E+01  0.000000000E+00 -2.173998825E-02 
       150  8.741254556E+01  0.000000000E+00 -2.173949102E-02 
       151  8.771280270E+01  0.000000000E+00 -2.173921280E-02 
       152  8.801062980E+01  0.000000000E+00 -2.173921978E-02 
       153  8.830604654E+01  0.000000000E+00 -2.173958121E-02 
       154  8.859907242E+01  0.000000000E+00 -2.174036961E-02 
       155  8.888972679E+01  0.000000000E+00 -2.174166096E-02 
       156  8.917802885E+01  0.000000000E+00 -2.174353493E-02 
       157  8.946399764E+01  0.000000000E+00 -2.174607510E-02 
       158  8.974765203E+01  0.000000000E+00 -2.174936920E-02 
       159  9.002901076E+01  0.000000000E+00 -2.175350935E-02 
       160  9.030809241E+01  0.000000000E+00 -2.175859229E-02 
       161  9.058491540E+01  0.000000000E+00 -2.176471966E-02 
       162  9.085949802E+01  0.000000000E+00 -2.177199826E-02 
       163  9.113185839E+01  0.000000000E+00 -2.178054031E-02 
       164  9.140201451E+01  0.000000000E+00 -2.179046378E-02 
       165  9.166998421E+01  0.000000000E+00 -2.180189260E-02 
       166  9.193578518E+01  0.000000000E+00 -2.181495704E-02 
       167  9.219943499E+01  0.000000000E+00 -2.182979398E-02 
       168  9.246095103E+01  0.000000000E+00 -2.184654722E-02 
       169  9.272035058E+01  0.000000000E+00 -2.186536782E-02 
       170  9.297765077E+01  0.000000000E+00 -2.188641443E-02 
       171  9.323286858E+01  0.000000000E+00 -2.190985199E-02 
       172  9.348602087E+01  0.000000000E+00 -2.193585723E-02 
       173  9.373712436E+01  0.000000000E+00 -2.196192566E-02 
       174  9.398619563E+01  0.000000000E+00 -2.199039580E-02 
       175  9.423325112E+01  0.000000000E+00 -2.202407311E-02 
       176  9.447830715E+01  0.000000000E+00 -2.215292765E-02 
       177  9.472137990E+01  0.000000000E+00 -2.228158918E-02 
       178  9.496248543E+01  0.000000000E+00 -2.232165834E-02 
       179  9.520163964E+01  0.000000000E+00 -2.236363006E-02 
       180  9.543885834E+01  0.000000000E+00 -2.240211652E-02 
       181  9.567415720E+01  0.000000000E+00 -2.244706601E-02 
       182  9.590755173E+01  0.000000000E+00 -2.250437184E-02 
       183  9.613905737E+01  0.000000000E+00 -2.256830172E-02 
       184  9.636868940E+01  0.000000000E+00 -2.263719301E-02 
       185  9.659646297E+01  0.000000000E+00 -2.271133124E-02 
       186  9.682239314E+01  0.000000000E+00 -2.279101433E-02 
       187  9.704649481E+01  0.000000000E+00 -2.287544912E-02 
       188  9.726878279E+01  0.000000000E+00 -2.296625544E-02 
       189  9.748927176E+01  0.000000000E+00 -2.306408569E-02 
       190  9.770797628E+01  0.000000000E+00 -2.316903870E-02 
       191  9.792491078E+01  0.000000000E+00 -2.328184541E-02 
       192  9.814008960E+01  0.000000000E+00 -2.340259372E-02 
       193  9.835352693E+01  0.000000000E+00 -2.353213267E-02 
       194  9.856523689E+01  0.000000000E+00 -2.367024329E-02 
       195  9.877523344E+01  0.000000000E+00 -2.381673614E-02 
       196  9.898353045E+01  0.000000000E+00 -2.397237925E-02 
       197  9.919014168E+01  0.000000000E+00 -2.413824425E-02 
       198  9.939508077E+01  0.000000000E+00 -2.431449567E-02 
       199  9.959836126E+01  0.000000000E+00 -2.450164465E-02 
       200  9.979999657E+01  0.000000000E+00 -2.470022233E-02 
       201  1.000000000E+02  0.000000000E+00 -2.443555264E-02 
       202  1.002500000E+02  0.000000000E+00 -2.401574391E-02 
       203  1.005000000E+02  0.000000000E+00 -2.408413589E-02 
       204  1.007500000E+02  0.000000000E+00 -2.413922471E-02 
       205  1.010000000E+02  0.000000000E+00 -2.418541294E-02 
       206  1.012500000E+02  0.000000000E+00 -2.422506961E-02 
       207  1.015000000E+02  0.000000000E+00 -2.425969049E-02 
       208  1.017500000E+02  0.000000000E+00 -2.429031399E-02 
       209  1.020000000E+02  0.000000000E+00 -2.431770322E-02 
       210  1.022500000E+02  0.000000000E+00 -2.434243980E-02 
       211  1.025000000E+02  0.000000000E+00 -2.436497823E-02 
       212  1.027500000E+02  0.000000000E+00 -2.438568012E-02 
       213  1.030000000E+02  0.000000000E+00 -2.440483711E-02 
       214  1.032500000E+02  0.000000000E+00 -2.442268679E-02 
       215  1.035000000E+02  0.000000000E+00 -2.443942431E-02 
       216  1.037500000E+02  0.000000000E+00 -2.445521098E-02 
       217  1.040000000E+02  0.000000000E+00 -2.447018071E-02 
       218  1.042500000E+02  0.000000000E+00 -2.448444518E-02 
       219  1.045000000E+02  0.000000000E+00 -2.449809772E-02 
       220  1.047500000E+02  0.000000000E+00 -2.451121651E-02 
       221  1.050000000E+02  0.000000000E+00 -2.452386712E-02 
       222  1.052500000E+02  0.000000000E+00 -2.453610460E-02 
       223  1.055000000E+02  0.000000000E+00 -2.454797516E-02 
       224  1.057500000E+02  0.000000000E+00 -2.455951755E-02 
       225  1.060000000E+02  0.000000000E+00 -2.457076427E-02 
       226  1.062500000E+02  0.000000000E+00 -2.458174254E-02 
       227  1.065000000E+02  0.000000000E+00 -2.459247506E-02 
       228  1.067500000E+02  0.000000000E+00 -2.460298077E-02 
       229  1.070000000E+02  0.000000000E+00 -2.461327536E-02 
       230  1.072500000E+02  0.000000000E+00 -2.462337184E-02 
       231  1.075000000E+02  0.000000000E+00 -2.463328088E-02 
       232  1.077500000E+02  0.000000000E+00 -2.464301124E-02 
       233  1.080000000E+02  0.000000000E+00 -2.465257001E-02 
       234  1.082500000E+02  0.000000000E+00 -2.466196292E-02 
       235  1.085000000E+02  0.000000000E+00 -2.467119453E-02 
       236  1.087500000E+02  0.000000000E+00 -2.468026844E-02 
       237  1.090000000E+02  0.000000000E+00 -2.468918744E-02 
       238  1.092500000E+02  0.000000000E+00 -2.469795366E-02 
       239  1.095000000E+02  0.000000000E+00 -2.470656870E-02 
       240  1.097500000E+02  0.000000000E+00 -2.471503371E-02 
       241  1.100000000E+02  0.000000000E+00 -2.472334948E-02 
       242  1.102500000E+02  0.000000000E+00 -2.473151655E-02 
       243  1.105000000E+02  0.000000000E+00 -2.473953523E-02 
       244  1.107500000E+02  0.000000000E+00 -2.474740569E-02 
       245  1.110000000E+02  0.000000000E+00 -2.475512799E-02 
       246  1.112500000E+02  0.000000000E+00 -2.476270212E-02 
       247  1.115000000E+02  0.000000000E+00 -2.477012804E-02 
       248  1.117500000E+02  0.000000000E+00 -2.477740571E-02 
       249  1.120000000E+02  0.000000000E+00 -2.478453512E-02 
       250  1.122500000E+02  0.000000000E+00 -2.479151627E-02 
       251  1.125000000E+02  0.000000000E+00 -2.479834925E-02 
       252  1.127500000E+02  0.000000000E+00 -2.480503420E-02 
       253  1.130000000E+02  0.000000000E+00 -2.481157136E-02 
       254  1.132500000E+02  0.000000000E+00 -2.481796105E-02 
       255  1.135000000E+02  0.000000000E+00 -2.482420368E-02 
       256  1.137500000E+02  0.000000000E+00 -2.483029979E-02 
       257  1.140000000E+02  0.000000000E+00 -2.483624998E-02 
       258  1.142500000E+02  0.000000000E+00 -2.484205500E-02 
       259  1.145000000E+02  0.000000000E+00 -2.484771569E-02 
       260  1.147500000E+02  0.000000000E+00 -2.485323299E-02 
       261  1.150000000E+02  0.000000000E+00 -2.485860796E-02 
       262  1.152500000E+02  0.000000000E+00 -2.486384175E-02 
       263  1.155000000E+02  0.000000000E+00 -2.486893564E-02 
       264  1.157500000E+02  0.000000000E+00 -2.487389097E-02 
       265  1.160000000E+02  0.000000000E+00 -2.487870921E-02 
       266  1.162500000E+02  0.000000000E+00 -2.488339191E-02 
       267  1.165000000E+02  0.000000000E+00 -2.488794070E-02 
       268  1.167500000E+02  0.000000000E+00 -2.489235730E-02 
       269  1.170000000E+02  0.000000000E+00 -2.489664352E-02 
       270  1.172500000E+02  0.000000000E+00 -2.490080122E-02 
       271  1.175000000E+02  0.000000000E+00 -2.490483235E-02 
       272  1.177500000E+02  0.000000000E+00 -2.490873892E-02 
       273  1.180000000E+02  0.000000000E+00 -2.491252299E-02 
       274  1.182500000E+02  0.000000000E+00 -2.491618669E-02 
       275  1.185000000E+02  0.000000000E+00 -2.491973218E-02 
       276  1.187500000E+02  0.000000000E+00 -2.492316169E-02 
       277  1.190000000E+02  0.000000000E+00 -2.492647745E-02 
       278  1.192500000E+02  0.000000000E+00 -2.492968178E-02 
       279  1.195000000E+02  0.000000000E+00 -2.493277697E-02 
       280  1.197500000E+02  0.000000000E+00 -2.493576539E-02 
       281  1.200000000E+02  0.000000000E+00 -2.493864939E-02 
       282  1.202500000E+02  0.000000000E+00 -2.494143135E-02 
       283  1.205000000E+02  0.000000000E+00 -2.494411367E-02 
       284  1.207500000E+02  0.000000000E+00 -2.494669875E-02 
       285  1.210000000E+02  0.000000000E+00 -2.494918900E-02 
       286  1.212500000E+02  0.000000000E+00 -2.495158682E-02 
       287  1.215000000E+02  0.000000000E+00 -2.495389461E-02 
       288  1.217500000E+02  0.000000000E+00 -2.495611476E-02 
       289  1.220000000E+02  0.000000000E+00 -2.495824966E-02 
       290  1.222500000E+02  0.000000000E+00 -2.496030168E-02 
       291  1.225000000E+02  0.000000000E+00 -2.496227318E-02 
       292  1.227500000E+02  0.000000000E+00 -2.496416648E-02 
       293  1.230000000E+02  0.000000000E+00 -2.496598390E-02 
       294  1.232500000E+02  0.000000000E+00 -2.496772773E-02 
       295  1.235000000E+02  0.000000000E+00 -2.496940022E-02 
       296  1.237500000E+02  0.000000000E+00 -2.497100360E-02 
       297  1.240000000E+02  0.000000000E+00 -2.497254009E-02 
       298  1.242500000E+02  0.000000000E+00 -2.497401183E-02 
       299  1.245000000E+02  0.000000000E+00 -2.497542097E-02 
       300  1.247500000E+02  0.000000000E+00 -2.497676959E-02 
       301  1.250000000E+02  0.000000000E+00 -2.497805976E-02 
       302  1.252500000E+02  0.000000000E+00 -2.497929350E-02 
       303  1.255000000E+02  0.000000000E+00 -2.498047278E-02 
       304  1.257500000E+02  0.000000000E+00 -2.498159954E-02 
       305  1.260000000E+02  0.000000000E+00 -2.498267568E-02 
       306  1.262500000E+02  0.000000000E+00 -2.498370305E-02 
       307  1.265000000E+02  0.000000000E+00 -2.498468346E-02 
       308  1.267500000E+02  0.000000000E+00 -2.498561868E-02 
       309  1.270000000E+02  0.000000000E+00 -2.498651043E-02 
       310  1.272500000E+02  0.000000000E+00 -2.498736038E-02 
       311  1.275000000E+02  0.000000000E+00 -2.498817019E-02 
       312  1.277500000E+02  0.000000000E+00 -2.498894142E-02 
       313  1.280000000E+02  0.000000000E+00 -2.498967564E-02 
       314  1.282500000E+02  0.000000000E+00 -2.499037434E-02 
       315  1.285000000E+02  0.000000000E+00 -2.499103897E-02 
       316  1.287500000E+02  0.000000000E+00 -2.499167096E-02 
       317  1.290000000E+02  0.000000000E+00 -2.499227167E-02 
       318  1.292500000E+02  0.000000000E+00 -2.499284243E-02 
       319  1.295000000E+02  0.000000000E+00 -2.499338452E-02 
       320  1.297500000E+02  0.000000000E+00 -2.499389918E-02 
       321  1.300000000E+02  0.000000000E+00 -2.499438763E-02 
       322  1.302500000E+02  0.000000000E+00 -2.499485101E-02 
       323  1.305000000E+02  0.000000000E+00 -2.499529045E-02 
       324  1.307500000E+02  0.000000000E+00 -2.499570702E-02 
       325  1.310000000E+02  0.000000000E+00 -2.499610178E-02 
       326  1.312500000E+02  0.000000000E+00 -2.499647571E-02 
       327  1.315000000E+02  0.000000000E+00 -2.499682980E-02 
       328  1.317500000E+02  0.000000000E+00 -2.499716497E-02 
       329  1.320000000E+02  0.000000000E+00 -2.499748211E-02 
       330  1.322500000E+02  0.000000000E+00 -2.499778209E-02 
       331  1.325000000E+02  0.000000000E+00 -2.499806573E-02 
       332  1.327500000E+02  0.000000000E+00 -2.499833382E-02 
       333  1.330000000E+02  0.000000000E+00 -2.499858713E-02 
       334  1.332500000E+02  0.000000000E+00 -2.499882638E-02 
       335  1.335000000E+02  0.000000000E+00 -2.499905228E-02 
       336  1.337500000E+02  0.000000000E+00 -2.499926549E-02 
       337  1.340000000E+02  0.000000000E+00 -2.499946665E-02 
       338  1.342500000E+02  0.000000000E+00 -2.499965639E-02 
       339  1.345000000E+02  0.000000000E+00 -2.499983528E-02 
       340  1.347500000E+02  0.000000000E+00 -2.500000389E-02 
       341  1.350000000E+02  0.000000000E+00 -2.500016275E-02 
       342  1.352500000E+02  0.000000000E+00 -2.500031238E-02 
       343  1.355000000E+02  0.000000000E+00 -2.500045327E-02 
       344  1.357500000E+02  0.000000000E+00 -2.500058587E-02 
       345  1.360000000E+02  0.000000000E+00 -2.500071064E-02 
       346  1.362500000E+02  0.000000000E+00 -2.500082799E-02 
       347  1.365000000E+02  0.000000000E+00 -2.500093834E-02 
       348  1.367500000E+02  0.000000000E+00 -2.500104206E-02 
       349  1.370000000E+02  0.000000000E+00 -2.500113952E-02 
       350  1.372500000E+02  0.000000000E+00 -2.500123107E-02 
       351  1.375000000E+02  0.000000000E+00 -2.500131703E-02 
       352  1.377500000E+02  0.000000000E+00 -2.500139773E-02 
       353  1.380000000E+02  0.000000000E+00 -2.500147345E-02 
       354  1.382500000E+02  0.000000000E+00 -2.500154448E-02 
       355  1.385000000E+02  0.000000000E+00 -2.500161110E-02 
       356  1.387500000E+02  0.000000000E+00 -2.500167354E-02 
       357  1.390000000E+02  0.000000000E+00 -2.500173207E-02 
       358  1.392500000E+02  0.000000000E+00 -2.500178689E-02 
       359  1.395000000E+02  0.000000000E+00 -2.500183824E-02 
       360  1.397500000E+02  0.000000000E+00 -2.500188630E-02 
       361  1.400000000E+02  0.000000000E+00 -2.500193129E-02 
       362  1.402500000E+02  0.000000000E+00 -2.500197338E-02 
       363  1.405000000E+02  0.000000000E+00 -2.500201274E-02 
       364  1.407500000E+02  0.000000000E+00 -2.500204953E-02 
       365  1.410000000E+02  0.000000000E+00 -2.500208392E-02 
       366  1.412500000E+02  0.000000000E+00 -2.500211605E-02 
       367  1.415000000E+02  0.000000000E+00 -2.500214605E-02 
       368  1.417500000E+02  0.000000000E+00 -2.500217405E-02 
       369  1.420000000E+02  0.000000000E+00 -2.500220018E-02 
       370  1.422500000E+02  0.000000000E+00 -2.500222455E-02 
       371  1.425000000E+02  0.000000000E+00 -2.500224726E-02 
       372  1.427500000E+02  0.000000000E+00 -2.500226843E-02 
       373  1.430000000E+02  0.000000000E+00 -2.500228815E-02 
       374  1.432500000E+02  0.000000000E+00 -2.500230650E-02 
       375  1.435000000E+02  0.000000000E+00 -2.500232357E-02 
       376  1.437500000E+02  0.000000000E+00 -2.500233944E-02 
       377  1.440000000E+02  0.000000000E+00 -2.500235418E-02 
       378  1.442500000E+02  0.000000000E+00 -2.500236786E-02 
       379  1.445000000E+02  0.000000000E+00 -2.500238055E-02 
       380  1.447500000E+02  0.000000000E+00 -2.500239231E-02 
       381  1.450000000E+02  0.000000000E+00 -2.500240320E-02 
       382  1.452500000E+02  0.000000000E+00 -2.500241326E-02 
       383  1.455000000E+02  0.000000000E+00 -2.500242255E-02 
       384  1.457500000E+02  0.000000000E+00 -2.500243111E-02 
       385  1.460000000E+02  0.000000000E+00 -2.500243898E-02 
       386  1.462500000E+02  0.000000000E+00 -2.500244621E-02 
       387  1.465000000E+02  0.000000000E+00 -2.500245283E-02 
       388  1.467500000E+02  0.000000000E+00 -2.500245887E-02 
       389  1.470000000E+02  0.000000000E+00 -2.500246436E-02 
       390  1.472500000E+02  0.000000000E+00 -2.500246934E-02 
       391  1.475000000E+02  0.000000000E+00 -2.500247382E-02 
       392  1.477500000E+02  0.000000000E+00 -2.500247783E-02 
       393  1.480000000E+02  0.000000000E+00 -2.500248140E-02 
       394  1.482500000E+02  0.000000000E+00 -2.500248453E-02 
       395  1.485000000E+02  0.000000000E+00 -2.500248725E-02 
       396  1.487500000E+02  0.000000000E+00 -2.500248957E-02 
       397  1.490000000E+02  0.000000000E+00 -2.500249150E-02 
       398  1.492500000E+02  0.000000000E+00 -2.500249306E-02 
       399  1.495000000E+02  0.000000000E+00 -2.500249424E-02 
       400  1.497500000E+02  0.000000000E+00 -2.500249506E-02 
       401  1.500000000E+02  0.000000000E+00 -2.500249553E-02 
       402  1.502500000E+02  0.000000000E+00 -2.500249564E-02 
       403  1.505000000E+02  0.000000000E+00 -2.500249539E-02 
       404  1.507500000E+02  0.000000000E+00 -2.500249479E-02 
       405  1.510000000E+02  0.000000000E+00 -2.500249383E-02 
       406  1.512500000E+02  0.000000000E+00 -2.500249250E-02 
       407  1.515000000E+02  0.000000000E+00 -2.500249081E-02 
       408  1.517500000E+02  0.000000000E+00 -2.500248874E-02 
       409  1.520000000E+02  0.000000000E+00 -2.500248627E-02 
       410  1.522500000E+02  0.000000000E+00 -2.500248341E-02 
       411  1.525000000E+02  0.000000000E+00 -2.500248013E-02 
       412  1.527500000E+02  0.000000000E+00 -2.500247642E-02 
       413  1.530000000E+02  0.000000000E+00 -2.500247226E-02 
       414  1.532500000E+02  0.000000000E+00 -2.500246763E-02 
       415  1.535000000E+02  0.000000000E+00 -2.500246250E-02 
       416  1.537500000E+02  0.000000000E+00 -2.500245685E-02 
       417  1.540000000E+02  0.000000000E+00 -2.500245065E-02 
       418  1.542500000E+02  0.000000000E+00 -2.500244388E-02 
       419  1.545000000E+02  0.000000000E+00 -2.500243649E-02 
       420  1.547500000E+02  0.000000000E+00 -2.500242845E-02 
       421  1.550000000E+02  0.000000000E+00 -2.500241973E-02 
       422  1.552500000E+02  0.000000000E+00 -2.500241028E-02 
       423  1.555000000E+02  0.000000000E+00 -2.500240005E-02 
       424  1.557500000E+02  0.000000000E+00 -2.500238900E-02 
       425  1.560000000E+02  0.000000000E+00 -2.500237708E-02 
       426  1.562500000E+02  0.000000000E+00 -2.500236423E-02 
       427  1.565000000E+02  0.000000000E+00 -2.500235038E-02 
       428  1.567500000E+02  0.000000000E+00 -2.500233548E-02 
       429  1.570000000E+02  0.000000000E+00 -2.500231946E-02 
       430  1.572500000E+02  0.000000000E+00 -2.500230225E-02 
       431  1.575000000E+02  0.000000000E+00 -2.500228376E-02 
       432  1.577500000E+02  0.000000000E+00 -2.500226391E-02 
       433  1.580000000E+02  0.000000000E+00 -2.500224262E-02 
       434  1.582500000E+02  0.000000000E+00 -2.500221979E-02 
       435  1.585000000E+02  0.000000000E+00 -2.500219533E-02 
       436  1.587500000E+02  0.000000000E+00 -2.500216912E-02 
       437  1.590000000E+02  0.000000000E+00 -2.500214106E-02 
       438  1.592500000E+02  0.000000000E+00 -2.500211102E-02 
       439  1.595000000E+02  0.000000000E+00 -2.500207889E-02 
       440  1.597500000E+02  0.000000000E+00 -2.500204452E-02 
       441  1.600000000E+02  0.000000000E+00 -2.500200778E-02 
       442  1.602500000E+02  0.000000000E+00 -2.500196851E-02 
       443  1.605000000E+02  0.000000000E+00 -2.500192655E-02 
       444  1.607500000E+02  0.000000000E+00 -2.500188175E-02 
       445  1.610000000E+02  0.000000000E+00 -2.500183391E-02 
       446  1.612500000E+02  0.000000000E+00 -2.500178286E-02 
       447  1.615000000E+02  0.000000000E+00 -2.500172839E-02 
       448  1.617500000E+02  0.000000000E+00 -2.500167030E-02 
       449  1.620000000E+02  0.000000000E+00 -2.500160836E-02 
       450  1.622500000E+02  0.000000000E+00 -2.500154235E-02 
       451  1.625000000E+02  0.000000000E+00 -2.500147202E-02 
       452  1.627500000E+02  0.000000000E+00 -2.500139710E-02 
       453  1.630000000E+02  0.000000000E+00 -2.500131733E-02 
       454  1.632500000E+02  0.000000000E+00 -2.500123241E-02 
       455  1.635000000E+02  0.000000000E+00 -2.500114206E-02 
       456  1.637500000E+02  0.000000000E+00 -2.500104595E-02 
       457  1.640000000E+02  0.000000000E+00 -2.500094374E-02 
       458  1.642500000E+02  0.000000000E+00 -2.500083509E-02 
       459  1.645000000E+02  0.000000000E+00 -2.500071962E-02 
       460  1.647500000E+02  0.000000000E+00 -2.500059696E-02 
       461  1.650000000E+02  0.000000000E+00 -2.500046669E-02 
       462  1.652500000E+02  0.000000000E+00 -2.500032839E-02 
       463  1.655000000E+02  0.000000000E+00 -2.500018161E-02 
       464  1.657500000E+02  0.000000000E+00 -2.500002588E-02 
       465  1.660000000E+02  0.000000000E+00 -2.499986072E-02 
       466  1.662500000E+02  0.000000000E+00 -2.499968560E-02 
       467  1.665000000E+02  0.000000000E+00 -2.499949999E-02 
       468  1.667500000E+02  0.000000000E+00 -2.499930334E-02 
       469  1.670000000E+02  0.000000000E+00 -2.499909504E-02 
       470  1.672500000E+02  0.000000000E+00 -2.499887449E-02 
       471  1.675000000E+02  0.000000000E+00 -2.499864104E-02 
       472  1.677500000E+02  0.000000000E+00 -2.499839402E-02 
       473  1.680000000E+02  0.000000000E+00 -2.499813274E-02 
       474  1.682500000E+02  0.000000000E+00 -2.499785645E-02 
       475  1.685000000E+02  0.000000000E+00 -2.499756440E-02 
       476  1.687500000E+02  0.000000000E+00 -2.499725580E-02 
       477  1.690000000E+02  0.000000000E+00 -2.499692982E-02 
       478  1.692500000E+02  0.000000000E+00 -2.499658558E-02 
       479  1.695000000E+02  0.000000000E+00 -2.499622221E-02 
       480  1.697500000E+02  0.000000000E+00 -2.499583876E-02 
       481  1.700000000E+02  0.000000000E+00 -2.499543426E-02 
       482  1.702500000E+02  0.000000000E+00 -2.499500771E-02 
       483  1.705000000E+02  0.000000000E+00 -2.499455805E-02 
       484  1.707500000E+02  0.000000000E+00 -2.499408420E-02 
       485  1.710000000E+02  0.000000000E+00 -2.499358502E-02 
       486  1.712500000E+02  0.000000000E+00 -2.499305934E-02 
       487  1.715000000E+02  0.000000000E+00 -2.499250595E-02 
       488  1.717500000E+02  0.000000000E+00 -2.499192358E-02 
       489  1.720000000E+02  0.000000000E+00 -2.499131093E-02 
       490  1.722500000E+02  0.000000000E+00 -2.499066664E-02 
       491  1.725000000E+02  0.000000000E+00 -2.498998931E-02 
       492  1.727500000E+02  0.000000000E+00 -2.498927748E-02 
       493  1.730000000E+02  0.000000000E+00 -2.498852966E-02 
       494  1.732500000E+02  0.000000000E+00 -2.498774430E-02 
       495  1.735000000E+02  0.000000000E+00 -2.498691978E-02 
       496  1.737500000E+02  0.000000000E+00 -2.498605446E-02 
       497  1.740000000E+02  0.000000000E+00 -2.498514661E-02 
       498  1.742500000E+02  0.000000000E+00 -2.498419447E-02 
       499  1.745000000E+02  0.000000000E+00 -2.498319622E-02 
       500  1.747500000E+02  0.000000000E+00 -2.498214996E-02 
       501  1.750000000E+02  0.000000000E+00 -2.498105377E-02 
       502  1.752500000E+02  0.000000000E+00 -2.497990563E-02 
       503  1.755000000E+02  0.000000000E+00 -2.497870348E-02 
       504  1.757500000E+02  0.000000000E+00 -2.497744519E-02 
       505  1.760000000E+02  0.000000000E+00 -2.497612858E-02 
       506  1.762500000E+02  0.000000000E+00 -2.497475138E-02 
       507  1.765000000E+02  0.000000000E+00 -2.497331129E-02 
       508  1.767500000E+02  0.000000000E+00 -2.497180589E-02 
       509  1.770000000E+02  0.000000000E+00 -2.497023275E-02 
       510  1.772500000E+02  0.000000000E+00 -2.496858932E-02 
       511  1.775000000E+02  0.000000000E+00 -2.496687300E-02 
       512  1.777500000E+02  0.000000000E+00 -2.496508112E-02 
       513  1.780000000E+02  0.000000000E+00 -2.496321093E-02 
       514  1.782500000E+02  0.000000000E+00 -2.496125959E-02 
       515  1.785000000E+02  0.000000000E+00 -2.495922421E-02 
       516  1.787500000E+02  0.000000000E+00 -2.495710179E-02 
       517  1.790000000E+02  0.000000000E+00 -2.495488926E-02 
       518  1.792500000E+02  0.000000000E+00 -2.495258346E-02 
       519  1.795000000E+02  0.000000000E+00 -2.495018116E-02 
       520  1.797500000E+02  0.000000000E+00 -2.494767901E-02 
       521  1.800000000E+02  0.000000000E+00 -2.494507360E-02 
       522  1.802500000E+02  0.000000000E+00 -2.494236140E-02 
       523  1.805000000E+02  0.000000000E+00 -2.493953879E-02 
       524  1.807500000E+02  0.000000000E+00 -2.493660205E-02 
       525  1.810000000E+02  0.000000000E+00 -2.493354737E-02 
       526  1.812500000E+02  0.000000000E+00 -2.493037080E-02 
       527  1.815000000E+02  0.000000000E+00 -2.492706830E-02 
       528  1.817500000E+02  0.000000000E+00 -2.492363571E-02 
       529  1.820000000E+02  0.000000000E+00 -2.492006875E-02 
       530  1.822500000E+02  0.000000000E+00 -2.491636300E-02 
       531  1.825000000E+02  0.000000000E+00 -2.491251394E-02 
       532  1.827500000E+02  0.000000000E+00 -2.490851687E-02 
       533  1.830000000E+02  0.000000000E+00 -2.490436699E-02 
       534  1.832500000E+02  0.000000000E+00 -2.490005932E-02 
       535  1.835000000E+02  0.000000000E+00 -2.489558873E-02 
       536  1.837500000E+02  0.000000000E+00 -2.489094995E-02 
       537  1.840000000E+02  0.000000000E+00 -2.488613750E-02 
       538  1.842500000E+02  0.000000000E+00 -2.488114573E-02 
       539  1.845000000E+02  0.000000000E+00 -2.487596883E-02 
       540  1.847500000E+02  0.000000000E+00 -2.487060073E-02 
       541  1.850000000E+02  0.000000000E+00 -2.486503521E-02 
       542  1.852500000E+02  0.000000000E+00 -2.485926577E-02 
       543  1.855000000E+02  0.000000000E+00 -2.485328570E-02 
       544  1.857500000E+02  0.000000000E+00 -2.484708802E-02 
       545  1.860000000E+02  0.000000000E+00 -2.484066551E-02 
       546  1.862500000E+02  0.000000000E+00 -2.483401062E-02 
       547  1.865000000E+02  0.000000000E+00 -2.482711551E-02 
       548  1.867500000E+02  0.000000000E+00 -2.481997202E-02 
       549  1.870000000E+02  0.000000000E+00 -2.481257163E-02 
       550  1.872500000E+02  0.000000000E+00 -2.480490543E-02 
       551  1.875000000E+02  0.000000000E+00 -2.479696412E-02 
       552  1.877500000E+02  0.000000000E+00 -2.478873793E-02 
       553  1.880000000E+02  0.000000000E+00 -2.478021666E-02 
       554  1.882500000E+02  0.000000000E+00 -2.477138954E-02 
       555  1.885000000E+02  0.000000000E+00 -2.476224527E-02 
       556  1.887500000E+02  0.000000000E+00 -2.475277192E-02 
       557  1.890000000E+02  0.000000000E+00 -2.474295691E-02 
       558  1.892500000E+02  0.000000000E+00 -2.473278690E-02 
       559  1.895000000E+02  0.000000000E+00 -2.472224776E-02 
       560  1.897500000E+02  0.000000000E+00 -2.471132445E-02 
       561  1.900000000E+02  0.000000000E+00 -2.470000095E-02 
       562  1.902500000E+02  0.000000000E+00 -2.468826014E-02 
       563  1.905000000E+02  0.000000000E+00 -2.467608368E-02 
       564  1.907500000E+02  0.000000000E+00 -2.466345187E-02 
       565  1.910000000E+02  0.000000000E+00 -2.465034347E-02 
       566  1.912500000E+02  0.000000000E+00 -2.463673554E-02 
       567  1.915000000E+02  0.000000000E+00 -2.462260318E-02 
       568  1.917500000E+02  0.000000000E+00 -2.460791931E-02 
       569  1.920000000E+02  0.000000000E+00 -2.459265437E-02 
       570  1.922500000E+02  0.000000000E+00 -2.457677598E-02 
       571  1.925000000E+02  0.000000000E+00 -2.456024853E-02 
       572  1.927500000E+02  0.000000000E+00 -2.454303274E-02 
       573  1.930000000E+02  0.000000000E+00 -2.452508511E-02 
       574  1.932500000E+02  0.000000000E+00 -2.450635728E-02 
       575  1.935000000E+02  0.000000000E+00 -2.448679531E-02 
       576  1.937500000E+02  0.000000000E+00 -2.446633878E-02 
       577  1.940000000E+02  0.000000000E+00 -2.444491980E-02 
       578  1.942500000E+02  0.000000000E+00 -2.442246176E-02 
       579  1.945000000E+02  0.000000000E+00 -2.439887791E-02 
       580  1.947500000E+02  0.000000000E+00 -2.437406963E-02 
       581  1.950000000E+02  0.000000000E+00 -2.434792439E-02 
       582  1.952500000E+02  0.000000000E+00 -2.432031326E-02 
       583  1.955000000E+02  0.000000000E+00 -2.429108795E-02 
       584  1.957500000E+02  0.000000000E+00 -2.426007720E-02 
       585  1.960000000E+02  0.000000000E+00 -2.422708233E-02 
       586  1.962500000E+02  0.000000000E+00 -2.419187179E-02 
       587  1.965000000E+02  0.000000000E+00 -2.415417441E-02 
       588  1.967500000E+02  0.000000000E+00 -2.411367083E-02 
       589  1.970000000E+02  0.000000000E+00 -2.406998264E-02 
       590  1.972500000E+02  0.000000000E+00 -2.402265840E-02 
       591  1.975000000E+02  0.000000000E+00 -2.397115510E-02 
       592  1.977500000E+02  0.000000000E+00 -2.391481340E-02 
       593  1.980000000E+02  0.000000000E+00 -2.385282336E-02 
       594  1.982500000E+02  0.000000000E+00 -2.378417548E-02 
       595  1.985000000E+02  0.000000000E+00 -2.370758779E-02 
       596  1.987500000E+02  0.000000000E+00 -2.362139041E-02 
       597  1.990000000E+02  0.000000000E+00 -2.352332764E-02 
       598  1.992500000E+02  0.000000000E+00 -2.341017604E-02 
       599  1.995000000E+02  0.000000000E+00 -2.327687764E-02 
       600  1.997500000E+02  0.000000000E+00 -2.311413618E-02 
       601  2.000000000E+02  0.000000000E+00 -2.390343787E-02 
       602  2.001999988E+02  0.000000000E+00 -2.439058044E-02 
       603  2.004032879E+02  0.000000000E+00 -2.396305819E-02 
       604  2.006099214E+02  0.000000000E+00 -2.355342682E-02 
       605  2.008199543E+02  0.000000000E+00 -2.316092164E-02 
       606  2.010334426E+02  0.000000000E+00 -2.278478570E-02 
       607  2.012504431E+02  0.000000000E+00 -2.242427035E-02 
       608  2.014710137E+02  0.000000000E+00 -2.207863616E-02 
       609  2.016952129E+02  0.000000000E+00 -2.174715386E-02 
       610  2.019231006E+02  0.000000000E+00 -2.142910522E-02 
       611  2.021547374E+02  0.000000000E+00 -2.112378398E-02 
       612  2.023901849E+02  0.000000000E+00 -2.083049653E-02 
       613  2.026295060E+02  0.000000000E+00 -2.054856278E-02 
       614  2.028727642E+02  0.000000000E+00 -2.027731679E-02 
       615  2.031200245E+02  0.000000000E+00 -2.001719777E-02 
       616  2.033713525E+02  0.000000000E+00 -1.976792994E-02 
       617  2.036268153E+02  0.000000000E+00 -1.947671967E-02 
       618  2.038864808E+02  0.000000000E+00 -1.918971567E-02 
       619  2.041504183E+02  0.000000000E+00 -1.896155469E-02 
       620  2.044186979E+02  0.000000000E+00 -1.874042398E-02 
       621  2.046913911E+02  0.000000000E+00 -1.852348912E-02 
       622  2.049685706E+02  0.000000000E+00 -1.831312556E-02 
       623  2.052503101E+02  0.000000000E+00 -1.810878302E-02 
       624  2.055366847E+02  0.000000000E+00 -1.790993259E-02 
       625  2.058277705E+02  0.000000000E+00 -1.771606534E-02 
       626  2.061236452E+02  0.000000000E+00 -1.752669297E-02 
       627  2.064243875E+02  0.000000000E+00 -1.734134787E-02 
       628  2.067300774E+02  0.000000000E+00 -1.715958301E-02 
       629  2.070407965E+02  0.000000000E+00 -1.698097179E-02 
       630  2.073566273E+02  0.000000000E+00 -1.680510781E-02 
       631  2.076776540E+02  0.000000000E+00 -1.663160464E-02 
       632  2.080039622E+02  0.000000000E+00 -1.646009534E-02 
       633  2.083356386E+02  0.000000000E+00 -1.629023221E-02 
       634  2.086727716E+02  0.000000000E+00 -1.612168617E-02 
       635  2.090154510E+02  0.000000000E+00 -1.595414637E-02 
       636  2.093637679E+02  0.000000000E+00 -1.578731954E-02 
       637  2.097178153E+02  0.000000000E+00 -1.562092946E-02 
       638  2.100776872E+02  0.000000000E+00 -1.545471629E-02 
       639  2.104434797E+02  0.000000000E+00 -1.528843592E-02 
       640  2.108152899E+02  0.000000000E+00 -1.512185932E-02 
       641  2.111932170E+02  0.000000000E+00 -1.495477180E-02 
       642  2.115773617E+02  0.000000000E+00 -1.478697236E-02 
       643  2.119678260E+02  0.000000000E+00 -1.461827291E-02 
       644  2.123647142E+02  0.000000000E+00 -1.444849760E-02 
       645  2.127681317E+02  0.000000000E+00 -1.427748212E-02 
       646  2.131781861E+02  0.000000000E+00 -1.410507292E-02 
       647  2.135949866E+02  0.000000000E+00 -1.393112659E-02 
       648  2.140186441E+02  0.000000000E+00 -1.375550915E-02 
       649  2.144492713E+02  0.000000000E+00 -1.357809535E-02 
       650  2.148869831E+02  0.000000000E+00 -1.339876808E-02 
       651  2.153318959E+02  0.000000000E+00 -1.321741771E-02 
       652  2.157841282E+02  0.000000000E+00 -1.303394145E-02 
       653  2.162438005E+02  0.000000000E+00 -1.284824284E-02 
       654  2.167110350E+02  0.000000000E+00 -1.266023116E-02 
       655  2.171859563E+02  0.000000000E+00 -1.246982090E-02 
       656  2.176686908E+02  0.000000000E+00 -1.227693124E-02 
       657  2.181593671E+02  0.000000000E+00 -1.208148561E-02 
       658  2.186581157E+02  0.000000000E+00 -1.188341122E-02 
       659  2.191650695E+02  0.000000000E+00 -1.168263864E-02 
       660  2.196803635E+02  0.000000000E+00 -1.147910140E-02 
       661  2.202041348E+02  0.000000000E+00 -1.127273560E-02 
       662  2.207365230E+02  0.000000000E+00 -1.106347959E-02 
       663  2.212776699E+02  0.000000000E+00 -1.085127361E-02 
       664  2.218277194E+02  0.000000000E+00 -1.063605947E-02 
       665  2.223868182E+02  0.000000000E+00 -1.041778032E-02 
       666  2.229551149E+02  0.000000000E+00 -1.019638029E-02 
       667  2.235327610E+02  0.000000000E+00 -9.971804286E-03 
       668  2.241199103E+02  0.000000000E+00 -9.743997747E-03 
       669  2.247167191E+02  0.000000000E+00 -9.512906386E-03 
       670  2.253233464E+02  0.000000000E+00 -9.278475993E-03 
       671  2.259399536E+02  0.000000000E+00 -9.040652209E-03 
       672  2.265667050E+02  0.000000000E+00 -8.799380348E-03 
       673  2.272037674E+02  0.000000000E+00 -8.554605178E-03 
       674  2.278513104E+02  0.000000000E+00 -8.306270759E-03 
       675  2.285095066E+02  0.000000000E+00 -8.054320243E-03 
       676  2.291785311E+02  0.000000000E+00 -7.798695702E-03 
       677  2.298585621E+02  0.000000000E+00 -7.539337971E-03 
       678  2.305497807E+02  0.000000000E+00 -7.276186444E-03 
       679  2.312523708E+02  0.000000000E+00 -7.009178943E-03 
       680  2.319665197E+02  0.000000000E+00 -6.738251511E-03 
       681  2.326924175E+02  0.000000000E+00 -6.463338278E-03 
       682  2.334302574E+02  0.000000000E+00 -6.184371263E-03 
       683  2.341802359E+02  0.000000000E+00 -5.901280222E-03 
       684  2.349425527E+02  0.000000000E+00 -5.613992475E-03 
       685  2.357174108E+02  0.000000000E+00 -5.322432727E-03 
       686  2.365050165E+02  0.000000000E+00 -5.026522892E-03 
       687  2.373055796E+02  0.000000000E+00 -4.726181931E-03 
       688  2.381193132E+02  0.000000000E+00 -4.421325650E-03 
       689  2.389464340E+02  0.000000000E+00 -4.111866535E-03 
       690  2.397871622E+02  0.000000000E+00 -3.797713564E-03 
       691  2.406417216E+02  0.000000000E+00 -3.478772014E-03 
       692  2.415103399E+02  0.000000000E+00 -3.154943262E-03 
       693  2.423932484E+02  0.000000000E+00 -2.826124599E-03 
       694  2.432906820E+02  0.000000000E+00 -2.492209012E-03 
       695  2.442028798E+02  0.000000000E+00 -2.153084959E-03 
       696  2.451300847E+02  0.000000000E+00 -1.808636133E-03 
       697  2.460725436E+02  0.000000000E+00 -1.458741205E-03 
       698  2.470305073E+02  0.000000000E+00 -1.103273510E-03 
       699  2.480042311E+02  0.000000000E+00 -7.421006835E-04 
       700  2.489939742E+02  0.000000000E+00 -3.750842383E-04 
       701  2.500000000E+02  0.000000000E+00 -2.078961366E-06 
       702  2.510060258E+02  0.000000000E+00  3.709305477E-04 
       703  2.519957689E+02  0.000000000E+00  7.379594666E-04 
       704  2.529694927E+02  0.000000000E+00  1.099152701E-03 
       705  2.539274564E+02  0.000000000E+00  1.454648424E-03 
       706  2.548699153E+02  0.000000000E+00  1.804578687E-03 
       707  2.557971202E+02  0.000000000E+00  2.149069843E-03 
       708  2.567093180E+02  0.000000000E+00  2.488242914E-03 
       709  2.576067516E+02  0.000000000E+00  2.822213903E-03 
       710  2.584896601E+02  0.000000000E+00  3.151094056E-03 
       711  2.593582784E+02  0.000000000E+00  3.474990093E-03 
       712  2.602128379E+02  0.000000000E+00  3.794004432E-03 
       713  2.610535660E+02  0.000000000E+00  4.108235410E-03 
       714  2.618806868E+02  0.000000000E+00  4.417777459E-03 
       715  2.626944204E+02  0.000000000E+00  4.722721307E-03 
       716  2.634949835E+02  0.000000000E+00  5.023154174E-03 
       717  2.642825892E+02  0.000000000E+00  5.319159946E-03 
       718  2.650574473E+02  0.000000000E+00  5.610819346E-03 
       719  2.658197641E+02  0.000000000E+00  5.898210134E-03 
       720  2.665697426E+02  0.000000000E+00  6.181407258E-03 
       721  2.673075825E+02  0.000000000E+00  6.460483039E-03 
       722  2.680334803E+02  0.000000000E+00  6.735507343E-03 
       723  2.687476292E+02  0.000000000E+00  7.006547753E-03 
       724  2.694502193E+02  0.000000000E+00  7.273669723E-03 
       725  2.701414379E+02  0.000000000E+00  7.536936770E-03 
       726  2.708214689E+02  0.000000000E+00  7.796410619E-03 
       727  2.714904934E+02  0.000000000E+00  8.052151401E-03 
       728  2.721486896E+02  0.000000000E+00  8.304217793E-03 
       729  2.727962326E+02  0.000000000E+00  8.552667217E-03 
       730  2.734332950E+02  0.000000000E+00  8.797556009E-03 
       731  2.740600464E+02  0.000000000E+00  9.038939589E-03 
       732  2.746766536E+02  0.000000000E+00  9.276872661E-03 
       733  2.752832808E+02  0.000000000E+00  9.511409388E-03 
       734  2.758800897E+02  0.000000000E+00  9.742603605E-03 
       735  2.764672390E+02  0.000000000E+00  9.970509006E-03 
       736  2.770448851E+02  0.000000000E+00  1.019517937E-02 
       737  2.776131818E+02  0.000000000E+00  1.041666878E-02 
       738  2.781722806E+02  0.000000000E+00  1.063503184E-02 
       739  2.787223301E+02  0.000000000E+00  1.085032396E-02 
       740  2.792634769E+02  0.000000000E+00  1.106260159E-02 
       741  2.797958652E+02  0.000000000E+00  1.127192248E-02 
       742  2.803196365E+02  0.000000000E+00  1.147834601E-02 
       743  2.808349305E+02  0.000000000E+00  1.168193349E-02 
       744  2.813418843E+02  0.000000000E+00  1.188274849E-02 
       745  2.818406329E+02  0.000000000E+00  1.208085715E-02 
       746  2.823313092E+02  0.000000000E+00  1.227632866E-02 
       747  2.828140437E+02  0.000000000E+00  1.246923555E-02 
       748  2.832889650E+02  0.000000000E+00  1.265965417E-02 
       749  2.837561995E+02  0.000000000E+00  1.284766515E-02 
       750  2.842158718E+02  0.000000000E+00  1.303335382E-02 
       751  2.846681041E+02  0.000000000E+00  1.321681078E-02 
       752  2.851130169E+02  0.000000000E+00  1.339813238E-02 
       753  2.855507287E+02  0.000000000E+00  1.357742130E-02 
       754  2.859813560E+02  0.000000000E+00  1.375478712E-02 
       755  2.864050134E+02  0.000000000E+00  1.393034693E-02 
       756  2.868218139E+02  0.000000000E+00  1.410422597E-02 
       757  2.872318683E+02  0.000000000E+00  1.427655825E-02 
       758  2.876352858E+02  0.000000000E+00  1.444748724E-02 
       759  2.880321740E+02  0.000000000E+00  1.461716656E-02 
       760  2.884226383E+02  0.000000000E+00  1.478576069E-02 
       761  2.888067830E+02  0.000000000E+00  1.495344564E-02 
       762  2.891847101E+02  0.000000000E+00  1.512040971E-02 
       763  2.895565204E+02  0.000000000E+00  1.528685419E-02 
       764  2.899223128E+02  0.000000000E+00  1.545299408E-02 
       765  2.902821847E+02  0.000000000E+00  1.561905881E-02 
       766  2.906362321E+02  0.000000000E+00  1.578529292E-02 
       767  2.909845490E+02  0.000000000E+00  1.595195678E-02 
       768  2.913272284E+02  0.000000000E+00  1.611932722E-02 
       769  2.916643614E+02  0.000000000E+00  1.628769817E-02 
       770  2.919960378E+02  0.000000000E+00  1.645738128E-02 
       771  2.923223460E+02  0.000000000E+00  1.662870648E-02 
       772  2.926433727E+02  0.000000000E+00  1.680202246E-02 
       773  2.929592035E+02  0.000000000E+00  1.697769724E-02 
       774  2.932699226E+02  0.000000000E+00  1.715611848E-02 
       775  2.935756125E+02  0.000000000E+00  1.733769392E-02 
       776  2.938763548E+02  0.000000000E+00  1.752285164E-02 
       777  2.941722295E+02  0.000000000E+00  1.771204035E-02 
       778  2.944633153E+02  0.000000000E+00  1.790572946E-02 
       779  2.947496899E+02  0.000000000E+00  1.810440929E-02 
       780  2.950314294E+02  0.000000000E+00  1.830859100E-02 
       781  2.953086088E+02  0.000000000E+00  1.851880659E-02 
       782  2.955813021E+02  0.000000000E+00  1.873560876E-02 
       783  2.958495817E+02  0.000000000E+00  1.895957071E-02 
       784  2.961135192E+02  0.000000000E+00  1.919128580E-02 
       785  2.963731847E+02  0.000000000E+00  1.943136730E-02 
       786  2.966286475E+02  0.000000000E+00  1.968044787E-02 
       787  2.968799755E+02  0.000000000E+00  1.993917912E-02 
       788  2.971272358E+02  0.000000000E+00  2.020823102E-02 
       789  2.973704940E+02  0.000000000E+00  2.048829129E-02 
       790  2.976098151E+02  0.000000000E+00  2.078006473E-02 
       791  2.978452626E+02  0.000000000E+00  2.108427244E-02 
       792  2.980768994E+02  0.000000000E+00  2.140165111E-02 
       793  2.983047871E+02  0.000000000E+00  2.173295214E-02 
       794  2.985289863E+02  0.000000000E+00  2.207894080E-02 
       795  2.987495568E+02  0.000000000E+00  2.228091587E-02 
       796  2.989665574E+02  0.000000000E+00  2.247026276E-02 
       797  2.991800457E+02  0.000000000E+00  2.279998899E-02 
       798  2.993900786E+02  0.000000000E+00  2.314227315E-02 
       799  2.995967121E+02  0.000000000E+00  2.349770276E-02 
       800  2.998000012E+02  0.000000000E+00  2.386686248E-02 
       801  3.000000000E+02  0.000000000E+00  2.359440503E-02 
       802  3.002500000E+02  0.000000000E+00  2.311101864E-02 
       803  3.005000000E+02  0.000000000E+00  2.327388399E-02 
       804  3.007500000E+02  0.000000000E+00  2.340727781E-02 
       805  3.010000000E+02  0.000000000E+00  2.352050865E-02 
       806  3.012500000E+02  0.000000000E+00  2.361864070E-02 
       807  3.015000000E+02  0.000000000E+00  2.370490100E-02 
       808  3.017500000E+02  0.000000000E+00  2.378154754E-02 
       809  3.020000000E+02  0.000000000E+00  2.385025165E-02 
       810  3.022500000E+02  0.000000000E+00  2.391229636E-02 
       811  3.025000000E+02  0.000000000E+00  2.396869182E-02 
       812  3.027500000E+02  0.000000000E+00  2.402024846E-02 
       813  3.030000000E+02  0.000000000E+00  2.406762593E-02 
       814  3.032500000E+02  0.000000000E+00  2.411136740E-02 
       815  3.035000000E+02  0.000000000E+00  2.415192444E-02 
       816  3.037500000E+02  0.000000000E+00  2.418967551E-02 
       817  3.040000000E+02  0.000000000E+00  2.422493995E-02 
       818  3.042500000E+02  0.000000000E+00  2.425798892E-02 
       819  3.045000000E+02  0.000000000E+00  2.428905391E-02 
       820  3.047500000E+02  0.000000000E+00  2.431833352E-02 
       821  3.050000000E+02  0.000000000E+00  2.434599896E-02 
       822  3.052500000E+02  0.000000000E+00  2.437219842E-02 
       823  3.055000000E+02  0.000000000E+00  2.439706073E-02 
       824  3.057500000E+02  0.000000000E+00  2.442069834E-02 
       825  3.060000000E+02  0.000000000E+00  2.444320979E-02 
       826  3.062500000E+02  0.000000000E+00  2.446468175E-02 
       827  3.065000000E+02  0.000000000E+00  2.448519073E-02 
       828  3.067500000E+02  0.000000000E+00  2.450480456E-02 
       829  3.070000000E+02  0.000000000E+00  2.452358358E-02 
       830  3.072500000E+02  0.000000000E+00  2.454158167E-02 
       831  3.075000000E+02  0.000000000E+00  2.455884712E-02 
       832  3.077500000E+02  0.000000000E+00  2.457542338E-02 
       833  3.080000000E+02  0.000000000E+00  2.459134969E-02 
       834  3.082500000E+02  0.000000000E+00  2.460666161E-02 
       835  3.085000000E+02  0.000000000E+00  2.462139148E-02 
       836  3.087500000E+02  0.000000000E+00  2.463556883E-02 
       837  3.090000000E+02  0.000000000E+00  2.464922071E-02 
       838  3.092500000E+02  0.000000000E+00  2.466237199E-02 
       839  3.095000000E+02  0.000000000E+00  2.467504561E-02 
       840  3.097500000E+02  0.000000000E+00  2.468726277E-02 
       841  3.100000000E+02  0.000000000E+00  2.469904319E-02 
       842  3.102500000E+02  0.000000000E+00  2.471040518E-02 
       843  3.105000000E+02  0.000000000E+00  2.472136587E-02 
       844  3.107500000E+02  0.000000000E+00  2.473194128E-02 
       845  3.110000000E+02  0.000000000E+00  2.474214643E-02 
       846  3.112500000E+02  0.000000000E+00  2.475199549E-02 
       847  3.115000000E+02  0.000000000E+00  2.476150179E-02 
       848  3.117500000E+02  0.000000000E+00  2.477067792E-02 
       849  3.120000000E+02  0.000000000E+00  2.477953584E-02 
       850  3.122500000E+02  0.000000000E+00  2.478808685E-02 
       851  3.125000000E+02  0.000000000E+00  2.479634173E-02 
       852  3.127500000E+02  0.000000000E+00  2.480431073E-02 
       853  3.130000000E+02  0.000000000E+00  2.481200360E-02 
       854  3.132500000E+02  0.000000000E+00  2.481942968E-02 
       855  3.135000000E+02  0.000000000E+00  2.482659790E-02 
       856  3.137500000E+02  0.000000000E+00  2.483351680E-02 
       857  3.140000000E+02  0.000000000E+00  2.484019457E-02 
       858  3.142500000E+02  0.000000000E+00  2.484663908E-02 
       859  3.145000000E+02  0.000000000E+00  2.485285787E-02 
       860  3.147500000E+02  0.000000000E+00  2.485885822E-02 
       861  3.150000000E+02  0.000000000E+00  2.486464712E-02 
       862  3.152500000E+02  0.000000000E+00  2.487023132E-02 
       863  3.155000000E+02  0.000000000E+00  2.487561731E-02 
       864  3.157500000E+02  0.000000000E+00  2.488081137E-02 
       865  3.160000000E+02  0.000000000E+00  2.488581956E-02 
       866  3.162500000E+02  0.000000000E+00  2.489064775E-02 
       867  3.165000000E+02  0.000000000E+00  2.489530160E-02 
       868  3.167500000E+02  0.000000000E+00  2.489978660E-02 
       869  3.170000000E+02  0.000000000E+00  2.490410806E-02 
       870  3.172500000E+02  0.000000000E+00  2.490827113E-02 
       871  3.175000000E+02  0.000000000E+00  2.491228081E-02 
       872  3.177500000E+02  0.000000000E+00  2.491614192E-02 
       873  3.180000000E+02  0.000000000E+00  2.491985918E-02 
       874  3.182500000E+02  0.000000000E+00  2.492343714E-02 
       875  3.185000000E+02  0.000000000E+00  2.492688023E-02 
       876  3.187500000E+02  0.000000000E+00  2.493019275E-02 
       877  3.190000000E+02  0.000000000E+00  2.493337889E-02 
       878  3.192500000E+02  0.000000000E+00  2.493644270E-02 
       879  3.195000000E+02  0.000000000E+00  2.493938814E-02 
       880  3.197500000E+02  0.000000000E+00  2.494221905E-02 
       881  3.200000000E+02  0.000000000E+00  2.494493917E-02 
       882  3.202500000E+02  0.000000000E+00  2.494755213E-02 
       883  3.205000000E+02  0.000000000E+00  2.495006147E-02 
       884  3.207500000E+02  0.000000000E+00  2.495247063E-02 
       885  3.210000000E+02  0.000000000E+00  2.495478296E-02 
       886  3.212500000E+02  0.000000000E+00  2.495700171E-02 
       887  3.215000000E+02  0.000000000E+00  2.495913006E-02 
       888  3.217500000E+02  0.000000000E+00  2.496117108E-02 
       889  3.220000000E+02  0.000000000E+00  2.496312779E-02 
       890  3.222500000E+02  0.000000000E+00  2.496500309E-02 
       891  3.225000000E+02  0.000000000E+00  2.496679983E-02 
       892  3.227500000E+02  0.000000000E+00  2.496852078E-02 
       893  3.230000000E+02  0.000000000E+00  2.497016861E-02 
       894  3.232500000E+02  0.000000000E+00  2.497174594E-02 
       895  3.235000000E+02  0.000000000E+00  2.497325532E-02 
       896  3.237500000E+02  0.000000000E+00  2.497469920E-02 
       897  3.240000000E+02  0.000000000E+00  2.497607999E-02 
       898  3.242500000E+02  0.000000000E+00  2.497740002E-02 
       899  3.245000000E+02  0.000000000E+00  2.497866155E-02 
       900  3.247500000E+02  0.000000000E+00  2.497986679E-02 
       901  3.250000000E+02  0.000000000E+00  2.498101786E-02 
       902  3.252500000E+02  0.000000000E+00  2.498211684E-02 
       903  3.255000000E+02  0.000000000E+00  2.498316574E-02 
       904  3.257500000E+02  0.000000000E+00  2.498416650E-02 
       905  3.260000000E+02  0.000000000E+00  2.498512102E-02 
       906  3.262500000E+02  0.000000000E+00  2.498603113E-02 
       907  3.265000000E+02  0.000000000E+00  2.498689859E-02 
       908  3.267500000E+02  0.000000000E+00  2.498772514E-02 
       909  3.270000000E+02  0.000000000E+00  2.498851243E-02 
       910  3.272500000E+02  0.000000000E+00  2.498926207E-02 
       911  3.275000000E+02  0.000000000E+00  2.498997563E-02 
       912  3.277500000E+02  0.000000000E+00  2.499065460E-02 
       913  3.280000000E+02  0.000000000E+00  2.499130044E-02 
       914  3.282500000E+02  0.000000000E+00  2.499191457E-02 
       915  3.285000000E+02  0.000000000E+00  2.499249833E-02 
       916  3.287500000E+02  0.000000000E+00  2.499305304E-02 
       917  3.290000000E+02  0.000000000E+00  2.499357996E-02 
       918  3.292500000E+02  0.000000000E+00  2.499408032E-02 
       919  3.295000000E+02  0.000000000E+00  2.499455529E-02 
       920  3.297500000E+02  0.000000000E+00  2.499500600E-02 
       921  3.300000000E+02  0.000000000E+00  2.499543355E-02 
       922  3.302500000E+02  0.000000000E+00  2.499583899E-02 
       923  3.305000000E+02  0.000000000E+00  2.499622333E-02 
       924  3.307500000E+02  0.000000000E+00  2.499658755E-02 
       925  3.310000000E+02  0.000000000E+00  2.499693257E-02 
       926  3.312500000E+02  0.000000000E+00  2.499725931E-02 
       927  3.315000000E+02  0.000000000E+00  2.499756862E-02 
       928  3.317500000E+02  0.000000000E+00  2.499786133E-02 
       929  3.320000000E+02  0.000000000E+00  2.499813824E-02 
       930  3.322500000E+02  0.000000000E+00  2.499840012E-02 
       931  3.325000000E+02  0.000000000E+00  2.499864770E-02 
       932  3.327500000E+02  0.000000000E+00  2.499888167E-02 
       933  3.330000000E+02  0.000000000E+00  2.499910272E-02 
       934  3.332500000E+02  0.000000000E+00  2.499931148E-02 
       935  3.335000000E+02  0.000000000E+00  2.499950858E-02 
       936  3.337500000E+02  0.000000000E+00  2.499969460E-02 
       937  3.340000000E+02  0.000000000E+00  2.499987010E-02 
       938  3.342500000E+02  0.000000000E+00  2.500003563E-02 
       939  3.345000000E+02  0.000000000E+00  2.500019170E-02 
       940  3.347500000E+02  0.000000000E+00  2.500033880E-02 
       941  3.350000000E+02  0.000000000E+00  2.500047741E-02 
       942  3.352500000E+02  0.000000000E+00  2.500060796E-02 
       943  3.355000000E+02  0.000000000E+00  2.500073089E-02 
       944  3.357500000E+02  0.000000000E+00  2.500084661E-02 
       945  3.360000000E+02  0.000000000E+00  2.500095550E-02 
       946  3.362500000E+02  0.000000000E+00  2.500105792E-02 
       947  3.365000000E+02  0.000000000E+00  2.500115424E-02 
       948  3.367500000E+02  0.000000000E+00  2.500124479E-02 
       949  3.370000000E+02  0.000000000E+00  2.500132988E-02 
       950  3.372500000E+02  0.000000000E+00  2.500140982E-02 
       951  3.375000000E+02  0.000000000E+00  2.500148490E-02 
       952  3.377500000E+02  0.000000000E+00  2.500155538E-02 
       953  3.380000000E+02  0.000000000E+00  2.500162154E-02 
       954  3.382500000E+02  0.000000000E+00  2.500168360E-02 
       955  3.385000000E+02  0.000000000E+00  2.500174182E-02 
       956  3.387500000E+02  0.000000000E+00  2.500179640E-02 
       957  3.390000000E+02  0.000000000E+00  2.500184755E-02 
       958  3.392500000E+02  0.000000000E+00  2.500189549E-02 
       959  3.395000000E+02  0.000000000E+00  2.500194039E-02 
       960  3.397500000E+02  0.000000000E+00  2.500198243E-02 
       961  3.400000000E+02  0.000000000E+00  2.500202178E-02 
       962  3.402500000E+02  0.000000000E+00  2.500205860E-02 
       963  3.405000000E+02  0.000000000E+00  2.500209304E-02 
       964  3.407500000E+02  0.000000000E+00  2.500212524E-02 
       965  3.410000000E+02  0.000000000E+00  2.500215533E-02 
       966  3.412500000E+02  0.000000000E+00  2.500218345E-02 
       967  3.415000000E+02  0.000000000E+00  2.500220971E-02 
       968  3.417500000E+02  0.000000000E+00  2.500223422E-02 
       969  3.420000000E+02  0.000000000E+00  2.500225710E-02 
       970  3.422500000E+02  0.000000000E+00  2.500227843E-02 
       971  3.425000000E+02  0.000000000E+00  2.500229831E-02 
       972  3.427500000E+02  0.000000000E+00  2.500231684E-02 
       973  3.430000000E+02  0.000000000E+00  2.500233409E-02 
       974  3.432500000E+02  0.000000000E+00  2.500235015E-02 
       975  3.435000000E+02  0.000000000E+00  2.500236507E-02 
       976  3.437500000E+02  0.000000000E+00  2.500237895E-02 
       977  3.440000000E+02  0.000000000E+00  2.500239183E-02 
       978  3.442500000E+02  0.000000000E+00  2.500240377E-02 
       979  3.445000000E+02  0.000000000E+00  2.500241484E-02 
       980  3.447500000E+02  0.000000000E+00  2.500242509E-02 
       981  3.450000000E+02  0.000000000E+00  2.500243456E-02 
       982  3.452500000E+02  0.000000000E+00  2.500244330E-02 
       983  3.455000000E+02  0.000000000E+00  2.500245135E-02 
       984  3.457500000E+02  0.000000000E+00  2.500245876E-02 
       985  3.460000000E+02  0.000000000E+00  2.500246555E-02 
       986  3.462500000E+02  0.000000000E+00  2.500247176E-02 
       987  3.465000000E+02  0.000000000E+00  2.500247742E-02 
       988  3.467500000E+02  0.000000000E+00  2.500248256E-02 
       989  3.470000000E+02  0.000000000E+00  2.500248720E-02 
       990  3.472500000E+02  0.000000000E+00  2.500249137E-02 
       991  3.475000000E+02  0.000000000E+00  2.500249509E-02 
       992  3.477500000E+02  0.000000000E+00  2.500249838E-02 
       993  3.480000000E+02  0.000000000E+00  2.500250125E-02 
       994  3.482500000E+02  0.000000000E+00  2.500250372E-02 
       995  3.485000000E+02  0.000000000E+00  2.500250580E-02 
       996  3.487500000E+02  0.000000000E+00  2.500250750E-02 
       997  3.490000000E+02  0.000000000E+00  2.500250884E-02 
       998  3.492500000E+02  0.000000000E+00  2.500250980E-02 
       999  3.495000000E+02  0.000000000E+00  2.500251041E-02 
      1000  3.497500000E+02  0.000000000E+00  2.500251066E-02 
      1001  3.500000000E+02  0.000000000E+00  2.500251056E-02 
      1002  3.502500000E+02  0.000000000E+00  2.500251010E-02 
      1003  3.505000000E+02  0.000000000E+00  2.500250928E-02 
      1004  3.507500000E+02  0.000000000E+00  2.500250810E-02 
      1005  3.510000000E+02  0.000000000E+00  2.500250655E-02 
      1006  3.512500000E+02  0.000000000E+00  2.500250463E-02 
      1007  3.515000000E+02  0.000000000E+00  2.500250231E-02 
      1008  3.517500000E+02  0.000000000E+00  2.500249960E-02 
      1009  3.520000000E+02  0.000000000E+00  2.500249647E-02 
      1010  3.522500000E+02  0.000000000E+00  2.500249291E-02 
      1011  3.525000000E+02  0.000000000E+00  2.500248890E-02 
      1012  3.527500000E+02  0.000000000E+00  2.500248442E-02 
      1013  3.530000000E+02  0.000000000E+00  2.500247945E-02 
      1014  3.532500000E+02  0.000000000E+00  2.500247396E-02 
      1015  3.535000000E+02  0.000000000E+00  2.500246793E-02 
      1016  3.537500000E+02  0.000000000E+00  2.500246131E-02 
      1017  3.540000000E+02  0.000000000E+00  2.500245409E-02 
      1018  3.542500000E+02  0.000000000E+00  2.500244622E-02 
      1019  3.545000000E+02  0.000000000E+00  2.500243767E-02 
      1020  3.547500000E+02  0.000000000E+00  2.500242838E-02 
      1021  3.550000000E+02  0.000000000E+00  2.500241833E-02 
      1022  3.552500000E+02  0.000000000E+00  2.500240745E-02 
      1023  3.555000000E+02  0.000000000E+00  2.500239569E-02 
      1024  3.557500000E+02  0.000000000E+00  2.500238301E-02 
      1025  3.560000000E+02  0.000000000E+00  2.500236933E-02 
      1026  3.562500000E+02  0.000000000E+00  2.500235459E-02 
      1027  3.565000000E+02  0.000000000E+00  2.500233873E-02 
      1028  3.567500000E+02  0.000000000E+00  2.500232167E-02 
      1029  3.570000000E+02  0.000000000E+00  2.500230332E-02 
      1030  3.572500000E+02  0.000000000E+00  2.500228362E-02 
      1031  3.575000000E+02  0.000000000E+00  2.500226246E-02 
      1032  3.577500000E+02  0.000000000E+00  2.500223974E-02 
      1033  3.580000000E+02  0.000000000E+00  2.500221538E-02 
      1034  3.582500000E+02  0.000000000E+00  2.500218926E-02 
      1035  3.585000000E+02  0.000000000E+00  2.500216127E-02 
      1036  3.587500000E+02  0.000000000E+00  2.500213128E-02 
      1037  3.590000000E+02  0.000000000E+00  2.500209916E-02 
      1038  3.592500000E+02  0.000000000E+00  2.500206478E-02 
      1039  3.595000000E+02  0.000000000E+00  2.500202799E-02 
      1040  3.597500000E+02  0.000000000E+00  2.500198864E-02 
      1041  3.600000000E+02  0.000000000E+00  2.500194657E-02 
      1042  3.602500000E+02  0.000000000E+00  2.500190159E-02 
      1043  3.605000000E+02  0.000000000E+00  2.500185353E-02 
      1044  3.607500000E+02  0.000000000E+00  2.500180220E-02 
      1045  3.610000000E+02  0.000000000E+00  2.500174738E-02 
      1046  3.612500000E+02  0.000000000E+00  2.500168887E-02 
      1047  3.615000000E+02  0.000000000E+00  2.500162644E-02 
      1048  3.617500000E+02  0.000000000E+00  2.500155984E-02 
      1049  3.620000000E+02  0.000000000E+00  2.500148881E-02 
      1050  3.622500000E+02  0.000000000E+00  2.500141310E-02 
      1051  3.625000000E+02  0.000000000E+00  2.500133242E-02 
      1052  3.627500000E+02  0.000000000E+00  2.500124647E-02 
      1053  3.630000000E+02  0.000000000E+00  2.500115494E-02 
      1054  3.632500000E+02  0.000000000E+00  2.500105750E-02 
      1055  3.635000000E+02  0.000000000E+00  2.500095379E-02 
      1056  3.637500000E+02  0.000000000E+00  2.500084346E-02 
      1057  3.640000000E+02  0.000000000E+00  2.500072613E-02 
      1058  3.642500000E+02  0.000000000E+00  2.500060138E-02 
      1059  3.645000000E+02  0.000000000E+00  2.500046879E-02 
      1060  3.647500000E+02  0.000000000E+00  2.500032793E-02 
      1061  3.650000000E+02  0.000000000E+00  2.500017832E-02 
      1062  3.652500000E+02  0.000000000E+00  2.500001948E-02 
      1063  3.655000000E+02  0.000000000E+00  2.499985090E-02 
      1064  3.657500000E+02  0.000000000E+00  2.499967204E-02 
      1065  3.660000000E+02  0.000000000E+00  2.499948233E-02 
      1066  3.662500000E+02  0.000000000E+00  2.499928120E-02 
      1067  3.665000000E+02  0.000000000E+00  2.499906802E-02 
      1068  3.667500000E+02  0.000000000E+00  2.499884216E-02 
      1069  3.670000000E+02  0.000000000E+00  2.499860295E-02 
      1070  3.672500000E+02  0.000000000E+00  2.499834969E-02 
      1071  3.675000000E+02  0.000000000E+00  2.499808165E-02 
      1072  3.677500000E+02  0.000000000E+00  2.499779807E-02 
      1073  3.680000000E+02  0.000000000E+00  2.499749815E-02 
      1074  3.682500000E+02  0.000000000E+00  2.499718107E-02 
      1075  3.685000000E+02  0.000000000E+00  2.499684597E-02 
      1076  3.687500000E+02  0.000000000E+00  2.499649197E-02 
      1077  3.690000000E+02  0.000000000E+00  2.499611811E-02 
      1078  3.692500000E+02  0.000000000E+00  2.499572346E-02 
      1079  3.695000000E+02  0.000000000E+00  2.499530699E-02 
      1080  3.697500000E+02  0.000000000E+00  2.499486767E-02 
      1081  3.700000000E+02  0.000000000E+00  2.499440442E-02 
      1082  3.702500000E+02  0.000000000E+00  2.499391612E-02 
      1083  3.705000000E+02  0.000000000E+00  2.499340161E-02 
      1084  3.707500000E+02  0.000000000E+00  2.499285969E-02 
      1085  3.710000000E+02  0.000000000E+00  2.499228912E-02 
      1086  3.712500000E+02  0.000000000E+00  2.499168863E-02 
      1087  3.715000000E+02  0.000000000E+00  2.499105687E-02 
      1088  3.717500000E+02  0.000000000E+00  2.499039249E-02 
      1089  3.720000000E+02  0.000000000E+00  2.498969408E-02 
      1090  3.722500000E+02  0.000000000E+00  2.498896017E-02 
      1091  3.725000000E+02  0.000000000E+00  2.498818927E-02 
      1092  3.727500000E+02  0.000000000E+00  2.498737984E-02 
      1093  3.730000000E+02  0.000000000E+00  2.498653028E-02 
      1094  3.732500000E+02  0.000000000E+00  2.498563898E-02 
      1095  3.735000000E+02  0.000000000E+00  2.498470424E-02 
      1096  3.737500000E+02  0.000000000E+00  2.498372436E-02 
      1097  3.740000000E+02  0.000000000E+00  2.498269757E-02 
      1098  3.742500000E+02  0.000000000E+00  2.498162206E-02 
      1099  3.745000000E+02  0.000000000E+00  2.498049599E-02 
      1100  3.747500000E+02  0.000000000E+00  2.497931745E-02 
      1101  3.750000000E+02  0.000000000E+00  2.497808453E-02 
      1102  3.752500000E+02  0.000000000E+00  2.497679524E-02 
      1103  3.755000000E+02  0.000000000E+00  2.497544757E-02 
      1104  3.757500000E+02  0.000000000E+00  2.497403947E-02 
      1105  3.760000000E+02  0.000000000E+00  2.497256885E-02 
      1106  3.762500000E+02  0.000000000E+00  2.497103358E-02 
      1107  3.765000000E+02  0.000000000E+00  2.496943150E-02 
      1108  3.767500000E+02  0.000000000E+00  2.496776042E-02 
      1109  3.770000000E+02  0.000000000E+00  2.496601812E-02 
      1110  3.772500000E+02  0.000000000E+00  2.496420234E-02 
      1111  3.775000000E+02  0.000000000E+00  2.496231080E-02 
      1112  3.777500000E+02  0.000000000E+00  2.496034120E-02 
      1113  3.780000000E+02  0.000000000E+00  2.495829122E-02 
      1114  3.782500000E+02  0.000000000E+00  2.495615850E-02 
      1115  3.785000000E+02  0.000000000E+00  2.495394068E-02 
      1116  3.787500000E+02  0.000000000E+00  2.495163540E-02 
      1117  3.790000000E+02  0.000000000E+00  2.494924026E-02 
      1118  3.792500000E+02  0.000000000E+00  2.494675288E-02 
      1119  3.795000000E+02  0.000000000E+00  2.494417085E-02 
      1120  3.797500000E+02  0.000000000E+00  2.494149178E-02 
      1121  3.800000000E+02  0.000000000E+00  2.493871329E-02 
      1122  3.802500000E+02  0.000000000E+00  2.493583298E-02 
      1123  3.805000000E+02  0.000000000E+00  2.493284849E-02 
      1124  3.807500000E+02  0.000000000E+00  2.492975746E-02 
      1125  3.810000000E+02  0.000000000E+00  2.492655756E-02 
      1126  3.812500000E+02  0.000000000E+00  2.492324648E-02 
      1127  3.815000000E+02  0.000000000E+00  2.491982194E-02 
      1128  3.817500000E+02  0.000000000E+00  2.491628170E-02 
      1129  3.820000000E+02  0.000000000E+00  2.491262356E-02 
      1130  3.822500000E+02  0.000000000E+00  2.490884535E-02 
      1131  3.825000000E+02  0.000000000E+00  2.490494496E-02 
      1132  3.827500000E+02  0.000000000E+00  2.490092035E-02 
      1133  3.830000000E+02  0.000000000E+00  2.489676952E-02 
      1134  3.832500000E+02  0.000000000E+00  2.489249053E-02 
      1135  3.835000000E+02  0.000000000E+00  2.488808152E-02 
      1136  3.837500000E+02  0.000000000E+00  2.488354070E-02 
      1137  3.840000000E+02  0.000000000E+00  2.487886637E-02 
      1138  3.842500000E+02  0.000000000E+00  2.487405690E-02 
      1139  3.845000000E+02  0.000000000E+00  2.486911076E-02 
      1140  3.847500000E+02  0.000000000E+00  2.486402648E-02 
      1141  3.850000000E+02  0.000000000E+00  2.485880274E-02 
      1142  3.852500000E+02  0.000000000E+00  2.485343827E-02 
      1143  3.855000000E+02  0.000000000E+00  2.484793193E-02 
      1144  3.857500000E+02  0.000000000E+00  2.484228267E-02 
      1145  3.860000000E+02  0.000000000E+00  2.483648956E-02 
      1146  3.862500000E+02  0.000000000E+00  2.483055176E-02 
      1147  3.865000000E+02  0.000000000E+00  2.482446855E-02 
      1148  3.867500000E+02  0.000000000E+00  2.481823932E-02 
      1149  3.870000000E+02  0.000000000E+00  2.481186355E-02 
      1150  3.872500000E+02  0.000000000E+00  2.480534083E-02 
      1151  3.875000000E+02  0.000000000E+00  2.479867086E-02 
      1152  3.877500000E+02  0.000000000E+00  2.479185340E-02 
      1153  3.880000000E+02  0.000000000E+00  2.478488832E-02 
      1154  3.882500000E+02  0.000000000E+00  2.477777555E-02 
      1155  3.885000000E+02  0.000000000E+00  2.477051507E-02 
      1156  3.887500000E+02  0.000000000E+00  2.476310692E-02 
      1157  3.890000000E+02  0.000000000E+00  2.475555114E-02 
      1158  3.892500000E+02  0.000000000E+00  2.474784779E-02 
      1159  3.895000000E+02  0.000000000E+00  2.473999688E-02 
      1160  3.897500000E+02  0.000000000E+00  2.473199835E-02 
      1161  3.900000000E+02  0.000000000E+00  2.472385206E-02 
      1162  3.902500000E+02  0.000000000E+00  2.471555770E-02 
      1163  3.905000000E+02  0.000000000E+00  2.470711475E-02 
      1164  3.907500000E+02  0.000000000E+00  2.469852242E-02 
      1165  3.910000000E+02  0.000000000E+00  2.468977959E-02 
      1166  3.912500000E+02  0.000000000E+00  2.468088467E-02 
      1167  3.915000000E+02  0.000000000E+00  2.467183556E-02 
      1168  3.917500000E+02  0.000000000E+00  2.466262948E-02 
      1169  3.920000000E+02  0.000000000E+00  2.465326287E-02 
      1170  3.922500000E+02  0.000000000E+00  2.464373120E-02 
      1171  3.925000000E+02  0.000000000E+00  2.463402878E-02 
      1172  3.927500000E+02  0.000000000E+00  2.462414855E-02 
      1173  3.930000000E+02  0.000000000E+00  2.461408183E-02 
      1174  3.932500000E+02  0.000000000E+00  2.460381798E-02 
      1175  3.935000000E+02  0.000000000E+00  2.459334409E-02 
      1176  3.937500000E+02  0.000000000E+00  2.458264453E-02 
      1177  3.940000000E+02  0.000000000E+00  2.457170046E-02 
      1178  3.942500000E+02  0.000000000E+00  2.456048928E-02 
      1179  3.945000000E+02  0.000000000E+00  2.454898391E-02 
      1180  3.947500000E+02  0.000000000E+00  2.453715202E-02 
      1181  3.950000000E+02  0.000000000E+00  2.452495500E-02 
      1182  3.952500000E+02  0.000000000E+00  2.451234685E-02 
      1183  3.955000000E+02  0.000000000E+00  2.449927278E-02 
      1184  3.957500000E+02  0.000000000E+00  2.448566747E-02 
      1185  3.960000000E+02  0.000000000E+00  2.447145307E-02 
      1186  3.962500000E+02  0.000000000E+00  2.445653663E-02 
      1187  3.965000000E+02  0.000000000E+00  2.444080693E-02 
      1188  3.967500000E+02  0.000000000E+00  2.442413056E-02 
      1189  3.970000000E+02  0.000000000E+00  2.440634685E-02 
      1190  3.972500000E+02  0.000000000E+00  2.438726139E-02 
      1191  3.975000000E+02  0.000000000E+00  2.436663746E-02 
      1192  3.977500000E+02  0.000000000E+00  2.434418451E-02 
      1193  3.980000000E+02  0.000000000E+00  2.431954224E-02 
      1194  3.982500000E+02  0.000000000E+00  2.429225778E-02 
      1195  3.985000000E+02  0.000000000E+00  2.426175156E-02 
      1196  3.987500000E+02  0.000000000E+00  2.422726313E-02 
      1197  3.990000000E+02  0.000000000E+00  2.418775763E-02 
      1198  3.992500000E+02  0.000000000E+00  2.414174435E-02 
      1199  3.995000000E+02  0.000000000E+00  2.408686214E-02 
      1200  3.997500000E+02  0.000000000E+00  2.401872283E-02 
      1201  4.000000000E+02  0.000000000E+00  2.439963942E-02 
      1202  4.002000034E+02  0.000000000E+00  2.463821381E-02 
      1203  4.004016387E+02  0.000000000E+00  2.444958403E-02 
      1204  4.006049192E+02  0.000000000E+00  2.427168655E-02 
      1205  4.008098583E+02  0.000000000E+00  2.410402751E-02 
      1206  4.010164696E+02  0.000000000E+00  2.394613153E-02 
      1207  4.012247666E+02  0.000000000E+00  2.379754110E-02 
      1208  4.014347631E+02  0.000000000E+00  2.365781601E-02 
      1209  4.016464731E+02  0.000000000E+00  2.352653287E-02 
      1210  4.018599104E+02  0.000000000E+00  2.340328456E-02 
      1211  4.020750892E+02  0.000000000E+00  2.328767973E-02 
      1212  4.022920237E+02  0.000000000E+00  2.317934235E-02 
      1213  4.025107282E+02  0.000000000E+00  2.307773020E-02 
      1214  4.027312172E+02  0.000000000E+00  2.298298890E-02 
      1215  4.029535052E+02  0.000000000E+00  2.289494275E-02 
      1216  4.031776069E+02  0.000000000E+00  2.281274682E-02 
      1217  4.034035370E+02  0.000000000E+00  2.273609850E-02 
      1218  4.036313106E+02  0.000000000E+00  2.266470765E-02 
      1219  4.038609426E+02  0.000000000E+00  2.259829617E-02 
      1220  4.040924483E+02  0.000000000E+00  2.253659755E-02 
      1221  4.043258428E+02  0.000000000E+00  2.248083061E-02 
      1222  4.045611417E+02  0.000000000E+00  2.242943268E-02 
      1223  4.047983604E+02  0.000000000E+00  2.238065508E-02 
      1224  4.050375146E+02  0.000000000E+00  2.233559863E-02 
      1225  4.052786201E+02  0.000000000E+00  2.229405195E-02 
      1226  4.055216929E+02  0.000000000E+00  2.225775230E-02 
      1227  4.057667489E+02  0.000000000E+00  2.222837530E-02 
      1228  4.060138044E+02  0.000000000E+00  2.220503782E-02 
      1229  4.062628756E+02  0.000000000E+00  2.218257413E-02 
      1230  4.065139791E+02  0.000000000E+00  2.215952975E-02 
      1231  4.067671314E+02  0.000000000E+00  2.214002911E-02 
      1232  4.070223492E+02  0.000000000E+00  2.212272239E-02 
      1233  4.072796494E+02  0.000000000E+00  2.210779019E-02 
      1234  4.075390490E+02  0.000000000E+00  2.209420645E-02 
      1235  4.078005650E+02  0.000000000E+00  2.208021179E-02 
      1236  4.080642148E+02  0.000000000E+00  2.206802485E-02 
      1237  4.083300158E+02  0.000000000E+00  2.205719592E-02 
      1238  4.085979855E+02  0.000000000E+00  2.204755171E-02 
      1239  4.088681416E+02  0.000000000E+00  2.191747933E-02 
      1240  4.091405020E+02  0.000000000E+00  2.178696649E-02 
      1241  4.094150846E+02  0.000000000E+00  2.177989902E-02 
      1242  4.096919076E+02  0.000000000E+00  2.177398170E-02 
      1243  4.099709892E+02  0.000000000E+00  2.176910808E-02 
      1244  4.102523480E+02  0.000000000E+00  2.176517682E-02 
      1245  4.105360024E+02  0.000000000E+00  2.176209149E-02 
      1246  4.108219711E+02  0.000000000E+00  2.175976027E-02 
      1247  4.111102732E+02  0.000000000E+00  2.175809570E-02 
      1248  4.114009276E+02  0.000000000E+00  2.175701443E-02 
      1249  4.116939535E+02  0.000000000E+00  2.175643705E-02 
      1250  4.119893702E+02  0.000000000E+00  2.175628780E-02 
      1251  4.122871973E+02  0.000000000E+00  2.175649436E-02 
      1252  4.125874544E+02  0.000000000E+00  2.175698768E-02 
      1253  4.128901614E+02  0.000000000E+00  2.175770177E-02 
      1254  4.131953383E+02  0.000000000E+00  2.175857347E-02 
      1255  4.135030051E+02  0.000000000E+00  2.175954232E-02 
      1256  4.138131823E+02  0.000000000E+00  2.176055034E-02 
      1257  4.141258902E+02  0.000000000E+00  2.176154188E-02 
      1258  4.144411496E+02  0.000000000E+00  2.176246346E-02 
      1259  4.147589813E+02  0.000000000E+00  2.176326362E-02 
      1260  4.150794062E+02  0.000000000E+00  2.176389274E-02 
      1261  4.154024455E+02  0.000000000E+00  2.176430292E-02 
      1262  4.157281206E+02  0.000000000E+00  2.176444786E-02 
      1263  4.160564529E+02  0.000000000E+00  2.176428270E-02 
      1264  4.163874641E+02  0.000000000E+00  2.176376389E-02 
      1265  4.167211762E+02  0.000000000E+00  2.176284913E-02 
      1266  4.170576110E+02  0.000000000E+00  2.176149718E-02 
      1267  4.173967909E+02  0.000000000E+00  2.175966782E-02 
      1268  4.177387382E+02  0.000000000E+00  2.175732169E-02 
      1269  4.180834756E+02  0.000000000E+00  2.175442023E-02 
      1270  4.184310257E+02  0.000000000E+00  2.175092560E-02 
      1271  4.187814116E+02  0.000000000E+00  2.174680055E-02 
      1272  4.191346563E+02  0.000000000E+00  2.174200836E-02 
      1273  4.194907832E+02  0.000000000E+00  2.173651276E-02 
      1274  4.198498158E+02  0.000000000E+00  2.173027787E-02 
      1275  4.202117779E+02  0.000000000E+00  2.172326810E-02 
      1276  4.205766933E+02  0.000000000E+00  2.171544810E-02 
      1277  4.209445860E+02  0.000000000E+00  2.170678271E-02 
      1278  4.213154806E+02  0.000000000E+00  2.169723687E-02 
      1279  4.216894013E+02  0.000000000E+00  2.168677559E-02 
      1280  4.220663728E+02  0.000000000E+00  2.167536390E-02 
      1281  4.224464202E+02  0.000000000E+00  2.166296676E-02 
      1282  4.228295685E+02  0.000000000E+00  2.164954907E-02 
      1283  4.232158429E+02  0.000000000E+00  2.163507559E-02 
      1284  4.236052691E+02  0.000000000E+00  2.161951090E-02 
      1285  4.239978726E+02  0.000000000E+00  2.160281939E-02 
      1286  4.243936795E+02  0.000000000E+00  2.158496518E-02 
      1287  4.247927158E+02  0.000000000E+00  2.156591213E-02 
      1288  4.251950080E+02  0.000000000E+00  2.154562378E-02 
      1289  4.256005825E+02  0.000000000E+00  2.152406335E-02 
      1290  4.260094662E+02  0.000000000E+00  2.150119368E-02 
      1291  4.264216861E+02  0.000000000E+00  2.147697721E-02 
      1292  4.268372694E+02  0.000000000E+00  2.145137601E-02 
      1293  4.272562434E+02  0.000000000E+00  2.142435167E-02 
      1294  4.276786360E+02  0.000000000E+00  2.139586536E-02 
      1295  4.281044750E+02  0.000000000E+00  2.136587778E-02 
      1296  4.285337884E+02  0.000000000E+00  2.133434914E-02 
      1297  4.289666047E+02  0.000000000E+00  2.130123916E-02 
      1298  4.294029525E+02  0.000000000E+00  2.126650706E-02 
      1299  4.298428605E+02  0.000000000E+00  2.123011152E-02 
      1300  4.302863578E+02  0.000000000E+00  2.119201072E-02 
      1301  4.307334737E+02  0.000000000E+00  2.115216228E-02 
      1302  4.311842377E+02  0.000000000E+00  2.111052331E-02 
      1303  4.316386795E+02  0.000000000E+00  2.106705035E-02 
      1304  4.320968293E+02  0.000000000E+00  2.102169940E-02 
      1305  4.325587172E+02  0.000000000E+00  2.097442591E-02 
      1306  4.330243737E+02  0.000000000E+00  2.092518479E-02 
      1307  4.334938296E+02  0.000000000E+00  2.087393037E-02 
      1308  4.339671159E+02  0.000000000E+00  2.082061648E-02 
      1309  4.344442638E+02  0.000000000E+00  2.076519635E-02 
      1310  4.349253049E+02  0.000000000E+00  2.070762271E-02 
      1311  4.354102708E+02  0.000000000E+00  2.064784773E-02 
      1312  4.358991937E+02  0.000000000E+00  2.058582306E-02 
      1313  4.363921059E+02  0.000000000E+00  2.052149982E-02 
      1314  4.368890398E+02  0.000000000E+00  2.045482863E-02 
      1315  4.373900283E+02  0.000000000E+00  2.038575959E-02 
      1316  4.378951044E+02  0.000000000E+00  2.031424233E-02 
      1317  4.384043016E+02  0.000000000E+00  2.024022596E-02 
      1318  4.389176534E+02  0.000000000E+00  2.016365916E-02 
      1319  4.394351937E+02  0.000000000E+00  2.008449016E-02 
      1320  4.399569568E+02  0.000000000E+00  2.000266672E-02 
      1321  4.404829770E+02  0.000000000E+00  1.991813620E-02 
      1322  4.410132892E+02  0.000000000E+00  1.983084558E-02 
      1323  4.415479282E+02  0.000000000E+00  1.974074141E-02 
      1324  4.420869295E+02  0.000000000E+00  1.964776993E-02 
      1325  4.426303286E+02  0.000000000E+00  1.955187701E-02 
      1326  4.431781614E+02  0.000000000E+00  1.945300821E-02 
      1327  4.437304641E+02  0.000000000E+00  1.935110881E-02 
      1328  4.442872731E+02  0.000000000E+00  1.924612383E-02 
      1329  4.448486253E+02  0.000000000E+00  1.913799803E-02 
      1330  4.454145576E+02  0.000000000E+00  1.902667599E-02 
      1331  4.459851075E+02  0.000000000E+00  1.891210210E-02 
      1332  4.465603126E+02  0.000000000E+00  1.879422062E-02 
      1333  4.471402109E+02  0.000000000E+00  1.867297568E-02 
      1334  4.477248408E+02  0.000000000E+00  1.854831135E-02 
      1335  4.483142407E+02  0.000000000E+00  1.842017167E-02 
      1336  4.489084497E+02  0.000000000E+00  1.828850067E-02 
      1337  4.495075070E+02  0.000000000E+00  1.815324242E-02 
      1338  4.501114521E+02  0.000000000E+00  1.801434108E-02 
      1339  4.507203248E+02  0.000000000E+00  1.787174096E-02 
      1340  4.513341655E+02  0.000000000E+00  1.772538651E-02 
      1341  4.519530147E+02  0.000000000E+00  1.757522242E-02 
      1342  4.525769132E+02  0.000000000E+00  1.742119367E-02 
      1343  4.532059021E+02  0.000000000E+00  1.726324553E-02 
      1344  4.538400232E+02  0.000000000E+00  1.710132367E-02 
      1345  4.544793181E+02  0.000000000E+00  1.693537420E-02 
      1346  4.551238292E+02  0.000000000E+00  1.676534371E-02 
      1347  4.557735990E+02  0.000000000E+00  1.659117935E-02 
      1348  4.564286703E+02  0.000000000E+00  1.641282887E-02 
      1349  4.570890866E+02  0.000000000E+00  1.623024073E-02 
      1350  4.577548913E+02  0.000000000E+00  1.604336409E-02 
      1351  4.584261284E+02  0.000000000E+00  1.585214897E-02 
      1352  4.591028423E+02  0.000000000E+00  1.565654626E-02 
      1353  4.597850777E+02  0.000000000E+00  1.545650778E-02 
      1354  4.604728795E+02  0.000000000E+00  1.525198644E-02 
      1355  4.611662932E+02  0.000000000E+00  1.504293620E-02 
      1356  4.618653647E+02  0.000000000E+00  1.482931226E-02 
      1357  4.625701400E+02  0.000000000E+00  1.461107108E-02 
      1358  4.632806657E+02  0.000000000E+00  1.438817046E-02 
      1359  4.639969887E+02  0.000000000E+00  1.416056968E-02 
      1360  4.647191564E+02  0.000000000E+00  1.392822954E-02 
      1361  4.654472164E+02  0.000000000E+00  1.369111246E-02 
      1362  4.661812167E+02  0.000000000E+00  1.344918260E-02 
      1363  4.669212059E+02  0.000000000E+00  1.320240592E-02 
      1364  4.676672328E+02  0.000000000E+00  1.295075031E-02 
      1365  4.684193468E+02  0.000000000E+00  1.269418569E-02 
      1366  4.691775973E+02  0.000000000E+00  1.243268409E-02 
      1367  4.699420346E+02  0.000000000E+00  1.216621975E-02 
      1368  4.707127091E+02  0.000000000E+00  1.189476928E-02 
      1369  4.714896716E+02  0.000000000E+00  1.161831170E-02 
      1370  4.722729736E+02  0.000000000E+00  1.133682861E-02 
      1371  4.730626666E+02  0.000000000E+00  1.105030424E-02 
      1372  4.738588030E+02  0.000000000E+00  1.075872561E-02 
      1373  4.746614352E+02  0.000000000E+00  1.046208263E-02 
      1374  4.754706162E+02  0.000000000E+00  1.016036818E-02 
      1375  4.762863994E+02  0.000000000E+00  9.853578224E-03 
      1376  4.771088389E+02  0.000000000E+00  9.541711904E-03 
      1377  4.779379887E+02  0.000000000E+00  9.224771613E-03 
      1378  4.787739038E+02  0.000000000E+00  8.902763032E-03 
      1379  4.796166392E+02  0.000000000E+00  8.575695153E-03 
      1380  4.804662507E+02  0.000000000E+00  8.243580233E-03 
      1381  4.813227944E+02  0.000000000E+00  7.906433662E-03 
      1382  4.821863268E+02  0.000000000E+00  7.564273708E-03 
      1383  4.830569049E+02  0.000000000E+00  7.217121073E-03 
      1384  4.839345862E+02  0.000000000E+00  6.864998170E-03 
      1385  4.848194287E+02  0.000000000E+00  6.507927993E-03 
      1386  4.857114908E+02  0.000000000E+00  6.145932393E-03 
      1387  4.866108314E+02  0.000000000E+00  5.779029451E-03 
      1388  4.875175099E+02  0.000000000E+00  5.407229600E-03 
      1389  4.884315862E+02  0.000000000E+00  5.030529845E-03 
      1390  4.893531206E+02  0.000000000E+00  4.648905339E-03 
      1391  4.902821741E+02  0.000000000E+00  4.262297010E-03 
      1392  4.912188078E+02  0.000000000E+00  3.870593622E-03 
      1393  4.921630837E+02  0.000000000E+00  3.473605754E-03 
      1394  4.931150642E+02  0.000000000E+00  3.071028252E-03 
      1395  4.940748120E+02  0.000000000E+00  2.662386356E-03 
      1396  4.950423907E+02  0.000000000E+00  2.246958627E-03 
      1397  4.960178639E+02  0.000000000E+00  1.823667067E-03 
      1398  4.970012963E+02  0.000000000E+00  1.390921027E-03 
      1399  4.979927527E+02  0.000000000E+00  9.464054226E-04 
      1400  4.989922986E+02  0.000000000E+00  4.850812946E-04 
      1401  5.000000000E+02  0.000000000E+00  2.483147843E-04 
