nodenumber     x-coordinate     y-coordinate           udm-10 
         1  0.000000000E+00  0.000000000E+00 -4.421504284E-05 
         2  1.007701384E+00  0.000000000E+00 -8.814621059E-05 
         3  2.007247274E+00  0.000000000E+00 -1.750391145E-04 
         4  2.998703673E+00  0.000000000E+00 -2.610032392E-04 
         5  3.982136051E+00  0.000000000E+00 -3.463229019E-04 
         6  4.957609346E+00  0.000000000E+00 -4.309878926E-04 
         7  5.925187975E+00  0.000000000E+00 -5.149940144E-04 
         8  6.884935829E+00  0.000000000E+00 -5.983398770E-04 
         9  7.836916284E+00  0.000000000E+00 -6.810260731E-04 
        10  8.781192203E+00  0.000000000E+00 -7.630545893E-04 
        11  9.717825941E+00  0.000000000E+00 -8.444283923E-04 
        12  1.064687935E+01  0.000000000E+00 -9.251511341E-04 
        13  1.156841377E+01  0.000000000E+00 -1.005226944E-03 
        14  1.248249006E+01  0.000000000E+00 -1.084660279E-03 
        15  1.338916858E+01  0.000000000E+00 -1.163455821E-03 
        16  1.428850920E+01  0.000000000E+00 -1.241618399E-03 
        17  1.518057130E+01  0.000000000E+00 -1.319152937E-03 
        18  1.606541380E+01  0.000000000E+00 -1.396064413E-03 
        19  1.694309512E+01  0.000000000E+00 -1.472357835E-03 
        20  1.781367322E+01  0.000000000E+00 -1.548038218E-03 
        21  1.867720559E+01  0.000000000E+00 -1.623110572E-03 
        22  1.953374925E+01  0.000000000E+00 -1.697579890E-03 
        23  2.038336076E+01  0.000000000E+00 -1.771451144E-03 
        24  2.122609622E+01  0.000000000E+00 -1.844729276E-03 
        25  2.206201128E+01  0.000000000E+00 -1.917419197E-03 
        26  2.289116114E+01  0.000000000E+00 -1.989525784E-03 
        27  2.371360056E+01  0.000000000E+00 -2.061053877E-03 
        28  2.452938383E+01  0.000000000E+00 -2.132008281E-03 
        29  2.533856484E+01  0.000000000E+00 -2.202393761E-03 
        30  2.614119701E+01  0.000000000E+00 -2.272215046E-03 
        31  2.693733335E+01  0.000000000E+00 -2.341476826E-03 
        32  2.772702642E+01  0.000000000E+00 -2.410183752E-03 
        33  2.851032837E+01  0.000000000E+00 -2.478340439E-03 
        34  2.928729093E+01  0.000000000E+00 -2.545951462E-03 
        35  3.005796541E+01  0.000000000E+00 -2.613021361E-03 
        36  3.082240268E+01  0.000000000E+00 -2.679554637E-03 
        37  3.158065324E+01  0.000000000E+00 -2.745555754E-03 
        38  3.233276716E+01  0.000000000E+00 -2.811029141E-03 
        39  3.307879409E+01  0.000000000E+00 -2.875979189E-03 
        40  3.381878330E+01  0.000000000E+00 -2.940410255E-03 
        41  3.455278365E+01  0.000000000E+00 -3.004326660E-03 
        42  3.528084362E+01  0.000000000E+00 -3.067732690E-03 
        43  3.600301127E+01  0.000000000E+00 -3.130632597E-03 
        44  3.671933431E+01  0.000000000E+00 -3.193030597E-03 
        45  3.742986002E+01  0.000000000E+00 -3.254930875E-03 
        46  3.813463533E+01  0.000000000E+00 -3.316337581E-03 
        47  3.883370678E+01  0.000000000E+00 -3.377254831E-03 
        48  3.952712052E+01  0.000000000E+00 -3.437686710E-03 
        49  4.021492235E+01  0.000000000E+00 -3.497637270E-03 
        50  4.089715769E+01  0.000000000E+00 -3.557110532E-03 
        51  4.157387159E+01  0.000000000E+00 -3.616110482E-03 
        52  4.224510872E+01  0.000000000E+00 -3.674641078E-03 
        53  4.291091342E+01  0.000000000E+00 -3.732706246E-03 
        54  4.357132966E+01  0.000000000E+00 -3.790309881E-03 
        55  4.422640104E+01  0.000000000E+00 -3.847455848E-03 
        56  4.487617081E+01  0.000000000E+00 -3.904147981E-03 
        57  4.552068189E+01  0.000000000E+00 -3.960390084E-03 
        58  4.615997684E+01  0.000000000E+00 -4.016185933E-03 
        59  4.679409786E+01  0.000000000E+00 -4.071539275E-03 
        60  4.742308684E+01  0.000000000E+00 -4.126453825E-03 
        61  4.804698530E+01  0.000000000E+00 -4.180933273E-03 
        62  4.866583446E+01  0.000000000E+00 -4.234981279E-03 
        63  4.927967516E+01  0.000000000E+00 -4.288601475E-03 
        64  4.988854795E+01  0.000000000E+00 -4.341797466E-03 
        65  5.049249303E+01  0.000000000E+00 -4.394572829E-03 
        66  5.109155028E+01  0.000000000E+00 -4.446931115E-03 
        67  5.168575926E+01  0.000000000E+00 -4.498875848E-03 
        68  5.227515921E+01  0.000000000E+00 -4.550410527E-03 
        69  5.285978905E+01  0.000000000E+00 -4.601538624E-03 
        70  5.343968738E+01  0.000000000E+00 -4.652263588E-03 
        71  5.401489250E+01  0.000000000E+00 -4.702588840E-03 
        72  5.458544238E+01  0.000000000E+00 -4.752517782E-03 
        73  5.515137472E+01  0.000000000E+00 -4.802053789E-03 
        74  5.571272686E+01  0.000000000E+00 -4.851200217E-03 
        75  5.626953590E+01  0.000000000E+00 -4.899960397E-03 
        76  5.682183858E+01  0.000000000E+00 -4.948337644E-03 
        77  5.736967139E+01  0.000000000E+00 -4.996335250E-03 
        78  5.791307049E+01  0.000000000E+00 -5.043956490E-03 
        79  5.845207178E+01  0.000000000E+00 -5.091204625E-03 
        80  5.898671083E+01  0.000000000E+00 -5.138082898E-03 
        81  5.951702297E+01  0.000000000E+00 -5.184594540E-03 
        82  6.004304320E+01  0.000000000E+00 -5.230742773E-03 
        83  6.056480627E+01  0.000000000E+00 -5.276530808E-03 
        84  6.108234661E+01  0.000000000E+00 -5.321961850E-03 
        85  6.159569842E+01  0.000000000E+00 -5.367039104E-03 
        86  6.210489559E+01  0.000000000E+00 -5.411765772E-03 
        87  6.260997174E+01  0.000000000E+00 -5.456145063E-03 
        88  6.311096022E+01  0.000000000E+00 -5.500180194E-03 
        89  6.360789412E+01  0.000000000E+00 -5.543874395E-03 
        90  6.410080625E+01  0.000000000E+00 -5.587230916E-03 
        91  6.458972916E+01  0.000000000E+00 -5.630253032E-03 
        92  6.507469514E+01  0.000000000E+00 -5.672944050E-03 
        93  6.555573621E+01  0.000000000E+00 -5.715307317E-03 
        94  6.603288413E+01  0.000000000E+00 -5.757346228E-03 
        95  6.650617042E+01  0.000000000E+00 -5.799064238E-03 
        96  6.697562632E+01  0.000000000E+00 -5.840464871E-03 
        97  6.744128283E+01  0.000000000E+00 -5.881551730E-03 
        98  6.790317071E+01  0.000000000E+00 -5.922328515E-03 
        99  6.836132046E+01  0.000000000E+00 -5.962799036E-03 
       100  6.881576232E+01  0.000000000E+00 -6.002967229E-03 
       101  6.926652631E+01  0.000000000E+00 -6.042837176E-03 
       102  6.971364219E+01  0.000000000E+00 -6.082413123E-03 
       103  7.015713949E+01  0.000000000E+00 -6.121699505E-03 
       104  7.059704749E+01  0.000000000E+00 -6.160700973E-03 
       105  7.103339524E+01  0.000000000E+00 -6.199422418E-03 
       106  7.146621156E+01  0.000000000E+00 -6.237869001E-03 
       107  7.189552503E+01  0.000000000E+00 -6.276046194E-03 
       108  7.232136399E+01  0.000000000E+00 -6.313959809E-03 
       109  7.274375656E+01  0.000000000E+00 -6.351616043E-03 
       110  7.316273064E+01  0.000000000E+00 -6.389021523E-03 
       111  7.357831389E+01  0.000000000E+00 -6.426183355E-03 
       112  7.399053376E+01  0.000000000E+00 -6.463109176E-03 
       113  7.439941746E+01  0.000000000E+00 -6.499807217E-03 
       114  7.480499201E+01  0.000000000E+00 -6.536286365E-03 
       115  7.520728416E+01  0.000000000E+00 -6.572556232E-03 
       116  7.560632051E+01  0.000000000E+00 -6.608627236E-03 
       117  7.600212738E+01  0.000000000E+00 -6.644510682E-03 
       118  7.639473092E+01  0.000000000E+00 -6.680218851E-03 
       119  7.678415706E+01  0.000000000E+00 -6.715765103E-03 
       120  7.717043151E+01  0.000000000E+00 -6.751163983E-03 
       121  7.755357977E+01  0.000000000E+00 -6.786431335E-03 
       122  7.793362715E+01  0.000000000E+00 -6.821584428E-03 
       123  7.831059875E+01  0.000000000E+00 -6.856642095E-03 
       124  7.868451945E+01  0.000000000E+00 -6.891624877E-03 
       125  7.905541395E+01  0.000000000E+00 -6.926555180E-03 
       126  7.942330674E+01  0.000000000E+00 -6.961457450E-03 
       127  7.978822211E+01  0.000000000E+00 -6.996358352E-03 
       128  8.015018416E+01  0.000000000E+00 -7.031286972E-03 
       129  8.050921679E+01  0.000000000E+00 -7.066275023E-03 
       130  8.086534371E+01  0.000000000E+00 -7.101357077E-03 
       131  8.121858844E+01  0.000000000E+00 -7.136570807E-03 
       132  8.156897429E+01  0.000000000E+00 -7.171957248E-03 
       133  8.191652442E+01  0.000000000E+00 -7.207561073E-03 
       134  8.226126177E+01  0.000000000E+00 -7.243430896E-03 
       135  8.260320909E+01  0.000000000E+00 -7.279619585E-03 
       136  8.294238899E+01  0.000000000E+00 -7.316184600E-03 
       137  8.327882384E+01  0.000000000E+00 -7.353188356E-03 
       138  8.361253587E+01  0.000000000E+00 -7.390698605E-03 
       139  8.394354712E+01  0.000000000E+00 -7.428788841E-03 
       140  8.427187943E+01  0.000000000E+00 -7.467538736E-03 
       141  8.459755450E+01  0.000000000E+00 -7.507034592E-03 
       142  8.492059382E+01  0.000000000E+00 -7.547369829E-03 
       143  8.524101873E+01  0.000000000E+00 -7.588645498E-03 
       144  8.555885039E+01  0.000000000E+00 -7.630970820E-03 
       145  8.587410979E+01  0.000000000E+00 -7.674463760E-03 
       146  8.618681774E+01  0.000000000E+00 -7.719251631E-03 
       147  8.649699489E+01  0.000000000E+00 -7.765471724E-03 
       148  8.680466173E+01  0.000000000E+00 -7.813271982E-03 
       149  8.710983857E+01  0.000000000E+00 -7.862811703E-03 
       150  8.741254556E+01  0.000000000E+00 -7.914262274E-03 
       151  8.771280270E+01  0.000000000E+00 -7.967807950E-03 
       152  8.801062980E+01  0.000000000E+00 -8.023646663E-03 
       153  8.830604654E+01  0.000000000E+00 -8.081990875E-03 
       154  8.859907242E+01  0.000000000E+00 -8.143068468E-03 
       155  8.888972679E+01  0.000000000E+00 -8.207123674E-03 
       156  8.917802885E+01  0.000000000E+00 -8.274418045E-03 
       157  8.946399764E+01  0.000000000E+00 -8.345231469E-03 
       158  8.974765203E+01  0.000000000E+00 -8.419863226E-03 
       159  9.002901076E+01  0.000000000E+00 -8.498633089E-03 
       160  9.030809241E+01  0.000000000E+00 -8.581882470E-03 
       161  9.058491540E+01  0.000000000E+00 -8.669975609E-03 
       162  9.085949802E+01  0.000000000E+00 -8.763300810E-03 
       163  9.113185839E+01  0.000000000E+00 -8.862271728E-03 
       164  9.140201451E+01  0.000000000E+00 -8.967328696E-03 
       165  9.166998421E+01  0.000000000E+00 -9.078940107E-03 
       166  9.193578518E+01  0.000000000E+00 -9.197603842E-03 
       167  9.219943499E+01  0.000000000E+00 -9.323848747E-03 
       168  9.246095103E+01  0.000000000E+00 -9.458236167E-03 
       169  9.272035058E+01  0.000000000E+00 -9.601361531E-03 
       170  9.297765077E+01  0.000000000E+00 -9.753855992E-03 
       171  9.323286858E+01  0.000000000E+00 -9.916384230E-03 
       172  9.348602087E+01  0.000000000E+00 -1.008965823E-02 
       173  9.373712436E+01  0.000000000E+00 -1.027058649E-02 
       174  9.398619563E+01  0.000000000E+00 -1.046307033E-02 
       175  9.423325112E+01  0.000000000E+00 -1.067175174E-02 
       176  9.447830715E+01  0.000000000E+00 -1.101396406E-02 
       177  9.472137990E+01  0.000000000E+00 -1.136533965E-02 
       178  9.496248543E+01  0.000000000E+00 -1.160895292E-02 
       179  9.520163964E+01  0.000000000E+00 -1.186883278E-02 
       180  9.543885834E+01  0.000000000E+00 -1.214368126E-02 
       181  9.567415720E+01  0.000000000E+00 -1.243736975E-02 
       182  9.590755173E+01  0.000000000E+00 -1.275455604E-02 
       183  9.613905737E+01  0.000000000E+00 -1.309345917E-02 
       184  9.636868940E+01  0.000000000E+00 -1.345397541E-02 
       185  9.659646297E+01  0.000000000E+00 -1.383742420E-02 
       186  9.682239314E+01  0.000000000E+00 -1.424519282E-02 
       187  9.704649481E+01  0.000000000E+00 -1.468024783E-02 
       188  9.726878279E+01  0.000000000E+00 -1.514324383E-02 
       189  9.748927176E+01  0.000000000E+00 -1.563670620E-02 
       190  9.770797628E+01  0.000000000E+00 -1.616161102E-02 
       191  9.792491078E+01  0.000000000E+00 -1.672078164E-02 
       192  9.814008960E+01  0.000000000E+00 -1.731528461E-02 
       193  9.835352693E+01  0.000000000E+00 -1.794397769E-02 
       194  9.856523689E+01  0.000000000E+00 -1.861152025E-02 
       195  9.877523344E+01  0.000000000E+00 -1.931336843E-02 
       196  9.898353045E+01  0.000000000E+00 -2.005766505E-02 
       197  9.919014168E+01  0.000000000E+00 -2.085352387E-02 
       198  9.939508077E+01  0.000000000E+00 -2.169785005E-02 
       199  9.959836126E+01  0.000000000E+00 -2.259346450E-02 
       200  9.979999657E+01  0.000000000E+00 -2.354337104E-02 
       201  1.000000000E+02  0.000000000E+00 -2.216790531E-02 
       202  1.002500000E+02  0.000000000E+00 -2.002548539E-02 
       203  1.005000000E+02  0.000000000E+00 -2.035561889E-02 
       204  1.007500000E+02  0.000000000E+00 -2.061878161E-02 
       205  1.010000000E+02  0.000000000E+00 -2.083694882E-02 
       206  1.012500000E+02  0.000000000E+00 -2.102196945E-02 
       207  1.015000000E+02  0.000000000E+00 -2.118134181E-02 
       208  1.017500000E+02  0.000000000E+00 -2.132028410E-02 
       209  1.020000000E+02  0.000000000E+00 -2.144264097E-02 
       210  1.022500000E+02  0.000000000E+00 -2.155135087E-02 
       211  1.025000000E+02  0.000000000E+00 -2.164871705E-02 
       212  1.027500000E+02  0.000000000E+00 -2.173657834E-02 
       213  1.030000000E+02  0.000000000E+00 -2.181642340E-02 
       214  1.032500000E+02  0.000000000E+00 -2.188947049E-02 
       215  1.035000000E+02  0.000000000E+00 -2.195672526E-02 
       216  1.037500000E+02  0.000000000E+00 -2.201902364E-02 
       217  1.040000000E+02  0.000000000E+00 -2.207706448E-02 
       218  1.042500000E+02  0.000000000E+00 -2.213143483E-02 
       219  1.045000000E+02  0.000000000E+00 -2.218262977E-02 
       220  1.047500000E+02  0.000000000E+00 -2.223106823E-02 
       221  1.050000000E+02  0.000000000E+00 -2.227710571E-02 
       222  1.052500000E+02  0.000000000E+00 -2.232104463E-02 
       223  1.055000000E+02  0.000000000E+00 -2.236314280E-02 
       224  1.057500000E+02  0.000000000E+00 -2.240362038E-02 
       225  1.060000000E+02  0.000000000E+00 -2.244266569E-02 
       226  1.062500000E+02  0.000000000E+00 -2.248044005E-02 
       227  1.065000000E+02  0.000000000E+00 -2.251708179E-02 
       228  1.067500000E+02  0.000000000E+00 -2.255270972E-02 
       229  1.070000000E+02  0.000000000E+00 -2.258742591E-02 
       230  1.072500000E+02  0.000000000E+00 -2.262131819E-02 
       231  1.075000000E+02  0.000000000E+00 -2.265446219E-02 
       232  1.077500000E+02  0.000000000E+00 -2.268692306E-02 
       233  1.080000000E+02  0.000000000E+00 -2.271875700E-02 
       234  1.082500000E+02  0.000000000E+00 -2.275001253E-02 
       235  1.085000000E+02  0.000000000E+00 -2.278073156E-02 
       236  1.087500000E+02  0.000000000E+00 -2.281095030E-02 
       237  1.090000000E+02  0.000000000E+00 -2.284070013E-02 
       238  1.092500000E+02  0.000000000E+00 -2.287000820E-02 
       239  1.095000000E+02  0.000000000E+00 -2.289889807E-02 
       240  1.097500000E+02  0.000000000E+00 -2.292739019E-02 
       241  1.100000000E+02  0.000000000E+00 -2.295550235E-02 
       242  1.102500000E+02  0.000000000E+00 -2.298325003E-02 
       243  1.105000000E+02  0.000000000E+00 -2.301064674E-02 
       244  1.107500000E+02  0.000000000E+00 -2.303770427E-02 
       245  1.110000000E+02  0.000000000E+00 -2.306443296E-02 
       246  1.112500000E+02  0.000000000E+00 -2.309084188E-02 
       247  1.115000000E+02  0.000000000E+00 -2.311693902E-02 
       248  1.117500000E+02  0.000000000E+00 -2.314273142E-02 
       249  1.120000000E+02  0.000000000E+00 -2.316822534E-02 
       250  1.122500000E+02  0.000000000E+00 -2.319342632E-02 
       251  1.125000000E+02  0.000000000E+00 -2.321833932E-02 
       252  1.127500000E+02  0.000000000E+00 -2.324296879E-02 
       253  1.130000000E+02  0.000000000E+00 -2.326731873E-02 
       254  1.132500000E+02  0.000000000E+00 -2.329139277E-02 
       255  1.135000000E+02  0.000000000E+00 -2.331519422E-02 
       256  1.137500000E+02  0.000000000E+00 -2.333872609E-02 
       257  1.140000000E+02  0.000000000E+00 -2.336199118E-02 
       258  1.142500000E+02  0.000000000E+00 -2.338499206E-02 
       259  1.145000000E+02  0.000000000E+00 -2.340773115E-02 
       260  1.147500000E+02  0.000000000E+00 -2.343021070E-02 
       261  1.150000000E+02  0.000000000E+00 -2.345243284E-02 
       262  1.152500000E+02  0.000000000E+00 -2.347439958E-02 
       263  1.155000000E+02  0.000000000E+00 -2.349611287E-02 
       264  1.157500000E+02  0.000000000E+00 -2.351757455E-02 
       265  1.160000000E+02  0.000000000E+00 -2.353878639E-02 
       266  1.162500000E+02  0.000000000E+00 -2.355975013E-02 
       267  1.165000000E+02  0.000000000E+00 -2.358046744E-02 
       268  1.167500000E+02  0.000000000E+00 -2.360093996E-02 
       269  1.170000000E+02  0.000000000E+00 -2.362116929E-02 
       270  1.172500000E+02  0.000000000E+00 -2.364115701E-02 
       271  1.175000000E+02  0.000000000E+00 -2.366090466E-02 
       272  1.177500000E+02  0.000000000E+00 -2.368041378E-02 
       273  1.180000000E+02  0.000000000E+00 -2.369968588E-02 
       274  1.182500000E+02  0.000000000E+00 -2.371872245E-02 
       275  1.185000000E+02  0.000000000E+00 -2.373752500E-02 
       276  1.187500000E+02  0.000000000E+00 -2.375609499E-02 
       277  1.190000000E+02  0.000000000E+00 -2.377443390E-02 
       278  1.192500000E+02  0.000000000E+00 -2.379254319E-02 
       279  1.195000000E+02  0.000000000E+00 -2.381042433E-02 
       280  1.197500000E+02  0.000000000E+00 -2.382807876E-02 
       281  1.200000000E+02  0.000000000E+00 -2.384550795E-02 
       282  1.202500000E+02  0.000000000E+00 -2.386271333E-02 
       283  1.205000000E+02  0.000000000E+00 -2.387969637E-02 
       284  1.207500000E+02  0.000000000E+00 -2.389645849E-02 
       285  1.210000000E+02  0.000000000E+00 -2.391300115E-02 
       286  1.212500000E+02  0.000000000E+00 -2.392932578E-02 
       287  1.215000000E+02  0.000000000E+00 -2.394543383E-02 
       288  1.217500000E+02  0.000000000E+00 -2.396132673E-02 
       289  1.220000000E+02  0.000000000E+00 -2.397700591E-02 
       290  1.222500000E+02  0.000000000E+00 -2.399247281E-02 
       291  1.225000000E+02  0.000000000E+00 -2.400772885E-02 
       292  1.227500000E+02  0.000000000E+00 -2.402277548E-02 
       293  1.230000000E+02  0.000000000E+00 -2.403761410E-02 
       294  1.232500000E+02  0.000000000E+00 -2.405224615E-02 
       295  1.235000000E+02  0.000000000E+00 -2.406667305E-02 
       296  1.237500000E+02  0.000000000E+00 -2.408089620E-02 
       297  1.240000000E+02  0.000000000E+00 -2.409491703E-02 
       298  1.242500000E+02  0.000000000E+00 -2.410873694E-02 
       299  1.245000000E+02  0.000000000E+00 -2.412235734E-02 
       300  1.247500000E+02  0.000000000E+00 -2.413577962E-02 
       301  1.250000000E+02  0.000000000E+00 -2.414900518E-02 
       302  1.252500000E+02  0.000000000E+00 -2.416203540E-02 
       303  1.255000000E+02  0.000000000E+00 -2.417487168E-02 
       304  1.257500000E+02  0.000000000E+00 -2.418751539E-02 
       305  1.260000000E+02  0.000000000E+00 -2.419996789E-02 
       306  1.262500000E+02  0.000000000E+00 -2.421223056E-02 
       307  1.265000000E+02  0.000000000E+00 -2.422430475E-02 
       308  1.267500000E+02  0.000000000E+00 -2.423619180E-02 
       309  1.270000000E+02  0.000000000E+00 -2.424789307E-02 
       310  1.272500000E+02  0.000000000E+00 -2.425940988E-02 
       311  1.275000000E+02  0.000000000E+00 -2.427074355E-02 
       312  1.277500000E+02  0.000000000E+00 -2.428189541E-02 
       313  1.280000000E+02  0.000000000E+00 -2.429286677E-02 
       314  1.282500000E+02  0.000000000E+00 -2.430365890E-02 
       315  1.285000000E+02  0.000000000E+00 -2.431427311E-02 
       316  1.287500000E+02  0.000000000E+00 -2.432471068E-02 
       317  1.290000000E+02  0.000000000E+00 -2.433497286E-02 
       318  1.292500000E+02  0.000000000E+00 -2.434506091E-02 
       319  1.295000000E+02  0.000000000E+00 -2.435497608E-02 
       320  1.297500000E+02  0.000000000E+00 -2.436471960E-02 
       321  1.300000000E+02  0.000000000E+00 -2.437429268E-02 
       322  1.302500000E+02  0.000000000E+00 -2.438369655E-02 
       323  1.305000000E+02  0.000000000E+00 -2.439293239E-02 
       324  1.307500000E+02  0.000000000E+00 -2.440200139E-02 
       325  1.310000000E+02  0.000000000E+00 -2.441090472E-02 
       326  1.312500000E+02  0.000000000E+00 -2.441964353E-02 
       327  1.315000000E+02  0.000000000E+00 -2.442821897E-02 
       328  1.317500000E+02  0.000000000E+00 -2.443663217E-02 
       329  1.320000000E+02  0.000000000E+00 -2.444488424E-02 
       330  1.322500000E+02  0.000000000E+00 -2.445297628E-02 
       331  1.325000000E+02  0.000000000E+00 -2.446090937E-02 
       332  1.327500000E+02  0.000000000E+00 -2.446868460E-02 
       333  1.330000000E+02  0.000000000E+00 -2.447630301E-02 
       334  1.332500000E+02  0.000000000E+00 -2.448376565E-02 
       335  1.335000000E+02  0.000000000E+00 -2.449107353E-02 
       336  1.337500000E+02  0.000000000E+00 -2.449822766E-02 
       337  1.340000000E+02  0.000000000E+00 -2.450522904E-02 
       338  1.342500000E+02  0.000000000E+00 -2.451207864E-02 
       339  1.345000000E+02  0.000000000E+00 -2.451877743E-02 
       340  1.347500000E+02  0.000000000E+00 -2.452532633E-02 
       341  1.350000000E+02  0.000000000E+00 -2.453172627E-02 
       342  1.352500000E+02  0.000000000E+00 -2.453797816E-02 
       343  1.355000000E+02  0.000000000E+00 -2.454408289E-02 
       344  1.357500000E+02  0.000000000E+00 -2.455004133E-02 
       345  1.360000000E+02  0.000000000E+00 -2.455585433E-02 
       346  1.362500000E+02  0.000000000E+00 -2.456152272E-02 
       347  1.365000000E+02  0.000000000E+00 -2.456704732E-02 
       348  1.367500000E+02  0.000000000E+00 -2.457242893E-02 
       349  1.370000000E+02  0.000000000E+00 -2.457766832E-02 
       350  1.372500000E+02  0.000000000E+00 -2.458276626E-02 
       351  1.375000000E+02  0.000000000E+00 -2.458772348E-02 
       352  1.377500000E+02  0.000000000E+00 -2.459254070E-02 
       353  1.380000000E+02  0.000000000E+00 -2.459721863E-02 
       354  1.382500000E+02  0.000000000E+00 -2.460175793E-02 
       355  1.385000000E+02  0.000000000E+00 -2.460615928E-02 
       356  1.387500000E+02  0.000000000E+00 -2.461042332E-02 
       357  1.390000000E+02  0.000000000E+00 -2.461455066E-02 
       358  1.392500000E+02  0.000000000E+00 -2.461854191E-02 
       359  1.395000000E+02  0.000000000E+00 -2.462239763E-02 
       360  1.397500000E+02  0.000000000E+00 -2.462611840E-02 
       361  1.400000000E+02  0.000000000E+00 -2.462970475E-02 
       362  1.402500000E+02  0.000000000E+00 -2.463315720E-02 
       363  1.405000000E+02  0.000000000E+00 -2.463647624E-02 
       364  1.407500000E+02  0.000000000E+00 -2.463966234E-02 
       365  1.410000000E+02  0.000000000E+00 -2.464271597E-02 
       366  1.412500000E+02  0.000000000E+00 -2.464563754E-02 
       367  1.415000000E+02  0.000000000E+00 -2.464842748E-02 
       368  1.417500000E+02  0.000000000E+00 -2.465108617E-02 
       369  1.420000000E+02  0.000000000E+00 -2.465361398E-02 
       370  1.422500000E+02  0.000000000E+00 -2.465601124E-02 
       371  1.425000000E+02  0.000000000E+00 -2.465827830E-02 
       372  1.427500000E+02  0.000000000E+00 -2.466041544E-02 
       373  1.430000000E+02  0.000000000E+00 -2.466242294E-02 
       374  1.432500000E+02  0.000000000E+00 -2.466430107E-02 
       375  1.435000000E+02  0.000000000E+00 -2.466605006E-02 
       376  1.437500000E+02  0.000000000E+00 -2.466767012E-02 
       377  1.440000000E+02  0.000000000E+00 -2.466916144E-02 
       378  1.442500000E+02  0.000000000E+00 -2.467052418E-02 
       379  1.445000000E+02  0.000000000E+00 -2.467175850E-02 
       380  1.447500000E+02  0.000000000E+00 -2.467286452E-02 
       381  1.450000000E+02  0.000000000E+00 -2.467384233E-02 
       382  1.452500000E+02  0.000000000E+00 -2.467469202E-02 
       383  1.455000000E+02  0.000000000E+00 -2.467541364E-02 
       384  1.457500000E+02  0.000000000E+00 -2.467600723E-02 
       385  1.460000000E+02  0.000000000E+00 -2.467647279E-02 
       386  1.462500000E+02  0.000000000E+00 -2.467681031E-02 
       387  1.465000000E+02  0.000000000E+00 -2.467701976E-02 
       388  1.467500000E+02  0.000000000E+00 -2.467710108E-02 
       389  1.470000000E+02  0.000000000E+00 -2.467705418E-02 
       390  1.472500000E+02  0.000000000E+00 -2.467687898E-02 
       391  1.475000000E+02  0.000000000E+00 -2.467657533E-02 
       392  1.477500000E+02  0.000000000E+00 -2.467614310E-02 
       393  1.480000000E+02  0.000000000E+00 -2.467558210E-02 
       394  1.482500000E+02  0.000000000E+00 -2.467489216E-02 
       395  1.485000000E+02  0.000000000E+00 -2.467407305E-02 
       396  1.487500000E+02  0.000000000E+00 -2.467312453E-02 
       397  1.490000000E+02  0.000000000E+00 -2.467204634E-02 
       398  1.492500000E+02  0.000000000E+00 -2.467083820E-02 
       399  1.495000000E+02  0.000000000E+00 -2.466949981E-02 
       400  1.497500000E+02  0.000000000E+00 -2.466803083E-02 
       401  1.500000000E+02  0.000000000E+00 -2.466643092E-02 
       402  1.502500000E+02  0.000000000E+00 -2.466469970E-02 
       403  1.505000000E+02  0.000000000E+00 -2.466283678E-02 
       404  1.507500000E+02  0.000000000E+00 -2.466084174E-02 
       405  1.510000000E+02  0.000000000E+00 -2.465871415E-02 
       406  1.512500000E+02  0.000000000E+00 -2.465645354E-02 
       407  1.515000000E+02  0.000000000E+00 -2.465405942E-02 
       408  1.517500000E+02  0.000000000E+00 -2.465153131E-02 
       409  1.520000000E+02  0.000000000E+00 -2.464886867E-02 
       410  1.522500000E+02  0.000000000E+00 -2.464607095E-02 
       411  1.525000000E+02  0.000000000E+00 -2.464313759E-02 
       412  1.527500000E+02  0.000000000E+00 -2.464006799E-02 
       413  1.530000000E+02  0.000000000E+00 -2.463686155E-02 
       414  1.532500000E+02  0.000000000E+00 -2.463351763E-02 
       415  1.535000000E+02  0.000000000E+00 -2.463003559E-02 
       416  1.537500000E+02  0.000000000E+00 -2.462641474E-02 
       417  1.540000000E+02  0.000000000E+00 -2.462265440E-02 
       418  1.542500000E+02  0.000000000E+00 -2.461875385E-02 
       419  1.545000000E+02  0.000000000E+00 -2.461471236E-02 
       420  1.547500000E+02  0.000000000E+00 -2.461052917E-02 
       421  1.550000000E+02  0.000000000E+00 -2.460620350E-02 
       422  1.552500000E+02  0.000000000E+00 -2.460173457E-02 
       423  1.555000000E+02  0.000000000E+00 -2.459712155E-02 
       424  1.557500000E+02  0.000000000E+00 -2.459236362E-02 
       425  1.560000000E+02  0.000000000E+00 -2.458745992E-02 
       426  1.562500000E+02  0.000000000E+00 -2.458240959E-02 
       427  1.565000000E+02  0.000000000E+00 -2.457721173E-02 
       428  1.567500000E+02  0.000000000E+00 -2.457186542E-02 
       429  1.570000000E+02  0.000000000E+00 -2.456636976E-02 
       430  1.572500000E+02  0.000000000E+00 -2.456072378E-02 
       431  1.575000000E+02  0.000000000E+00 -2.455492653E-02 
       432  1.577500000E+02  0.000000000E+00 -2.454897703E-02 
       433  1.580000000E+02  0.000000000E+00 -2.454287427E-02 
       434  1.582500000E+02  0.000000000E+00 -2.453661725E-02 
       435  1.585000000E+02  0.000000000E+00 -2.453020492E-02 
       436  1.587500000E+02  0.000000000E+00 -2.452363625E-02 
       437  1.590000000E+02  0.000000000E+00 -2.451691016E-02 
       438  1.592500000E+02  0.000000000E+00 -2.451002557E-02 
       439  1.595000000E+02  0.000000000E+00 -2.450298139E-02 
       440  1.597500000E+02  0.000000000E+00 -2.449577650E-02 
       441  1.600000000E+02  0.000000000E+00 -2.448840977E-02 
       442  1.602500000E+02  0.000000000E+00 -2.448088006E-02 
       443  1.605000000E+02  0.000000000E+00 -2.447318622E-02 
       444  1.607500000E+02  0.000000000E+00 -2.446532707E-02 
       445  1.610000000E+02  0.000000000E+00 -2.445730142E-02 
       446  1.612500000E+02  0.000000000E+00 -2.444910807E-02 
       447  1.615000000E+02  0.000000000E+00 -2.444074581E-02 
       448  1.617500000E+02  0.000000000E+00 -2.443221341E-02 
       449  1.620000000E+02  0.000000000E+00 -2.442350964E-02 
       450  1.622500000E+02  0.000000000E+00 -2.441463324E-02 
       451  1.625000000E+02  0.000000000E+00 -2.440558294E-02 
       452  1.627500000E+02  0.000000000E+00 -2.439635748E-02 
       453  1.630000000E+02  0.000000000E+00 -2.438695557E-02 
       454  1.632500000E+02  0.000000000E+00 -2.437737590E-02 
       455  1.635000000E+02  0.000000000E+00 -2.436761717E-02 
       456  1.637500000E+02  0.000000000E+00 -2.435767806E-02 
       457  1.640000000E+02  0.000000000E+00 -2.434755724E-02 
       458  1.642500000E+02  0.000000000E+00 -2.433725338E-02 
       459  1.645000000E+02  0.000000000E+00 -2.432676513E-02 
       460  1.647500000E+02  0.000000000E+00 -2.431609113E-02 
       461  1.650000000E+02  0.000000000E+00 -2.430523003E-02 
       462  1.652500000E+02  0.000000000E+00 -2.429418044E-02 
       463  1.655000000E+02  0.000000000E+00 -2.428294100E-02 
       464  1.657500000E+02  0.000000000E+00 -2.427151031E-02 
       465  1.660000000E+02  0.000000000E+00 -2.425988700E-02 
       466  1.662500000E+02  0.000000000E+00 -2.424806965E-02 
       467  1.665000000E+02  0.000000000E+00 -2.423605686E-02 
       468  1.667500000E+02  0.000000000E+00 -2.422384724E-02 
       469  1.670000000E+02  0.000000000E+00 -2.421143937E-02 
       470  1.672500000E+02  0.000000000E+00 -2.419883182E-02 
       471  1.675000000E+02  0.000000000E+00 -2.418602319E-02 
       472  1.677500000E+02  0.000000000E+00 -2.417301204E-02 
       473  1.680000000E+02  0.000000000E+00 -2.415979696E-02 
       474  1.682500000E+02  0.000000000E+00 -2.414637651E-02 
       475  1.685000000E+02  0.000000000E+00 -2.413274927E-02 
       476  1.687500000E+02  0.000000000E+00 -2.411891381E-02 
       477  1.690000000E+02  0.000000000E+00 -2.410486868E-02 
       478  1.692500000E+02  0.000000000E+00 -2.409061248E-02 
       479  1.695000000E+02  0.000000000E+00 -2.407614375E-02 
       480  1.697500000E+02  0.000000000E+00 -2.406146108E-02 
       481  1.700000000E+02  0.000000000E+00 -2.404656304E-02 
       482  1.702500000E+02  0.000000000E+00 -2.403144819E-02 
       483  1.705000000E+02  0.000000000E+00 -2.401611512E-02 
       484  1.707500000E+02  0.000000000E+00 -2.400056240E-02 
       485  1.710000000E+02  0.000000000E+00 -2.398478862E-02 
       486  1.712500000E+02  0.000000000E+00 -2.396879237E-02 
       487  1.715000000E+02  0.000000000E+00 -2.395257223E-02 
       488  1.717500000E+02  0.000000000E+00 -2.393612681E-02 
       489  1.720000000E+02  0.000000000E+00 -2.391945471E-02 
       490  1.722500000E+02  0.000000000E+00 -2.390255453E-02 
       491  1.725000000E+02  0.000000000E+00 -2.388542489E-02 
       492  1.727500000E+02  0.000000000E+00 -2.386806443E-02 
       493  1.730000000E+02  0.000000000E+00 -2.385047176E-02 
       494  1.732500000E+02  0.000000000E+00 -2.383264554E-02 
       495  1.735000000E+02  0.000000000E+00 -2.381458441E-02 
       496  1.737500000E+02  0.000000000E+00 -2.379628703E-02 
       497  1.740000000E+02  0.000000000E+00 -2.377775207E-02 
       498  1.742500000E+02  0.000000000E+00 -2.375897821E-02 
       499  1.745000000E+02  0.000000000E+00 -2.373996415E-02 
       500  1.747500000E+02  0.000000000E+00 -2.372070859E-02 
       501  1.750000000E+02  0.000000000E+00 -2.370121025E-02 
       502  1.752500000E+02  0.000000000E+00 -2.368146786E-02 
       503  1.755000000E+02  0.000000000E+00 -2.366148016E-02 
       504  1.757500000E+02  0.000000000E+00 -2.364124591E-02 
       505  1.760000000E+02  0.000000000E+00 -2.362076389E-02 
       506  1.762500000E+02  0.000000000E+00 -2.360003289E-02 
       507  1.765000000E+02  0.000000000E+00 -2.357905171E-02 
       508  1.767500000E+02  0.000000000E+00 -2.355781917E-02 
       509  1.770000000E+02  0.000000000E+00 -2.353633410E-02 
       510  1.772500000E+02  0.000000000E+00 -2.351459538E-02 
       511  1.775000000E+02  0.000000000E+00 -2.349260186E-02 
       512  1.777500000E+02  0.000000000E+00 -2.347035244E-02 
       513  1.780000000E+02  0.000000000E+00 -2.344784603E-02 
       514  1.782500000E+02  0.000000000E+00 -2.342508156E-02 
       515  1.785000000E+02  0.000000000E+00 -2.340205797E-02 
       516  1.787500000E+02  0.000000000E+00 -2.337877424E-02 
       517  1.790000000E+02  0.000000000E+00 -2.335522935E-02 
       518  1.792500000E+02  0.000000000E+00 -2.333142231E-02 
       519  1.795000000E+02  0.000000000E+00 -2.330735213E-02 
       520  1.797500000E+02  0.000000000E+00 -2.328301788E-02 
       521  1.800000000E+02  0.000000000E+00 -2.325841862E-02 
       522  1.802500000E+02  0.000000000E+00 -2.323355342E-02 
       523  1.805000000E+02  0.000000000E+00 -2.320842140E-02 
       524  1.807500000E+02  0.000000000E+00 -2.318302167E-02 
       525  1.810000000E+02  0.000000000E+00 -2.315735339E-02 
       526  1.812500000E+02  0.000000000E+00 -2.313141570E-02 
       527  1.815000000E+02  0.000000000E+00 -2.310520777E-02 
       528  1.817500000E+02  0.000000000E+00 -2.307872880E-02 
       529  1.820000000E+02  0.000000000E+00 -2.305197797E-02 
       530  1.822500000E+02  0.000000000E+00 -2.302495451E-02 
       531  1.825000000E+02  0.000000000E+00 -2.299765763E-02 
       532  1.827500000E+02  0.000000000E+00 -2.297008653E-02 
       533  1.830000000E+02  0.000000000E+00 -2.294224046E-02 
       534  1.832500000E+02  0.000000000E+00 -2.291411862E-02 
       535  1.835000000E+02  0.000000000E+00 -2.288572022E-02 
       536  1.837500000E+02  0.000000000E+00 -2.285704445E-02 
       537  1.840000000E+02  0.000000000E+00 -2.282809049E-02 
       538  1.842500000E+02  0.000000000E+00 -2.279885746E-02 
       539  1.845000000E+02  0.000000000E+00 -2.276934448E-02 
       540  1.847500000E+02  0.000000000E+00 -2.273955057E-02 
       541  1.850000000E+02  0.000000000E+00 -2.270947474E-02 
       542  1.852500000E+02  0.000000000E+00 -2.267911586E-02 
       543  1.855000000E+02  0.000000000E+00 -2.264847274E-02 
       544  1.857500000E+02  0.000000000E+00 -2.261754406E-02 
       545  1.860000000E+02  0.000000000E+00 -2.258632835E-02 
       546  1.862500000E+02  0.000000000E+00 -2.255482396E-02 
       547  1.865000000E+02  0.000000000E+00 -2.252302905E-02 
       548  1.867500000E+02  0.000000000E+00 -2.249094152E-02 
       549  1.870000000E+02  0.000000000E+00 -2.245855898E-02 
       550  1.872500000E+02  0.000000000E+00 -2.242587870E-02 
       551  1.875000000E+02  0.000000000E+00 -2.239289754E-02 
       552  1.877500000E+02  0.000000000E+00 -2.235961190E-02 
       553  1.880000000E+02  0.000000000E+00 -2.232601761E-02 
       554  1.882500000E+02  0.000000000E+00 -2.229210985E-02 
       555  1.885000000E+02  0.000000000E+00 -2.225788303E-02 
       556  1.887500000E+02  0.000000000E+00 -2.222333070E-02 
       557  1.890000000E+02  0.000000000E+00 -2.218844535E-02 
       558  1.892500000E+02  0.000000000E+00 -2.215321827E-02 
       559  1.895000000E+02  0.000000000E+00 -2.211763932E-02 
       560  1.897500000E+02  0.000000000E+00 -2.208169674E-02 
       561  1.900000000E+02  0.000000000E+00 -2.204537686E-02 
       562  1.902500000E+02  0.000000000E+00 -2.200866377E-02 
       563  1.905000000E+02  0.000000000E+00 -2.197153897E-02 
       564  1.907500000E+02  0.000000000E+00 -2.193398097E-02 
       565  1.910000000E+02  0.000000000E+00 -2.189596474E-02 
       566  1.912500000E+02  0.000000000E+00 -2.185746118E-02 
       567  1.915000000E+02  0.000000000E+00 -2.181843646E-02 
       568  1.917500000E+02  0.000000000E+00 -2.177885120E-02 
       569  1.920000000E+02  0.000000000E+00 -2.173865958E-02 
       570  1.922500000E+02  0.000000000E+00 -2.169780830E-02 
       571  1.925000000E+02  0.000000000E+00 -2.165623532E-02 
       572  1.927500000E+02  0.000000000E+00 -2.161386841E-02 
       573  1.930000000E+02  0.000000000E+00 -2.157062345E-02 
       574  1.932500000E+02  0.000000000E+00 -2.152640248E-02 
       575  1.935000000E+02  0.000000000E+00 -2.148109131E-02 
       576  1.937500000E+02  0.000000000E+00 -2.143455679E-02 
       577  1.940000000E+02  0.000000000E+00 -2.138664359E-02 
       578  1.942500000E+02  0.000000000E+00 -2.133717031E-02 
       579  1.945000000E+02  0.000000000E+00 -2.128592499E-02 
       580  1.947500000E+02  0.000000000E+00 -2.123265963E-02 
       581  1.950000000E+02  0.000000000E+00 -2.117708379E-02 
       582  1.952500000E+02  0.000000000E+00 -2.111885677E-02 
       583  1.955000000E+02  0.000000000E+00 -2.105757827E-02 
       584  1.957500000E+02  0.000000000E+00 -2.099277705E-02 
       585  1.960000000E+02  0.000000000E+00 -2.092389705E-02 
       586  1.962500000E+02  0.000000000E+00 -2.085028028E-02 
       587  1.965000000E+02  0.000000000E+00 -2.077114566E-02 
       588  1.967500000E+02  0.000000000E+00 -2.068556232E-02 
       589  1.970000000E+02  0.000000000E+00 -2.059241568E-02 
       590  1.972500000E+02  0.000000000E+00 -2.049036367E-02 
       591  1.975000000E+02  0.000000000E+00 -2.037777898E-02 
       592  1.977500000E+02  0.000000000E+00 -2.025267154E-02 
       593  1.980000000E+02  0.000000000E+00 -2.011258121E-02 
       594  1.982500000E+02  0.000000000E+00 -1.995442432E-02 
       595  1.985000000E+02  0.000000000E+00 -1.977426406E-02 
       596  1.987500000E+02  0.000000000E+00 -1.956694602E-02 
       597  1.990000000E+02  0.000000000E+00 -1.932546975E-02 
       598  1.992500000E+02  0.000000000E+00 -1.903976893E-02 
       599  1.995000000E+02  0.000000000E+00 -1.869392459E-02 
       600  1.997500000E+02  0.000000000E+00 -1.825838835E-02 
       601  2.000000000E+02  0.000000000E+00 -2.118838222E-02 
       602  2.001999988E+02  0.000000000E+00 -2.307392667E-02 
       603  2.004032879E+02  0.000000000E+00 -2.178807116E-02 
       604  2.006099214E+02  0.000000000E+00 -2.056916662E-02 
       605  2.008199543E+02  0.000000000E+00 -1.941429235E-02 
       606  2.010334426E+02  0.000000000E+00 -1.832068976E-02 
       607  2.012504431E+02  0.000000000E+00 -1.728574050E-02 
       608  2.014710137E+02  0.000000000E+00 -1.630694817E-02 
       609  2.016952129E+02  0.000000000E+00 -1.538192297E-02 
       610  2.019231006E+02  0.000000000E+00 -1.450836911E-02 
       611  2.021547374E+02  0.000000000E+00 -1.368407446E-02 
       612  2.023901849E+02  0.000000000E+00 -1.290690179E-02 
       613  2.026295060E+02  0.000000000E+00 -1.217478194E-02 
       614  2.028727642E+02  0.000000000E+00 -1.148570818E-02 
       615  2.031200245E+02  0.000000000E+00 -1.083744797E-02 
       616  2.033713525E+02  0.000000000E+00 -1.022896829E-02 
       617  2.036268153E+02  0.000000000E+00 -9.573505253E-03 
       618  2.038864808E+02  0.000000000E+00 -8.944683170E-03 
       619  2.041504183E+02  0.000000000E+00 -8.432403279E-03 
       620  2.044186979E+02  0.000000000E+00 -7.953002771E-03 
       621  2.046913911E+02  0.000000000E+00 -7.501788827E-03 
       622  2.049685706E+02  0.000000000E+00 -7.081032279E-03 
       623  2.052503101E+02  0.000000000E+00 -6.689079008E-03 
       624  2.055366847E+02  0.000000000E+00 -6.324325805E-03 
       625  2.058277705E+02  0.000000000E+00 -5.985220322E-03 
       626  2.061236452E+02  0.000000000E+00 -5.670261350E-03 
       627  2.064243875E+02  0.000000000E+00 -5.377999150E-03 
       628  2.067300774E+02  0.000000000E+00 -5.107035673E-03 
       629  2.070407965E+02  0.000000000E+00 -4.856024831E-03 
       630  2.073566273E+02  0.000000000E+00 -4.623672662E-03 
       631  2.076776540E+02  0.000000000E+00 -4.408737411E-03 
       632  2.080039622E+02  0.000000000E+00 -4.210029498E-03 
       633  2.083356386E+02  0.000000000E+00 -4.026411422E-03 
       634  2.086727716E+02  0.000000000E+00 -3.856797469E-03 
       635  2.090154510E+02  0.000000000E+00 -3.700153360E-03 
       636  2.093637679E+02  0.000000000E+00 -3.555495692E-03 
       637  2.097178153E+02  0.000000000E+00 -3.421891333E-03 
       638  2.100776872E+02  0.000000000E+00 -3.298456603E-03 
       639  2.104434797E+02  0.000000000E+00 -3.184356387E-03 
       640  2.108152899E+02  0.000000000E+00 -3.078803108E-03 
       641  2.111932170E+02  0.000000000E+00 -2.981055566E-03 
       642  2.115773617E+02  0.000000000E+00 -2.890417721E-03 
       643  2.119678260E+02  0.000000000E+00 -2.806237332E-03 
       644  2.123647142E+02  0.000000000E+00 -2.727904539E-03 
       645  2.127681317E+02  0.000000000E+00 -2.654850370E-03 
       646  2.131781861E+02  0.000000000E+00 -2.586545166E-03 
       647  2.135949866E+02  0.000000000E+00 -2.522496978E-03 
       648  2.140186441E+02  0.000000000E+00 -2.462249907E-03 
       649  2.144492713E+02  0.000000000E+00 -2.405382417E-03 
       650  2.148869831E+02  0.000000000E+00 -2.351505637E-03 
       651  2.153318959E+02  0.000000000E+00 -2.300261645E-03 
       652  2.157841282E+02  0.000000000E+00 -2.251321754E-03 
       653  2.162438005E+02  0.000000000E+00 -2.204384820E-03 
       654  2.167110350E+02  0.000000000E+00 -2.159175556E-03 
       655  2.171859563E+02  0.000000000E+00 -2.115442882E-03 
       656  2.176686908E+02  0.000000000E+00 -2.072958307E-03 
       657  2.181593671E+02  0.000000000E+00 -2.031514353E-03 
       658  2.186581157E+02  0.000000000E+00 -1.990923028E-03 
       659  2.191650695E+02  0.000000000E+00 -1.951014353E-03 
       660  2.196803635E+02  0.000000000E+00 -1.911634949E-03 
       661  2.202041348E+02  0.000000000E+00 -1.872646677E-03 
       662  2.207365230E+02  0.000000000E+00 -1.833925352E-03 
       663  2.212776699E+02  0.000000000E+00 -1.795359513E-03 
       664  2.218277194E+02  0.000000000E+00 -1.756849270E-03 
       665  2.223868182E+02  0.000000000E+00 -1.718305213E-03 
       666  2.229551149E+02  0.000000000E+00 -1.679647390E-03 
       667  2.235327610E+02  0.000000000E+00 -1.640804355E-03 
       668  2.241199103E+02  0.000000000E+00 -1.601712284E-03 
       669  2.247167191E+02  0.000000000E+00 -1.562314149E-03 
       670  2.253233464E+02  0.000000000E+00 -1.522558970E-03 
       671  2.259399536E+02  0.000000000E+00 -1.482401112E-03 
       672  2.265667050E+02  0.000000000E+00 -1.441799653E-03 
       673  2.272037674E+02  0.000000000E+00 -1.400717804E-03 
       674  2.278513104E+02  0.000000000E+00 -1.359122383E-03 
       675  2.285095066E+02  0.000000000E+00 -1.316983337E-03 
       676  2.291785311E+02  0.000000000E+00 -1.274273317E-03 
       677  2.298585621E+02  0.000000000E+00 -1.230967293E-03 
       678  2.305497807E+02  0.000000000E+00 -1.187042206E-03 
       679  2.312523708E+02  0.000000000E+00 -1.142476673E-03 
       680  2.319665197E+02  0.000000000E+00 -1.097250703E-03 
       681  2.326924175E+02  0.000000000E+00 -1.051345469E-03 
       682  2.334302574E+02  0.000000000E+00 -1.004743091E-03 
       683  2.341802359E+02  0.000000000E+00 -9.574264532E-04 
       684  2.349425527E+02  0.000000000E+00 -9.093790455E-04 
       685  2.357174108E+02  0.000000000E+00 -8.605848206E-04 
       686  2.365050165E+02  0.000000000E+00 -8.110280719E-04 
       687  2.373055796E+02  0.000000000E+00 -7.606933322E-04 
       688  2.381193132E+02  0.000000000E+00 -7.095652786E-04 
       689  2.389464340E+02  0.000000000E+00 -6.576286571E-04 
       690  2.397871622E+02  0.000000000E+00 -6.048682155E-04 
       691  2.406417216E+02  0.000000000E+00 -5.512686447E-04 
       692  2.415103399E+02  0.000000000E+00 -4.968145273E-04 
       693  2.423932484E+02  0.000000000E+00 -4.414902974E-04 
       694  2.432906820E+02  0.000000000E+00 -3.852802005E-04 
       695  2.442028798E+02  0.000000000E+00 -3.281682586E-04 
       696  2.451300847E+02  0.000000000E+00 -2.701382396E-04 
       697  2.460725436E+02  0.000000000E+00 -2.111736287E-04 
       698  2.470305073E+02  0.000000000E+00 -1.512575966E-04 
       699  2.480042311E+02  0.000000000E+00 -9.037296699E-05 
       700  2.489939742E+02  0.000000000E+00 -2.850218258E-05 
       701  2.500000000E+02  0.000000000E+00  3.437274382E-05 
       702  2.510060258E+02  0.000000000E+00  9.723614477E-05 
       703  2.519957689E+02  0.000000000E+00  1.590730480E-04 
       704  2.529694927E+02  0.000000000E+00  2.199024082E-04 
       705  2.539274564E+02  0.000000000E+00  2.797426679E-04 
       706  2.548699153E+02  0.000000000E+00  3.386118085E-04 
       707  2.557971202E+02  0.000000000E+00  3.965273935E-04 
       708  2.567093180E+02  0.000000000E+00  4.535066112E-04 
       709  2.576067516E+02  0.000000000E+00  5.095663155E-04 
       710  2.584896601E+02  0.000000000E+00  5.647230629E-04 
       711  2.593582784E+02  0.000000000E+00  6.189931502E-04 
       712  2.602128379E+02  0.000000000E+00  6.723926553E-04 
       713  2.610535660E+02  0.000000000E+00  7.249374829E-04 
       714  2.618806868E+02  0.000000000E+00  7.766434100E-04 
       715  2.626944204E+02  0.000000000E+00  8.275261403E-04 
       716  2.634949835E+02  0.000000000E+00  8.776013670E-04 
       717  2.642825892E+02  0.000000000E+00  9.268848415E-04 
       718  2.650574473E+02  0.000000000E+00  9.753924515E-04 
       719  2.658197641E+02  0.000000000E+00  1.023140317E-03 
       720  2.665697426E+02  0.000000000E+00  1.070144891E-03 
       721  2.673075825E+02  0.000000000E+00  1.116423086E-03 
       722  2.680334803E+02  0.000000000E+00  1.161992410E-03 
       723  2.687476292E+02  0.000000000E+00  1.206871128E-03 
       724  2.694502193E+02  0.000000000E+00  1.251078447E-03 
       725  2.701414379E+02  0.000000000E+00  1.294634720E-03 
       726  2.708214689E+02  0.000000000E+00  1.337561686E-03 
       727  2.714904934E+02  0.000000000E+00  1.379882739E-03 
       728  2.721486896E+02  0.000000000E+00  1.421623228E-03 
       729  2.727962326E+02  0.000000000E+00  1.462810800E-03 
       730  2.734332950E+02  0.000000000E+00  1.503475778E-03 
       731  2.740600464E+02  0.000000000E+00  1.543651586E-03 
       732  2.746766536E+02  0.000000000E+00  1.583375223E-03 
       733  2.752832808E+02  0.000000000E+00  1.622687782E-03 
       734  2.758800897E+02  0.000000000E+00  1.661635028E-03 
       735  2.764672390E+02  0.000000000E+00  1.700268027E-03 
       736  2.770448851E+02  0.000000000E+00  1.738643837E-03 
       737  2.776131818E+02  0.000000000E+00  1.776826265E-03 
       738  2.781722806E+02  0.000000000E+00  1.814886673E-03 
       739  2.787223301E+02  0.000000000E+00  1.852904872E-03 
       740  2.792634769E+02  0.000000000E+00  1.890970061E-03 
       741  2.797958652E+02  0.000000000E+00  1.929181848E-03 
       742  2.803196365E+02  0.000000000E+00  1.967651337E-03 
       743  2.808349305E+02  0.000000000E+00  2.006502283E-03 
       744  2.813418843E+02  0.000000000E+00  2.045872311E-03 
       745  2.818406329E+02  0.000000000E+00  2.085914208E-03 
       746  2.823313092E+02  0.000000000E+00  2.126797280E-03 
       747  2.828140437E+02  0.000000000E+00  2.168708762E-03 
       748  2.832889650E+02  0.000000000E+00  2.211855291E-03 
       749  2.837561995E+02  0.000000000E+00  2.256464446E-03 
       750  2.842158718E+02  0.000000000E+00  2.302786312E-03 
       751  2.846681041E+02  0.000000000E+00  2.351095115E-03 
       752  2.851130169E+02  0.000000000E+00  2.401690868E-03 
       753  2.855507287E+02  0.000000000E+00  2.454901065E-03 
       754  2.859813560E+02  0.000000000E+00  2.511082387E-03 
       755  2.864050134E+02  0.000000000E+00  2.570622418E-03 
       756  2.868218139E+02  0.000000000E+00  2.633941377E-03 
       757  2.872318683E+02  0.000000000E+00  2.701493825E-03 
       758  2.876352858E+02  0.000000000E+00  2.773770370E-03 
       759  2.880321740E+02  0.000000000E+00  2.851299335E-03 
       760  2.884226383E+02  0.000000000E+00  2.934648388E-03 
       761  2.888067830E+02  0.000000000E+00  3.024426123E-03 
       762  2.891847101E+02  0.000000000E+00  3.121283584E-03 
       763  2.895565204E+02  0.000000000E+00  3.225915696E-03 
       764  2.899223128E+02  0.000000000E+00  3.339062648E-03 
       765  2.902821847E+02  0.000000000E+00  3.461511137E-03 
       766  2.906362321E+02  0.000000000E+00  3.594095553E-03 
       767  2.909845490E+02  0.000000000E+00  3.737699021E-03 
       768  2.913272284E+02  0.000000000E+00  3.893254326E-03 
       769  2.916643614E+02  0.000000000E+00  4.061744747E-03 
       770  2.919960378E+02  0.000000000E+00  4.244204694E-03 
       771  2.923223460E+02  0.000000000E+00  4.441720288E-03 
       772  2.926433727E+02  0.000000000E+00  4.655429737E-03 
       773  2.929592035E+02  0.000000000E+00  4.886523661E-03 
       774  2.932699226E+02  0.000000000E+00  5.136245202E-03 
       775  2.935756125E+02  0.000000000E+00  5.405890083E-03 
       776  2.938763548E+02  0.000000000E+00  5.696806550E-03 
       777  2.941722295E+02  0.000000000E+00  6.010395226E-03 
       778  2.944633153E+02  0.000000000E+00  6.348108858E-03 
       779  2.947496899E+02  0.000000000E+00  6.711452118E-03 
       780  2.950314294E+02  0.000000000E+00  7.101981283E-03 
       781  2.953086088E+02  0.000000000E+00  7.521304056E-03 
       782  2.955813021E+02  0.000000000E+00  7.971079425E-03 
       783  2.958495817E+02  0.000000000E+00  8.453017604E-03 
       784  2.961135192E+02  0.000000000E+00  8.968880193E-03 
       785  2.963731847E+02  0.000000000E+00  9.520480704E-03 
       786  2.966286475E+02  0.000000000E+00  1.010968527E-02 
       787  2.968799755E+02  0.000000000E+00  1.073841387E-02 
       788  2.971272358E+02  0.000000000E+00  1.140864216E-02 
       789  2.973704940E+02  0.000000000E+00  1.212240376E-02 
       790  2.976098151E+02  0.000000000E+00  1.288179359E-02 
       791  2.978452626E+02  0.000000000E+00  1.368897192E-02 
       792  2.980768994E+02  0.000000000E+00  1.454616968E-02 
       793  2.983047871E+02  0.000000000E+00  1.545569506E-02 
       794  2.985289863E+02  0.000000000E+00  1.641994150E-02 
       795  2.987495568E+02  0.000000000E+00  1.676541448E-02 
       796  2.989665574E+02  0.000000000E+00  1.708881259E-02 
       797  2.991800457E+02  0.000000000E+00  1.804137640E-02 
       798  2.993900786E+02  0.000000000E+00  1.904488353E-02 
       799  2.995967121E+02  0.000000000E+00  2.010154481E-02 
       800  2.998000012E+02  0.000000000E+00  2.121368803E-02 
       801  3.000000000E+02  0.000000000E+00  2.010387500E-02 
       802  3.002500000E+02  0.000000000E+00  1.825452881E-02 
       803  3.005000000E+02  0.000000000E+00  1.868942847E-02 
       804  3.007500000E+02  0.000000000E+00  1.903467389E-02 
       805  3.010000000E+02  0.000000000E+00  1.931981448E-02 
       806  3.012500000E+02  0.000000000E+00  1.956076779E-02 
       807  3.015000000E+02  0.000000000E+00  1.976759794E-02 
       808  3.017500000E+02  0.000000000E+00  1.994730301E-02 
       809  3.020000000E+02  0.000000000E+00  2.010503505E-02 
       810  3.022500000E+02  0.000000000E+00  2.024472859E-02 
       811  3.025000000E+02  0.000000000E+00  2.036946515E-02 
       812  3.027500000E+02  0.000000000E+00  2.048170285E-02 
       813  3.030000000E+02  0.000000000E+00  2.058342989E-02 
       814  3.032500000E+02  0.000000000E+00  2.067627182E-02 
       815  3.035000000E+02  0.000000000E+00  2.076156914E-02 
       816  3.037500000E+02  0.000000000E+00  2.084043496E-02 
       817  3.040000000E+02  0.000000000E+00  2.091379878E-02 
       818  3.042500000E+02  0.000000000E+00  2.098244046E-02 
       819  3.045000000E+02  0.000000000E+00  2.104701686E-02 
       820  3.047500000E+02  0.000000000E+00  2.110808302E-02 
       821  3.050000000E+02  0.000000000E+00  2.116610926E-02 
       822  3.052500000E+02  0.000000000E+00  2.122149503E-02 
       823  3.055000000E+02  0.000000000E+00  2.127458025E-02 
       824  3.057500000E+02  0.000000000E+00  2.132565469E-02 
       825  3.060000000E+02  0.000000000E+00  2.137496571E-02 
       826  3.062500000E+02  0.000000000E+00  2.142272472E-02 
       827  3.065000000E+02  0.000000000E+00  2.146911260E-02 
       828  3.067500000E+02  0.000000000E+00  2.151428423E-02 
       829  3.070000000E+02  0.000000000E+00  2.155837234E-02 
       830  3.072500000E+02  0.000000000E+00  2.160149074E-02 
       831  3.075000000E+02  0.000000000E+00  2.164373709E-02 
       832  3.077500000E+02  0.000000000E+00  2.168519519E-02 
       833  3.080000000E+02  0.000000000E+00  2.172593700E-02 
       834  3.082500000E+02  0.000000000E+00  2.176602432E-02 
       835  3.085000000E+02  0.000000000E+00  2.180551024E-02 
       836  3.087500000E+02  0.000000000E+00  2.184444038E-02 
       837  3.090000000E+02  0.000000000E+00  2.188285394E-02 
       838  3.092500000E+02  0.000000000E+00  2.192078461E-02 
       839  3.095000000E+02  0.000000000E+00  2.195826135E-02 
       840  3.097500000E+02  0.000000000E+00  2.199530903E-02 
       841  3.100000000E+02  0.000000000E+00  2.203194907E-02 
       842  3.102500000E+02  0.000000000E+00  2.206819983E-02 
       843  3.105000000E+02  0.000000000E+00  2.210407715E-02 
       844  3.107500000E+02  0.000000000E+00  2.213959460E-02 
       845  3.110000000E+02  0.000000000E+00  2.217476387E-02 
       846  3.112500000E+02  0.000000000E+00  2.220959503E-02 
       847  3.115000000E+02  0.000000000E+00  2.224409671E-02 
       848  3.117500000E+02  0.000000000E+00  2.227827637E-02 
       849  3.120000000E+02  0.000000000E+00  2.231214041E-02 
       850  3.122500000E+02  0.000000000E+00  2.234569436E-02 
       851  3.125000000E+02  0.000000000E+00  2.237894299E-02 
       852  3.127500000E+02  0.000000000E+00  2.241189043E-02 
       853  3.130000000E+02  0.000000000E+00  2.244454022E-02 
       854  3.132500000E+02  0.000000000E+00  2.247689548E-02 
       855  3.135000000E+02  0.000000000E+00  2.250895888E-02 
       856  3.137500000E+02  0.000000000E+00  2.254073278E-02 
       857  3.140000000E+02  0.000000000E+00  2.257221924E-02 
       858  3.142500000E+02  0.000000000E+00  2.260342007E-02 
       859  3.145000000E+02  0.000000000E+00  2.263433688E-02 
       860  3.147500000E+02  0.000000000E+00  2.266497109E-02 
       861  3.150000000E+02  0.000000000E+00  2.269532399E-02 
       862  3.152500000E+02  0.000000000E+00  2.272539676E-02 
       863  3.155000000E+02  0.000000000E+00  2.275519045E-02 
       864  3.157500000E+02  0.000000000E+00  2.278470606E-02 
       865  3.160000000E+02  0.000000000E+00  2.281394449E-02 
       866  3.162500000E+02  0.000000000E+00  2.284290663E-02 
       867  3.165000000E+02  0.000000000E+00  2.287159328E-02 
       868  3.167500000E+02  0.000000000E+00  2.290000525E-02 
       869  3.170000000E+02  0.000000000E+00  2.292814332E-02 
       870  3.172500000E+02  0.000000000E+00  2.295600822E-02 
       871  3.175000000E+02  0.000000000E+00  2.298360072E-02 
       872  3.177500000E+02  0.000000000E+00  2.301092155E-02 
       873  3.180000000E+02  0.000000000E+00  2.303797145E-02 
       874  3.182500000E+02  0.000000000E+00  2.306475117E-02 
       875  3.185000000E+02  0.000000000E+00  2.309126147E-02 
       876  3.187500000E+02  0.000000000E+00  2.311750310E-02 
       877  3.190000000E+02  0.000000000E+00  2.314347684E-02 
       878  3.192500000E+02  0.000000000E+00  2.316918347E-02 
       879  3.195000000E+02  0.000000000E+00  2.319462381E-02 
       880  3.197500000E+02  0.000000000E+00  2.321979866E-02 
       881  3.200000000E+02  0.000000000E+00  2.324470887E-02 
       882  3.202500000E+02  0.000000000E+00  2.326935528E-02 
       883  3.205000000E+02  0.000000000E+00  2.329373878E-02 
       884  3.207500000E+02  0.000000000E+00  2.331786025E-02 
       885  3.210000000E+02  0.000000000E+00  2.334172061E-02 
       886  3.212500000E+02  0.000000000E+00  2.336532078E-02 
       887  3.215000000E+02  0.000000000E+00  2.338866172E-02 
       888  3.217500000E+02  0.000000000E+00  2.341174439E-02 
       889  3.220000000E+02  0.000000000E+00  2.343456979E-02 
       890  3.222500000E+02  0.000000000E+00  2.345713892E-02 
       891  3.225000000E+02  0.000000000E+00  2.347945281E-02 
       892  3.227500000E+02  0.000000000E+00  2.350151250E-02 
       893  3.230000000E+02  0.000000000E+00  2.352331907E-02 
       894  3.232500000E+02  0.000000000E+00  2.354487359E-02 
       895  3.235000000E+02  0.000000000E+00  2.356617716E-02 
       896  3.237500000E+02  0.000000000E+00  2.358723090E-02 
       897  3.240000000E+02  0.000000000E+00  2.360803594E-02 
       898  3.242500000E+02  0.000000000E+00  2.362859344E-02 
       899  3.245000000E+02  0.000000000E+00  2.364890456E-02 
       900  3.247500000E+02  0.000000000E+00  2.366897048E-02 
       901  3.250000000E+02  0.000000000E+00  2.368879240E-02 
       902  3.252500000E+02  0.000000000E+00  2.370837153E-02 
       903  3.255000000E+02  0.000000000E+00  2.372770909E-02 
       904  3.257500000E+02  0.000000000E+00  2.374680633E-02 
       905  3.260000000E+02  0.000000000E+00  2.376566448E-02 
       906  3.262500000E+02  0.000000000E+00  2.378428482E-02 
       907  3.265000000E+02  0.000000000E+00  2.380266863E-02 
       908  3.267500000E+02  0.000000000E+00  2.382081717E-02 
       909  3.270000000E+02  0.000000000E+00  2.383873176E-02 
       910  3.272500000E+02  0.000000000E+00  2.385641370E-02 
       911  3.275000000E+02  0.000000000E+00  2.387386430E-02 
       912  3.277500000E+02  0.000000000E+00  2.389108488E-02 
       913  3.280000000E+02  0.000000000E+00  2.390807679E-02 
       914  3.282500000E+02  0.000000000E+00  2.392484137E-02 
       915  3.285000000E+02  0.000000000E+00  2.394137995E-02 
       916  3.287500000E+02  0.000000000E+00  2.395769390E-02 
       917  3.290000000E+02  0.000000000E+00  2.397378458E-02 
       918  3.292500000E+02  0.000000000E+00  2.398965335E-02 
       919  3.295000000E+02  0.000000000E+00  2.400530158E-02 
       920  3.297500000E+02  0.000000000E+00  2.402073066E-02 
       921  3.300000000E+02  0.000000000E+00  2.403594196E-02 
       922  3.302500000E+02  0.000000000E+00  2.405093687E-02 
       923  3.305000000E+02  0.000000000E+00  2.406571678E-02 
       924  3.307500000E+02  0.000000000E+00  2.408028306E-02 
       925  3.310000000E+02  0.000000000E+00  2.409463712E-02 
       926  3.312500000E+02  0.000000000E+00  2.410878035E-02 
       927  3.315000000E+02  0.000000000E+00  2.412271415E-02 
       928  3.317500000E+02  0.000000000E+00  2.413643989E-02 
       929  3.320000000E+02  0.000000000E+00  2.414995899E-02 
       930  3.322500000E+02  0.000000000E+00  2.416327283E-02 
       931  3.325000000E+02  0.000000000E+00  2.417638281E-02 
       932  3.327500000E+02  0.000000000E+00  2.418929031E-02 
       933  3.330000000E+02  0.000000000E+00  2.420199673E-02 
       934  3.332500000E+02  0.000000000E+00  2.421450344E-02 
       935  3.335000000E+02  0.000000000E+00  2.422681185E-02 
       936  3.337500000E+02  0.000000000E+00  2.423892331E-02 
       937  3.340000000E+02  0.000000000E+00  2.425083922E-02 
       938  3.342500000E+02  0.000000000E+00  2.426256093E-02 
       939  3.345000000E+02  0.000000000E+00  2.427408982E-02 
       940  3.347500000E+02  0.000000000E+00  2.428542725E-02 
       941  3.350000000E+02  0.000000000E+00  2.429657457E-02 
       942  3.352500000E+02  0.000000000E+00  2.430753312E-02 
       943  3.355000000E+02  0.000000000E+00  2.431830427E-02 
       944  3.357500000E+02  0.000000000E+00  2.432888932E-02 
       945  3.360000000E+02  0.000000000E+00  2.433928963E-02 
       946  3.362500000E+02  0.000000000E+00  2.434950649E-02 
       947  3.365000000E+02  0.000000000E+00  2.435954124E-02 
       948  3.367500000E+02  0.000000000E+00  2.436939516E-02 
       949  3.370000000E+02  0.000000000E+00  2.437906955E-02 
       950  3.372500000E+02  0.000000000E+00  2.438856570E-02 
       951  3.375000000E+02  0.000000000E+00  2.439788487E-02 
       952  3.377500000E+02  0.000000000E+00  2.440702834E-02 
       953  3.380000000E+02  0.000000000E+00  2.441599735E-02 
       954  3.382500000E+02  0.000000000E+00  2.442479314E-02 
       955  3.385000000E+02  0.000000000E+00  2.443341695E-02 
       956  3.387500000E+02  0.000000000E+00  2.444187000E-02 
       957  3.390000000E+02  0.000000000E+00  2.445015349E-02 
       958  3.392500000E+02  0.000000000E+00  2.445826861E-02 
       959  3.395000000E+02  0.000000000E+00  2.446621655E-02 
       960  3.397500000E+02  0.000000000E+00  2.447399847E-02 
       961  3.400000000E+02  0.000000000E+00  2.448161553E-02 
       962  3.402500000E+02  0.000000000E+00  2.448906887E-02 
       963  3.405000000E+02  0.000000000E+00  2.449635961E-02 
       964  3.407500000E+02  0.000000000E+00  2.450348887E-02 
       965  3.410000000E+02  0.000000000E+00  2.451045774E-02 
       966  3.412500000E+02  0.000000000E+00  2.451726731E-02 
       967  3.415000000E+02  0.000000000E+00  2.452391864E-02 
       968  3.417500000E+02  0.000000000E+00  2.453041279E-02 
       969  3.420000000E+02  0.000000000E+00  2.453675079E-02 
       970  3.422500000E+02  0.000000000E+00  2.454293366E-02 
       971  3.425000000E+02  0.000000000E+00  2.454896240E-02 
       972  3.427500000E+02  0.000000000E+00  2.455483800E-02 
       973  3.430000000E+02  0.000000000E+00  2.456056142E-02 
       974  3.432500000E+02  0.000000000E+00  2.456613363E-02 
       975  3.435000000E+02  0.000000000E+00  2.457155555E-02 
       976  3.437500000E+02  0.000000000E+00  2.457682811E-02 
       977  3.440000000E+02  0.000000000E+00  2.458195220E-02 
       978  3.442500000E+02  0.000000000E+00  2.458692870E-02 
       979  3.445000000E+02  0.000000000E+00  2.459175847E-02 
       980  3.447500000E+02  0.000000000E+00  2.459644237E-02 
       981  3.450000000E+02  0.000000000E+00  2.460098121E-02 
       982  3.452500000E+02  0.000000000E+00  2.460537581E-02 
       983  3.455000000E+02  0.000000000E+00  2.460962694E-02 
       984  3.457500000E+02  0.000000000E+00  2.461373539E-02 
       985  3.460000000E+02  0.000000000E+00  2.461770189E-02 
       986  3.462500000E+02  0.000000000E+00  2.462152718E-02 
       987  3.465000000E+02  0.000000000E+00  2.462521197E-02 
       988  3.467500000E+02  0.000000000E+00  2.462875694E-02 
       989  3.470000000E+02  0.000000000E+00  2.463216277E-02 
       990  3.472500000E+02  0.000000000E+00  2.463543011E-02 
       991  3.475000000E+02  0.000000000E+00  2.463855957E-02 
       992  3.477500000E+02  0.000000000E+00  2.464155178E-02 
       993  3.480000000E+02  0.000000000E+00  2.464440731E-02 
       994  3.482500000E+02  0.000000000E+00  2.464712674E-02 
       995  3.485000000E+02  0.000000000E+00  2.464971061E-02 
       996  3.487500000E+02  0.000000000E+00  2.465215945E-02 
       997  3.490000000E+02  0.000000000E+00  2.465447375E-02 
       998  3.492500000E+02  0.000000000E+00  2.465665400E-02 
       999  3.495000000E+02  0.000000000E+00  2.465870066E-02 
      1000  3.497500000E+02  0.000000000E+00  2.466061417E-02 
      1001  3.500000000E+02  0.000000000E+00  2.466239495E-02 
      1002  3.502500000E+02  0.000000000E+00  2.466404338E-02 
      1003  3.505000000E+02  0.000000000E+00  2.466555986E-02 
      1004  3.507500000E+02  0.000000000E+00  2.466694472E-02 
      1005  3.510000000E+02  0.000000000E+00  2.466819830E-02 
      1006  3.512500000E+02  0.000000000E+00  2.466932090E-02 
      1007  3.515000000E+02  0.000000000E+00  2.467031282E-02 
      1008  3.517500000E+02  0.000000000E+00  2.467117431E-02 
      1009  3.520000000E+02  0.000000000E+00  2.467190563E-02 
      1010  3.522500000E+02  0.000000000E+00  2.467250698E-02 
      1011  3.525000000E+02  0.000000000E+00  2.467297856E-02 
      1012  3.527500000E+02  0.000000000E+00  2.467332056E-02 
      1013  3.530000000E+02  0.000000000E+00  2.467353312E-02 
      1014  3.532500000E+02  0.000000000E+00  2.467361637E-02 
      1015  3.535000000E+02  0.000000000E+00  2.467357043E-02 
      1016  3.537500000E+02  0.000000000E+00  2.467339538E-02 
      1017  3.540000000E+02  0.000000000E+00  2.467309128E-02 
      1018  3.542500000E+02  0.000000000E+00  2.467265817E-02 
      1019  3.545000000E+02  0.000000000E+00  2.467209607E-02 
      1020  3.547500000E+02  0.000000000E+00  2.467140499E-02 
      1021  3.550000000E+02  0.000000000E+00  2.467058488E-02 
      1022  3.552500000E+02  0.000000000E+00  2.466963571E-02 
      1023  3.555000000E+02  0.000000000E+00  2.466855741E-02 
      1024  3.557500000E+02  0.000000000E+00  2.466734987E-02 
      1025  3.560000000E+02  0.000000000E+00  2.466601299E-02 
      1026  3.562500000E+02  0.000000000E+00  2.466454664E-02 
      1027  3.565000000E+02  0.000000000E+00  2.466295064E-02 
      1028  3.567500000E+02  0.000000000E+00  2.466122482E-02 
      1029  3.570000000E+02  0.000000000E+00  2.465936898E-02 
      1030  3.572500000E+02  0.000000000E+00  2.465738288E-02 
      1031  3.575000000E+02  0.000000000E+00  2.465526629E-02 
      1032  3.577500000E+02  0.000000000E+00  2.465301894E-02 
      1033  3.580000000E+02  0.000000000E+00  2.465064052E-02 
      1034  3.582500000E+02  0.000000000E+00  2.464813074E-02 
      1035  3.585000000E+02  0.000000000E+00  2.464548925E-02 
      1036  3.587500000E+02  0.000000000E+00  2.464271570E-02 
      1037  3.590000000E+02  0.000000000E+00  2.463980971E-02 
      1038  3.592500000E+02  0.000000000E+00  2.463677089E-02 
      1039  3.595000000E+02  0.000000000E+00  2.463359881E-02 
      1040  3.597500000E+02  0.000000000E+00  2.463029303E-02 
      1041  3.600000000E+02  0.000000000E+00  2.462685309E-02 
      1042  3.602500000E+02  0.000000000E+00  2.462327851E-02 
      1043  3.605000000E+02  0.000000000E+00  2.461956878E-02 
      1044  3.607500000E+02  0.000000000E+00  2.461572338E-02 
      1045  3.610000000E+02  0.000000000E+00  2.461174176E-02 
      1046  3.612500000E+02  0.000000000E+00  2.460762336E-02 
      1047  3.615000000E+02  0.000000000E+00  2.460336759E-02 
      1048  3.617500000E+02  0.000000000E+00  2.459897384E-02 
      1049  3.620000000E+02  0.000000000E+00  2.459444149E-02 
      1050  3.622500000E+02  0.000000000E+00  2.458976989E-02 
      1051  3.625000000E+02  0.000000000E+00  2.458495838E-02 
      1052  3.627500000E+02  0.000000000E+00  2.458000627E-02 
      1053  3.630000000E+02  0.000000000E+00  2.457491285E-02 
      1054  3.632500000E+02  0.000000000E+00  2.456967740E-02 
      1055  3.635000000E+02  0.000000000E+00  2.456429919E-02 
      1056  3.637500000E+02  0.000000000E+00  2.455877743E-02 
      1057  3.640000000E+02  0.000000000E+00  2.455311137E-02 
      1058  3.642500000E+02  0.000000000E+00  2.454730018E-02 
      1059  3.645000000E+02  0.000000000E+00  2.454134307E-02 
      1060  3.647500000E+02  0.000000000E+00  2.453523919E-02 
      1061  3.650000000E+02  0.000000000E+00  2.452898769E-02 
      1062  3.652500000E+02  0.000000000E+00  2.452258770E-02 
      1063  3.655000000E+02  0.000000000E+00  2.451603833E-02 
      1064  3.657500000E+02  0.000000000E+00  2.450933867E-02 
      1065  3.660000000E+02  0.000000000E+00  2.450248780E-02 
      1066  3.662500000E+02  0.000000000E+00  2.449548479E-02 
      1067  3.665000000E+02  0.000000000E+00  2.448832866E-02 
      1068  3.667500000E+02  0.000000000E+00  2.448101846E-02 
      1069  3.670000000E+02  0.000000000E+00  2.447355320E-02 
      1070  3.672500000E+02  0.000000000E+00  2.446593186E-02 
      1071  3.675000000E+02  0.000000000E+00  2.445815343E-02 
      1072  3.677500000E+02  0.000000000E+00  2.445021687E-02 
      1073  3.680000000E+02  0.000000000E+00  2.444212114E-02 
      1074  3.682500000E+02  0.000000000E+00  2.443386516E-02 
      1075  3.685000000E+02  0.000000000E+00  2.442544785E-02 
      1076  3.687500000E+02  0.000000000E+00  2.441686813E-02 
      1077  3.690000000E+02  0.000000000E+00  2.440812489E-02 
      1078  3.692500000E+02  0.000000000E+00  2.439921699E-02 
      1079  3.695000000E+02  0.000000000E+00  2.439014331E-02 
      1080  3.697500000E+02  0.000000000E+00  2.438090269E-02 
      1081  3.700000000E+02  0.000000000E+00  2.437149398E-02 
      1082  3.702500000E+02  0.000000000E+00  2.436191600E-02 
      1083  3.705000000E+02  0.000000000E+00  2.435216757E-02 
      1084  3.707500000E+02  0.000000000E+00  2.434224748E-02 
      1085  3.710000000E+02  0.000000000E+00  2.433215452E-02 
      1086  3.712500000E+02  0.000000000E+00  2.432188748E-02 
      1087  3.715000000E+02  0.000000000E+00  2.431144512E-02 
      1088  3.717500000E+02  0.000000000E+00  2.430082620E-02 
      1089  3.720000000E+02  0.000000000E+00  2.429002947E-02 
      1090  3.722500000E+02  0.000000000E+00  2.427905365E-02 
      1091  3.725000000E+02  0.000000000E+00  2.426789748E-02 
      1092  3.727500000E+02  0.000000000E+00  2.425655968E-02 
      1093  3.730000000E+02  0.000000000E+00  2.424503895E-02 
      1094  3.732500000E+02  0.000000000E+00  2.423333399E-02 
      1095  3.735000000E+02  0.000000000E+00  2.422144349E-02 
      1096  3.737500000E+02  0.000000000E+00  2.420936614E-02 
      1097  3.740000000E+02  0.000000000E+00  2.419710062E-02 
      1098  3.742500000E+02  0.000000000E+00  2.418464558E-02 
      1099  3.745000000E+02  0.000000000E+00  2.417199969E-02 
      1100  3.747500000E+02  0.000000000E+00  2.415916160E-02 
      1101  3.750000000E+02  0.000000000E+00  2.414612997E-02 
      1102  3.752500000E+02  0.000000000E+00  2.413290343E-02 
      1103  3.755000000E+02  0.000000000E+00  2.411948063E-02 
      1104  3.757500000E+02  0.000000000E+00  2.410586018E-02 
      1105  3.760000000E+02  0.000000000E+00  2.409204073E-02 
      1106  3.762500000E+02  0.000000000E+00  2.407802088E-02 
      1107  3.765000000E+02  0.000000000E+00  2.406379926E-02 
      1108  3.767500000E+02  0.000000000E+00  2.404937448E-02 
      1109  3.770000000E+02  0.000000000E+00  2.403474515E-02 
      1110  3.772500000E+02  0.000000000E+00  2.401990988E-02 
      1111  3.775000000E+02  0.000000000E+00  2.400486727E-02 
      1112  3.777500000E+02  0.000000000E+00  2.398961591E-02 
      1113  3.780000000E+02  0.000000000E+00  2.397415442E-02 
      1114  3.782500000E+02  0.000000000E+00  2.395848138E-02 
      1115  3.785000000E+02  0.000000000E+00  2.394259538E-02 
      1116  3.787500000E+02  0.000000000E+00  2.392649502E-02 
      1117  3.790000000E+02  0.000000000E+00  2.391017889E-02 
      1118  3.792500000E+02  0.000000000E+00  2.389364557E-02 
      1119  3.795000000E+02  0.000000000E+00  2.387689365E-02 
      1120  3.797500000E+02  0.000000000E+00  2.385992172E-02 
      1121  3.800000000E+02  0.000000000E+00  2.384272835E-02 
      1122  3.802500000E+02  0.000000000E+00  2.382531212E-02 
      1123  3.805000000E+02  0.000000000E+00  2.380767161E-02 
      1124  3.807500000E+02  0.000000000E+00  2.378980540E-02 
      1125  3.810000000E+02  0.000000000E+00  2.377171205E-02 
      1126  3.812500000E+02  0.000000000E+00  2.375339013E-02 
      1127  3.815000000E+02  0.000000000E+00  2.373483821E-02 
      1128  3.817500000E+02  0.000000000E+00  2.371605482E-02 
      1129  3.820000000E+02  0.000000000E+00  2.369703853E-02 
      1130  3.822500000E+02  0.000000000E+00  2.367778787E-02 
      1131  3.825000000E+02  0.000000000E+00  2.365830136E-02 
      1132  3.827500000E+02  0.000000000E+00  2.363857751E-02 
      1133  3.830000000E+02  0.000000000E+00  2.361861483E-02 
      1134  3.832500000E+02  0.000000000E+00  2.359841179E-02 
      1135  3.835000000E+02  0.000000000E+00  2.357796683E-02 
      1136  3.837500000E+02  0.000000000E+00  2.355727838E-02 
      1137  3.840000000E+02  0.000000000E+00  2.353634483E-02 
      1138  3.842500000E+02  0.000000000E+00  2.351516453E-02 
      1139  3.845000000E+02  0.000000000E+00  2.349373578E-02 
      1140  3.847500000E+02  0.000000000E+00  2.347205682E-02 
      1141  3.850000000E+02  0.000000000E+00  2.345012583E-02 
      1142  3.852500000E+02  0.000000000E+00  2.342794091E-02 
      1143  3.855000000E+02  0.000000000E+00  2.340550007E-02 
      1144  3.857500000E+02  0.000000000E+00  2.338280120E-02 
      1145  3.860000000E+02  0.000000000E+00  2.335984207E-02 
      1146  3.862500000E+02  0.000000000E+00  2.333662031E-02 
      1147  3.865000000E+02  0.000000000E+00  2.331313336E-02 
      1148  3.867500000E+02  0.000000000E+00  2.328937847E-02 
      1149  3.870000000E+02  0.000000000E+00  2.326535265E-02 
      1150  3.872500000E+02  0.000000000E+00  2.324105262E-02 
      1151  3.875000000E+02  0.000000000E+00  2.321647480E-02 
      1152  3.877500000E+02  0.000000000E+00  2.319161522E-02 
      1153  3.880000000E+02  0.000000000E+00  2.316646947E-02 
      1154  3.882500000E+02  0.000000000E+00  2.314103263E-02 
      1155  3.885000000E+02  0.000000000E+00  2.311529921E-02 
      1156  3.887500000E+02  0.000000000E+00  2.308926301E-02 
      1157  3.890000000E+02  0.000000000E+00  2.306291703E-02 
      1158  3.892500000E+02  0.000000000E+00  2.303625334E-02 
      1159  3.895000000E+02  0.000000000E+00  2.300926294E-02 
      1160  3.897500000E+02  0.000000000E+00  2.298193558E-02 
      1161  3.900000000E+02  0.000000000E+00  2.295425951E-02 
      1162  3.902500000E+02  0.000000000E+00  2.292622134E-02 
      1163  3.905000000E+02  0.000000000E+00  2.289780568E-02 
      1164  3.907500000E+02  0.000000000E+00  2.286899485E-02 
      1165  3.910000000E+02  0.000000000E+00  2.283976852E-02 
      1166  3.912500000E+02  0.000000000E+00  2.281010329E-02 
      1167  3.915000000E+02  0.000000000E+00  2.277997213E-02 
      1168  3.917500000E+02  0.000000000E+00  2.274934387E-02 
      1169  3.920000000E+02  0.000000000E+00  2.271818248E-02 
      1170  3.922500000E+02  0.000000000E+00  2.268644626E-02 
      1171  3.925000000E+02  0.000000000E+00  2.265408697E-02 
      1172  3.927500000E+02  0.000000000E+00  2.262104869E-02 
      1173  3.930000000E+02  0.000000000E+00  2.258726658E-02 
      1174  3.932500000E+02  0.000000000E+00  2.255266539E-02 
      1175  3.935000000E+02  0.000000000E+00  2.251715770E-02 
      1176  3.937500000E+02  0.000000000E+00  2.248064190E-02 
      1177  3.940000000E+02  0.000000000E+00  2.244299973E-02 
      1178  3.942500000E+02  0.000000000E+00  2.240409346E-02 
      1179  3.945000000E+02  0.000000000E+00  2.236376247E-02 
      1180  3.947500000E+02  0.000000000E+00  2.232181921E-02 
      1181  3.950000000E+02  0.000000000E+00  2.227804441E-02 
      1182  3.952500000E+02  0.000000000E+00  2.223218130E-02 
      1183  3.955000000E+02  0.000000000E+00  2.218392862E-02 
      1184  3.957500000E+02  0.000000000E+00  2.213293219E-02 
      1185  3.960000000E+02  0.000000000E+00  2.207877462E-02 
      1186  3.962500000E+02  0.000000000E+00  2.202096256E-02 
      1187  3.965000000E+02  0.000000000E+00  2.195891100E-02 
      1188  3.967500000E+02  0.000000000E+00  2.189192340E-02 
      1189  3.970000000E+02  0.000000000E+00  2.181916653E-02 
      1190  3.972500000E+02  0.000000000E+00  2.173963789E-02 
      1191  3.975000000E+02  0.000000000E+00  2.165212292E-02 
      1192  3.977500000E+02  0.000000000E+00  2.155513733E-02 
      1193  3.980000000E+02  0.000000000E+00  2.144684748E-02 
      1194  3.982500000E+02  0.000000000E+00  2.132495644E-02 
      1195  3.985000000E+02  0.000000000E+00  2.118653355E-02 
      1196  3.987500000E+02  0.000000000E+00  2.102774395E-02 
      1197  3.990000000E+02  0.000000000E+00  2.084338226E-02 
      1198  3.992500000E+02  0.000000000E+00  2.062596791E-02 
      1199  3.995000000E+02  0.000000000E+00  2.036367879E-02 
      1200  3.997500000E+02  0.000000000E+00  2.003458727E-02 
      1201  4.000000000E+02  0.000000000E+00  2.197941891E-02 
      1202  4.002000034E+02  0.000000000E+00  2.321501794E-02 
      1203  4.004016387E+02  0.000000000E+00  2.230128026E-02 
      1204  4.006049192E+02  0.000000000E+00  2.143928817E-02 
      1205  4.008098583E+02  0.000000000E+00  2.062620109E-02 
      1206  4.010164696E+02  0.000000000E+00  1.985934990E-02 
      1207  4.012247666E+02  0.000000000E+00  1.913622073E-02 
      1208  4.014347631E+02  0.000000000E+00  1.845444156E-02 
      1209  4.016464731E+02  0.000000000E+00  1.781177054E-02 
      1210  4.018599104E+02  0.000000000E+00  1.720608602E-02 
      1211  4.020750892E+02  0.000000000E+00  1.663537766E-02 
      1212  4.022920237E+02  0.000000000E+00  1.609773895E-02 
      1213  4.025107282E+02  0.000000000E+00  1.558269364E-02 
      1214  4.027312172E+02  0.000000000E+00  1.509840401E-02 
      1215  4.029535052E+02  0.000000000E+00  1.465194513E-02 
      1216  4.031776069E+02  0.000000000E+00  1.423162847E-02 
      1217  4.034035370E+02  0.000000000E+00  1.383599359E-02 
      1218  4.036313106E+02  0.000000000E+00  1.346365182E-02 
      1219  4.038609426E+02  0.000000000E+00  1.311328280E-02 
      1220  4.040924483E+02  0.000000000E+00  1.278363131E-02 
      1221  4.043258428E+02  0.000000000E+00  1.247164954E-02 
      1222  4.045611417E+02  0.000000000E+00  1.217870893E-02 
      1223  4.047983604E+02  0.000000000E+00  1.190555215E-02 
      1224  4.050375146E+02  0.000000000E+00  1.164854958E-02 
      1225  4.052786201E+02  0.000000000E+00  1.140674020E-02 
      1226  4.055216929E+02  0.000000000E+00  1.117954650E-02 
      1227  4.057667489E+02  0.000000000E+00  1.096610075E-02 
      1228  4.060138044E+02  0.000000000E+00  1.076291210E-02 
      1229  4.062628756E+02  0.000000000E+00  1.057232409E-02 
      1230  4.065139791E+02  0.000000000E+00  1.039635118E-02 
      1231  4.067671314E+02  0.000000000E+00  1.022951203E-02 
      1232  4.070223492E+02  0.000000000E+00  1.007340318E-02 
      1233  4.072796494E+02  0.000000000E+00  9.926511675E-03 
      1234  4.075390490E+02  0.000000000E+00  9.790098889E-03 
      1235  4.078005650E+02  0.000000000E+00  9.665788838E-03 
      1236  4.080642148E+02  0.000000000E+00  9.547829589E-03 
      1237  4.083300158E+02  0.000000000E+00  9.436054194E-03 
      1238  4.085979855E+02  0.000000000E+00  9.330175189E-03 
      1239  4.088681416E+02  0.000000000E+00  9.072845280E-03 
      1240  4.091405020E+02  0.000000000E+00  8.818152401E-03 
      1241  4.094150846E+02  0.000000000E+00  8.725440618E-03 
      1242  4.096919076E+02  0.000000000E+00  8.637932097E-03 
      1243  4.099709892E+02  0.000000000E+00  8.555239721E-03 
      1244  4.102523480E+02  0.000000000E+00  8.477000423E-03 
      1245  4.105360024E+02  0.000000000E+00  8.402873941E-03 
      1246  4.108219711E+02  0.000000000E+00  8.332541624E-03 
      1247  4.111102732E+02  0.000000000E+00  8.265705280E-03 
      1248  4.114009276E+02  0.000000000E+00  8.202086090E-03 
      1249  4.116939535E+02  0.000000000E+00  8.141423524E-03 
      1250  4.119893702E+02  0.000000000E+00  8.083474345E-03 
      1251  4.122871973E+02  0.000000000E+00  8.028011629E-03 
      1252  4.125874544E+02  0.000000000E+00  7.974823832E-03 
      1253  4.128901614E+02  0.000000000E+00  7.923713906E-03 
      1254  4.131953383E+02  0.000000000E+00  7.874498439E-03 
      1255  4.135030051E+02  0.000000000E+00  7.827006850E-03 
      1256  4.138131823E+02  0.000000000E+00  7.781080613E-03 
      1257  4.141258902E+02  0.000000000E+00  7.736572515E-03 
      1258  4.144411496E+02  0.000000000E+00  7.693345955E-03 
      1259  4.147589813E+02  0.000000000E+00  7.651274281E-03 
      1260  4.150794062E+02  0.000000000E+00  7.610240149E-03 
      1261  4.154024455E+02  0.000000000E+00  7.570134922E-03 
      1262  4.157281206E+02  0.000000000E+00  7.530858101E-03 
      1263  4.160564529E+02  0.000000000E+00  7.492316786E-03 
      1264  4.163874641E+02  0.000000000E+00  7.454425156E-03 
      1265  4.167211762E+02  0.000000000E+00  7.417103999E-03 
      1266  4.170576110E+02  0.000000000E+00  7.380280243E-03 
      1267  4.173967909E+02  0.000000000E+00  7.343886532E-03 
      1268  4.177387382E+02  0.000000000E+00  7.307860818E-03 
      1269  4.180834756E+02  0.000000000E+00  7.272145982E-03 
      1270  4.184310257E+02  0.000000000E+00  7.236689472E-03 
      1271  4.187814116E+02  0.000000000E+00  7.201442971E-03 
      1272  4.191346563E+02  0.000000000E+00  7.166362069E-03 
      1273  4.194907832E+02  0.000000000E+00  7.131405983E-03 
      1274  4.198498158E+02  0.000000000E+00  7.096537266E-03 
      1275  4.202117779E+02  0.000000000E+00  7.061721555E-03 
      1276  4.205766933E+02  0.000000000E+00  7.026927325E-03 
      1277  4.209445860E+02  0.000000000E+00  6.992125667E-03 
      1278  4.213154806E+02  0.000000000E+00  6.957290072E-03 
      1279  4.216894013E+02  0.000000000E+00  6.922396238E-03 
      1280  4.220663728E+02  0.000000000E+00  6.887421887E-03 
      1281  4.224464202E+02  0.000000000E+00  6.852346596E-03 
      1282  4.228295685E+02  0.000000000E+00  6.817151638E-03 
      1283  4.232158429E+02  0.000000000E+00  6.781819836E-03 
      1284  4.236052691E+02  0.000000000E+00  6.746335432E-03 
      1285  4.239978726E+02  0.000000000E+00  6.710683958E-03 
      1286  4.243936795E+02  0.000000000E+00  6.674852121E-03 
      1287  4.247927158E+02  0.000000000E+00  6.638827697E-03 
      1288  4.251950080E+02  0.000000000E+00  6.602599438E-03 
      1289  4.256005825E+02  0.000000000E+00  6.566156970E-03 
      1290  4.260094662E+02  0.000000000E+00  6.529490726E-03 
      1291  4.264216861E+02  0.000000000E+00  6.492591854E-03 
      1292  4.268372694E+02  0.000000000E+00  6.455452157E-03 
      1293  4.272562434E+02  0.000000000E+00  6.418064026E-03 
      1294  4.276786360E+02  0.000000000E+00  6.380420382E-03 
      1295  4.281044750E+02  0.000000000E+00  6.342514621E-03 
      1296  4.285337884E+02  0.000000000E+00  6.304340566E-03 
      1297  4.289666047E+02  0.000000000E+00  6.265892425E-03 
      1298  4.294029525E+02  0.000000000E+00  6.227164743E-03 
      1299  4.298428605E+02  0.000000000E+00  6.188152376E-03 
      1300  4.302863578E+02  0.000000000E+00  6.148850447E-03 
      1301  4.307334737E+02  0.000000000E+00  6.109254322E-03 
      1302  4.311842377E+02  0.000000000E+00  6.069359580E-03 
      1303  4.316386795E+02  0.000000000E+00  6.029161988E-03 
      1304  4.320968293E+02  0.000000000E+00  5.988657480E-03 
      1305  4.325587172E+02  0.000000000E+00  5.947842134E-03 
      1306  4.330243737E+02  0.000000000E+00  5.906712158E-03 
      1307  4.334938296E+02  0.000000000E+00  5.865263866E-03 
      1308  4.339671159E+02  0.000000000E+00  5.823493671E-03 
      1309  4.344442638E+02  0.000000000E+00  5.781398068E-03 
      1310  4.349253049E+02  0.000000000E+00  5.738973621E-03 
      1311  4.354102708E+02  0.000000000E+00  5.696216955E-03 
      1312  4.358991937E+02  0.000000000E+00  5.653124744E-03 
      1313  4.363921059E+02  0.000000000E+00  5.609693704E-03 
      1314  4.368890398E+02  0.000000000E+00  5.565920581E-03 
      1315  4.373900283E+02  0.000000000E+00  5.521802153E-03 
      1316  4.378951044E+02  0.000000000E+00  5.477335215E-03 
      1317  4.384043016E+02  0.000000000E+00  5.432516576E-03 
      1318  4.389176534E+02  0.000000000E+00  5.387343059E-03 
      1319  4.394351937E+02  0.000000000E+00  5.341811491E-03 
      1320  4.399569568E+02  0.000000000E+00  5.295918698E-03 
      1321  4.404829770E+02  0.000000000E+00  5.249661509E-03 
      1322  4.410132892E+02  0.000000000E+00  5.203036745E-03 
      1323  4.415479282E+02  0.000000000E+00  5.156041221E-03 
      1324  4.420869295E+02  0.000000000E+00  5.108671742E-03 
      1325  4.426303286E+02  0.000000000E+00  5.060925103E-03 
      1326  4.431781614E+02  0.000000000E+00  5.012798082E-03 
      1327  4.437304641E+02  0.000000000E+00  4.964287444E-03 
      1328  4.442872731E+02  0.000000000E+00  4.915389935E-03 
      1329  4.448486253E+02  0.000000000E+00  4.866102285E-03 
      1330  4.454145576E+02  0.000000000E+00  4.816421203E-03 
      1331  4.459851075E+02  0.000000000E+00  4.766343378E-03 
      1332  4.465603126E+02  0.000000000E+00  4.715865476E-03 
      1333  4.471402109E+02  0.000000000E+00  4.664984142E-03 
      1334  4.477248408E+02  0.000000000E+00  4.613695998E-03 
      1335  4.483142407E+02  0.000000000E+00  4.561997640E-03 
      1336  4.489084497E+02  0.000000000E+00  4.509885642E-03 
      1337  4.495075070E+02  0.000000000E+00  4.457356551E-03 
      1338  4.501114521E+02  0.000000000E+00  4.404406888E-03 
      1339  4.507203248E+02  0.000000000E+00  4.351033148E-03 
      1340  4.513341655E+02  0.000000000E+00  4.297231799E-03 
      1341  4.519530147E+02  0.000000000E+00  4.242999282E-03 
      1342  4.525769132E+02  0.000000000E+00  4.188332011E-03 
      1343  4.532059021E+02  0.000000000E+00  4.133226368E-03 
      1344  4.538400232E+02  0.000000000E+00  4.077678712E-03 
      1345  4.544793181E+02  0.000000000E+00  4.021685368E-03 
      1346  4.551238292E+02  0.000000000E+00  3.965242634E-03 
      1347  4.557735990E+02  0.000000000E+00  3.908346777E-03 
      1348  4.564286703E+02  0.000000000E+00  3.850994035E-03 
      1349  4.570890866E+02  0.000000000E+00  3.793180613E-03 
      1350  4.577548913E+02  0.000000000E+00  3.734902688E-03 
      1351  4.584261284E+02  0.000000000E+00  3.676156403E-03 
      1352  4.591028423E+02  0.000000000E+00  3.616937871E-03 
      1353  4.597850777E+02  0.000000000E+00  3.557243170E-03 
      1354  4.604728795E+02  0.000000000E+00  3.497068349E-03 
      1355  4.611662932E+02  0.000000000E+00  3.436409422E-03 
      1356  4.618653647E+02  0.000000000E+00  3.375262367E-03 
      1357  4.625701400E+02  0.000000000E+00  3.313623132E-03 
      1358  4.632806657E+02  0.000000000E+00  3.251487628E-03 
      1359  4.639969887E+02  0.000000000E+00  3.188851730E-03 
      1360  4.647191564E+02  0.000000000E+00  3.125711281E-03 
      1361  4.654472164E+02  0.000000000E+00  3.062062082E-03 
      1362  4.661812167E+02  0.000000000E+00  2.997899901E-03 
      1363  4.669212059E+02  0.000000000E+00  2.933220465E-03 
      1364  4.676672328E+02  0.000000000E+00  2.868019461E-03 
      1365  4.684193468E+02  0.000000000E+00  2.802292537E-03 
      1366  4.691775973E+02  0.000000000E+00  2.736035298E-03 
      1367  4.699420346E+02  0.000000000E+00  2.669243304E-03 
      1368  4.707127091E+02  0.000000000E+00  2.601912064E-03 
      1369  4.714896716E+02  0.000000000E+00  2.534037041E-03 
      1370  4.722729736E+02  0.000000000E+00  2.465613639E-03 
      1371  4.730626666E+02  0.000000000E+00  2.396637202E-03 
      1372  4.738588030E+02  0.000000000E+00  2.327103003E-03 
      1373  4.746614352E+02  0.000000000E+00  2.257006239E-03 
      1374  4.754706162E+02  0.000000000E+00  2.186342011E-03 
      1375  4.762863994E+02  0.000000000E+00  2.115105311E-03 
      1376  4.771088389E+02  0.000000000E+00  2.043290993E-03 
      1377  4.779379887E+02  0.000000000E+00  1.970893749E-03 
      1378  4.787739038E+02  0.000000000E+00  1.897908054E-03 
      1379  4.796166392E+02  0.000000000E+00  1.824328118E-03 
      1380  4.804662507E+02  0.000000000E+00  1.750147797E-03 
      1381  4.813227944E+02  0.000000000E+00  1.675360490E-03 
      1382  4.821863268E+02  0.000000000E+00  1.599958986E-03 
      1383  4.830569049E+02  0.000000000E+00  1.523935264E-03 
      1384  4.839345862E+02  0.000000000E+00  1.447280210E-03 
      1385  4.848194287E+02  0.000000000E+00  1.369983237E-03 
      1386  4.857114908E+02  0.000000000E+00  1.292031755E-03 
      1387  4.866108314E+02  0.000000000E+00  1.213410439E-03 
      1388  4.875175099E+02  0.000000000E+00  1.134100223E-03 
      1389  4.884315862E+02  0.000000000E+00  1.054076894E-03 
      1390  4.893531206E+02  0.000000000E+00  9.733091411E-04 
      1391  4.902821741E+02  0.000000000E+00  8.917558344E-04 
      1392  4.912188078E+02  0.000000000E+00  8.093622239E-04 
      1393  4.921630837E+02  0.000000000E+00  7.260546063E-04 
      1394  4.931150642E+02  0.000000000E+00  6.417328379E-04 
      1395  4.940748120E+02  0.000000000E+00  5.562597873E-04 
      1396  4.950423907E+02  0.000000000E+00  4.694464476E-04 
      1397  4.960178639E+02  0.000000000E+00  3.810308616E-04 
      1398  4.970012963E+02  0.000000000E+00  2.906482009E-04 
      1399  4.979927527E+02  0.000000000E+00  1.977904898E-04 
      1400  4.989922986E+02  0.000000000E+00  1.013912072E-04 
      1401  5.000000000E+02  0.000000000E+00  5.190755954E-05 
