nodenumber     x-coordinate     y-coordinate           udm-10 
         1  0.000000000E+00  0.000000000E+00 -3.071203458E-05 
         2  1.007701384E+00  0.000000000E+00 -6.130355322E-05 
         3  2.007247274E+00  0.000000000E+00 -1.219726504E-04 
         4  2.998703673E+00  0.000000000E+00 -1.823702666E-04 
         5  3.982136051E+00  0.000000000E+00 -2.428125647E-04 
         6  4.957609346E+00  0.000000000E+00 -3.034225191E-04 
         7  5.925187975E+00  0.000000000E+00 -3.643291449E-04 
         8  6.884935829E+00  0.000000000E+00 -4.256617991E-04 
         9  7.836916284E+00  0.000000000E+00 -4.875476460E-04 
        10  8.781192203E+00  0.000000000E+00 -5.501102536E-04 
        11  9.717825941E+00  0.000000000E+00 -6.134688616E-04 
        12  1.064687935E+01  0.000000000E+00 -6.777380348E-04 
        13  1.156841377E+01  0.000000000E+00 -7.430275314E-04 
        14  1.248249006E+01  0.000000000E+00 -8.094422890E-04 
        15  1.338916858E+01  0.000000000E+00 -8.770824712E-04 
        16  1.428850920E+01  0.000000000E+00 -9.460435444E-04 
        17  1.518057130E+01  0.000000000E+00 -1.016416367E-03 
        18  1.606541380E+01  0.000000000E+00 -1.088287283E-03 
        19  1.694309512E+01  0.000000000E+00 -1.161738212E-03 
        20  1.781367322E+01  0.000000000E+00 -1.236846736E-03 
        21  1.867720559E+01  0.000000000E+00 -1.313686185E-03 
        22  1.953374925E+01  0.000000000E+00 -1.392325712E-03 
        23  2.038336076E+01  0.000000000E+00 -1.472830367E-03 
        24  2.122609622E+01  0.000000000E+00 -1.555261166E-03 
        25  2.206201128E+01  0.000000000E+00 -1.639675153E-03 
        26  2.289116114E+01  0.000000000E+00 -1.726125462E-03 
        27  2.371360056E+01  0.000000000E+00 -1.814661368E-03 
        28  2.452938383E+01  0.000000000E+00 -1.905328350E-03 
        29  2.533856484E+01  0.000000000E+00 -1.998168131E-03 
        30  2.614119701E+01  0.000000000E+00 -2.093218732E-03 
        31  2.693733335E+01  0.000000000E+00 -2.190514516E-03 
        32  2.772702642E+01  0.000000000E+00 -2.290086235E-03 
        33  2.851032837E+01  0.000000000E+00 -2.391961069E-03 
        34  2.928729093E+01  0.000000000E+00 -2.496162671E-03 
        35  3.005796541E+01  0.000000000E+00 -2.602711209E-03 
        36  3.082240268E+01  0.000000000E+00 -2.711623404E-03 
        37  3.158065324E+01  0.000000000E+00 -2.822912575E-03 
        38  3.233276716E+01  0.000000000E+00 -2.936588677E-03 
        39  3.307879409E+01  0.000000000E+00 -3.052658344E-03 
        40  3.381878330E+01  0.000000000E+00 -3.171124930E-03 
        41  3.455278365E+01  0.000000000E+00 -3.291988552E-03 
        42  3.528084362E+01  0.000000000E+00 -3.415246136E-03 
        43  3.600301127E+01  0.000000000E+00 -3.540891456E-03 
        44  3.671933431E+01  0.000000000E+00 -3.668915186E-03 
        45  3.742986002E+01  0.000000000E+00 -3.799304943E-03 
        46  3.813463533E+01  0.000000000E+00 -3.932045337E-03 
        47  3.883370678E+01  0.000000000E+00 -4.067118021E-03 
        48  3.952712052E+01  0.000000000E+00 -4.204501742E-03 
        49  4.021492235E+01  0.000000000E+00 -4.344172394E-03 
        50  4.089715769E+01  0.000000000E+00 -4.486103073E-03 
        51  4.157387159E+01  0.000000000E+00 -4.630264134E-03 
        52  4.224510872E+01  0.000000000E+00 -4.776623248E-03 
        53  4.291091342E+01  0.000000000E+00 -4.925145460E-03 
        54  4.357132966E+01  0.000000000E+00 -5.075793257E-03 
        55  4.422640104E+01  0.000000000E+00 -5.228526621E-03 
        56  4.487617081E+01  0.000000000E+00 -5.383303103E-03 
        57  4.552068189E+01  0.000000000E+00 -5.540077884E-03 
        58  4.615997684E+01  0.000000000E+00 -5.698803845E-03 
        59  4.679409786E+01  0.000000000E+00 -5.859431635E-03 
        60  4.742308684E+01  0.000000000E+00 -6.021909742E-03 
        61  4.804698530E+01  0.000000000E+00 -6.186184567E-03 
        62  4.866583446E+01  0.000000000E+00 -6.352200494E-03 
        63  4.927967516E+01  0.000000000E+00 -6.519899970E-03 
        64  4.988854795E+01  0.000000000E+00 -6.689223576E-03 
        65  5.049249303E+01  0.000000000E+00 -6.860110105E-03 
        66  5.109155028E+01  0.000000000E+00 -7.032496643E-03 
        67  5.168575926E+01  0.000000000E+00 -7.206318645E-03 
        68  5.227515921E+01  0.000000000E+00 -7.381510017E-03 
        69  5.285978905E+01  0.000000000E+00 -7.558003193E-03 
        70  5.343968738E+01  0.000000000E+00 -7.735729221E-03 
        71  5.401489250E+01  0.000000000E+00 -7.914617841E-03 
        72  5.458544238E+01  0.000000000E+00 -8.094597571E-03 
        73  5.515137472E+01  0.000000000E+00 -8.275595784E-03 
        74  5.571272686E+01  0.000000000E+00 -8.457538796E-03 
        75  5.626953590E+01  0.000000000E+00 -8.640351948E-03 
        76  5.682183858E+01  0.000000000E+00 -8.823959688E-03 
        77  5.736967139E+01  0.000000000E+00 -9.008285655E-03 
        78  5.791307049E+01  0.000000000E+00 -9.193252760E-03 
        79  5.845207178E+01  0.000000000E+00 -9.378783273E-03 
        80  5.898671083E+01  0.000000000E+00 -9.564798902E-03 
        81  5.951702297E+01  0.000000000E+00 -9.751220878E-03 
        82  6.004304320E+01  0.000000000E+00 -9.937970033E-03 
        83  6.056480627E+01  0.000000000E+00 -1.012496689E-02 
        84  6.108234661E+01  0.000000000E+00 -1.031213172E-02 
        85  6.159569842E+01  0.000000000E+00 -1.049938466E-02 
        86  6.210489559E+01  0.000000000E+00 -1.068664577E-02 
        87  6.260997174E+01  0.000000000E+00 -1.087383509E-02 
        88  6.311096022E+01  0.000000000E+00 -1.106087277E-02 
        89  6.360789412E+01  0.000000000E+00 -1.124767909E-02 
        90  6.410080625E+01  0.000000000E+00 -1.143417458E-02 
        91  6.458972916E+01  0.000000000E+00 -1.162028008E-02 
        92  6.507469514E+01  0.000000000E+00 -1.180591678E-02 
        93  6.555573621E+01  0.000000000E+00 -1.199100635E-02 
        94  6.603288413E+01  0.000000000E+00 -1.217547098E-02 
        95  6.650617042E+01  0.000000000E+00 -1.235923343E-02 
        96  6.697562632E+01  0.000000000E+00 -1.254221714E-02 
        97  6.744128283E+01  0.000000000E+00 -1.272434625E-02 
        98  6.790317071E+01  0.000000000E+00 -1.290554573E-02 
        99  6.836132046E+01  0.000000000E+00 -1.308574136E-02 
       100  6.881576232E+01  0.000000000E+00 -1.326485987E-02 
       101  6.926652631E+01  0.000000000E+00 -1.344282893E-02 
       102  6.971364219E+01  0.000000000E+00 -1.361957728E-02 
       103  7.015713949E+01  0.000000000E+00 -1.379503473E-02 
       104  7.059704749E+01  0.000000000E+00 -1.396913224E-02 
       105  7.103339524E+01  0.000000000E+00 -1.414180199E-02 
       106  7.146621156E+01  0.000000000E+00 -1.431297739E-02 
       107  7.189552503E+01  0.000000000E+00 -1.448259317E-02 
       108  7.232136399E+01  0.000000000E+00 -1.465058542E-02 
       109  7.274375656E+01  0.000000000E+00 -1.481689163E-02 
       110  7.316273064E+01  0.000000000E+00 -1.498145075E-02 
       111  7.357831389E+01  0.000000000E+00 -1.514420324E-02 
       112  7.399053376E+01  0.000000000E+00 -1.530509109E-02 
       113  7.439941746E+01  0.000000000E+00 -1.546405791E-02 
       114  7.480499201E+01  0.000000000E+00 -1.562104894E-02 
       115  7.520728416E+01  0.000000000E+00 -1.577601110E-02 
       116  7.560632051E+01  0.000000000E+00 -1.592889306E-02 
       117  7.600212738E+01  0.000000000E+00 -1.607964526E-02 
       118  7.639473092E+01  0.000000000E+00 -1.622822000E-02 
       119  7.678415706E+01  0.000000000E+00 -1.637457142E-02 
       120  7.717043151E+01  0.000000000E+00 -1.651865563E-02 
       121  7.755357977E+01  0.000000000E+00 -1.666043070E-02 
       122  7.793362715E+01  0.000000000E+00 -1.679985676E-02 
       123  7.831059875E+01  0.000000000E+00 -1.693689605E-02 
       124  7.868451945E+01  0.000000000E+00 -1.707151297E-02 
       125  7.905541395E+01  0.000000000E+00 -1.720367418E-02 
       126  7.942330674E+01  0.000000000E+00 -1.733334863E-02 
       127  7.978822211E+01  0.000000000E+00 -1.746050770E-02 
       128  8.015018416E+01  0.000000000E+00 -1.758512523E-02 
       129  8.050921679E+01  0.000000000E+00 -1.770717766E-02 
       130  8.086534371E+01  0.000000000E+00 -1.782664410E-02 
       131  8.121858844E+01  0.000000000E+00 -1.794350647E-02 
       132  8.156897429E+01  0.000000000E+00 -1.805774960E-02 
       133  8.191652442E+01  0.000000000E+00 -1.816936135E-02 
       134  8.226126177E+01  0.000000000E+00 -1.827833277E-02 
       135  8.260320909E+01  0.000000000E+00 -1.838465827E-02 
       136  8.294238899E+01  0.000000000E+00 -1.848833570E-02 
       137  8.327882384E+01  0.000000000E+00 -1.858936662E-02 
       138  8.361253587E+01  0.000000000E+00 -1.868775639E-02 
       139  8.394354712E+01  0.000000000E+00 -1.878351445E-02 
       140  8.427187943E+01  0.000000000E+00 -1.887665443E-02 
       141  8.459755450E+01  0.000000000E+00 -1.896719442E-02 
       142  8.492059382E+01  0.000000000E+00 -1.905515721E-02 
       143  8.524101873E+01  0.000000000E+00 -1.914057045E-02 
       144  8.555885039E+01  0.000000000E+00 -1.922346696E-02 
       145  8.587410979E+01  0.000000000E+00 -1.930388495E-02 
       146  8.618681774E+01  0.000000000E+00 -1.938186829E-02 
       147  8.649699489E+01  0.000000000E+00 -1.945746676E-02 
       148  8.680466173E+01  0.000000000E+00 -1.953073633E-02 
       149  8.710983857E+01  0.000000000E+00 -1.960173947E-02 
       150  8.741254556E+01  0.000000000E+00 -1.967054536E-02 
       151  8.771280270E+01  0.000000000E+00 -1.973723027E-02 
       152  8.801062980E+01  0.000000000E+00 -1.980187776E-02 
       153  8.830604654E+01  0.000000000E+00 -1.986457905E-02 
       154  8.859907242E+01  0.000000000E+00 -1.992543323E-02 
       155  8.888972679E+01  0.000000000E+00 -1.998454764E-02 
       156  8.917802885E+01  0.000000000E+00 -2.004203809E-02 
       157  8.946399764E+01  0.000000000E+00 -2.009802920E-02 
       158  8.974765203E+01  0.000000000E+00 -2.015265464E-02 
       159  9.002901076E+01  0.000000000E+00 -2.020605746E-02 
       160  9.030809241E+01  0.000000000E+00 -2.025839035E-02 
       161  9.058491540E+01  0.000000000E+00 -2.030981592E-02 
       162  9.085949802E+01  0.000000000E+00 -2.036050697E-02 
       163  9.113185839E+01  0.000000000E+00 -2.041064681E-02 
       164  9.140201451E+01  0.000000000E+00 -2.046042947E-02 
       165  9.166998421E+01  0.000000000E+00 -2.051006007E-02 
       166  9.193578518E+01  0.000000000E+00 -2.055975503E-02 
       167  9.219943499E+01  0.000000000E+00 -2.060974240E-02 
       168  9.246095103E+01  0.000000000E+00 -2.066026213E-02 
       169  9.272035058E+01  0.000000000E+00 -2.071156641E-02 
       170  9.297765077E+01  0.000000000E+00 -2.076391990E-02 
       171  9.323286858E+01  0.000000000E+00 -2.081762122E-02 
       172  9.348602087E+01  0.000000000E+00 -2.087293770E-02 
       173  9.373712436E+01  0.000000000E+00 -2.092741705E-02 
       174  9.398619563E+01  0.000000000E+00 -2.098362956E-02 
       175  9.423325112E+01  0.000000000E+00 -2.104454297E-02 
       176  9.447830715E+01  0.000000000E+00 -2.119986309E-02 
       177  9.472137990E+01  0.000000000E+00 -2.135225122E-02 
       178  9.496248543E+01  0.000000000E+00 -2.141647966E-02 
       179  9.520163964E+01  0.000000000E+00 -2.148017061E-02 
       180  9.543885834E+01  0.000000000E+00 -2.153263539E-02 
       181  9.567415720E+01  0.000000000E+00 -2.159539714E-02 
       182  9.590755173E+01  0.000000000E+00 -2.167869944E-02 
       183  9.613905737E+01  0.000000000E+00 -2.177064227E-02 
       184  9.636868940E+01  0.000000000E+00 -2.186824987E-02 
       185  9.659646297E+01  0.000000000E+00 -2.197196054E-02 
       186  9.682239314E+01  0.000000000E+00 -2.208223093E-02 
       187  9.704649481E+01  0.000000000E+00 -2.219733832E-02 
       188  9.726878279E+01  0.000000000E+00 -2.232021976E-02 
       189  9.748927176E+01  0.000000000E+00 -2.245193830E-02 
       190  9.770797628E+01  0.000000000E+00 -2.259253082E-02 
       191  9.792491078E+01  0.000000000E+00 -2.274313717E-02 
       192  9.814008960E+01  0.000000000E+00 -2.290378719E-02 
       193  9.835352693E+01  0.000000000E+00 -2.307607616E-02 
       194  9.856523689E+01  0.000000000E+00 -2.325931194E-02 
       195  9.877523344E+01  0.000000000E+00 -2.345372105E-02 
       196  9.898353045E+01  0.000000000E+00 -2.365988383E-02 
       197  9.919014168E+01  0.000000000E+00 -2.387878716E-02 
       198  9.939508077E+01  0.000000000E+00 -2.411110445E-02 
       199  9.959836126E+01  0.000000000E+00 -2.435751376E-02 
       200  9.979999657E+01  0.000000000E+00 -2.461871358E-02 
       201  1.000000000E+02  0.000000000E+00 -2.433300029E-02 
       202  1.002500000E+02  0.000000000E+00 -2.385959152E-02 
       203  1.005000000E+02  0.000000000E+00 -2.395146284E-02 
       204  1.007500000E+02  0.000000000E+00 -2.402667675E-02 
       205  1.010000000E+02  0.000000000E+00 -2.409068023E-02 
       206  1.012500000E+02  0.000000000E+00 -2.414640990E-02 
       207  1.015000000E+02  0.000000000E+00 -2.419572027E-02 
       208  1.017500000E+02  0.000000000E+00 -2.423989720E-02 
       209  1.020000000E+02  0.000000000E+00 -2.427988341E-02 
       210  1.022500000E+02  0.000000000E+00 -2.431639507E-02 
       211  1.025000000E+02  0.000000000E+00 -2.434998957E-02 
       212  1.027500000E+02  0.000000000E+00 -2.438110833E-02 
       213  1.030000000E+02  0.000000000E+00 -2.441010551E-02 
       214  1.032500000E+02  0.000000000E+00 -2.443726803E-02 
       215  1.035000000E+02  0.000000000E+00 -2.446283017E-02 
       216  1.037500000E+02  0.000000000E+00 -2.448698439E-02 
       217  1.040000000E+02  0.000000000E+00 -2.450988958E-02 
       218  1.042500000E+02  0.000000000E+00 -2.453167744E-02 
       219  1.045000000E+02  0.000000000E+00 -2.455245754E-02 
       220  1.047500000E+02  0.000000000E+00 -2.457232130E-02 
       221  1.050000000E+02  0.000000000E+00 -2.459134520E-02 
       222  1.052500000E+02  0.000000000E+00 -2.460959345E-02 
       223  1.055000000E+02  0.000000000E+00 -2.462712011E-02 
       224  1.057500000E+02  0.000000000E+00 -2.464397081E-02 
       225  1.060000000E+02  0.000000000E+00 -2.466018429E-02 
       226  1.062500000E+02  0.000000000E+00 -2.467579355E-02 
       227  1.065000000E+02  0.000000000E+00 -2.469082688E-02 
       228  1.067500000E+02  0.000000000E+00 -2.470530870E-02 
       229  1.070000000E+02  0.000000000E+00 -2.471926028E-02 
       230  1.072500000E+02  0.000000000E+00 -2.473270027E-02 
       231  1.075000000E+02  0.000000000E+00 -2.474564528E-02 
       232  1.077500000E+02  0.000000000E+00 -2.475811022E-02 
       233  1.080000000E+02  0.000000000E+00 -2.477010865E-02 
       234  1.082500000E+02  0.000000000E+00 -2.478165311E-02 
       235  1.085000000E+02  0.000000000E+00 -2.479275530E-02 
       236  1.087500000E+02  0.000000000E+00 -2.480342631E-02 
       237  1.090000000E+02  0.000000000E+00 -2.481367674E-02 
       238  1.092500000E+02  0.000000000E+00 -2.482351688E-02 
       239  1.095000000E+02  0.000000000E+00 -2.483295675E-02 
       240  1.097500000E+02  0.000000000E+00 -2.484200626E-02 
       241  1.100000000E+02  0.000000000E+00 -2.485067517E-02 
       242  1.102500000E+02  0.000000000E+00 -2.485897322E-02 
       243  1.105000000E+02  0.000000000E+00 -2.486691015E-02 
       244  1.107500000E+02  0.000000000E+00 -2.487449566E-02 
       245  1.110000000E+02  0.000000000E+00 -2.488173952E-02 
       246  1.112500000E+02  0.000000000E+00 -2.488865149E-02 
       247  1.115000000E+02  0.000000000E+00 -2.489524138E-02 
       248  1.117500000E+02  0.000000000E+00 -2.490151901E-02 
       249  1.120000000E+02  0.000000000E+00 -2.490749422E-02 
       250  1.122500000E+02  0.000000000E+00 -2.491317683E-02 
       251  1.125000000E+02  0.000000000E+00 -2.491857667E-02 
       252  1.127500000E+02  0.000000000E+00 -2.492370352E-02 
       253  1.130000000E+02  0.000000000E+00 -2.492856714E-02 
       254  1.132500000E+02  0.000000000E+00 -2.493317719E-02 
       255  1.135000000E+02  0.000000000E+00 -2.493754326E-02 
       256  1.137500000E+02  0.000000000E+00 -2.494167487E-02 
       257  1.140000000E+02  0.000000000E+00 -2.494558137E-02 
       258  1.142500000E+02  0.000000000E+00 -2.494927201E-02 
       259  1.145000000E+02  0.000000000E+00 -2.495275589E-02 
       260  1.147500000E+02  0.000000000E+00 -2.495604193E-02 
       261  1.150000000E+02  0.000000000E+00 -2.495913888E-02 
       262  1.152500000E+02  0.000000000E+00 -2.496205529E-02 
       263  1.155000000E+02  0.000000000E+00 -2.496479953E-02 
       264  1.157500000E+02  0.000000000E+00 -2.496737974E-02 
       265  1.160000000E+02  0.000000000E+00 -2.496980384E-02 
       266  1.162500000E+02  0.000000000E+00 -2.497207952E-02 
       267  1.165000000E+02  0.000000000E+00 -2.497421425E-02 
       268  1.167500000E+02  0.000000000E+00 -2.497621526E-02 
       269  1.170000000E+02  0.000000000E+00 -2.497808951E-02 
       270  1.172500000E+02  0.000000000E+00 -2.497984375E-02 
       271  1.175000000E+02  0.000000000E+00 -2.498148446E-02 
       272  1.177500000E+02  0.000000000E+00 -2.498301789E-02 
       273  1.180000000E+02  0.000000000E+00 -2.498445002E-02 
       274  1.182500000E+02  0.000000000E+00 -2.498578662E-02 
       275  1.185000000E+02  0.000000000E+00 -2.498703318E-02 
       276  1.187500000E+02  0.000000000E+00 -2.498819497E-02 
       277  1.190000000E+02  0.000000000E+00 -2.498927702E-02 
       278  1.192500000E+02  0.000000000E+00 -2.499028413E-02 
       279  1.195000000E+02  0.000000000E+00 -2.499122087E-02 
       280  1.197500000E+02  0.000000000E+00 -2.499209159E-02 
       281  1.200000000E+02  0.000000000E+00 -2.499290042E-02 
       282  1.202500000E+02  0.000000000E+00 -2.499365128E-02 
       283  1.205000000E+02  0.000000000E+00 -2.499434790E-02 
       284  1.207500000E+02  0.000000000E+00 -2.499499378E-02 
       285  1.210000000E+02  0.000000000E+00 -2.499559226E-02 
       286  1.212500000E+02  0.000000000E+00 -2.499614650E-02 
       287  1.215000000E+02  0.000000000E+00 -2.499665944E-02 
       288  1.217500000E+02  0.000000000E+00 -2.499713390E-02 
       289  1.220000000E+02  0.000000000E+00 -2.499757251E-02 
       290  1.222500000E+02  0.000000000E+00 -2.499797774E-02 
       291  1.225000000E+02  0.000000000E+00 -2.499835194E-02 
       292  1.227500000E+02  0.000000000E+00 -2.499869728E-02 
       293  1.230000000E+02  0.000000000E+00 -2.499901582E-02 
       294  1.232500000E+02  0.000000000E+00 -2.499930948E-02 
       295  1.235000000E+02  0.000000000E+00 -2.499958006E-02 
       296  1.237500000E+02  0.000000000E+00 -2.499982925E-02 
       297  1.240000000E+02  0.000000000E+00 -2.500005862E-02 
       298  1.242500000E+02  0.000000000E+00 -2.500026965E-02 
       299  1.245000000E+02  0.000000000E+00 -2.500046369E-02 
       300  1.247500000E+02  0.000000000E+00 -2.500064204E-02 
       301  1.250000000E+02  0.000000000E+00 -2.500080589E-02 
       302  1.252500000E+02  0.000000000E+00 -2.500095633E-02 
       303  1.255000000E+02  0.000000000E+00 -2.500109442E-02 
       304  1.257500000E+02  0.000000000E+00 -2.500122109E-02 
       305  1.260000000E+02  0.000000000E+00 -2.500133725E-02 
       306  1.262500000E+02  0.000000000E+00 -2.500144371E-02 
       307  1.265000000E+02  0.000000000E+00 -2.500154125E-02 
       308  1.267500000E+02  0.000000000E+00 -2.500163058E-02 
       309  1.270000000E+02  0.000000000E+00 -2.500171235E-02 
       310  1.272500000E+02  0.000000000E+00 -2.500178717E-02 
       311  1.275000000E+02  0.000000000E+00 -2.500185560E-02 
       312  1.277500000E+02  0.000000000E+00 -2.500191816E-02 
       313  1.280000000E+02  0.000000000E+00 -2.500197534E-02 
       314  1.282500000E+02  0.000000000E+00 -2.500202758E-02 
       315  1.285000000E+02  0.000000000E+00 -2.500207528E-02 
       316  1.287500000E+02  0.000000000E+00 -2.500211882E-02 
       317  1.290000000E+02  0.000000000E+00 -2.500215856E-02 
       318  1.292500000E+02  0.000000000E+00 -2.500219480E-02 
       319  1.295000000E+02  0.000000000E+00 -2.500222785E-02 
       320  1.297500000E+02  0.000000000E+00 -2.500225797E-02 
       321  1.300000000E+02  0.000000000E+00 -2.500228542E-02 
       322  1.302500000E+02  0.000000000E+00 -2.500231043E-02 
       323  1.305000000E+02  0.000000000E+00 -2.500233320E-02 
       324  1.307500000E+02  0.000000000E+00 -2.500235392E-02 
       325  1.310000000E+02  0.000000000E+00 -2.500237278E-02 
       326  1.312500000E+02  0.000000000E+00 -2.500238994E-02 
       327  1.315000000E+02  0.000000000E+00 -2.500240554E-02 
       328  1.317500000E+02  0.000000000E+00 -2.500241972E-02 
       329  1.320000000E+02  0.000000000E+00 -2.500243261E-02 
       330  1.322500000E+02  0.000000000E+00 -2.500244432E-02 
       331  1.325000000E+02  0.000000000E+00 -2.500245496E-02 
       332  1.327500000E+02  0.000000000E+00 -2.500246462E-02 
       333  1.330000000E+02  0.000000000E+00 -2.500247338E-02 
       334  1.332500000E+02  0.000000000E+00 -2.500248134E-02 
       335  1.335000000E+02  0.000000000E+00 -2.500248855E-02 
       336  1.337500000E+02  0.000000000E+00 -2.500249510E-02 
       337  1.340000000E+02  0.000000000E+00 -2.500250103E-02 
       338  1.342500000E+02  0.000000000E+00 -2.500250641E-02 
       339  1.345000000E+02  0.000000000E+00 -2.500251129E-02 
       340  1.347500000E+02  0.000000000E+00 -2.500251570E-02 
       341  1.350000000E+02  0.000000000E+00 -2.500251970E-02 
       342  1.352500000E+02  0.000000000E+00 -2.500252333E-02 
       343  1.355000000E+02  0.000000000E+00 -2.500252660E-02 
       344  1.357500000E+02  0.000000000E+00 -2.500252957E-02 
       345  1.360000000E+02  0.000000000E+00 -2.500253226E-02 
       346  1.362500000E+02  0.000000000E+00 -2.500253468E-02 
       347  1.365000000E+02  0.000000000E+00 -2.500253688E-02 
       348  1.367500000E+02  0.000000000E+00 -2.500253887E-02 
       349  1.370000000E+02  0.000000000E+00 -2.500254066E-02 
       350  1.372500000E+02  0.000000000E+00 -2.500254228E-02 
       351  1.375000000E+02  0.000000000E+00 -2.500254375E-02 
       352  1.377500000E+02  0.000000000E+00 -2.500254507E-02 
       353  1.380000000E+02  0.000000000E+00 -2.500254627E-02 
       354  1.382500000E+02  0.000000000E+00 -2.500254734E-02 
       355  1.385000000E+02  0.000000000E+00 -2.500254832E-02 
       356  1.387500000E+02  0.000000000E+00 -2.500254920E-02 
       357  1.390000000E+02  0.000000000E+00 -2.500254999E-02 
       358  1.392500000E+02  0.000000000E+00 -2.500255071E-02 
       359  1.395000000E+02  0.000000000E+00 -2.500255135E-02 
       360  1.397500000E+02  0.000000000E+00 -2.500255193E-02 
       361  1.400000000E+02  0.000000000E+00 -2.500255246E-02 
       362  1.402500000E+02  0.000000000E+00 -2.500255293E-02 
       363  1.405000000E+02  0.000000000E+00 -2.500255336E-02 
       364  1.407500000E+02  0.000000000E+00 -2.500255374E-02 
       365  1.410000000E+02  0.000000000E+00 -2.500255409E-02 
       366  1.412500000E+02  0.000000000E+00 -2.500255440E-02 
       367  1.415000000E+02  0.000000000E+00 -2.500255468E-02 
       368  1.417500000E+02  0.000000000E+00 -2.500255493E-02 
       369  1.420000000E+02  0.000000000E+00 -2.500255516E-02 
       370  1.422500000E+02  0.000000000E+00 -2.500255536E-02 
       371  1.425000000E+02  0.000000000E+00 -2.500255554E-02 
       372  1.427500000E+02  0.000000000E+00 -2.500255571E-02 
       373  1.430000000E+02  0.000000000E+00 -2.500255586E-02 
       374  1.432500000E+02  0.000000000E+00 -2.500255599E-02 
       375  1.435000000E+02  0.000000000E+00 -2.500255611E-02 
       376  1.437500000E+02  0.000000000E+00 -2.500255622E-02 
       377  1.440000000E+02  0.000000000E+00 -2.500255632E-02 
       378  1.442500000E+02  0.000000000E+00 -2.500255640E-02 
       379  1.445000000E+02  0.000000000E+00 -2.500255648E-02 
       380  1.447500000E+02  0.000000000E+00 -2.500255655E-02 
       381  1.450000000E+02  0.000000000E+00 -2.500255661E-02 
       382  1.452500000E+02  0.000000000E+00 -2.500255667E-02 
       383  1.455000000E+02  0.000000000E+00 -2.500255672E-02 
       384  1.457500000E+02  0.000000000E+00 -2.500255676E-02 
       385  1.460000000E+02  0.000000000E+00 -2.500255681E-02 
       386  1.462500000E+02  0.000000000E+00 -2.500255684E-02 
       387  1.465000000E+02  0.000000000E+00 -2.500255687E-02 
       388  1.467500000E+02  0.000000000E+00 -2.500255690E-02 
       389  1.470000000E+02  0.000000000E+00 -2.500255693E-02 
       390  1.472500000E+02  0.000000000E+00 -2.500255695E-02 
       391  1.475000000E+02  0.000000000E+00 -2.500255697E-02 
       392  1.477500000E+02  0.000000000E+00 -2.500255698E-02 
       393  1.480000000E+02  0.000000000E+00 -2.500255700E-02 
       394  1.482500000E+02  0.000000000E+00 -2.500255701E-02 
       395  1.485000000E+02  0.000000000E+00 -2.500255702E-02 
       396  1.487500000E+02  0.000000000E+00 -2.500255703E-02 
       397  1.490000000E+02  0.000000000E+00 -2.500255704E-02 
       398  1.492500000E+02  0.000000000E+00 -2.500255705E-02 
       399  1.495000000E+02  0.000000000E+00 -2.500255705E-02 
       400  1.497500000E+02  0.000000000E+00 -2.500255705E-02 
       401  1.500000000E+02  0.000000000E+00 -2.500255705E-02 
       402  1.502500000E+02  0.000000000E+00 -2.500255705E-02 
       403  1.505000000E+02  0.000000000E+00 -2.500255705E-02 
       404  1.507500000E+02  0.000000000E+00 -2.500255705E-02 
       405  1.510000000E+02  0.000000000E+00 -2.500255704E-02 
       406  1.512500000E+02  0.000000000E+00 -2.500255704E-02 
       407  1.515000000E+02  0.000000000E+00 -2.500255703E-02 
       408  1.517500000E+02  0.000000000E+00 -2.500255702E-02 
       409  1.520000000E+02  0.000000000E+00 -2.500255701E-02 
       410  1.522500000E+02  0.000000000E+00 -2.500255700E-02 
       411  1.525000000E+02  0.000000000E+00 -2.500255698E-02 
       412  1.527500000E+02  0.000000000E+00 -2.500255696E-02 
       413  1.530000000E+02  0.000000000E+00 -2.500255694E-02 
       414  1.532500000E+02  0.000000000E+00 -2.500255692E-02 
       415  1.535000000E+02  0.000000000E+00 -2.500255689E-02 
       416  1.537500000E+02  0.000000000E+00 -2.500255687E-02 
       417  1.540000000E+02  0.000000000E+00 -2.500255683E-02 
       418  1.542500000E+02  0.000000000E+00 -2.500255680E-02 
       419  1.545000000E+02  0.000000000E+00 -2.500255675E-02 
       420  1.547500000E+02  0.000000000E+00 -2.500255671E-02 
       421  1.550000000E+02  0.000000000E+00 -2.500255666E-02 
       422  1.552500000E+02  0.000000000E+00 -2.500255660E-02 
       423  1.555000000E+02  0.000000000E+00 -2.500255654E-02 
       424  1.557500000E+02  0.000000000E+00 -2.500255646E-02 
       425  1.560000000E+02  0.000000000E+00 -2.500255638E-02 
       426  1.562500000E+02  0.000000000E+00 -2.500255630E-02 
       427  1.565000000E+02  0.000000000E+00 -2.500255620E-02 
       428  1.567500000E+02  0.000000000E+00 -2.500255609E-02 
       429  1.570000000E+02  0.000000000E+00 -2.500255596E-02 
       430  1.572500000E+02  0.000000000E+00 -2.500255583E-02 
       431  1.575000000E+02  0.000000000E+00 -2.500255568E-02 
       432  1.577500000E+02  0.000000000E+00 -2.500255551E-02 
       433  1.580000000E+02  0.000000000E+00 -2.500255532E-02 
       434  1.582500000E+02  0.000000000E+00 -2.500255511E-02 
       435  1.585000000E+02  0.000000000E+00 -2.500255488E-02 
       436  1.587500000E+02  0.000000000E+00 -2.500255463E-02 
       437  1.590000000E+02  0.000000000E+00 -2.500255434E-02 
       438  1.592500000E+02  0.000000000E+00 -2.500255403E-02 
       439  1.595000000E+02  0.000000000E+00 -2.500255368E-02 
       440  1.597500000E+02  0.000000000E+00 -2.500255329E-02 
       441  1.600000000E+02  0.000000000E+00 -2.500255285E-02 
       442  1.602500000E+02  0.000000000E+00 -2.500255237E-02 
       443  1.605000000E+02  0.000000000E+00 -2.500255184E-02 
       444  1.607500000E+02  0.000000000E+00 -2.500255125E-02 
       445  1.610000000E+02  0.000000000E+00 -2.500255060E-02 
       446  1.612500000E+02  0.000000000E+00 -2.500254988E-02 
       447  1.615000000E+02  0.000000000E+00 -2.500254907E-02 
       448  1.617500000E+02  0.000000000E+00 -2.500254819E-02 
       449  1.620000000E+02  0.000000000E+00 -2.500254720E-02 
       450  1.622500000E+02  0.000000000E+00 -2.500254611E-02 
       451  1.625000000E+02  0.000000000E+00 -2.500254491E-02 
       452  1.627500000E+02  0.000000000E+00 -2.500254357E-02 
       453  1.630000000E+02  0.000000000E+00 -2.500254209E-02 
       454  1.632500000E+02  0.000000000E+00 -2.500254046E-02 
       455  1.635000000E+02  0.000000000E+00 -2.500253865E-02 
       456  1.637500000E+02  0.000000000E+00 -2.500253665E-02 
       457  1.640000000E+02  0.000000000E+00 -2.500253444E-02 
       458  1.642500000E+02  0.000000000E+00 -2.500253200E-02 
       459  1.645000000E+02  0.000000000E+00 -2.500252930E-02 
       460  1.647500000E+02  0.000000000E+00 -2.500252632E-02 
       461  1.650000000E+02  0.000000000E+00 -2.500252303E-02 
       462  1.652500000E+02  0.000000000E+00 -2.500251940E-02 
       463  1.655000000E+02  0.000000000E+00 -2.500251539E-02 
       464  1.657500000E+02  0.000000000E+00 -2.500251096E-02 
       465  1.660000000E+02  0.000000000E+00 -2.500250608E-02 
       466  1.662500000E+02  0.000000000E+00 -2.500250070E-02 
       467  1.665000000E+02  0.000000000E+00 -2.500249476E-02 
       468  1.667500000E+02  0.000000000E+00 -2.500248822E-02 
       469  1.670000000E+02  0.000000000E+00 -2.500248101E-02 
       470  1.672500000E+02  0.000000000E+00 -2.500247307E-02 
       471  1.675000000E+02  0.000000000E+00 -2.500246432E-02 
       472  1.677500000E+02  0.000000000E+00 -2.500245469E-02 
       473  1.680000000E+02  0.000000000E+00 -2.500244410E-02 
       474  1.682500000E+02  0.000000000E+00 -2.500243244E-02 
       475  1.685000000E+02  0.000000000E+00 -2.500241961E-02 
       476  1.687500000E+02  0.000000000E+00 -2.500240551E-02 
       477  1.690000000E+02  0.000000000E+00 -2.500239001E-02 
       478  1.692500000E+02  0.000000000E+00 -2.500237298E-02 
       479  1.695000000E+02  0.000000000E+00 -2.500235427E-02 
       480  1.697500000E+02  0.000000000E+00 -2.500233373E-02 
       481  1.700000000E+02  0.000000000E+00 -2.500231118E-02 
       482  1.702500000E+02  0.000000000E+00 -2.500228643E-02 
       483  1.705000000E+02  0.000000000E+00 -2.500225929E-02 
       484  1.707500000E+02  0.000000000E+00 -2.500222952E-02 
       485  1.710000000E+02  0.000000000E+00 -2.500219689E-02 
       486  1.712500000E+02  0.000000000E+00 -2.500216114E-02 
       487  1.715000000E+02  0.000000000E+00 -2.500212198E-02 
       488  1.717500000E+02  0.000000000E+00 -2.500207910E-02 
       489  1.720000000E+02  0.000000000E+00 -2.500203216E-02 
       490  1.722500000E+02  0.000000000E+00 -2.500198082E-02 
       491  1.725000000E+02  0.000000000E+00 -2.500192466E-02 
       492  1.727500000E+02  0.000000000E+00 -2.500186327E-02 
       493  1.730000000E+02  0.000000000E+00 -2.500179619E-02 
       494  1.732500000E+02  0.000000000E+00 -2.500172291E-02 
       495  1.735000000E+02  0.000000000E+00 -2.500164291E-02 
       496  1.737500000E+02  0.000000000E+00 -2.500155560E-02 
       497  1.740000000E+02  0.000000000E+00 -2.500146035E-02 
       498  1.742500000E+02  0.000000000E+00 -2.500135650E-02 
       499  1.745000000E+02  0.000000000E+00 -2.500124331E-02 
       500  1.747500000E+02  0.000000000E+00 -2.500112000E-02 
       501  1.750000000E+02  0.000000000E+00 -2.500098573E-02 
       502  1.752500000E+02  0.000000000E+00 -2.500083960E-02 
       503  1.755000000E+02  0.000000000E+00 -2.500068064E-02 
       504  1.757500000E+02  0.000000000E+00 -2.500050780E-02 
       505  1.760000000E+02  0.000000000E+00 -2.500031996E-02 
       506  1.762500000E+02  0.000000000E+00 -2.500011593E-02 
       507  1.765000000E+02  0.000000000E+00 -2.499989443E-02 
       508  1.767500000E+02  0.000000000E+00 -2.499965408E-02 
       509  1.770000000E+02  0.000000000E+00 -2.499939342E-02 
       510  1.772500000E+02  0.000000000E+00 -2.499911089E-02 
       511  1.775000000E+02  0.000000000E+00 -2.499880482E-02 
       512  1.777500000E+02  0.000000000E+00 -2.499847343E-02 
       513  1.780000000E+02  0.000000000E+00 -2.499811484E-02 
       514  1.782500000E+02  0.000000000E+00 -2.499772702E-02 
       515  1.785000000E+02  0.000000000E+00 -2.499730784E-02 
       516  1.787500000E+02  0.000000000E+00 -2.499685505E-02 
       517  1.790000000E+02  0.000000000E+00 -2.499636622E-02 
       518  1.792500000E+02  0.000000000E+00 -2.499583882E-02 
       519  1.795000000E+02  0.000000000E+00 -2.499527015E-02 
       520  1.797500000E+02  0.000000000E+00 -2.499465737E-02 
       521  1.800000000E+02  0.000000000E+00 -2.499399749E-02 
       522  1.802500000E+02  0.000000000E+00 -2.499328732E-02 
       523  1.805000000E+02  0.000000000E+00 -2.499252355E-02 
       524  1.807500000E+02  0.000000000E+00 -2.499170267E-02 
       525  1.810000000E+02  0.000000000E+00 -2.499082101E-02 
       526  1.812500000E+02  0.000000000E+00 -2.498987470E-02 
       527  1.815000000E+02  0.000000000E+00 -2.498885971E-02 
       528  1.817500000E+02  0.000000000E+00 -2.498777182E-02 
       529  1.820000000E+02  0.000000000E+00 -2.498660661E-02 
       530  1.822500000E+02  0.000000000E+00 -2.498535949E-02 
       531  1.825000000E+02  0.000000000E+00 -2.498402566E-02 
       532  1.827500000E+02  0.000000000E+00 -2.498260014E-02 
       533  1.830000000E+02  0.000000000E+00 -2.498107776E-02 
       534  1.832500000E+02  0.000000000E+00 -2.497945317E-02 
       535  1.835000000E+02  0.000000000E+00 -2.497772080E-02 
       536  1.837500000E+02  0.000000000E+00 -2.497587495E-02 
       537  1.840000000E+02  0.000000000E+00 -2.497390969E-02 
       538  1.842500000E+02  0.000000000E+00 -2.497181894E-02 
       539  1.845000000E+02  0.000000000E+00 -2.496959645E-02 
       540  1.847500000E+02  0.000000000E+00 -2.496723581E-02 
       541  1.850000000E+02  0.000000000E+00 -2.496473045E-02 
       542  1.852500000E+02  0.000000000E+00 -2.496207365E-02 
       543  1.855000000E+02  0.000000000E+00 -2.495925858E-02 
       544  1.857500000E+02  0.000000000E+00 -2.495627826E-02 
       545  1.860000000E+02  0.000000000E+00 -2.495312561E-02 
       546  1.862500000E+02  0.000000000E+00 -2.494979347E-02 
       547  1.865000000E+02  0.000000000E+00 -2.494627458E-02 
       548  1.867500000E+02  0.000000000E+00 -2.494256160E-02 
       549  1.870000000E+02  0.000000000E+00 -2.493864715E-02 
       550  1.872500000E+02  0.000000000E+00 -2.493452381E-02 
       551  1.875000000E+02  0.000000000E+00 -2.493018415E-02 
       552  1.877500000E+02  0.000000000E+00 -2.492562070E-02 
       553  1.880000000E+02  0.000000000E+00 -2.492082603E-02 
       554  1.882500000E+02  0.000000000E+00 -2.491579270E-02 
       555  1.885000000E+02  0.000000000E+00 -2.491051333E-02 
       556  1.887500000E+02  0.000000000E+00 -2.490498056E-02 
       557  1.890000000E+02  0.000000000E+00 -2.489918709E-02 
       558  1.892500000E+02  0.000000000E+00 -2.489312567E-02 
       559  1.895000000E+02  0.000000000E+00 -2.488678913E-02 
       560  1.897500000E+02  0.000000000E+00 -2.488017031E-02 
       561  1.900000000E+02  0.000000000E+00 -2.487326213E-02 
       562  1.902500000E+02  0.000000000E+00 -2.486605751E-02 
       563  1.905000000E+02  0.000000000E+00 -2.485854938E-02 
       564  1.907500000E+02  0.000000000E+00 -2.485073063E-02 
       565  1.910000000E+02  0.000000000E+00 -2.484259408E-02 
       566  1.912500000E+02  0.000000000E+00 -2.483413239E-02 
       567  1.915000000E+02  0.000000000E+00 -2.482533800E-02 
       568  1.917500000E+02  0.000000000E+00 -2.481620302E-02 
       569  1.920000000E+02  0.000000000E+00 -2.480671916E-02 
       570  1.922500000E+02  0.000000000E+00 -2.479687751E-02 
       571  1.925000000E+02  0.000000000E+00 -2.478666842E-02 
       572  1.927500000E+02  0.000000000E+00 -2.477608127E-02 
       573  1.930000000E+02  0.000000000E+00 -2.476510421E-02 
       574  1.932500000E+02  0.000000000E+00 -2.475372389E-02 
       575  1.935000000E+02  0.000000000E+00 -2.474192506E-02 
       576  1.937500000E+02  0.000000000E+00 -2.472969017E-02 
       577  1.940000000E+02  0.000000000E+00 -2.471699884E-02 
       578  1.942500000E+02  0.000000000E+00 -2.470382731E-02 
       579  1.945000000E+02  0.000000000E+00 -2.469014763E-02 
       580  1.947500000E+02  0.000000000E+00 -2.467592691E-02 
       581  1.950000000E+02  0.000000000E+00 -2.466112620E-02 
       582  1.952500000E+02  0.000000000E+00 -2.464569932E-02 
       583  1.955000000E+02  0.000000000E+00 -2.462959135E-02 
       584  1.957500000E+02  0.000000000E+00 -2.461273686E-02 
       585  1.960000000E+02  0.000000000E+00 -2.459505771E-02 
       586  1.962500000E+02  0.000000000E+00 -2.457646033E-02 
       587  1.965000000E+02  0.000000000E+00 -2.455683243E-02 
       588  1.967500000E+02  0.000000000E+00 -2.453603882E-02 
       589  1.970000000E+02  0.000000000E+00 -2.451391603E-02 
       590  1.972500000E+02  0.000000000E+00 -2.449026556E-02 
       591  1.975000000E+02  0.000000000E+00 -2.446484480E-02 
       592  1.977500000E+02  0.000000000E+00 -2.443735502E-02 
       593  1.980000000E+02  0.000000000E+00 -2.440742462E-02 
       594  1.982500000E+02  0.000000000E+00 -2.437458541E-02 
       595  1.985000000E+02  0.000000000E+00 -2.433823702E-02 
       596  1.987500000E+02  0.000000000E+00 -2.429759060E-02 
       597  1.990000000E+02  0.000000000E+00 -2.425157209E-02 
       598  1.992500000E+02  0.000000000E+00 -2.419863503E-02 
       599  1.995000000E+02  0.000000000E+00 -2.413633456E-02 
       600  1.997500000E+02  0.000000000E+00 -2.406014325E-02 
       601  2.000000000E+02  0.000000000E+00 -2.445141239E-02 
       602  2.001999988E+02  0.000000000E+00 -2.468504007E-02 
       603  2.004032879E+02  0.000000000E+00 -2.446211610E-02 
       604  2.006099214E+02  0.000000000E+00 -2.424995822E-02 
       605  2.008199543E+02  0.000000000E+00 -2.404822811E-02 
       606  2.010334426E+02  0.000000000E+00 -2.385658088E-02 
       607  2.012504431E+02  0.000000000E+00 -2.367466509E-02 
       608  2.014710137E+02  0.000000000E+00 -2.350212285E-02 
       609  2.016952129E+02  0.000000000E+00 -2.333858992E-02 
       610  2.019231006E+02  0.000000000E+00 -2.318369585E-02 
       611  2.021547374E+02  0.000000000E+00 -2.303706420E-02 
       612  2.023901849E+02  0.000000000E+00 -2.289831269E-02 
       613  2.026295060E+02  0.000000000E+00 -2.276705347E-02 
       614  2.028727642E+02  0.000000000E+00 -2.264289336E-02 
       615  2.031200245E+02  0.000000000E+00 -2.252818428E-02 
       616  2.033713525E+02  0.000000000E+00 -2.242310156E-02 
       617  2.036268153E+02  0.000000000E+00 -2.225425137E-02 
       618  2.038864808E+02  0.000000000E+00 -2.208403599E-02 
       619  2.041504183E+02  0.000000000E+00 -2.198852977E-02 
       620  2.044186979E+02  0.000000000E+00 -2.189711482E-02 
       621  2.046913911E+02  0.000000000E+00 -2.180529497E-02 
       622  2.049685706E+02  0.000000000E+00 -2.171755623E-02 
       623  2.052503101E+02  0.000000000E+00 -2.163345916E-02 
       624  2.055366847E+02  0.000000000E+00 -2.155256528E-02 
       625  2.058277705E+02  0.000000000E+00 -2.147443721E-02 
       626  2.061236452E+02  0.000000000E+00 -2.139863949E-02 
       627  2.064243875E+02  0.000000000E+00 -2.132473925E-02 
       628  2.067300774E+02  0.000000000E+00 -2.125230685E-02 
       629  2.070407965E+02  0.000000000E+00 -2.118091658E-02 
       630  2.073566273E+02  0.000000000E+00 -2.111014732E-02 
       631  2.076776540E+02  0.000000000E+00 -2.103958323E-02 
       632  2.080039622E+02  0.000000000E+00 -2.096881439E-02 
       633  2.083356386E+02  0.000000000E+00 -2.089743745E-02 
       634  2.086727716E+02  0.000000000E+00 -2.082505624E-02 
       635  2.090154510E+02  0.000000000E+00 -2.075128239E-02 
       636  2.093637679E+02  0.000000000E+00 -2.067573578E-02 
       637  2.097178153E+02  0.000000000E+00 -2.059804512E-02 
       638  2.100776872E+02  0.000000000E+00 -2.051784833E-02 
       639  2.104434797E+02  0.000000000E+00 -2.043479290E-02 
       640  2.108152899E+02  0.000000000E+00 -2.034853619E-02 
       641  2.111932170E+02  0.000000000E+00 -2.025874564E-02 
       642  2.115773617E+02  0.000000000E+00 -2.016509892E-02 
       643  2.119678260E+02  0.000000000E+00 -2.006728394E-02 
       644  2.123647142E+02  0.000000000E+00 -1.996499886E-02 
       645  2.127681317E+02  0.000000000E+00 -1.985795193E-02 
       646  2.131781861E+02  0.000000000E+00 -1.974586132E-02 
       647  2.135949866E+02  0.000000000E+00 -1.962845481E-02 
       648  2.140186441E+02  0.000000000E+00 -1.950546949E-02 
       649  2.144492713E+02  0.000000000E+00 -1.937665130E-02 
       650  2.148869831E+02  0.000000000E+00 -1.924175460E-02 
       651  2.153318959E+02  0.000000000E+00 -1.910054161E-02 
       652  2.157841282E+02  0.000000000E+00 -1.895278192E-02 
       653  2.162438005E+02  0.000000000E+00 -1.879825188E-02 
       654  2.167110350E+02  0.000000000E+00 -1.863673404E-02 
       655  2.171859563E+02  0.000000000E+00 -1.846801654E-02 
       656  2.176686908E+02  0.000000000E+00 -1.829189259E-02 
       657  2.181593671E+02  0.000000000E+00 -1.810815988E-02 
       658  2.186581157E+02  0.000000000E+00 -1.791662009E-02 
       659  2.191650695E+02  0.000000000E+00 -1.771707840E-02 
       660  2.196803635E+02  0.000000000E+00 -1.750934308E-02 
       661  2.202041348E+02  0.000000000E+00 -1.729322512E-02 
       662  2.207365230E+02  0.000000000E+00 -1.706853791E-02 
       663  2.212776699E+02  0.000000000E+00 -1.683509698E-02 
       664  2.218277194E+02  0.000000000E+00 -1.659271983E-02 
       665  2.223868182E+02  0.000000000E+00 -1.634122582E-02 
       666  2.229551149E+02  0.000000000E+00 -1.608043606E-02 
       667  2.235327610E+02  0.000000000E+00 -1.581017349E-02 
       668  2.241199103E+02  0.000000000E+00 -1.553026286E-02 
       669  2.247167191E+02  0.000000000E+00 -1.524053093E-02 
       670  2.253233464E+02  0.000000000E+00 -1.494080658E-02 
       671  2.259399536E+02  0.000000000E+00 -1.463092110E-02 
       672  2.265667050E+02  0.000000000E+00 -1.431070840E-02 
       673  2.272037674E+02  0.000000000E+00 -1.398000540E-02 
       674  2.278513104E+02  0.000000000E+00 -1.363865236E-02 
       675  2.285095066E+02  0.000000000E+00 -1.328649330E-02 
       676  2.291785311E+02  0.000000000E+00 -1.292337643E-02 
       677  2.298585621E+02  0.000000000E+00 -1.254915469E-02 
       678  2.305497807E+02  0.000000000E+00 -1.216368623E-02 
       679  2.312523708E+02  0.000000000E+00 -1.176683502E-02 
       680  2.319665197E+02  0.000000000E+00 -1.135847139E-02 
       681  2.326924175E+02  0.000000000E+00 -1.093847279E-02 
       682  2.334302574E+02  0.000000000E+00 -1.050672436E-02 
       683  2.341802359E+02  0.000000000E+00 -1.006311975E-02 
       684  2.349425527E+02  0.000000000E+00 -9.607561828E-03 
       685  2.357174108E+02  0.000000000E+00 -9.139963573E-03 
       686  2.365050165E+02  0.000000000E+00 -8.660248871E-03 
       687  2.373055796E+02  0.000000000E+00 -8.168353499E-03 
       688  2.381193132E+02  0.000000000E+00 -7.664226051E-03 
       689  2.389464340E+02  0.000000000E+00 -7.147828997E-03 
       690  2.397871622E+02  0.000000000E+00 -6.619139779E-03 
       691  2.406417216E+02  0.000000000E+00 -6.078151964E-03 
       692  2.415103399E+02  0.000000000E+00 -5.524876474E-03 
       693  2.423932484E+02  0.000000000E+00 -4.959342937E-03 
       694  2.432906820E+02  0.000000000E+00 -4.381601097E-03 
       695  2.442028798E+02  0.000000000E+00 -3.791722367E-03 
       696  2.451300847E+02  0.000000000E+00 -3.189801544E-03 
       697  2.460725436E+02  0.000000000E+00 -2.575958732E-03 
       698  2.470305073E+02  0.000000000E+00 -1.950341500E-03 
       699  2.480042311E+02  0.000000000E+00 -1.313127403E-03 
       700  2.489939742E+02  0.000000000E+00 -6.645269621E-04 
       701  2.500000000E+02  0.000000000E+00 -4.787218544E-06 
       702  2.510060258E+02  0.000000000E+00  6.549542301E-04 
       703  2.519957689E+02  0.000000000E+00  1.303559657E-03 
       704  2.529694927E+02  0.000000000E+00  1.940781851E-03 
       705  2.539274564E+02  0.000000000E+00  2.566410169E-03 
       706  2.548699153E+02  0.000000000E+00  3.180266983E-03 
       707  2.557971202E+02  0.000000000E+00  3.782204680E-03 
       708  2.567093180E+02  0.000000000E+00  4.372103137E-03 
       709  2.576067516E+02  0.000000000E+00  4.949867561E-03 
       710  2.584896601E+02  0.000000000E+00  5.515426556E-03 
       711  2.593582784E+02  0.000000000E+00  6.068730406E-03 
       712  2.602128379E+02  0.000000000E+00  6.609749519E-03 
       713  2.610535660E+02  0.000000000E+00  7.138473017E-03 
       714  2.618806868E+02  0.000000000E+00  7.654907380E-03 
       715  2.626944204E+02  0.000000000E+00  8.159075216E-03 
       716  2.634949835E+02  0.000000000E+00  8.651014105E-03 
       717  2.642825892E+02  0.000000000E+00  9.130775504E-03 
       718  2.650574473E+02  0.000000000E+00  9.598423691E-03 
       719  2.658197641E+02  0.000000000E+00  1.005403483E-02 
       720  2.665697426E+02  0.000000000E+00  1.049769600E-02 
       721  2.673075825E+02  0.000000000E+00  1.092950436E-02 
       722  2.680334803E+02  0.000000000E+00  1.134956633E-02 
       723  2.687476292E+02  0.000000000E+00  1.175799680E-02 
       724  2.694502193E+02  0.000000000E+00  1.215491838E-02 
       725  2.701414379E+02  0.000000000E+00  1.254046078E-02 
       726  2.708214689E+02  0.000000000E+00  1.291476005E-02 
       727  2.714904934E+02  0.000000000E+00  1.327795809E-02 
       728  2.721486896E+02  0.000000000E+00  1.363020199E-02 
       729  2.727962326E+02  0.000000000E+00  1.397164354E-02 
       730  2.734332950E+02  0.000000000E+00  1.430243873E-02 
       731  2.740600464E+02  0.000000000E+00  1.462274731E-02 
       732  2.746766536E+02  0.000000000E+00  1.493273232E-02 
       733  2.752832808E+02  0.000000000E+00  1.523255979E-02 
       734  2.758800897E+02  0.000000000E+00  1.552239837E-02 
       735  2.764672390E+02  0.000000000E+00  1.580241904E-02 
       736  2.770448851E+02  0.000000000E+00  1.607279490E-02 
       737  2.776131818E+02  0.000000000E+00  1.633370098E-02 
       738  2.781722806E+02  0.000000000E+00  1.658531408E-02 
       739  2.787223301E+02  0.000000000E+00  1.682781276E-02 
       740  2.792634769E+02  0.000000000E+00  1.706137729E-02 
       741  2.797958652E+02  0.000000000E+00  1.728618970E-02 
       742  2.803196365E+02  0.000000000E+00  1.750243393E-02 
       743  2.808349305E+02  0.000000000E+00  1.771029602E-02 
       744  2.813418843E+02  0.000000000E+00  1.790996432E-02 
       745  2.818406329E+02  0.000000000E+00  1.810162986E-02 
       746  2.823313092E+02  0.000000000E+00  1.828548668E-02 
       747  2.828140437E+02  0.000000000E+00  1.846173233E-02 
       748  2.832889650E+02  0.000000000E+00  1.863056829E-02 
       749  2.837561995E+02  0.000000000E+00  1.879220055E-02 
       750  2.842158718E+02  0.000000000E+00  1.894684013E-02 
       751  2.846681041E+02  0.000000000E+00  1.909470371E-02 
       752  2.851130169E+02  0.000000000E+00  1.923601420E-02 
       753  2.855507287E+02  0.000000000E+00  1.937100134E-02 
       754  2.859813560E+02  0.000000000E+00  1.949990230E-02 
       755  2.864050134E+02  0.000000000E+00  1.962296223E-02 
       756  2.868218139E+02  0.000000000E+00  1.974043479E-02 
       757  2.872318683E+02  0.000000000E+00  1.985258261E-02 
       758  2.876352858E+02  0.000000000E+00  1.995967776E-02 
       759  2.880321740E+02  0.000000000E+00  2.006200206E-02 
       760  2.884226383E+02  0.000000000E+00  2.015984735E-02 
       761  2.888067830E+02  0.000000000E+00  2.025351574E-02 
       762  2.891847101E+02  0.000000000E+00  2.034331967E-02 
       763  2.895565204E+02  0.000000000E+00  2.042958198E-02 
       764  2.899223128E+02  0.000000000E+00  2.051263584E-02 
       765  2.902821847E+02  0.000000000E+00  2.059282460E-02 
       766  2.906362321E+02  0.000000000E+00  2.067050159E-02 
       767  2.909845490E+02  0.000000000E+00  2.074602979E-02 
       768  2.913272284E+02  0.000000000E+00  2.081978147E-02 
       769  2.916643614E+02  0.000000000E+00  2.089213777E-02 
       770  2.919960378E+02  0.000000000E+00  2.096348816E-02 
       771  2.923223460E+02  0.000000000E+00  2.103422996E-02 
       772  2.926433727E+02  0.000000000E+00  2.110476766E-02 
       773  2.929592035E+02  0.000000000E+00  2.117551240E-02 
       774  2.932699226E+02  0.000000000E+00  2.124688122E-02 
       775  2.935756125E+02  0.000000000E+00  2.131929649E-02 
       776  2.938763548E+02  0.000000000E+00  2.139318516E-02 
       777  2.941722295E+02  0.000000000E+00  2.146897812E-02 
       778  2.944633153E+02  0.000000000E+00  2.154710952E-02 
       779  2.947496899E+02  0.000000000E+00  2.162801609E-02 
       780  2.950314294E+02  0.000000000E+00  2.171213650E-02 
       781  2.953086088E+02  0.000000000E+00  2.179991073E-02 
       782  2.955813021E+02  0.000000000E+00  2.189177946E-02 
       783  2.958495817E+02  0.000000000E+00  2.198818347E-02 
       784  2.961135192E+02  0.000000000E+00  2.208956307E-02 
       785  2.963731847E+02  0.000000000E+00  2.219635759E-02 
       786  2.966286475E+02  0.000000000E+00  2.230900490E-02 
       787  2.968799755E+02  0.000000000E+00  2.242794085E-02 
       788  2.971272358E+02  0.000000000E+00  2.255359894E-02 
       789  2.973704940E+02  0.000000000E+00  2.268640981E-02 
       790  2.976098151E+02  0.000000000E+00  2.282680090E-02 
       791  2.978452626E+02  0.000000000E+00  2.297519609E-02 
       792  2.980768994E+02  0.000000000E+00  2.313201534E-02 
       793  2.983047871E+02  0.000000000E+00  2.329767444E-02 
       794  2.985289863E+02  0.000000000E+00  2.347258465E-02 
       795  2.987495568E+02  0.000000000E+00  2.361928699E-02 
       796  2.989665574E+02  0.000000000E+00  2.375437434E-02 
       797  2.991800457E+02  0.000000000E+00  2.391361708E-02 
       798  2.993900786E+02  0.000000000E+00  2.408040440E-02 
       799  2.995967121E+02  0.000000000E+00  2.425497056E-02 
       800  2.998000012E+02  0.000000000E+00  2.443754130E-02 
       801  3.000000000E+02  0.000000000E+00  2.430159280E-02 
       802  3.002500000E+02  0.000000000E+00  2.405841540E-02 
       803  3.005000000E+02  0.000000000E+00  2.413480837E-02 
       804  3.007500000E+02  0.000000000E+00  2.419727785E-02 
       805  3.010000000E+02  0.000000000E+00  2.425036128E-02 
       806  3.012500000E+02  0.000000000E+00  2.429650886E-02 
       807  3.015000000E+02  0.000000000E+00  2.433727038E-02 
       808  3.017500000E+02  0.000000000E+00  2.437372216E-02 
       809  3.020000000E+02  0.000000000E+00  2.440665468E-02 
       810  3.022500000E+02  0.000000000E+00  2.443666955E-02 
       811  3.025000000E+02  0.000000000E+00  2.446423595E-02 
       812  3.027500000E+02  0.000000000E+00  2.448972624E-02 
       813  3.030000000E+02  0.000000000E+00  2.451343981E-02 
       814  3.032500000E+02  0.000000000E+00  2.453561982E-02 
       815  3.035000000E+02  0.000000000E+00  2.455646526E-02 
       816  3.037500000E+02  0.000000000E+00  2.457613997E-02 
       817  3.040000000E+02  0.000000000E+00  2.459477956E-02 
       818  3.042500000E+02  0.000000000E+00  2.461249665E-02 
       819  3.045000000E+02  0.000000000E+00  2.462938511E-02 
       820  3.047500000E+02  0.000000000E+00  2.464552339E-02 
       821  3.050000000E+02  0.000000000E+00  2.466097718E-02 
       822  3.052500000E+02  0.000000000E+00  2.467580167E-02 
       823  3.055000000E+02  0.000000000E+00  2.469004329E-02 
       824  3.057500000E+02  0.000000000E+00  2.470374120E-02 
       825  3.060000000E+02  0.000000000E+00  2.471692855E-02 
       826  3.062500000E+02  0.000000000E+00  2.472963347E-02 
       827  3.065000000E+02  0.000000000E+00  2.474187995E-02 
       828  3.067500000E+02  0.000000000E+00  2.475368855E-02 
       829  3.070000000E+02  0.000000000E+00  2.476507700E-02 
       830  3.072500000E+02  0.000000000E+00  2.477606072E-02 
       831  3.075000000E+02  0.000000000E+00  2.478665324E-02 
       832  3.077500000E+02  0.000000000E+00  2.479686654E-02 
       833  3.080000000E+02  0.000000000E+00  2.480671140E-02 
       834  3.082500000E+02  0.000000000E+00  2.481619760E-02 
       835  3.085000000E+02  0.000000000E+00  2.482533416E-02 
       836  3.087500000E+02  0.000000000E+00  2.483412951E-02 
       837  3.090000000E+02  0.000000000E+00  2.484259162E-02 
       838  3.092500000E+02  0.000000000E+00  2.485072816E-02 
       839  3.095000000E+02  0.000000000E+00  2.485854653E-02 
       840  3.097500000E+02  0.000000000E+00  2.486605402E-02 
       841  3.100000000E+02  0.000000000E+00  2.487325780E-02 
       842  3.102500000E+02  0.000000000E+00  2.488016499E-02 
       843  3.105000000E+02  0.000000000E+00  2.488678272E-02 
       844  3.107500000E+02  0.000000000E+00  2.489311814E-02 
       845  3.110000000E+02  0.000000000E+00  2.489917843E-02 
       846  3.112500000E+02  0.000000000E+00  2.490497079E-02 
       847  3.115000000E+02  0.000000000E+00  2.491050252E-02 
       848  3.117500000E+02  0.000000000E+00  2.491578092E-02 
       849  3.120000000E+02  0.000000000E+00  2.492081338E-02 
       850  3.122500000E+02  0.000000000E+00  2.492560729E-02 
       851  3.125000000E+02  0.000000000E+00  2.493017009E-02 
       852  3.127500000E+02  0.000000000E+00  2.493450923E-02 
       853  3.130000000E+02  0.000000000E+00  2.493863218E-02 
       854  3.132500000E+02  0.000000000E+00  2.494254636E-02 
       855  3.135000000E+02  0.000000000E+00  2.494625921E-02 
       856  3.137500000E+02  0.000000000E+00  2.494977810E-02 
       857  3.140000000E+02  0.000000000E+00  2.495311035E-02 
       858  3.142500000E+02  0.000000000E+00  2.495626322E-02 
       859  3.145000000E+02  0.000000000E+00  2.495924387E-02 
       860  3.147500000E+02  0.000000000E+00  2.496205937E-02 
       861  3.150000000E+02  0.000000000E+00  2.496471668E-02 
       862  3.152500000E+02  0.000000000E+00  2.496722265E-02 
       863  3.155000000E+02  0.000000000E+00  2.496958396E-02 
       864  3.157500000E+02  0.000000000E+00  2.497180718E-02 
       865  3.160000000E+02  0.000000000E+00  2.497389871E-02 
       866  3.162500000E+02  0.000000000E+00  2.497586480E-02 
       867  3.165000000E+02  0.000000000E+00  2.497771152E-02 
       868  3.167500000E+02  0.000000000E+00  2.497944477E-02 
       869  3.170000000E+02  0.000000000E+00  2.498107028E-02 
       870  3.172500000E+02  0.000000000E+00  2.498259359E-02 
       871  3.175000000E+02  0.000000000E+00  2.498402005E-02 
       872  3.177500000E+02  0.000000000E+00  2.498535482E-02 
       873  3.180000000E+02  0.000000000E+00  2.498660288E-02 
       874  3.182500000E+02  0.000000000E+00  2.498776901E-02 
       875  3.185000000E+02  0.000000000E+00  2.498885782E-02 
       876  3.187500000E+02  0.000000000E+00  2.498987370E-02 
       877  3.190000000E+02  0.000000000E+00  2.499082088E-02 
       878  3.192500000E+02  0.000000000E+00  2.499170340E-02 
       879  3.195000000E+02  0.000000000E+00  2.499252511E-02 
       880  3.197500000E+02  0.000000000E+00  2.499328968E-02 
       881  3.200000000E+02  0.000000000E+00  2.499400062E-02 
       882  3.202500000E+02  0.000000000E+00  2.499466125E-02 
       883  3.205000000E+02  0.000000000E+00  2.499527474E-02 
       884  3.207500000E+02  0.000000000E+00  2.499584409E-02 
       885  3.210000000E+02  0.000000000E+00  2.499637214E-02 
       886  3.212500000E+02  0.000000000E+00  2.499686158E-02 
       887  3.215000000E+02  0.000000000E+00  2.499731497E-02 
       888  3.217500000E+02  0.000000000E+00  2.499773470E-02 
       889  3.220000000E+02  0.000000000E+00  2.499812304E-02 
       890  3.222500000E+02  0.000000000E+00  2.499848213E-02 
       891  3.225000000E+02  0.000000000E+00  2.499881399E-02 
       892  3.227500000E+02  0.000000000E+00  2.499912050E-02 
       893  3.230000000E+02  0.000000000E+00  2.499940344E-02 
       894  3.232500000E+02  0.000000000E+00  2.499966449E-02 
       895  3.235000000E+02  0.000000000E+00  2.499990519E-02 
       896  3.237500000E+02  0.000000000E+00  2.500012704E-02 
       897  3.240000000E+02  0.000000000E+00  2.500033138E-02 
       898  3.242500000E+02  0.000000000E+00  2.500051951E-02 
       899  3.245000000E+02  0.000000000E+00  2.500069262E-02 
       900  3.247500000E+02  0.000000000E+00  2.500085184E-02 
       901  3.250000000E+02  0.000000000E+00  2.500099821E-02 
       902  3.252500000E+02  0.000000000E+00  2.500113269E-02 
       903  3.255000000E+02  0.000000000E+00  2.500125620E-02 
       904  3.257500000E+02  0.000000000E+00  2.500136958E-02 
       905  3.260000000E+02  0.000000000E+00  2.500147360E-02 
       906  3.262500000E+02  0.000000000E+00  2.500156901E-02 
       907  3.265000000E+02  0.000000000E+00  2.500165646E-02 
       908  3.267500000E+02  0.000000000E+00  2.500173660E-02 
       909  3.270000000E+02  0.000000000E+00  2.500181000E-02 
       910  3.272500000E+02  0.000000000E+00  2.500187720E-02 
       911  3.275000000E+02  0.000000000E+00  2.500193870E-02 
       912  3.277500000E+02  0.000000000E+00  2.500199495E-02 
       913  3.280000000E+02  0.000000000E+00  2.500204639E-02 
       914  3.282500000E+02  0.000000000E+00  2.500209340E-02 
       915  3.285000000E+02  0.000000000E+00  2.500213636E-02 
       916  3.287500000E+02  0.000000000E+00  2.500217559E-02 
       917  3.290000000E+02  0.000000000E+00  2.500221140E-02 
       918  3.292500000E+02  0.000000000E+00  2.500224409E-02 
       919  3.295000000E+02  0.000000000E+00  2.500227391E-02 
       920  3.297500000E+02  0.000000000E+00  2.500230110E-02 
       921  3.300000000E+02  0.000000000E+00  2.500232589E-02 
       922  3.302500000E+02  0.000000000E+00  2.500234848E-02 
       923  3.305000000E+02  0.000000000E+00  2.500236906E-02 
       924  3.307500000E+02  0.000000000E+00  2.500238780E-02 
       925  3.310000000E+02  0.000000000E+00  2.500240486E-02 
       926  3.312500000E+02  0.000000000E+00  2.500242039E-02 
       927  3.315000000E+02  0.000000000E+00  2.500243451E-02 
       928  3.317500000E+02  0.000000000E+00  2.500244736E-02 
       929  3.320000000E+02  0.000000000E+00  2.500245904E-02 
       930  3.322500000E+02  0.000000000E+00  2.500246966E-02 
       931  3.325000000E+02  0.000000000E+00  2.500247930E-02 
       932  3.327500000E+02  0.000000000E+00  2.500248806E-02 
       933  3.330000000E+02  0.000000000E+00  2.500249602E-02 
       934  3.332500000E+02  0.000000000E+00  2.500250324E-02 
       935  3.335000000E+02  0.000000000E+00  2.500250980E-02 
       936  3.337500000E+02  0.000000000E+00  2.500251574E-02 
       937  3.340000000E+02  0.000000000E+00  2.500252114E-02 
       938  3.342500000E+02  0.000000000E+00  2.500252603E-02 
       939  3.345000000E+02  0.000000000E+00  2.500253046E-02 
       940  3.347500000E+02  0.000000000E+00  2.500253448E-02 
       941  3.350000000E+02  0.000000000E+00  2.500253812E-02 
       942  3.352500000E+02  0.000000000E+00  2.500254142E-02 
       943  3.355000000E+02  0.000000000E+00  2.500254440E-02 
       944  3.357500000E+02  0.000000000E+00  2.500254710E-02 
       945  3.360000000E+02  0.000000000E+00  2.500254955E-02 
       946  3.362500000E+02  0.000000000E+00  2.500255176E-02 
       947  3.365000000E+02  0.000000000E+00  2.500255377E-02 
       948  3.367500000E+02  0.000000000E+00  2.500255558E-02 
       949  3.370000000E+02  0.000000000E+00  2.500255721E-02 
       950  3.372500000E+02  0.000000000E+00  2.500255870E-02 
       951  3.375000000E+02  0.000000000E+00  2.500256003E-02 
       952  3.377500000E+02  0.000000000E+00  2.500256124E-02 
       953  3.380000000E+02  0.000000000E+00  2.500256233E-02 
       954  3.382500000E+02  0.000000000E+00  2.500256332E-02 
       955  3.385000000E+02  0.000000000E+00  2.500256421E-02 
       956  3.387500000E+02  0.000000000E+00  2.500256501E-02 
       957  3.390000000E+02  0.000000000E+00  2.500256574E-02 
       958  3.392500000E+02  0.000000000E+00  2.500256639E-02 
       959  3.395000000E+02  0.000000000E+00  2.500256698E-02 
       960  3.397500000E+02  0.000000000E+00  2.500256752E-02 
       961  3.400000000E+02  0.000000000E+00  2.500256800E-02 
       962  3.402500000E+02  0.000000000E+00  2.500256843E-02 
       963  3.405000000E+02  0.000000000E+00  2.500256882E-02 
       964  3.407500000E+02  0.000000000E+00  2.500256917E-02 
       965  3.410000000E+02  0.000000000E+00  2.500256949E-02 
       966  3.412500000E+02  0.000000000E+00  2.500256977E-02 
       967  3.415000000E+02  0.000000000E+00  2.500257003E-02 
       968  3.417500000E+02  0.000000000E+00  2.500257026E-02 
       969  3.420000000E+02  0.000000000E+00  2.500257047E-02 
       970  3.422500000E+02  0.000000000E+00  2.500257066E-02 
       971  3.425000000E+02  0.000000000E+00  2.500257083E-02 
       972  3.427500000E+02  0.000000000E+00  2.500257098E-02 
       973  3.430000000E+02  0.000000000E+00  2.500257111E-02 
       974  3.432500000E+02  0.000000000E+00  2.500257124E-02 
       975  3.435000000E+02  0.000000000E+00  2.500257135E-02 
       976  3.437500000E+02  0.000000000E+00  2.500257144E-02 
       977  3.440000000E+02  0.000000000E+00  2.500257153E-02 
       978  3.442500000E+02  0.000000000E+00  2.500257161E-02 
       979  3.445000000E+02  0.000000000E+00  2.500257169E-02 
       980  3.447500000E+02  0.000000000E+00  2.500257175E-02 
       981  3.450000000E+02  0.000000000E+00  2.500257181E-02 
       982  3.452500000E+02  0.000000000E+00  2.500257186E-02 
       983  3.455000000E+02  0.000000000E+00  2.500257190E-02 
       984  3.457500000E+02  0.000000000E+00  2.500257195E-02 
       985  3.460000000E+02  0.000000000E+00  2.500257198E-02 
       986  3.462500000E+02  0.000000000E+00  2.500257202E-02 
       987  3.465000000E+02  0.000000000E+00  2.500257204E-02 
       988  3.467500000E+02  0.000000000E+00  2.500257207E-02 
       989  3.470000000E+02  0.000000000E+00  2.500257209E-02 
       990  3.472500000E+02  0.000000000E+00  2.500257211E-02 
       991  3.475000000E+02  0.000000000E+00  2.500257213E-02 
       992  3.477500000E+02  0.000000000E+00  2.500257215E-02 
       993  3.480000000E+02  0.000000000E+00  2.500257216E-02 
       994  3.482500000E+02  0.000000000E+00  2.500257217E-02 
       995  3.485000000E+02  0.000000000E+00  2.500257218E-02 
       996  3.487500000E+02  0.000000000E+00  2.500257219E-02 
       997  3.490000000E+02  0.000000000E+00  2.500257219E-02 
       998  3.492500000E+02  0.000000000E+00  2.500257220E-02 
       999  3.495000000E+02  0.000000000E+00  2.500257220E-02 
      1000  3.497500000E+02  0.000000000E+00  2.500257220E-02 
      1001  3.500000000E+02  0.000000000E+00  2.500257220E-02 
      1002  3.502500000E+02  0.000000000E+00  2.500257220E-02 
      1003  3.505000000E+02  0.000000000E+00  2.500257220E-02 
      1004  3.507500000E+02  0.000000000E+00  2.500257220E-02 
      1005  3.510000000E+02  0.000000000E+00  2.500257219E-02 
      1006  3.512500000E+02  0.000000000E+00  2.500257218E-02 
      1007  3.515000000E+02  0.000000000E+00  2.500257217E-02 
      1008  3.517500000E+02  0.000000000E+00  2.500257216E-02 
      1009  3.520000000E+02  0.000000000E+00  2.500257215E-02 
      1010  3.522500000E+02  0.000000000E+00  2.500257214E-02 
      1011  3.525000000E+02  0.000000000E+00  2.500257212E-02 
      1012  3.527500000E+02  0.000000000E+00  2.500257210E-02 
      1013  3.530000000E+02  0.000000000E+00  2.500257208E-02 
      1014  3.532500000E+02  0.000000000E+00  2.500257205E-02 
      1015  3.535000000E+02  0.000000000E+00  2.500257202E-02 
      1016  3.537500000E+02  0.000000000E+00  2.500257199E-02 
      1017  3.540000000E+02  0.000000000E+00  2.500257196E-02 
      1018  3.542500000E+02  0.000000000E+00  2.500257192E-02 
      1019  3.545000000E+02  0.000000000E+00  2.500257187E-02 
      1020  3.547500000E+02  0.000000000E+00  2.500257182E-02 
      1021  3.550000000E+02  0.000000000E+00  2.500257177E-02 
      1022  3.552500000E+02  0.000000000E+00  2.500257170E-02 
      1023  3.555000000E+02  0.000000000E+00  2.500257163E-02 
      1024  3.557500000E+02  0.000000000E+00  2.500257156E-02 
      1025  3.560000000E+02  0.000000000E+00  2.500257147E-02 
      1026  3.562500000E+02  0.000000000E+00  2.500257137E-02 
      1027  3.565000000E+02  0.000000000E+00  2.500257126E-02 
      1028  3.567500000E+02  0.000000000E+00  2.500257115E-02 
      1029  3.570000000E+02  0.000000000E+00  2.500257101E-02 
      1030  3.572500000E+02  0.000000000E+00  2.500257086E-02 
      1031  3.575000000E+02  0.000000000E+00  2.500257070E-02 
      1032  3.577500000E+02  0.000000000E+00  2.500257052E-02 
      1033  3.580000000E+02  0.000000000E+00  2.500257031E-02 
      1034  3.582500000E+02  0.000000000E+00  2.500257009E-02 
      1035  3.585000000E+02  0.000000000E+00  2.500256983E-02 
      1036  3.587500000E+02  0.000000000E+00  2.500256955E-02 
      1037  3.590000000E+02  0.000000000E+00  2.500256924E-02 
      1038  3.592500000E+02  0.000000000E+00  2.500256890E-02 
      1039  3.595000000E+02  0.000000000E+00  2.500256852E-02 
      1040  3.597500000E+02  0.000000000E+00  2.500256809E-02 
      1041  3.600000000E+02  0.000000000E+00  2.500256762E-02 
      1042  3.602500000E+02  0.000000000E+00  2.500256710E-02 
      1043  3.605000000E+02  0.000000000E+00  2.500256651E-02 
      1044  3.607500000E+02  0.000000000E+00  2.500256587E-02 
      1045  3.610000000E+02  0.000000000E+00  2.500256516E-02 
      1046  3.612500000E+02  0.000000000E+00  2.500256437E-02 
      1047  3.615000000E+02  0.000000000E+00  2.500256349E-02 
      1048  3.617500000E+02  0.000000000E+00  2.500256252E-02 
      1049  3.620000000E+02  0.000000000E+00  2.500256144E-02 
      1050  3.622500000E+02  0.000000000E+00  2.500256025E-02 
      1051  3.625000000E+02  0.000000000E+00  2.500255893E-02 
      1052  3.627500000E+02  0.000000000E+00  2.500255746E-02 
      1053  3.630000000E+02  0.000000000E+00  2.500255585E-02 
      1054  3.632500000E+02  0.000000000E+00  2.500255405E-02 
      1055  3.635000000E+02  0.000000000E+00  2.500255207E-02 
      1056  3.637500000E+02  0.000000000E+00  2.500254988E-02 
      1057  3.640000000E+02  0.000000000E+00  2.500254746E-02 
      1058  3.642500000E+02  0.000000000E+00  2.500254478E-02 
      1059  3.645000000E+02  0.000000000E+00  2.500254182E-02 
      1060  3.647500000E+02  0.000000000E+00  2.500253855E-02 
      1061  3.650000000E+02  0.000000000E+00  2.500253493E-02 
      1062  3.652500000E+02  0.000000000E+00  2.500253094E-02 
      1063  3.655000000E+02  0.000000000E+00  2.500252653E-02 
      1064  3.657500000E+02  0.000000000E+00  2.500252167E-02 
      1065  3.660000000E+02  0.000000000E+00  2.500251630E-02 
      1066  3.662500000E+02  0.000000000E+00  2.500251038E-02 
      1067  3.665000000E+02  0.000000000E+00  2.500250384E-02 
      1068  3.667500000E+02  0.000000000E+00  2.500249664E-02 
      1069  3.670000000E+02  0.000000000E+00  2.500248870E-02 
      1070  3.672500000E+02  0.000000000E+00  2.500247995E-02 
      1071  3.675000000E+02  0.000000000E+00  2.500247031E-02 
      1072  3.677500000E+02  0.000000000E+00  2.500245969E-02 
      1073  3.680000000E+02  0.000000000E+00  2.500244800E-02 
      1074  3.682500000E+02  0.000000000E+00  2.500243514E-02 
      1075  3.685000000E+02  0.000000000E+00  2.500242098E-02 
      1076  3.687500000E+02  0.000000000E+00  2.500240541E-02 
      1077  3.690000000E+02  0.000000000E+00  2.500238828E-02 
      1078  3.692500000E+02  0.000000000E+00  2.500236945E-02 
      1079  3.695000000E+02  0.000000000E+00  2.500234877E-02 
      1080  3.697500000E+02  0.000000000E+00  2.500232604E-02 
      1081  3.700000000E+02  0.000000000E+00  2.500230108E-02 
      1082  3.702500000E+02  0.000000000E+00  2.500227367E-02 
      1083  3.705000000E+02  0.000000000E+00  2.500224360E-02 
      1084  3.707500000E+02  0.000000000E+00  2.500221060E-02 
      1085  3.710000000E+02  0.000000000E+00  2.500217442E-02 
      1086  3.712500000E+02  0.000000000E+00  2.500213475E-02 
      1087  3.715000000E+02  0.000000000E+00  2.500209127E-02 
      1088  3.717500000E+02  0.000000000E+00  2.500204365E-02 
      1089  3.720000000E+02  0.000000000E+00  2.500199149E-02 
      1090  3.722500000E+02  0.000000000E+00  2.500193440E-02 
      1091  3.725000000E+02  0.000000000E+00  2.500187193E-02 
      1092  3.727500000E+02  0.000000000E+00  2.500180360E-02 
      1093  3.730000000E+02  0.000000000E+00  2.500172890E-02 
      1094  3.732500000E+02  0.000000000E+00  2.500164725E-02 
      1095  3.735000000E+02  0.000000000E+00  2.500155805E-02 
      1096  3.737500000E+02  0.000000000E+00  2.500146065E-02 
      1097  3.740000000E+02  0.000000000E+00  2.500135434E-02 
      1098  3.742500000E+02  0.000000000E+00  2.500123835E-02 
      1099  3.745000000E+02  0.000000000E+00  2.500111185E-02 
      1100  3.747500000E+02  0.000000000E+00  2.500097396E-02 
      1101  3.750000000E+02  0.000000000E+00  2.500082372E-02 
      1102  3.752500000E+02  0.000000000E+00  2.500066010E-02 
      1103  3.755000000E+02  0.000000000E+00  2.500048198E-02 
      1104  3.757500000E+02  0.000000000E+00  2.500028820E-02 
      1105  3.760000000E+02  0.000000000E+00  2.500007745E-02 
      1106  3.762500000E+02  0.000000000E+00  2.499984838E-02 
      1107  3.765000000E+02  0.000000000E+00  2.499959951E-02 
      1108  3.767500000E+02  0.000000000E+00  2.499932928E-02 
      1109  3.770000000E+02  0.000000000E+00  2.499903600E-02 
      1110  3.772500000E+02  0.000000000E+00  2.499871786E-02 
      1111  3.775000000E+02  0.000000000E+00  2.499837296E-02 
      1112  3.777500000E+02  0.000000000E+00  2.499799924E-02 
      1113  3.780000000E+02  0.000000000E+00  2.499759452E-02 
      1114  3.782500000E+02  0.000000000E+00  2.499715647E-02 
      1115  3.785000000E+02  0.000000000E+00  2.499668261E-02 
      1116  3.787500000E+02  0.000000000E+00  2.499617031E-02 
      1117  3.790000000E+02  0.000000000E+00  2.499561678E-02 
      1118  3.792500000E+02  0.000000000E+00  2.499501906E-02 
      1119  3.795000000E+02  0.000000000E+00  2.499437400E-02 
      1120  3.797500000E+02  0.000000000E+00  2.499367828E-02 
      1121  3.800000000E+02  0.000000000E+00  2.499292838E-02 
      1122  3.802500000E+02  0.000000000E+00  2.499212060E-02 
      1123  3.805000000E+02  0.000000000E+00  2.499125102E-02 
      1124  3.807500000E+02  0.000000000E+00  2.499031552E-02 
      1125  3.810000000E+02  0.000000000E+00  2.498930975E-02 
      1126  3.812500000E+02  0.000000000E+00  2.498822916E-02 
      1127  3.815000000E+02  0.000000000E+00  2.498706896E-02 
      1128  3.817500000E+02  0.000000000E+00  2.498582413E-02 
      1129  3.820000000E+02  0.000000000E+00  2.498448942E-02 
      1130  3.822500000E+02  0.000000000E+00  2.498305933E-02 
      1131  3.825000000E+02  0.000000000E+00  2.498152813E-02 
      1132  3.827500000E+02  0.000000000E+00  2.497988984E-02 
      1133  3.830000000E+02  0.000000000E+00  2.497813823E-02 
      1134  3.832500000E+02  0.000000000E+00  2.497626685E-02 
      1135  3.835000000E+02  0.000000000E+00  2.497426896E-02 
      1136  3.837500000E+02  0.000000000E+00  2.497213762E-02 
      1137  3.840000000E+02  0.000000000E+00  2.496986563E-02 
      1138  3.842500000E+02  0.000000000E+00  2.496744554E-02 
      1139  3.845000000E+02  0.000000000E+00  2.496486970E-02 
      1140  3.847500000E+02  0.000000000E+00  2.496213019E-02 
      1141  3.850000000E+02  0.000000000E+00  2.495921891E-02 
      1142  3.852500000E+02  0.000000000E+00  2.495612753E-02 
      1143  3.855000000E+02  0.000000000E+00  2.495284753E-02 
      1144  3.857500000E+02  0.000000000E+00  2.494937020E-02 
      1145  3.860000000E+02  0.000000000E+00  2.494568663E-02 
      1146  3.862500000E+02  0.000000000E+00  2.494178778E-02 
      1147  3.865000000E+02  0.000000000E+00  2.493766444E-02 
      1148  3.867500000E+02  0.000000000E+00  2.493330728E-02 
      1149  3.870000000E+02  0.000000000E+00  2.492870685E-02 
      1150  3.872500000E+02  0.000000000E+00  2.492385359E-02 
      1151  3.875000000E+02  0.000000000E+00  2.491873787E-02 
      1152  3.877500000E+02  0.000000000E+00  2.491334999E-02 
      1153  3.880000000E+02  0.000000000E+00  2.490768021E-02 
      1154  3.882500000E+02  0.000000000E+00  2.490171876E-02 
      1155  3.885000000E+02  0.000000000E+00  2.489545585E-02 
      1156  3.887500000E+02  0.000000000E+00  2.488888169E-02 
      1157  3.890000000E+02  0.000000000E+00  2.488198651E-02 
      1158  3.892500000E+02  0.000000000E+00  2.487476056E-02 
      1159  3.895000000E+02  0.000000000E+00  2.486719410E-02 
      1160  3.897500000E+02  0.000000000E+00  2.485927743E-02 
      1161  3.900000000E+02  0.000000000E+00  2.485100088E-02 
      1162  3.902500000E+02  0.000000000E+00  2.484235476E-02 
      1163  3.905000000E+02  0.000000000E+00  2.483332938E-02 
      1164  3.907500000E+02  0.000000000E+00  2.482391500E-02 
      1165  3.910000000E+02  0.000000000E+00  2.481410179E-02 
      1166  3.912500000E+02  0.000000000E+00  2.480387973E-02 
      1167  3.915000000E+02  0.000000000E+00  2.479323860E-02 
      1168  3.917500000E+02  0.000000000E+00  2.478216782E-02 
      1169  3.920000000E+02  0.000000000E+00  2.477065635E-02 
      1170  3.922500000E+02  0.000000000E+00  2.475869251E-02 
      1171  3.925000000E+02  0.000000000E+00  2.474626381E-02 
      1172  3.927500000E+02  0.000000000E+00  2.473335673E-02 
      1173  3.930000000E+02  0.000000000E+00  2.471995639E-02 
      1174  3.932500000E+02  0.000000000E+00  2.470604625E-02 
      1175  3.935000000E+02  0.000000000E+00  2.469160767E-02 
      1176  3.937500000E+02  0.000000000E+00  2.467661946E-02 
      1177  3.940000000E+02  0.000000000E+00  2.466105726E-02 
      1178  3.942500000E+02  0.000000000E+00  2.464489286E-02 
      1179  3.945000000E+02  0.000000000E+00  2.462809333E-02 
      1180  3.947500000E+02  0.000000000E+00  2.461062006E-02 
      1181  3.950000000E+02  0.000000000E+00  2.459242753E-02 
      1182  3.952500000E+02  0.000000000E+00  2.457346183E-02 
      1183  3.955000000E+02  0.000000000E+00  2.455365897E-02 
      1184  3.957500000E+02  0.000000000E+00  2.453294267E-02 
      1185  3.960000000E+02  0.000000000E+00  2.451122179E-02 
      1186  3.962500000E+02  0.000000000E+00  2.448838711E-02 
      1187  3.965000000E+02  0.000000000E+00  2.446430734E-02 
      1188  3.967500000E+02  0.000000000E+00  2.443882408E-02 
      1189  3.970000000E+02  0.000000000E+00  2.441174549E-02 
      1190  3.972500000E+02  0.000000000E+00  2.438283802E-02 
      1191  3.975000000E+02  0.000000000E+00  2.435181565E-02 
      1192  3.977500000E+02  0.000000000E+00  2.431832537E-02 
      1193  3.980000000E+02  0.000000000E+00  2.428192712E-02 
      1194  3.982500000E+02  0.000000000E+00  2.424206524E-02 
      1195  3.985000000E+02  0.000000000E+00  2.419802579E-02 
      1196  3.987500000E+02  0.000000000E+00  2.414886892E-02 
      1197  3.990000000E+02  0.000000000E+00  2.409331265E-02 
      1198  3.992500000E+02  0.000000000E+00  2.402950801E-02 
      1199  3.995000000E+02  0.000000000E+00  2.395452698E-02 
      1200  3.997500000E+02  0.000000000E+00  2.386293842E-02 
      1201  4.000000000E+02  0.000000000E+00  2.429165787E-02 
      1202  4.002000034E+02  0.000000000E+00  2.454886783E-02 
      1203  4.004016387E+02  0.000000000E+00  2.430192708E-02 
      1204  4.006049192E+02  0.000000000E+00  2.406870520E-02 
      1205  4.008098583E+02  0.000000000E+00  2.384856381E-02 
      1206  4.010164696E+02  0.000000000E+00  2.364088192E-02 
      1207  4.012247666E+02  0.000000000E+00  2.344505551E-02 
      1208  4.014347631E+02  0.000000000E+00  2.326049698E-02 
      1209  4.016464731E+02  0.000000000E+00  2.308663464E-02 
      1210  4.018599104E+02  0.000000000E+00  2.292291229E-02 
      1211  4.020750892E+02  0.000000000E+00  2.276878875E-02 
      1212  4.022920237E+02  0.000000000E+00  2.262373759E-02 
      1213  4.025107282E+02  0.000000000E+00  2.248922517E-02 
      1214  4.027312172E+02  0.000000000E+00  2.236321016E-02 
      1215  4.029535052E+02  0.000000000E+00  2.224315542E-02 
      1216  4.031776069E+02  0.000000000E+00  2.213011879E-02 
      1217  4.034035370E+02  0.000000000E+00  2.202364834E-02 
      1218  4.036313106E+02  0.000000000E+00  2.192330577E-02 
      1219  4.038609426E+02  0.000000000E+00  2.182866531E-02 
      1220  4.040924483E+02  0.000000000E+00  2.173931372E-02 
      1221  4.043258428E+02  0.000000000E+00  2.165909528E-02 
      1222  4.045611417E+02  0.000000000E+00  2.158355648E-02 
      1223  4.047983604E+02  0.000000000E+00  2.150798159E-02 
      1224  4.050375146E+02  0.000000000E+00  2.143611373E-02 
      1225  4.052786201E+02  0.000000000E+00  2.136760308E-02 
      1226  4.055216929E+02  0.000000000E+00  2.130689229E-02 
      1227  4.057667489E+02  0.000000000E+00  2.125860353E-02 
      1228  4.060138044E+02  0.000000000E+00  2.122190046E-02 
      1229  4.062628756E+02  0.000000000E+00  2.118200675E-02 
      1230  4.065139791E+02  0.000000000E+00  2.113393010E-02 
      1231  4.067671314E+02  0.000000000E+00  2.108995201E-02 
      1232  4.070223492E+02  0.000000000E+00  2.104598778E-02 
      1233  4.072796494E+02  0.000000000E+00  2.100268736E-02 
      1234  4.075390490E+02  0.000000000E+00  2.095773721E-02 
      1235  4.078005650E+02  0.000000000E+00  2.090666396E-02 
      1236  4.080642148E+02  0.000000000E+00  2.085616827E-02 
      1237  4.083300158E+02  0.000000000E+00  2.080514587E-02 
      1238  4.085979855E+02  0.000000000E+00  2.075320324E-02 
      1239  4.088681416E+02  0.000000000E+00  2.056405668E-02 
      1240  4.091405020E+02  0.000000000E+00  2.037445993E-02 
      1241  4.094150846E+02  0.000000000E+00  2.032381448E-02 
      1242  4.096919076E+02  0.000000000E+00  2.027242769E-02 
      1243  4.099709892E+02  0.000000000E+00  2.022012679E-02 
      1244  4.102523480E+02  0.000000000E+00  2.016674924E-02 
      1245  4.105360024E+02  0.000000000E+00  2.011214239E-02 
      1246  4.108219711E+02  0.000000000E+00  2.005616327E-02 
      1247  4.111102732E+02  0.000000000E+00  1.999867828E-02 
      1248  4.114009276E+02  0.000000000E+00  1.993956290E-02 
      1249  4.116939535E+02  0.000000000E+00  1.987870143E-02 
      1250  4.119893702E+02  0.000000000E+00  1.981598670E-02 
      1251  4.122871973E+02  0.000000000E+00  1.975131975E-02 
      1252  4.125874544E+02  0.000000000E+00  1.968460959E-02 
      1253  4.128901614E+02  0.000000000E+00  1.961577284E-02 
      1254  4.131953383E+02  0.000000000E+00  1.954473352E-02 
      1255  4.135030051E+02  0.000000000E+00  1.947142267E-02 
      1256  4.138131823E+02  0.000000000E+00  1.939577816E-02 
      1257  4.141258902E+02  0.000000000E+00  1.931774430E-02 
      1258  4.144411496E+02  0.000000000E+00  1.923727165E-02 
      1259  4.147589813E+02  0.000000000E+00  1.915431669E-02 
      1260  4.150794062E+02  0.000000000E+00  1.906884157E-02 
      1261  4.154024455E+02  0.000000000E+00  1.898081385E-02 
      1262  4.157281206E+02  0.000000000E+00  1.889020622E-02 
      1263  4.160564529E+02  0.000000000E+00  1.879699631E-02 
      1264  4.163874641E+02  0.000000000E+00  1.870116638E-02 
      1265  4.167211762E+02  0.000000000E+00  1.860270317E-02 
      1266  4.170576110E+02  0.000000000E+00  1.850159762E-02 
      1267  4.173967909E+02  0.000000000E+00  1.839784469E-02 
      1268  4.177387382E+02  0.000000000E+00  1.829144320E-02 
      1269  4.180834756E+02  0.000000000E+00  1.818239558E-02 
      1270  4.184310257E+02  0.000000000E+00  1.807070774E-02 
      1271  4.187814116E+02  0.000000000E+00  1.795638892E-02 
      1272  4.191346563E+02  0.000000000E+00  1.783945148E-02 
      1273  4.194907832E+02  0.000000000E+00  1.771991085E-02 
      1274  4.198498158E+02  0.000000000E+00  1.759778532E-02 
      1275  4.202117779E+02  0.000000000E+00  1.747309594E-02 
      1276  4.205766933E+02  0.000000000E+00  1.734586645E-02 
      1277  4.209445860E+02  0.000000000E+00  1.721612312E-02 
      1278  4.213154806E+02  0.000000000E+00  1.708389470E-02 
      1279  4.216894013E+02  0.000000000E+00  1.694921230E-02 
      1280  4.220663728E+02  0.000000000E+00  1.681210933E-02 
      1281  4.224464202E+02  0.000000000E+00  1.667262143E-02 
      1282  4.228295685E+02  0.000000000E+00  1.653078637E-02 
      1283  4.232158429E+02  0.000000000E+00  1.638664404E-02 
      1284  4.236052691E+02  0.000000000E+00  1.624023632E-02 
      1285  4.239978726E+02  0.000000000E+00  1.609160709E-02 
      1286  4.243936795E+02  0.000000000E+00  1.594080214E-02 
      1287  4.247927158E+02  0.000000000E+00  1.578786911E-02 
      1288  4.251950080E+02  0.000000000E+00  1.563285751E-02 
      1289  4.256005825E+02  0.000000000E+00  1.547581857E-02 
      1290  4.260094662E+02  0.000000000E+00  1.531680528E-02 
      1291  4.264216861E+02  0.000000000E+00  1.515587228E-02 
      1292  4.268372694E+02  0.000000000E+00  1.499307588E-02 
      1293  4.272562434E+02  0.000000000E+00  1.482847396E-02 
      1294  4.276786360E+02  0.000000000E+00  1.466212594E-02 
      1295  4.281044750E+02  0.000000000E+00  1.449409277E-02 
      1296  4.285337884E+02  0.000000000E+00  1.432443682E-02 
      1297  4.289666047E+02  0.000000000E+00  1.415322188E-02 
      1298  4.294029525E+02  0.000000000E+00  1.398051309E-02 
      1299  4.298428605E+02  0.000000000E+00  1.380637690E-02 
      1300  4.302863578E+02  0.000000000E+00  1.363088102E-02 
      1301  4.307334737E+02  0.000000000E+00  1.345409436E-02 
      1302  4.311842377E+02  0.000000000E+00  1.327608697E-02 
      1303  4.316386795E+02  0.000000000E+00  1.309693001E-02 
      1304  4.320968293E+02  0.000000000E+00  1.291669564E-02 
      1305  4.325587172E+02  0.000000000E+00  1.273545704E-02 
      1306  4.330243737E+02  0.000000000E+00  1.255328829E-02 
      1307  4.334938296E+02  0.000000000E+00  1.237026432E-02 
      1308  4.339671159E+02  0.000000000E+00  1.218646085E-02 
      1309  4.344442638E+02  0.000000000E+00  1.200195435E-02 
      1310  4.349253049E+02  0.000000000E+00  1.181682191E-02 
      1311  4.354102708E+02  0.000000000E+00  1.163114126E-02 
      1312  4.358991937E+02  0.000000000E+00  1.144499063E-02 
      1313  4.363921059E+02  0.000000000E+00  1.125844871E-02 
      1314  4.368890398E+02  0.000000000E+00  1.107159456E-02 
      1315  4.373900283E+02  0.000000000E+00  1.088450758E-02 
      1316  4.378951044E+02  0.000000000E+00  1.069726737E-02 
      1317  4.384043016E+02  0.000000000E+00  1.050995371E-02 
      1318  4.389176534E+02  0.000000000E+00  1.032264648E-02 
      1319  4.394351937E+02  0.000000000E+00  1.013542555E-02 
      1320  4.399569568E+02  0.000000000E+00  9.948370697E-03 
      1321  4.404829770E+02  0.000000000E+00  9.761561597E-03 
      1322  4.410132892E+02  0.000000000E+00  9.575077666E-03 
      1323  4.415479282E+02  0.000000000E+00  9.388998013E-03 
      1324  4.420869295E+02  0.000000000E+00  9.203401360E-03 
      1325  4.426303286E+02  0.000000000E+00  9.018365963E-03 
      1326  4.431781614E+02  0.000000000E+00  8.833969510E-03 
      1327  4.437304641E+02  0.000000000E+00  8.650289064E-03 
      1328  4.442872731E+02  0.000000000E+00  8.467400958E-03 
      1329  4.448486253E+02  0.000000000E+00  8.285380735E-03 
      1330  4.454145576E+02  0.000000000E+00  8.104303037E-03 
      1331  4.459851075E+02  0.000000000E+00  7.924241553E-03 
      1332  4.465603126E+02  0.000000000E+00  7.745268905E-03 
      1333  4.471402109E+02  0.000000000E+00  7.567456593E-03 
      1334  4.477248408E+02  0.000000000E+00  7.390874891E-03 
      1335  4.483142407E+02  0.000000000E+00  7.215592781E-03 
      1336  4.489084497E+02  0.000000000E+00  7.041677859E-03 
      1337  4.495075070E+02  0.000000000E+00  6.869196260E-03 
      1338  4.501114521E+02  0.000000000E+00  6.698212576E-03 
      1339  4.507203248E+02  0.000000000E+00  6.528789777E-03 
      1340  4.513341655E+02  0.000000000E+00  6.360989135E-03 
      1341  4.519530147E+02  0.000000000E+00  6.194870134E-03 
      1342  4.525769132E+02  0.000000000E+00  6.030490414E-03 
      1343  4.532059021E+02  0.000000000E+00  5.867905670E-03 
      1344  4.538400232E+02  0.000000000E+00  5.707169600E-03 
      1345  4.544793181E+02  0.000000000E+00  5.548333813E-03 
      1346  4.551238292E+02  0.000000000E+00  5.391447774E-03 
      1347  4.557735990E+02  0.000000000E+00  5.236558718E-03 
      1348  4.564286703E+02  0.000000000E+00  5.083711588E-03 
      1349  4.570890866E+02  0.000000000E+00  4.932948972E-03 
      1350  4.577548913E+02  0.000000000E+00  4.784311023E-03 
      1351  4.584261284E+02  0.000000000E+00  4.637835411E-03 
      1352  4.591028423E+02  0.000000000E+00  4.493557244E-03 
      1353  4.597850777E+02  0.000000000E+00  4.351509021E-03 
      1354  4.604728795E+02  0.000000000E+00  4.211720562E-03 
      1355  4.611662932E+02  0.000000000E+00  4.074218957E-03 
      1356  4.618653647E+02  0.000000000E+00  3.939028500E-03 
      1357  4.625701400E+02  0.000000000E+00  3.806170649E-03 
      1358  4.632806657E+02  0.000000000E+00  3.675663963E-03 
      1359  4.639969887E+02  0.000000000E+00  3.547524049E-03 
      1360  4.647191564E+02  0.000000000E+00  3.421763524E-03 
      1361  4.654472164E+02  0.000000000E+00  3.298391951E-03 
      1362  4.661812167E+02  0.000000000E+00  3.177415808E-03 
      1363  4.669212059E+02  0.000000000E+00  3.058838429E-03 
      1364  4.676672328E+02  0.000000000E+00  2.942659969E-03 
      1365  4.684193468E+02  0.000000000E+00  2.828877357E-03 
      1366  4.691775973E+02  0.000000000E+00  2.717484256E-03 
      1367  4.699420346E+02  0.000000000E+00  2.608471020E-03 
      1368  4.707127091E+02  0.000000000E+00  2.501824650E-03 
      1369  4.714896716E+02  0.000000000E+00  2.397528760E-03 
      1370  4.722729736E+02  0.000000000E+00  2.295563535E-03 
      1371  4.730626666E+02  0.000000000E+00  2.195905686E-03 
      1372  4.738588030E+02  0.000000000E+00  2.098528416E-03 
      1373  4.746614352E+02  0.000000000E+00  2.003401374E-03 
      1374  4.754706162E+02  0.000000000E+00  1.910490617E-03 
      1375  4.762863994E+02  0.000000000E+00  1.819758564E-03 
      1376  4.771088389E+02  0.000000000E+00  1.731163949E-03 
      1377  4.779379887E+02  0.000000000E+00  1.644661783E-03 
      1378  4.787739038E+02  0.000000000E+00  1.560203296E-03 
      1379  4.796166392E+02  0.000000000E+00  1.477735888E-03 
      1380  4.804662507E+02  0.000000000E+00  1.397203079E-03 
      1381  4.813227944E+02  0.000000000E+00  1.318544446E-03 
      1382  4.821863268E+02  0.000000000E+00  1.241695564E-03 
      1383  4.830569049E+02  0.000000000E+00  1.166587938E-03 
      1384  4.839345862E+02  0.000000000E+00  1.093148930E-03 
      1385  4.848194287E+02  0.000000000E+00  1.021301684E-03 
      1386  4.857114908E+02  0.000000000E+00  9.509650366E-04 
      1387  4.866108314E+02  0.000000000E+00  8.820534175E-04 
      1388  4.875175099E+02  0.000000000E+00  8.144767317E-04 
      1389  4.884315862E+02  0.000000000E+00  7.481402035E-04 
      1390  4.893531206E+02  0.000000000E+00  6.829441562E-04 
      1391  4.902821741E+02  0.000000000E+00  6.187836666E-04 
      1392  4.912188078E+02  0.000000000E+00  5.555479768E-04 
      1393  4.921630837E+02  0.000000000E+00  4.931194290E-04 
      1394  4.931150642E+02  0.000000000E+00  4.313714863E-04 
      1395  4.940748120E+02  0.000000000E+00  3.701649953E-04 
      1396  4.950423907E+02  0.000000000E+00  3.093411196E-04 
      1397  4.960178639E+02  0.000000000E+00  2.487080385E-04 
      1398  4.970012963E+02  0.000000000E+00  1.880160998E-04 
      1399  4.979927527E+02  0.000000000E+00  1.269132816E-04 
      1400  4.989922986E+02  0.000000000E+00  6.463975697E-05 
      1401  5.000000000E+02  0.000000000E+00  3.294164608E-05 
