nodenumber     x-coordinate     y-coordinate           udm-10 
         1  0.000000000E+00  0.000000000E+00 -8.845315374E-05 
         2  1.007701384E+00  0.000000000E+00 -1.763363132E-04 
         3  2.007247274E+00  0.000000000E+00 -3.501554528E-04 
         4  2.998703673E+00  0.000000000E+00 -5.220940677E-04 
         5  3.982136051E+00  0.000000000E+00 -6.927085075E-04 
         6  4.957609346E+00  0.000000000E+00 -8.619674286E-04 
         7  5.925187975E+00  0.000000000E+00 -1.029852026E-03 
         8  6.884935829E+00  0.000000000E+00 -1.196349654E-03 
         9  7.836916284E+00  0.000000000E+00 -1.361452160E-03 
        10  8.781192203E+00  0.000000000E+00 -1.525154687E-03 
        11  9.717825941E+00  0.000000000E+00 -1.687454822E-03 
        12  1.064687935E+01  0.000000000E+00 -1.848351986E-03 
        13  1.156841377E+01  0.000000000E+00 -2.007846998E-03 
        14  1.248249006E+01  0.000000000E+00 -2.165941761E-03 
        15  1.338916858E+01  0.000000000E+00 -2.322639033E-03 
        16  1.428850920E+01  0.000000000E+00 -2.477942265E-03 
        17  1.518057130E+01  0.000000000E+00 -2.631855482E-03 
        18  1.606541380E+01  0.000000000E+00 -2.784383188E-03 
        19  1.694309512E+01  0.000000000E+00 -2.935530302E-03 
        20  1.781367322E+01  0.000000000E+00 -3.085302112E-03 
        21  1.867720559E+01  0.000000000E+00 -3.233704228E-03 
        22  1.953374925E+01  0.000000000E+00 -3.380742558E-03 
        23  2.038336076E+01  0.000000000E+00 -3.526423281E-03 
        24  2.122609622E+01  0.000000000E+00 -3.670752827E-03 
        25  2.206201128E+01  0.000000000E+00 -3.813737862E-03 
        26  2.289116114E+01  0.000000000E+00 -3.955385269E-03 
        27  2.371360056E+01  0.000000000E+00 -4.095702141E-03 
        28  2.452938383E+01  0.000000000E+00 -4.234695764E-03 
        29  2.533856484E+01  0.000000000E+00 -4.372373612E-03 
        30  2.614119701E+01  0.000000000E+00 -4.508743333E-03 
        31  2.693733335E+01  0.000000000E+00 -4.643812739E-03 
        32  2.772702642E+01  0.000000000E+00 -4.777589803E-03 
        33  2.851032837E+01  0.000000000E+00 -4.910082645E-03 
        34  2.928729093E+01  0.000000000E+00 -5.041299526E-03 
        35  3.005796541E+01  0.000000000E+00 -5.171248841E-03 
        36  3.082240268E+01  0.000000000E+00 -5.299939109E-03 
        37  3.158065324E+01  0.000000000E+00 -5.427378969E-03 
        38  3.233276716E+01  0.000000000E+00 -5.553577170E-03 
        39  3.307879409E+01  0.000000000E+00 -5.678542568E-03 
        40  3.381878330E+01  0.000000000E+00 -5.802284113E-03 
        41  3.455278365E+01  0.000000000E+00 -5.924810849E-03 
        42  3.528084362E+01  0.000000000E+00 -6.046131903E-03 
        43  3.600301127E+01  0.000000000E+00 -6.166256483E-03 
        44  3.671933431E+01  0.000000000E+00 -6.285193867E-03 
        45  3.742986002E+01  0.000000000E+00 -6.402953402E-03 
        46  3.813463533E+01  0.000000000E+00 -6.519544496E-03 
        47  3.883370678E+01  0.000000000E+00 -6.634976611E-03 
        48  3.952712052E+01  0.000000000E+00 -6.749259261E-03 
        49  4.021492235E+01  0.000000000E+00 -6.862402005E-03 
        50  4.089715769E+01  0.000000000E+00 -6.974414442E-03 
        51  4.157387159E+01  0.000000000E+00 -7.085306207E-03 
        52  4.224510872E+01  0.000000000E+00 -7.195086965E-03 
        53  4.291091342E+01  0.000000000E+00 -7.303766407E-03 
        54  4.357132966E+01  0.000000000E+00 -7.411354247E-03 
        55  4.422640104E+01  0.000000000E+00 -7.517860215E-03 
        56  4.487617081E+01  0.000000000E+00 -7.623294055E-03 
        57  4.552068189E+01  0.000000000E+00 -7.727665520E-03 
        58  4.615997684E+01  0.000000000E+00 -7.830984371E-03 
        59  4.679409786E+01  0.000000000E+00 -7.933260367E-03 
        60  4.742308684E+01  0.000000000E+00 -8.034503270E-03 
        61  4.804698530E+01  0.000000000E+00 -8.134722833E-03 
        62  4.866583446E+01  0.000000000E+00 -8.233928803E-03 
        63  4.927967516E+01  0.000000000E+00 -8.332130915E-03 
        64  4.988854795E+01  0.000000000E+00 -8.429338890E-03 
        65  5.049249303E+01  0.000000000E+00 -8.525562433E-03 
        66  5.109155028E+01  0.000000000E+00 -8.620811226E-03 
        67  5.168575926E+01  0.000000000E+00 -8.715094932E-03 
        68  5.227515921E+01  0.000000000E+00 -8.808423186E-03 
        69  5.285978905E+01  0.000000000E+00 -8.900805598E-03 
        70  5.343968738E+01  0.000000000E+00 -8.992251748E-03 
        71  5.401489250E+01  0.000000000E+00 -9.082771184E-03 
        72  5.458544238E+01  0.000000000E+00 -9.172373420E-03 
        73  5.515137472E+01  0.000000000E+00 -9.261067935E-03 
        74  5.571272686E+01  0.000000000E+00 -9.348864173E-03 
        75  5.626953590E+01  0.000000000E+00 -9.435771536E-03 
        76  5.682183858E+01  0.000000000E+00 -9.521799390E-03 
        77  5.736967139E+01  0.000000000E+00 -9.606957055E-03 
        78  5.791307049E+01  0.000000000E+00 -9.691253814E-03 
        79  5.845207178E+01  0.000000000E+00 -9.774698903E-03 
        80  5.898671083E+01  0.000000000E+00 -9.857301515E-03 
        81  5.951702297E+01  0.000000000E+00 -9.939070801E-03 
        82  6.004304320E+01  0.000000000E+00 -1.002001586E-02 
        83  6.056480627E+01  0.000000000E+00 -1.010014576E-02 
        84  6.108234661E+01  0.000000000E+00 -1.017946951E-02 
        85  6.159569842E+01  0.000000000E+00 -1.025799608E-02 
        86  6.210489559E+01  0.000000000E+00 -1.033573440E-02 
        87  6.260997174E+01  0.000000000E+00 -1.041269334E-02 
        88  6.311096022E+01  0.000000000E+00 -1.048888175E-02 
        89  6.360789412E+01  0.000000000E+00 -1.056430842E-02 
        90  6.410080625E+01  0.000000000E+00 -1.063898212E-02 
        91  6.458972916E+01  0.000000000E+00 -1.071291157E-02 
        92  6.507469514E+01  0.000000000E+00 -1.078610546E-02 
        93  6.555573621E+01  0.000000000E+00 -1.085857244E-02 
        94  6.603288413E+01  0.000000000E+00 -1.093032115E-02 
        95  6.650617042E+01  0.000000000E+00 -1.100136019E-02 
        96  6.697562632E+01  0.000000000E+00 -1.107169815E-02 
        97  6.744128283E+01  0.000000000E+00 -1.114134361E-02 
        98  6.790317071E+01  0.000000000E+00 -1.121030513E-02 
        99  6.836132046E+01  0.000000000E+00 -1.127859128E-02 
       100  6.881576232E+01  0.000000000E+00 -1.134621064E-02 
       101  6.926652631E+01  0.000000000E+00 -1.141317180E-02 
       102  6.971364219E+01  0.000000000E+00 -1.147948338E-02 
       103  7.015713949E+01  0.000000000E+00 -1.154515405E-02 
       104  7.059704749E+01  0.000000000E+00 -1.161019250E-02 
       105  7.103339524E+01  0.000000000E+00 -1.167460752E-02 
       106  7.146621156E+01  0.000000000E+00 -1.173840796E-02 
       107  7.189552503E+01  0.000000000E+00 -1.180160277E-02 
       108  7.232136399E+01  0.000000000E+00 -1.186420102E-02 
       109  7.274375656E+01  0.000000000E+00 -1.192621193E-02 
       110  7.316273064E+01  0.000000000E+00 -1.198764485E-02 
       111  7.357831389E+01  0.000000000E+00 -1.204850936E-02 
       112  7.399053376E+01  0.000000000E+00 -1.210881521E-02 
       113  7.439941746E+01  0.000000000E+00 -1.216857244E-02 
       114  7.480499201E+01  0.000000000E+00 -1.222779133E-02 
       115  7.520728416E+01  0.000000000E+00 -1.228648252E-02 
       116  7.560632051E+01  0.000000000E+00 -1.234465699E-02 
       117  7.600212738E+01  0.000000000E+00 -1.240232612E-02 
       118  7.639473092E+01  0.000000000E+00 -1.245950175E-02 
       119  7.678415706E+01  0.000000000E+00 -1.251619624E-02 
       120  7.717043151E+01  0.000000000E+00 -1.257242250E-02 
       121  7.755357977E+01  0.000000000E+00 -1.262819408E-02 
       122  7.793362715E+01  0.000000000E+00 -1.268352524E-02 
       123  7.831059875E+01  0.000000000E+00 -1.273843099E-02 
       124  7.868451945E+01  0.000000000E+00 -1.279292723E-02 
       125  7.905541395E+01  0.000000000E+00 -1.284703076E-02 
       126  7.942330674E+01  0.000000000E+00 -1.290075948E-02 
       127  7.978822211E+01  0.000000000E+00 -1.295413237E-02 
       128  8.015018416E+01  0.000000000E+00 -1.300716972E-02 
       129  8.050921679E+01  0.000000000E+00 -1.305989315E-02 
       130  8.086534371E+01  0.000000000E+00 -1.311232582E-02 
       131  8.121858844E+01  0.000000000E+00 -1.316449250E-02 
       132  8.156897429E+01  0.000000000E+00 -1.321641977E-02 
       133  8.191652442E+01  0.000000000E+00 -1.326813615E-02 
       134  8.226126177E+01  0.000000000E+00 -1.331967228E-02 
       135  8.260320909E+01  0.000000000E+00 -1.337106112E-02 
       136  8.294238899E+01  0.000000000E+00 -1.342233809E-02 
       137  8.327882384E+01  0.000000000E+00 -1.347354137E-02 
       138  8.361253587E+01  0.000000000E+00 -1.352471201E-02 
       139  8.394354712E+01  0.000000000E+00 -1.357589427E-02 
       140  8.427187943E+01  0.000000000E+00 -1.362713581E-02 
       141  8.459755450E+01  0.000000000E+00 -1.367848797E-02 
       142  8.492059382E+01  0.000000000E+00 -1.373000607E-02 
       143  8.524101873E+01  0.000000000E+00 -1.378174969E-02 
       144  8.555885039E+01  0.000000000E+00 -1.383378300E-02 
       145  8.587410979E+01  0.000000000E+00 -1.388617511E-02 
       146  8.618681774E+01  0.000000000E+00 -1.393900041E-02 
       147  8.649699489E+01  0.000000000E+00 -1.399233893E-02 
       148  8.680466173E+01  0.000000000E+00 -1.404627679E-02 
       149  8.710983857E+01  0.000000000E+00 -1.410090658E-02 
       150  8.741254556E+01  0.000000000E+00 -1.415632779E-02 
       151  8.771280270E+01  0.000000000E+00 -1.421264732E-02 
       152  8.801062980E+01  0.000000000E+00 -1.426997993E-02 
       153  8.830604654E+01  0.000000000E+00 -1.432844877E-02 
       154  8.859907242E+01  0.000000000E+00 -1.438818591E-02 
       155  8.888972679E+01  0.000000000E+00 -1.444933289E-02 
       156  8.917802885E+01  0.000000000E+00 -1.451204133E-02 
       157  8.946399764E+01  0.000000000E+00 -1.457647354E-02 
       158  8.974765203E+01  0.000000000E+00 -1.464280314E-02 
       159  9.002901076E+01  0.000000000E+00 -1.471121578E-02 
       160  9.030809241E+01  0.000000000E+00 -1.478190976E-02 
       161  9.058491540E+01  0.000000000E+00 -1.485509682E-02 
       162  9.085949802E+01  0.000000000E+00 -1.493100287E-02 
       163  9.113185839E+01  0.000000000E+00 -1.500986878E-02 
       164  9.140201451E+01  0.000000000E+00 -1.509195118E-02 
       165  9.166998421E+01  0.000000000E+00 -1.517752328E-02 
       166  9.193578518E+01  0.000000000E+00 -1.526687580E-02 
       167  9.219943499E+01  0.000000000E+00 -1.536031779E-02 
       168  9.246095103E+01  0.000000000E+00 -1.545817762E-02 
       169  9.272035058E+01  0.000000000E+00 -1.556080389E-02 
       170  9.297765077E+01  0.000000000E+00 -1.566856647E-02 
       171  9.323286858E+01  0.000000000E+00 -1.578185134E-02 
       172  9.348602087E+01  0.000000000E+00 -1.590108056E-02 
       173  9.373712436E+01  0.000000000E+00 -1.602341941E-02 
       174  9.398619563E+01  0.000000000E+00 -1.615195136E-02 
       175  9.423325112E+01  0.000000000E+00 -1.629037227E-02 
       176  9.447830715E+01  0.000000000E+00 -1.654486499E-02 
       177  9.472137990E+01  0.000000000E+00 -1.680289265E-02 
       178  9.496248543E+01  0.000000000E+00 -1.696002856E-02 
       179  9.520163964E+01  0.000000000E+00 -1.712453226E-02 
       180  9.543885834E+01  0.000000000E+00 -1.729134955E-02 
       181  9.567415720E+01  0.000000000E+00 -1.747076662E-02 
       182  9.590755173E+01  0.000000000E+00 -1.766939129E-02 
       183  9.613905737E+01  0.000000000E+00 -1.788162025E-02 
       184  9.636868940E+01  0.000000000E+00 -1.810608952E-02 
       185  9.659646297E+01  0.000000000E+00 -1.834356911E-02 
       186  9.682239314E+01  0.000000000E+00 -1.859486677E-02 
       187  9.704649481E+01  0.000000000E+00 -1.886048882E-02 
       188  9.726878279E+01  0.000000000E+00 -1.914206366E-02 
       189  9.748927176E+01  0.000000000E+00 -1.944115875E-02 
       190  9.770797628E+01  0.000000000E+00 -1.975825082E-02 
       191  9.792491078E+01  0.000000000E+00 -2.009509053E-02 
       192  9.814008960E+01  0.000000000E+00 -2.045218223E-02 
       193  9.835352693E+01  0.000000000E+00 -2.082979695E-02 
       194  9.856523689E+01  0.000000000E+00 -2.122961732E-02 
       195  9.877523344E+01  0.000000000E+00 -2.164972441E-02 
       196  9.898353045E+01  0.000000000E+00 -2.209396103E-02 
       197  9.919014168E+01  0.000000000E+00 -2.256679678E-02 
       198  9.939508077E+01  0.000000000E+00 -2.306715754E-02 
       199  9.959836126E+01  0.000000000E+00 -2.359656617E-02 
       200  9.979999657E+01  0.000000000E+00 -2.415662108E-02 
       201  1.000000000E+02  0.000000000E+00 -2.341407707E-02 
       202  1.002500000E+02  0.000000000E+00 -2.224006141E-02 
       203  1.005000000E+02  0.000000000E+00 -2.244147949E-02 
       204  1.007500000E+02  0.000000000E+00 -2.260408842E-02 
       205  1.010000000E+02  0.000000000E+00 -2.274051251E-02 
       206  1.012500000E+02  0.000000000E+00 -2.285757136E-02 
       207  1.015000000E+02  0.000000000E+00 -2.295958573E-02 
       208  1.017500000E+02  0.000000000E+00 -2.304956463E-02 
       209  1.020000000E+02  0.000000000E+00 -2.312972596E-02 
       210  1.022500000E+02  0.000000000E+00 -2.320176528E-02 
       211  1.025000000E+02  0.000000000E+00 -2.326701191E-02 
       212  1.027500000E+02  0.000000000E+00 -2.332652734E-02 
       213  1.030000000E+02  0.000000000E+00 -2.338117112E-02 
       214  1.032500000E+02  0.000000000E+00 -2.343164691E-02 
       215  1.035000000E+02  0.000000000E+00 -2.347853578E-02 
       216  1.037500000E+02  0.000000000E+00 -2.352232104E-02 
       217  1.040000000E+02  0.000000000E+00 -2.356340701E-02 
       218  1.042500000E+02  0.000000000E+00 -2.360213367E-02 
       219  1.045000000E+02  0.000000000E+00 -2.363878806E-02 
       220  1.047500000E+02  0.000000000E+00 -2.367361341E-02 
       221  1.050000000E+02  0.000000000E+00 -2.370681652E-02 
       222  1.052500000E+02  0.000000000E+00 -2.373857367E-02 
       223  1.055000000E+02  0.000000000E+00 -2.376903553E-02 
       224  1.057500000E+02  0.000000000E+00 -2.379833119E-02 
       225  1.060000000E+02  0.000000000E+00 -2.382657147E-02 
       226  1.062500000E+02  0.000000000E+00 -2.385385172E-02 
       227  1.065000000E+02  0.000000000E+00 -2.388025413E-02 
       228  1.067500000E+02  0.000000000E+00 -2.390584973E-02 
       229  1.070000000E+02  0.000000000E+00 -2.393069999E-02 
       230  1.072500000E+02  0.000000000E+00 -2.395485824E-02 
       231  1.075000000E+02  0.000000000E+00 -2.397837086E-02 
       232  1.077500000E+02  0.000000000E+00 -2.400127825E-02 
       233  1.080000000E+02  0.000000000E+00 -2.402361574E-02 
       234  1.082500000E+02  0.000000000E+00 -2.404541427E-02 
       235  1.085000000E+02  0.000000000E+00 -2.406670104E-02 
       236  1.087500000E+02  0.000000000E+00 -2.408750003E-02 
       237  1.090000000E+02  0.000000000E+00 -2.410783248E-02 
       238  1.092500000E+02  0.000000000E+00 -2.412771724E-02 
       239  1.095000000E+02  0.000000000E+00 -2.414717114E-02 
       240  1.097500000E+02  0.000000000E+00 -2.416620924E-02 
       241  1.100000000E+02  0.000000000E+00 -2.418484514E-02 
       242  1.102500000E+02  0.000000000E+00 -2.420309110E-02 
       243  1.105000000E+02  0.000000000E+00 -2.422095831E-02 
       244  1.107500000E+02  0.000000000E+00 -2.423845698E-02 
       245  1.110000000E+02  0.000000000E+00 -2.425559653E-02 
       246  1.112500000E+02  0.000000000E+00 -2.427238563E-02 
       247  1.115000000E+02  0.000000000E+00 -2.428883239E-02 
       248  1.117500000E+02  0.000000000E+00 -2.430494436E-02 
       249  1.120000000E+02  0.000000000E+00 -2.432072865E-02 
       250  1.122500000E+02  0.000000000E+00 -2.433619199E-02 
       251  1.125000000E+02  0.000000000E+00 -2.435134077E-02 
       252  1.127500000E+02  0.000000000E+00 -2.436618107E-02 
       253  1.130000000E+02  0.000000000E+00 -2.438071875E-02 
       254  1.132500000E+02  0.000000000E+00 -2.439495941E-02 
       255  1.135000000E+02  0.000000000E+00 -2.440890850E-02 
       256  1.137500000E+02  0.000000000E+00 -2.442257128E-02 
       257  1.140000000E+02  0.000000000E+00 -2.443595287E-02 
       258  1.142500000E+02  0.000000000E+00 -2.444905824E-02 
       259  1.145000000E+02  0.000000000E+00 -2.446189228E-02 
       260  1.147500000E+02  0.000000000E+00 -2.447445975E-02 
       261  1.150000000E+02  0.000000000E+00 -2.448676533E-02 
       262  1.152500000E+02  0.000000000E+00 -2.449881361E-02 
       263  1.155000000E+02  0.000000000E+00 -2.451060910E-02 
       264  1.157500000E+02  0.000000000E+00 -2.452215626E-02 
       265  1.160000000E+02  0.000000000E+00 -2.453345946E-02 
       266  1.162500000E+02  0.000000000E+00 -2.454452301E-02 
       267  1.165000000E+02  0.000000000E+00 -2.455535118E-02 
       268  1.167500000E+02  0.000000000E+00 -2.456594818E-02 
       269  1.170000000E+02  0.000000000E+00 -2.457631814E-02 
       270  1.172500000E+02  0.000000000E+00 -2.458646518E-02 
       271  1.175000000E+02  0.000000000E+00 -2.459639333E-02 
       272  1.177500000E+02  0.000000000E+00 -2.460610660E-02 
       273  1.180000000E+02  0.000000000E+00 -2.461560894E-02 
       274  1.182500000E+02  0.000000000E+00 -2.462490424E-02 
       275  1.185000000E+02  0.000000000E+00 -2.463399637E-02 
       276  1.187500000E+02  0.000000000E+00 -2.464288912E-02 
       277  1.190000000E+02  0.000000000E+00 -2.465158626E-02 
       278  1.192500000E+02  0.000000000E+00 -2.466009150E-02 
       279  1.195000000E+02  0.000000000E+00 -2.466840849E-02 
       280  1.197500000E+02  0.000000000E+00 -2.467654085E-02 
       281  1.200000000E+02  0.000000000E+00 -2.468449216E-02 
       282  1.202500000E+02  0.000000000E+00 -2.469226592E-02 
       283  1.205000000E+02  0.000000000E+00 -2.469986560E-02 
       284  1.207500000E+02  0.000000000E+00 -2.470729463E-02 
       285  1.210000000E+02  0.000000000E+00 -2.471455638E-02 
       286  1.212500000E+02  0.000000000E+00 -2.472165417E-02 
       287  1.215000000E+02  0.000000000E+00 -2.472859127E-02 
       288  1.217500000E+02  0.000000000E+00 -2.473537092E-02 
       289  1.220000000E+02  0.000000000E+00 -2.474199627E-02 
       290  1.222500000E+02  0.000000000E+00 -2.474847047E-02 
       291  1.225000000E+02  0.000000000E+00 -2.475479659E-02 
       292  1.227500000E+02  0.000000000E+00 -2.476097764E-02 
       293  1.230000000E+02  0.000000000E+00 -2.476701662E-02 
       294  1.232500000E+02  0.000000000E+00 -2.477291644E-02 
       295  1.235000000E+02  0.000000000E+00 -2.477868000E-02 
       296  1.237500000E+02  0.000000000E+00 -2.478431010E-02 
       297  1.240000000E+02  0.000000000E+00 -2.478980955E-02 
       298  1.242500000E+02  0.000000000E+00 -2.479518106E-02 
       299  1.245000000E+02  0.000000000E+00 -2.480042732E-02 
       300  1.247500000E+02  0.000000000E+00 -2.480555097E-02 
       301  1.250000000E+02  0.000000000E+00 -2.481055459E-02 
       302  1.252500000E+02  0.000000000E+00 -2.481544072E-02 
       303  1.255000000E+02  0.000000000E+00 -2.482021186E-02 
       304  1.257500000E+02  0.000000000E+00 -2.482487044E-02 
       305  1.260000000E+02  0.000000000E+00 -2.482941888E-02 
       306  1.262500000E+02  0.000000000E+00 -2.483385951E-02 
       307  1.265000000E+02  0.000000000E+00 -2.483819465E-02 
       308  1.267500000E+02  0.000000000E+00 -2.484242656E-02 
       309  1.270000000E+02  0.000000000E+00 -2.484655745E-02 
       310  1.272500000E+02  0.000000000E+00 -2.485058949E-02 
       311  1.275000000E+02  0.000000000E+00 -2.485452482E-02 
       312  1.277500000E+02  0.000000000E+00 -2.485836552E-02 
       313  1.280000000E+02  0.000000000E+00 -2.486211363E-02 
       314  1.282500000E+02  0.000000000E+00 -2.486577116E-02 
       315  1.285000000E+02  0.000000000E+00 -2.486934005E-02 
       316  1.287500000E+02  0.000000000E+00 -2.487282222E-02 
       317  1.290000000E+02  0.000000000E+00 -2.487621956E-02 
       318  1.292500000E+02  0.000000000E+00 -2.487953390E-02 
       319  1.295000000E+02  0.000000000E+00 -2.488276704E-02 
       320  1.297500000E+02  0.000000000E+00 -2.488592073E-02 
       321  1.300000000E+02  0.000000000E+00 -2.488899670E-02 
       322  1.302500000E+02  0.000000000E+00 -2.489199662E-02 
       323  1.305000000E+02  0.000000000E+00 -2.489492214E-02 
       324  1.307500000E+02  0.000000000E+00 -2.489777487E-02 
       325  1.310000000E+02  0.000000000E+00 -2.490055639E-02 
       326  1.312500000E+02  0.000000000E+00 -2.490326822E-02 
       327  1.315000000E+02  0.000000000E+00 -2.490591188E-02 
       328  1.317500000E+02  0.000000000E+00 -2.490848883E-02 
       329  1.320000000E+02  0.000000000E+00 -2.491100049E-02 
       330  1.322500000E+02  0.000000000E+00 -2.491344829E-02 
       331  1.325000000E+02  0.000000000E+00 -2.491583357E-02 
       332  1.327500000E+02  0.000000000E+00 -2.491815768E-02 
       333  1.330000000E+02  0.000000000E+00 -2.492042193E-02 
       334  1.332500000E+02  0.000000000E+00 -2.492262758E-02 
       335  1.335000000E+02  0.000000000E+00 -2.492477588E-02 
       336  1.337500000E+02  0.000000000E+00 -2.492686804E-02 
       337  1.340000000E+02  0.000000000E+00 -2.492890524E-02 
       338  1.342500000E+02  0.000000000E+00 -2.493088865E-02 
       339  1.345000000E+02  0.000000000E+00 -2.493281937E-02 
       340  1.347500000E+02  0.000000000E+00 -2.493469852E-02 
       341  1.350000000E+02  0.000000000E+00 -2.493652717E-02 
       342  1.352500000E+02  0.000000000E+00 -2.493830634E-02 
       343  1.355000000E+02  0.000000000E+00 -2.494003707E-02 
       344  1.357500000E+02  0.000000000E+00 -2.494172034E-02 
       345  1.360000000E+02  0.000000000E+00 -2.494335711E-02 
       346  1.362500000E+02  0.000000000E+00 -2.494494832E-02 
       347  1.365000000E+02  0.000000000E+00 -2.494649488E-02 
       348  1.367500000E+02  0.000000000E+00 -2.494799769E-02 
       349  1.370000000E+02  0.000000000E+00 -2.494945761E-02 
       350  1.372500000E+02  0.000000000E+00 -2.495087547E-02 
       351  1.375000000E+02  0.000000000E+00 -2.495225209E-02 
       352  1.377500000E+02  0.000000000E+00 -2.495358827E-02 
       353  1.380000000E+02  0.000000000E+00 -2.495488477E-02 
       354  1.382500000E+02  0.000000000E+00 -2.495614234E-02 
       355  1.385000000E+02  0.000000000E+00 -2.495736170E-02 
       356  1.387500000E+02  0.000000000E+00 -2.495854357E-02 
       357  1.390000000E+02  0.000000000E+00 -2.495968861E-02 
       358  1.392500000E+02  0.000000000E+00 -2.496079749E-02 
       359  1.395000000E+02  0.000000000E+00 -2.496187083E-02 
       360  1.397500000E+02  0.000000000E+00 -2.496290927E-02 
       361  1.400000000E+02  0.000000000E+00 -2.496391340E-02 
       362  1.402500000E+02  0.000000000E+00 -2.496488378E-02 
       363  1.405000000E+02  0.000000000E+00 -2.496582097E-02 
       364  1.407500000E+02  0.000000000E+00 -2.496672550E-02 
       365  1.410000000E+02  0.000000000E+00 -2.496759790E-02 
       366  1.412500000E+02  0.000000000E+00 -2.496843864E-02 
       367  1.415000000E+02  0.000000000E+00 -2.496924822E-02 
       368  1.417500000E+02  0.000000000E+00 -2.497002706E-02 
       369  1.420000000E+02  0.000000000E+00 -2.497077562E-02 
       370  1.422500000E+02  0.000000000E+00 -2.497149431E-02 
       371  1.425000000E+02  0.000000000E+00 -2.497218351E-02 
       372  1.427500000E+02  0.000000000E+00 -2.497284361E-02 
       373  1.430000000E+02  0.000000000E+00 -2.497347497E-02 
       374  1.432500000E+02  0.000000000E+00 -2.497407791E-02 
       375  1.435000000E+02  0.000000000E+00 -2.497465276E-02 
       376  1.437500000E+02  0.000000000E+00 -2.497519982E-02 
       377  1.440000000E+02  0.000000000E+00 -2.497571936E-02 
       378  1.442500000E+02  0.000000000E+00 -2.497621165E-02 
       379  1.445000000E+02  0.000000000E+00 -2.497667693E-02 
       380  1.447500000E+02  0.000000000E+00 -2.497711542E-02 
       381  1.450000000E+02  0.000000000E+00 -2.497752733E-02 
       382  1.452500000E+02  0.000000000E+00 -2.497791285E-02 
       383  1.455000000E+02  0.000000000E+00 -2.497827213E-02 
       384  1.457500000E+02  0.000000000E+00 -2.497860532E-02 
       385  1.460000000E+02  0.000000000E+00 -2.497891256E-02 
       386  1.462500000E+02  0.000000000E+00 -2.497919395E-02 
       387  1.465000000E+02  0.000000000E+00 -2.497944959E-02 
       388  1.467500000E+02  0.000000000E+00 -2.497967954E-02 
       389  1.470000000E+02  0.000000000E+00 -2.497988385E-02 
       390  1.472500000E+02  0.000000000E+00 -2.498006256E-02 
       391  1.475000000E+02  0.000000000E+00 -2.498021567E-02 
       392  1.477500000E+02  0.000000000E+00 -2.498034319E-02 
       393  1.480000000E+02  0.000000000E+00 -2.498044509E-02 
       394  1.482500000E+02  0.000000000E+00 -2.498052131E-02 
       395  1.485000000E+02  0.000000000E+00 -2.498057179E-02 
       396  1.487500000E+02  0.000000000E+00 -2.498059645E-02 
       397  1.490000000E+02  0.000000000E+00 -2.498059517E-02 
       398  1.492500000E+02  0.000000000E+00 -2.498056784E-02 
       399  1.495000000E+02  0.000000000E+00 -2.498051429E-02 
       400  1.497500000E+02  0.000000000E+00 -2.498043437E-02 
       401  1.500000000E+02  0.000000000E+00 -2.498032788E-02 
       402  1.502500000E+02  0.000000000E+00 -2.498019461E-02 
       403  1.505000000E+02  0.000000000E+00 -2.498003433E-02 
       404  1.507500000E+02  0.000000000E+00 -2.497984678E-02 
       405  1.510000000E+02  0.000000000E+00 -2.497963169E-02 
       406  1.512500000E+02  0.000000000E+00 -2.497938876E-02 
       407  1.515000000E+02  0.000000000E+00 -2.497911767E-02 
       408  1.517500000E+02  0.000000000E+00 -2.497881808E-02 
       409  1.520000000E+02  0.000000000E+00 -2.497848962E-02 
       410  1.522500000E+02  0.000000000E+00 -2.497813190E-02 
       411  1.525000000E+02  0.000000000E+00 -2.497774452E-02 
       412  1.527500000E+02  0.000000000E+00 -2.497732703E-02 
       413  1.530000000E+02  0.000000000E+00 -2.497687897E-02 
       414  1.532500000E+02  0.000000000E+00 -2.497639987E-02 
       415  1.535000000E+02  0.000000000E+00 -2.497588921E-02 
       416  1.537500000E+02  0.000000000E+00 -2.497534647E-02 
       417  1.540000000E+02  0.000000000E+00 -2.497477108E-02 
       418  1.542500000E+02  0.000000000E+00 -2.497416246E-02 
       419  1.545000000E+02  0.000000000E+00 -2.497352000E-02 
       420  1.547500000E+02  0.000000000E+00 -2.497284307E-02 
       421  1.550000000E+02  0.000000000E+00 -2.497213101E-02 
       422  1.552500000E+02  0.000000000E+00 -2.497138313E-02 
       423  1.555000000E+02  0.000000000E+00 -2.497059870E-02 
       424  1.557500000E+02  0.000000000E+00 -2.496977700E-02 
       425  1.560000000E+02  0.000000000E+00 -2.496891725E-02 
       426  1.562500000E+02  0.000000000E+00 -2.496801865E-02 
       427  1.565000000E+02  0.000000000E+00 -2.496708038E-02 
       428  1.567500000E+02  0.000000000E+00 -2.496610157E-02 
       429  1.570000000E+02  0.000000000E+00 -2.496508135E-02 
       430  1.572500000E+02  0.000000000E+00 -2.496401879E-02 
       431  1.575000000E+02  0.000000000E+00 -2.496291296E-02 
       432  1.577500000E+02  0.000000000E+00 -2.496176288E-02 
       433  1.580000000E+02  0.000000000E+00 -2.496056753E-02 
       434  1.582500000E+02  0.000000000E+00 -2.495932589E-02 
       435  1.585000000E+02  0.000000000E+00 -2.495803688E-02 
       436  1.587500000E+02  0.000000000E+00 -2.495669940E-02 
       437  1.590000000E+02  0.000000000E+00 -2.495531232E-02 
       438  1.592500000E+02  0.000000000E+00 -2.495387446E-02 
       439  1.595000000E+02  0.000000000E+00 -2.495238463E-02 
       440  1.597500000E+02  0.000000000E+00 -2.495084159E-02 
       441  1.600000000E+02  0.000000000E+00 -2.494924408E-02 
       442  1.602500000E+02  0.000000000E+00 -2.494759078E-02 
       443  1.605000000E+02  0.000000000E+00 -2.494588037E-02 
       444  1.607500000E+02  0.000000000E+00 -2.494411145E-02 
       445  1.610000000E+02  0.000000000E+00 -2.494228263E-02 
       446  1.612500000E+02  0.000000000E+00 -2.494039245E-02 
       447  1.615000000E+02  0.000000000E+00 -2.493843944E-02 
       448  1.617500000E+02  0.000000000E+00 -2.493642206E-02 
       449  1.620000000E+02  0.000000000E+00 -2.493433875E-02 
       450  1.622500000E+02  0.000000000E+00 -2.493218793E-02 
       451  1.625000000E+02  0.000000000E+00 -2.492996794E-02 
       452  1.627500000E+02  0.000000000E+00 -2.492767712E-02 
       453  1.630000000E+02  0.000000000E+00 -2.492531375E-02 
       454  1.632500000E+02  0.000000000E+00 -2.492287607E-02 
       455  1.635000000E+02  0.000000000E+00 -2.492036228E-02 
       456  1.637500000E+02  0.000000000E+00 -2.491777055E-02 
       457  1.640000000E+02  0.000000000E+00 -2.491509900E-02 
       458  1.642500000E+02  0.000000000E+00 -2.491234570E-02 
       459  1.645000000E+02  0.000000000E+00 -2.490950869E-02 
       460  1.647500000E+02  0.000000000E+00 -2.490658596E-02 
       461  1.650000000E+02  0.000000000E+00 -2.490357547E-02 
       462  1.652500000E+02  0.000000000E+00 -2.490047511E-02 
       463  1.655000000E+02  0.000000000E+00 -2.489728277E-02 
       464  1.657500000E+02  0.000000000E+00 -2.489399624E-02 
       465  1.660000000E+02  0.000000000E+00 -2.489061331E-02 
       466  1.662500000E+02  0.000000000E+00 -2.488713170E-02 
       467  1.665000000E+02  0.000000000E+00 -2.488354909E-02 
       468  1.667500000E+02  0.000000000E+00 -2.487986313E-02 
       469  1.670000000E+02  0.000000000E+00 -2.487607140E-02 
       470  1.672500000E+02  0.000000000E+00 -2.487217146E-02 
       471  1.675000000E+02  0.000000000E+00 -2.486816078E-02 
       472  1.677500000E+02  0.000000000E+00 -2.486403683E-02 
       473  1.680000000E+02  0.000000000E+00 -2.485979701E-02 
       474  1.682500000E+02  0.000000000E+00 -2.485543867E-02 
       475  1.685000000E+02  0.000000000E+00 -2.485095912E-02 
       476  1.687500000E+02  0.000000000E+00 -2.484635561E-02 
       477  1.690000000E+02  0.000000000E+00 -2.484162537E-02 
       478  1.692500000E+02  0.000000000E+00 -2.483676553E-02 
       479  1.695000000E+02  0.000000000E+00 -2.483177323E-02 
       480  1.697500000E+02  0.000000000E+00 -2.482664552E-02 
       481  1.700000000E+02  0.000000000E+00 -2.482137941E-02 
       482  1.702500000E+02  0.000000000E+00 -2.481597187E-02 
       483  1.705000000E+02  0.000000000E+00 -2.481041980E-02 
       484  1.707500000E+02  0.000000000E+00 -2.480472009E-02 
       485  1.710000000E+02  0.000000000E+00 -2.479886952E-02 
       486  1.712500000E+02  0.000000000E+00 -2.479286488E-02 
       487  1.715000000E+02  0.000000000E+00 -2.478670288E-02 
       488  1.717500000E+02  0.000000000E+00 -2.478038017E-02 
       489  1.720000000E+02  0.000000000E+00 -2.477389337E-02 
       490  1.722500000E+02  0.000000000E+00 -2.476723905E-02 
       491  1.725000000E+02  0.000000000E+00 -2.476041372E-02 
       492  1.727500000E+02  0.000000000E+00 -2.475341383E-02 
       493  1.730000000E+02  0.000000000E+00 -2.474623580E-02 
       494  1.732500000E+02  0.000000000E+00 -2.473887600E-02 
       495  1.735000000E+02  0.000000000E+00 -2.473133074E-02 
       496  1.737500000E+02  0.000000000E+00 -2.472359628E-02 
       497  1.740000000E+02  0.000000000E+00 -2.471566884E-02 
       498  1.742500000E+02  0.000000000E+00 -2.470754458E-02 
       499  1.745000000E+02  0.000000000E+00 -2.469921962E-02 
       500  1.747500000E+02  0.000000000E+00 -2.469069002E-02 
       501  1.750000000E+02  0.000000000E+00 -2.468195182E-02 
       502  1.752500000E+02  0.000000000E+00 -2.467300097E-02 
       503  1.755000000E+02  0.000000000E+00 -2.466383340E-02 
       504  1.757500000E+02  0.000000000E+00 -2.465444499E-02 
       505  1.760000000E+02  0.000000000E+00 -2.464483157E-02 
       506  1.762500000E+02  0.000000000E+00 -2.463498893E-02 
       507  1.765000000E+02  0.000000000E+00 -2.462491281E-02 
       508  1.767500000E+02  0.000000000E+00 -2.461459889E-02 
       509  1.770000000E+02  0.000000000E+00 -2.460404283E-02 
       510  1.772500000E+02  0.000000000E+00 -2.459324023E-02 
       511  1.775000000E+02  0.000000000E+00 -2.458218665E-02 
       512  1.777500000E+02  0.000000000E+00 -2.457087762E-02 
       513  1.780000000E+02  0.000000000E+00 -2.455930861E-02 
       514  1.782500000E+02  0.000000000E+00 -2.454747505E-02 
       515  1.785000000E+02  0.000000000E+00 -2.453537235E-02 
       516  1.787500000E+02  0.000000000E+00 -2.452299585E-02 
       517  1.790000000E+02  0.000000000E+00 -2.451034086E-02 
       518  1.792500000E+02  0.000000000E+00 -2.449740268E-02 
       519  1.795000000E+02  0.000000000E+00 -2.448417653E-02 
       520  1.797500000E+02  0.000000000E+00 -2.447065761E-02 
       521  1.800000000E+02  0.000000000E+00 -2.445684109E-02 
       522  1.802500000E+02  0.000000000E+00 -2.444272210E-02 
       523  1.805000000E+02  0.000000000E+00 -2.442829573E-02 
       524  1.807500000E+02  0.000000000E+00 -2.441355703E-02 
       525  1.810000000E+02  0.000000000E+00 -2.439850103E-02 
       526  1.812500000E+02  0.000000000E+00 -2.438312271E-02 
       527  1.815000000E+02  0.000000000E+00 -2.436741704E-02 
       528  1.817500000E+02  0.000000000E+00 -2.435137891E-02 
       529  1.820000000E+02  0.000000000E+00 -2.433500323E-02 
       530  1.822500000E+02  0.000000000E+00 -2.431828483E-02 
       531  1.825000000E+02  0.000000000E+00 -2.430121854E-02 
       532  1.827500000E+02  0.000000000E+00 -2.428379912E-02 
       533  1.830000000E+02  0.000000000E+00 -2.426602132E-02 
       534  1.832500000E+02  0.000000000E+00 -2.424787983E-02 
       535  1.835000000E+02  0.000000000E+00 -2.422936932E-02 
       536  1.837500000E+02  0.000000000E+00 -2.421048438E-02 
       537  1.840000000E+02  0.000000000E+00 -2.419121958E-02 
       538  1.842500000E+02  0.000000000E+00 -2.417156943E-02 
       539  1.845000000E+02  0.000000000E+00 -2.415152837E-02 
       540  1.847500000E+02  0.000000000E+00 -2.413109080E-02 
       541  1.850000000E+02  0.000000000E+00 -2.411025101E-02 
       542  1.852500000E+02  0.000000000E+00 -2.408900324E-02 
       543  1.855000000E+02  0.000000000E+00 -2.406734161E-02 
       544  1.857500000E+02  0.000000000E+00 -2.404526015E-02 
       545  1.860000000E+02  0.000000000E+00 -2.402275276E-02 
       546  1.862500000E+02  0.000000000E+00 -2.399981319E-02 
       547  1.865000000E+02  0.000000000E+00 -2.397643504E-02 
       548  1.867500000E+02  0.000000000E+00 -2.395261171E-02 
       549  1.870000000E+02  0.000000000E+00 -2.392833639E-02 
       550  1.872500000E+02  0.000000000E+00 -2.390360199E-02 
       551  1.875000000E+02  0.000000000E+00 -2.387840115E-02 
       552  1.877500000E+02  0.000000000E+00 -2.385272616E-02 
       553  1.880000000E+02  0.000000000E+00 -2.382656889E-02 
       554  1.882500000E+02  0.000000000E+00 -2.379992077E-02 
       555  1.885000000E+02  0.000000000E+00 -2.377277267E-02 
       556  1.887500000E+02  0.000000000E+00 -2.374511483E-02 
       557  1.890000000E+02  0.000000000E+00 -2.371693677E-02 
       558  1.892500000E+02  0.000000000E+00 -2.368822713E-02 
       559  1.895000000E+02  0.000000000E+00 -2.365897358E-02 
       560  1.897500000E+02  0.000000000E+00 -2.362916261E-02 
       561  1.900000000E+02  0.000000000E+00 -2.359877939E-02 
       562  1.902500000E+02  0.000000000E+00 -2.356780750E-02 
       563  1.905000000E+02  0.000000000E+00 -2.353622870E-02 
       564  1.907500000E+02  0.000000000E+00 -2.350402264E-02 
       565  1.910000000E+02  0.000000000E+00 -2.347116650E-02 
       566  1.912500000E+02  0.000000000E+00 -2.343763458E-02 
       567  1.915000000E+02  0.000000000E+00 -2.340339783E-02 
       568  1.917500000E+02  0.000000000E+00 -2.336842334E-02 
       569  1.920000000E+02  0.000000000E+00 -2.333267363E-02 
       570  1.922500000E+02  0.000000000E+00 -2.329610597E-02 
       571  1.925000000E+02  0.000000000E+00 -2.325867146E-02 
       572  1.927500000E+02  0.000000000E+00 -2.322031406E-02 
       573  1.930000000E+02  0.000000000E+00 -2.318096932E-02 
       574  1.932500000E+02  0.000000000E+00 -2.314056305E-02 
       575  1.935000000E+02  0.000000000E+00 -2.309900963E-02 
       576  1.937500000E+02  0.000000000E+00 -2.305621012E-02 
       577  1.940000000E+02  0.000000000E+00 -2.301204989E-02 
       578  1.942500000E+02  0.000000000E+00 -2.296639599E-02 
       579  1.945000000E+02  0.000000000E+00 -2.291909394E-02 
       580  1.947500000E+02  0.000000000E+00 -2.286996386E-02 
       581  1.950000000E+02  0.000000000E+00 -2.281879595E-02 
       582  1.952500000E+02  0.000000000E+00 -2.276534504E-02 
       583  1.955000000E+02  0.000000000E+00 -2.270932393E-02 
       584  1.957500000E+02  0.000000000E+00 -2.265039546E-02 
       585  1.960000000E+02  0.000000000E+00 -2.258816266E-02 
       586  1.962500000E+02  0.000000000E+00 -2.252215677E-02 
       587  1.965000000E+02  0.000000000E+00 -2.245182225E-02 
       588  1.967500000E+02  0.000000000E+00 -2.237649800E-02 
       589  1.970000000E+02  0.000000000E+00 -2.229539342E-02 
       590  1.972500000E+02  0.000000000E+00 -2.220755753E-02 
       591  1.975000000E+02  0.000000000E+00 -2.211183831E-02 
       592  1.977500000E+02  0.000000000E+00 -2.200682802E-02 
       593  1.980000000E+02  0.000000000E+00 -2.189078764E-02 
       594  1.982500000E+02  0.000000000E+00 -2.176153874E-02 
       595  1.985000000E+02  0.000000000E+00 -2.161630201E-02 
       596  1.987500000E+02  0.000000000E+00 -2.145144103E-02 
       597  1.990000000E+02  0.000000000E+00 -2.126202114E-02 
       598  1.992500000E+02  0.000000000E+00 -2.104095461E-02 
       599  1.995000000E+02  0.000000000E+00 -2.077705137E-02 
       600  1.997500000E+02  0.000000000E+00 -2.044958927E-02 
       601  2.000000000E+02  0.000000000E+00 -2.240120124E-02 
       602  2.001999988E+02  0.000000000E+00 -2.363765177E-02 
       603  2.004032879E+02  0.000000000E+00 -2.271024696E-02 
       604  2.006099214E+02  0.000000000E+00 -2.182814003E-02 
       605  2.008199543E+02  0.000000000E+00 -2.098957891E-02 
       606  2.010334426E+02  0.000000000E+00 -2.019286538E-02 
       607  2.012504431E+02  0.000000000E+00 -1.943634913E-02 
       608  2.014710137E+02  0.000000000E+00 -1.871842320E-02 
       609  2.016952129E+02  0.000000000E+00 -1.803752011E-02 
       610  2.019231006E+02  0.000000000E+00 -1.739210890E-02 
       611  2.021547374E+02  0.000000000E+00 -1.678069295E-02 
       612  2.023901849E+02  0.000000000E+00 -1.620180803E-02 
       613  2.026295060E+02  0.000000000E+00 -1.565402124E-02 
       614  2.028727642E+02  0.000000000E+00 -1.513593008E-02 
       615  2.031200245E+02  0.000000000E+00 -1.464790674E-02 
       616  2.033713525E+02  0.000000000E+00 -1.418939934E-02 
       617  2.036268153E+02  0.000000000E+00 -1.364749965E-02 
       618  2.038864808E+02  0.000000000E+00 -1.312096883E-02 
       619  2.041504183E+02  0.000000000E+00 -1.272700593E-02 
       620  2.044186979E+02  0.000000000E+00 -1.235498828E-02 
       621  2.046913911E+02  0.000000000E+00 -1.199912623E-02 
       622  2.049685706E+02  0.000000000E+00 -1.166417948E-02 
       623  2.052503101E+02  0.000000000E+00 -1.134894046E-02 
       624  2.055366847E+02  0.000000000E+00 -1.105223831E-02 
       625  2.058277705E+02  0.000000000E+00 -1.077293874E-02 
       626  2.061236452E+02  0.000000000E+00 -1.050994485E-02 
       627  2.064243875E+02  0.000000000E+00 -1.026219765E-02 
       628  2.067300774E+02  0.000000000E+00 -1.002867640E-02 
       629  2.070407965E+02  0.000000000E+00 -9.808398940E-03 
       630  2.073566273E+02  0.000000000E+00 -9.600421925E-03 
       631  2.076776540E+02  0.000000000E+00 -9.403840872E-03 
       632  2.080039622E+02  0.000000000E+00 -9.217790153E-03 
       633  2.083356386E+02  0.000000000E+00 -9.041442898E-03 
       634  2.086727716E+02  0.000000000E+00 -8.874010704E-03 
       635  2.090154510E+02  0.000000000E+00 -8.714743316E-03 
       636  2.093637679E+02  0.000000000E+00 -8.562928119E-03 
       637  2.097178153E+02  0.000000000E+00 -8.417889592E-03 
       638  2.100776872E+02  0.000000000E+00 -8.278988607E-03 
       639  2.104434797E+02  0.000000000E+00 -8.145621657E-03 
       640  2.108152899E+02  0.000000000E+00 -8.017220001E-03 
       641  2.111932170E+02  0.000000000E+00 -7.893248689E-03 
       642  2.115773617E+02  0.000000000E+00 -7.773205566E-03 
       643  2.119678260E+02  0.000000000E+00 -7.656620162E-03 
       644  2.123647142E+02  0.000000000E+00 -7.543052553E-03 
       645  2.127681317E+02  0.000000000E+00 -7.432092170E-03 
       646  2.131781861E+02  0.000000000E+00 -7.323356547E-03 
       647  2.135949866E+02  0.000000000E+00 -7.216490068E-03 
       648  2.140186441E+02  0.000000000E+00 -7.111162677E-03 
       649  2.144492713E+02  0.000000000E+00 -7.007068556E-03 
       650  2.148869831E+02  0.000000000E+00 -6.903924844E-03 
       651  2.153318959E+02  0.000000000E+00 -6.801470305E-03 
       652  2.157841282E+02  0.000000000E+00 -6.699464034E-03 
       653  2.162438005E+02  0.000000000E+00 -6.597684186E-03 
       654  2.167110350E+02  0.000000000E+00 -6.495926706E-03 
       655  2.171859563E+02  0.000000000E+00 -6.394004093E-03 
       656  2.176686908E+02  0.000000000E+00 -6.291744196E-03 
       657  2.181593671E+02  0.000000000E+00 -6.188989059E-03 
       658  2.186581157E+02  0.000000000E+00 -6.085593805E-03 
       659  2.191650695E+02  0.000000000E+00 -5.981425546E-03 
       660  2.196803635E+02  0.000000000E+00 -5.876362372E-03 
       661  2.202041348E+02  0.000000000E+00 -5.770292353E-03 
       662  2.207365230E+02  0.000000000E+00 -5.663112624E-03 
       663  2.212776699E+02  0.000000000E+00 -5.554728503E-03 
       664  2.218277194E+02  0.000000000E+00 -5.445052668E-03 
       665  2.223868182E+02  0.000000000E+00 -5.334004394E-03 
       666  2.229551149E+02  0.000000000E+00 -5.221508820E-03 
       667  2.235327610E+02  0.000000000E+00 -5.107496298E-03 
       668  2.241199103E+02  0.000000000E+00 -4.991901763E-03 
       669  2.247167191E+02  0.000000000E+00 -4.874664175E-03 
       670  2.253233464E+02  0.000000000E+00 -4.755725993E-03 
       671  2.259399536E+02  0.000000000E+00 -4.635032697E-03 
       672  2.265667050E+02  0.000000000E+00 -4.512532364E-03 
       673  2.272037674E+02  0.000000000E+00 -4.388175264E-03 
       674  2.278513104E+02  0.000000000E+00 -4.261913515E-03 
       675  2.285095066E+02  0.000000000E+00 -4.133700758E-03 
       676  2.291785311E+02  0.000000000E+00 -4.003491871E-03 
       677  2.298585621E+02  0.000000000E+00 -3.871242724E-03 
       678  2.305497807E+02  0.000000000E+00 -3.736909935E-03 
       679  2.312523708E+02  0.000000000E+00 -3.600450689E-03 
       680  2.319665197E+02  0.000000000E+00 -3.461822541E-03 
       681  2.326924175E+02  0.000000000E+00 -3.320983277E-03 
       682  2.334302574E+02  0.000000000E+00 -3.177890759E-03 
       683  2.341802359E+02  0.000000000E+00 -3.032502820E-03 
       684  2.349425527E+02  0.000000000E+00 -2.884777148E-03 
       685  2.357174108E+02  0.000000000E+00 -2.734671201E-03 
       686  2.365050165E+02  0.000000000E+00 -2.582142116E-03 
       687  2.373055796E+02  0.000000000E+00 -2.427146649E-03 
       688  2.381193132E+02  0.000000000E+00 -2.269641102E-03 
       689  2.389464340E+02  0.000000000E+00 -2.109581275E-03 
       690  2.397871622E+02  0.000000000E+00 -1.946922411E-03 
       691  2.406417216E+02  0.000000000E+00 -1.781619155E-03 
       692  2.415103399E+02  0.000000000E+00 -1.613625504E-03 
       693  2.423932484E+02  0.000000000E+00 -1.442894776E-03 
       694  2.432906820E+02  0.000000000E+00 -1.269379565E-03 
       695  2.442028798E+02  0.000000000E+00 -1.093031699E-03 
       696  2.451300847E+02  0.000000000E+00 -9.138022033E-04 
       697  2.460725436E+02  0.000000000E+00 -7.316412491E-04 
       698  2.470305073E+02  0.000000000E+00 -5.464980999E-04 
       699  2.480042311E+02  0.000000000E+00 -3.583210383E-04 
       700  2.489939742E+02  0.000000000E+00 -1.670572941E-04 
       701  2.500000000E+02  0.000000000E+00  2.734708778E-05 
       702  2.510060258E+02  0.000000000E+00  2.217491171E-04 
       703  2.519957689E+02  0.000000000E+00  4.130059167E-04 
       704  2.529694927E+02  0.000000000E+00  6.011715397E-04 
       705  2.539274564E+02  0.000000000E+00  7.862987539E-04 
       706  2.548699153E+02  0.000000000E+00  9.684391877E-04 
       707  2.557971202E+02  0.000000000E+00  1.147643419E-03 
       708  2.567093180E+02  0.000000000E+00  1.323961056E-03 
       709  2.576067516E+02  0.000000000E+00  1.497440806E-03 
       710  2.584896601E+02  0.000000000E+00  1.668130525E-03 
       711  2.593582784E+02  0.000000000E+00  1.836077261E-03 
       712  2.602128379E+02  0.000000000E+00  2.001327308E-03 
       713  2.610535660E+02  0.000000000E+00  2.163926250E-03 
       714  2.618806868E+02  0.000000000E+00  2.323919003E-03 
       715  2.626944204E+02  0.000000000E+00  2.481349858E-03 
       716  2.634949835E+02  0.000000000E+00  2.636262541E-03 
       717  2.642825892E+02  0.000000000E+00  2.788700261E-03 
       718  2.650574473E+02  0.000000000E+00  2.938705764E-03 
       719  2.658197641E+02  0.000000000E+00  3.086321411E-03 
       720  2.665697426E+02  0.000000000E+00  3.231589243E-03 
       721  2.673075825E+02  0.000000000E+00  3.374551067E-03 
       722  2.680334803E+02  0.000000000E+00  3.515248555E-03 
       723  2.687476292E+02  0.000000000E+00  3.653723352E-03 
       724  2.694502193E+02  0.000000000E+00  3.790017191E-03 
       725  2.701414379E+02  0.000000000E+00  3.924172046E-03 
       726  2.708214689E+02  0.000000000E+00  4.056230275E-03 
       727  2.714904934E+02  0.000000000E+00  4.186234815E-03 
       728  2.721486896E+02  0.000000000E+00  4.314229368E-03 
       729  2.727962326E+02  0.000000000E+00  4.440258643E-03 
       730  2.734332950E+02  0.000000000E+00  4.564368603E-03 
       731  2.740600464E+02  0.000000000E+00  4.686606753E-03 
       732  2.746766536E+02  0.000000000E+00  4.807022458E-03 
       733  2.752832808E+02  0.000000000E+00  4.925667296E-03 
       734  2.758800897E+02  0.000000000E+00  5.042595453E-03 
       735  2.764672390E+02  0.000000000E+00  5.157864151E-03 
       736  2.770448851E+02  0.000000000E+00  5.271534123E-03 
       737  2.776131818E+02  0.000000000E+00  5.383670137E-03 
       738  2.781722806E+02  0.000000000E+00  5.494341550E-03 
       739  2.787223301E+02  0.000000000E+00  5.603622939E-03 
       740  2.792634769E+02  0.000000000E+00  5.711594747E-03 
       741  2.797958652E+02  0.000000000E+00  5.818344012E-03 
       742  2.803196365E+02  0.000000000E+00  5.923965132E-03 
       743  2.808349305E+02  0.000000000E+00  6.028560681E-03 
       744  2.813418843E+02  0.000000000E+00  6.132242289E-03 
       745  2.818406329E+02  0.000000000E+00  6.235131559E-03 
       746  2.823313092E+02  0.000000000E+00  6.337361055E-03 
       747  2.828140437E+02  0.000000000E+00  6.439075322E-03 
       748  2.832889650E+02  0.000000000E+00  6.540431961E-03 
       749  2.837561995E+02  0.000000000E+00  6.641602743E-03 
       750  2.842158718E+02  0.000000000E+00  6.742774781E-03 
       751  2.846681041E+02  0.000000000E+00  6.844151733E-03 
       752  2.851130169E+02  0.000000000E+00  6.945955025E-03 
       753  2.855507287E+02  0.000000000E+00  7.048425132E-03 
       754  2.859813560E+02  0.000000000E+00  7.151822845E-03 
       755  2.864050134E+02  0.000000000E+00  7.256430580E-03 
       756  2.868218139E+02  0.000000000E+00  7.362553704E-03 
       757  2.872318683E+02  0.000000000E+00  7.470521831E-03 
       758  2.876352858E+02  0.000000000E+00  7.580690151E-03 
       759  2.880321740E+02  0.000000000E+00  7.693440721E-03 
       760  2.884226383E+02  0.000000000E+00  7.809183740E-03 
       761  2.888067830E+02  0.000000000E+00  7.928358805E-03 
       762  2.891847101E+02  0.000000000E+00  8.051436117E-03 
       763  2.895565204E+02  0.000000000E+00  8.178917632E-03 
       764  2.899223128E+02  0.000000000E+00  8.311338194E-03 
       765  2.902821847E+02  0.000000000E+00  8.449266537E-03 
       766  2.906362321E+02  0.000000000E+00  8.593306287E-03 
       767  2.909845490E+02  0.000000000E+00  8.744096830E-03 
       768  2.913272284E+02  0.000000000E+00  8.902314102E-03 
       769  2.916643614E+02  0.000000000E+00  9.068671321E-03 
       770  2.919960378E+02  0.000000000E+00  9.243919542E-03 
       771  2.923223460E+02  0.000000000E+00  9.428848188E-03 
       772  2.926433727E+02  0.000000000E+00  9.624285400E-03 
       773  2.929592035E+02  0.000000000E+00  9.831098341E-03 
       774  2.932699226E+02  0.000000000E+00  1.005019331E-02 
       775  2.935756125E+02  0.000000000E+00  1.028251581E-02 
       776  2.938763548E+02  0.000000000E+00  1.052905044E-02 
       777  2.941722295E+02  0.000000000E+00  1.079082078E-02 
       778  2.944633153E+02  0.000000000E+00  1.106888902E-02 
       779  2.947496899E+02  0.000000000E+00  1.136435567E-02 
       780  2.950314294E+02  0.000000000E+00  1.167835902E-02 
       781  2.953086088E+02  0.000000000E+00  1.201207469E-02 
       782  2.955813021E+02  0.000000000E+00  1.236671503E-02 
       783  2.958495817E+02  0.000000000E+00  1.274352852E-02 
       784  2.961135192E+02  0.000000000E+00  1.314379914E-02 
       785  2.963731847E+02  0.000000000E+00  1.356884583E-02 
       786  2.966286475E+02  0.000000000E+00  1.402002195E-02 
       787  2.968799755E+02  0.000000000E+00  1.449871481E-02 
       788  2.971272358E+02  0.000000000E+00  1.500634545E-02 
       789  2.973704940E+02  0.000000000E+00  1.554436840E-02 
       790  2.976098151E+02  0.000000000E+00  1.611427189E-02 
       791  2.978452626E+02  0.000000000E+00  1.671757813E-02 
       792  2.980768994E+02  0.000000000E+00  1.735584410E-02 
       793  2.983047871E+02  0.000000000E+00  1.803066271E-02 
       794  2.985289863E+02  0.000000000E+00  1.874366430E-02 
       795  2.987495568E+02  0.000000000E+00  1.908814975E-02 
       796  2.989665574E+02  0.000000000E+00  1.940997654E-02 
       797  2.991800457E+02  0.000000000E+00  2.010165506E-02 
       798  2.993900786E+02  0.000000000E+00  2.082720259E-02 
       799  2.995967121E+02  0.000000000E+00  2.158794322E-02 
       800  2.998000012E+02  0.000000000E+00  2.238523302E-02 
       801  3.000000000E+02  0.000000000E+00  2.166725018E-02 
       802  3.002500000E+02  0.000000000E+00  2.044690838E-02 
       803  3.005000000E+02  0.000000000E+00  2.077392870E-02 
       804  3.007500000E+02  0.000000000E+00  2.103742241E-02 
       805  3.010000000E+02  0.000000000E+00  2.125811200E-02 
       806  3.012500000E+02  0.000000000E+00  2.144718613E-02 
       807  3.015000000E+02  0.000000000E+00  2.161173063E-02 
       808  3.017500000E+02  0.000000000E+00  2.175667819E-02 
       809  3.020000000E+02  0.000000000E+00  2.188566326E-02 
       810  3.022500000E+02  0.000000000E+00  2.200146330E-02 
       811  3.025000000E+02  0.000000000E+00  2.210625497E-02 
       812  3.027500000E+02  0.000000000E+00  2.220177567E-02 
       813  3.030000000E+02  0.000000000E+00  2.228943162E-02 
       814  3.032500000E+02  0.000000000E+00  2.237037345E-02 
       815  3.035000000E+02  0.000000000E+00  2.244555085E-02 
       816  3.037500000E+02  0.000000000E+00  2.251575321E-02 
       817  3.040000000E+02  0.000000000E+00  2.258164057E-02 
       818  3.042500000E+02  0.000000000E+00  2.264376745E-02 
       819  3.045000000E+02  0.000000000E+00  2.270260172E-02 
       820  3.047500000E+02  0.000000000E+00  2.275853948E-02 
       821  3.050000000E+02  0.000000000E+00  2.281191715E-02 
       822  3.052500000E+02  0.000000000E+00  2.286302121E-02 
       823  3.055000000E+02  0.000000000E+00  2.291209621E-02 
       824  3.057500000E+02  0.000000000E+00  2.295935136E-02 
       825  3.060000000E+02  0.000000000E+00  2.300496597E-02 
       826  3.062500000E+02  0.000000000E+00  2.304909407E-02 
       827  3.065000000E+02  0.000000000E+00  2.309186816E-02 
       828  3.067500000E+02  0.000000000E+00  2.313340241E-02 
       829  3.070000000E+02  0.000000000E+00  2.317379543E-02 
       830  3.072500000E+02  0.000000000E+00  2.321313247E-02 
       831  3.075000000E+02  0.000000000E+00  2.325148742E-02 
       832  3.077500000E+02  0.000000000E+00  2.328892440E-02 
       833  3.080000000E+02  0.000000000E+00  2.332549920E-02 
       834  3.082500000E+02  0.000000000E+00  2.336126047E-02 
       835  3.085000000E+02  0.000000000E+00  2.339625069E-02 
       836  3.087500000E+02  0.000000000E+00  2.343050713E-02 
       837  3.090000000E+02  0.000000000E+00  2.346406249E-02 
       838  3.092500000E+02  0.000000000E+00  2.349694564E-02 
       839  3.095000000E+02  0.000000000E+00  2.352918208E-02 
       840  3.097500000E+02  0.000000000E+00  2.356079448E-02 
       841  3.100000000E+02  0.000000000E+00  2.359180303E-02 
       842  3.102500000E+02  0.000000000E+00  2.362222581E-02 
       843  3.105000000E+02  0.000000000E+00  2.365207909E-02 
       844  3.107500000E+02  0.000000000E+00  2.368137758E-02 
       845  3.110000000E+02  0.000000000E+00  2.371013465E-02 
       846  3.112500000E+02  0.000000000E+00  2.373836252E-02 
       847  3.115000000E+02  0.000000000E+00  2.376607241E-02 
       848  3.117500000E+02  0.000000000E+00  2.379327469E-02 
       849  3.120000000E+02  0.000000000E+00  2.381997902E-02 
       850  3.122500000E+02  0.000000000E+00  2.384619441E-02 
       851  3.125000000E+02  0.000000000E+00  2.387192934E-02 
       852  3.127500000E+02  0.000000000E+00  2.389719182E-02 
       853  3.130000000E+02  0.000000000E+00  2.392198947E-02 
       854  3.132500000E+02  0.000000000E+00  2.394632958E-02 
       855  3.135000000E+02  0.000000000E+00  2.397021911E-02 
       856  3.137500000E+02  0.000000000E+00  2.399366480E-02 
       857  3.140000000E+02  0.000000000E+00  2.401667316E-02 
       858  3.142500000E+02  0.000000000E+00  2.403925051E-02 
       859  3.145000000E+02  0.000000000E+00  2.406140301E-02 
       860  3.147500000E+02  0.000000000E+00  2.408313668E-02 
       861  3.150000000E+02  0.000000000E+00  2.410445742E-02 
       862  3.152500000E+02  0.000000000E+00  2.412537103E-02 
       863  3.155000000E+02  0.000000000E+00  2.414588319E-02 
       864  3.157500000E+02  0.000000000E+00  2.416599952E-02 
       865  3.160000000E+02  0.000000000E+00  2.418572559E-02 
       866  3.162500000E+02  0.000000000E+00  2.420506685E-02 
       867  3.165000000E+02  0.000000000E+00  2.422402875E-02 
       868  3.167500000E+02  0.000000000E+00  2.424261665E-02 
       869  3.170000000E+02  0.000000000E+00  2.426083588E-02 
       870  3.172500000E+02  0.000000000E+00  2.427869172E-02 
       871  3.175000000E+02  0.000000000E+00  2.429618942E-02 
       872  3.177500000E+02  0.000000000E+00  2.431333416E-02 
       873  3.180000000E+02  0.000000000E+00  2.433013113E-02 
       874  3.182500000E+02  0.000000000E+00  2.434658545E-02 
       875  3.185000000E+02  0.000000000E+00  2.436270222E-02 
       876  3.187500000E+02  0.000000000E+00  2.437848650E-02 
       877  3.190000000E+02  0.000000000E+00  2.439394333E-02 
       878  3.192500000E+02  0.000000000E+00  2.440907769E-02 
       879  3.195000000E+02  0.000000000E+00  2.442389457E-02 
       880  3.197500000E+02  0.000000000E+00  2.443839888E-02 
       881  3.200000000E+02  0.000000000E+00  2.445259554E-02 
       882  3.202500000E+02  0.000000000E+00  2.446648939E-02 
       883  3.205000000E+02  0.000000000E+00  2.448008528E-02 
       884  3.207500000E+02  0.000000000E+00  2.449338801E-02 
       885  3.210000000E+02  0.000000000E+00  2.450640232E-02 
       886  3.212500000E+02  0.000000000E+00  2.451913296E-02 
       887  3.215000000E+02  0.000000000E+00  2.453158461E-02 
       888  3.217500000E+02  0.000000000E+00  2.454376191E-02 
       889  3.220000000E+02  0.000000000E+00  2.455566949E-02 
       890  3.222500000E+02  0.000000000E+00  2.456731192E-02 
       891  3.225000000E+02  0.000000000E+00  2.457869373E-02 
       892  3.227500000E+02  0.000000000E+00  2.458981943E-02 
       893  3.230000000E+02  0.000000000E+00  2.460069346E-02 
       894  3.232500000E+02  0.000000000E+00  2.461132025E-02 
       895  3.235000000E+02  0.000000000E+00  2.462170415E-02 
       896  3.237500000E+02  0.000000000E+00  2.463184951E-02 
       897  3.240000000E+02  0.000000000E+00  2.464176061E-02 
       898  3.242500000E+02  0.000000000E+00  2.465144169E-02 
       899  3.245000000E+02  0.000000000E+00  2.466089695E-02 
       900  3.247500000E+02  0.000000000E+00  2.467013054E-02 
       901  3.250000000E+02  0.000000000E+00  2.467914657E-02 
       902  3.252500000E+02  0.000000000E+00  2.468794910E-02 
       903  3.255000000E+02  0.000000000E+00  2.469654215E-02 
       904  3.257500000E+02  0.000000000E+00  2.470492968E-02 
       905  3.260000000E+02  0.000000000E+00  2.471311563E-02 
       906  3.262500000E+02  0.000000000E+00  2.472110385E-02 
       907  3.265000000E+02  0.000000000E+00  2.472889818E-02 
       908  3.267500000E+02  0.000000000E+00  2.473650240E-02 
       909  3.270000000E+02  0.000000000E+00  2.474392024E-02 
       910  3.272500000E+02  0.000000000E+00  2.475115538E-02 
       911  3.275000000E+02  0.000000000E+00  2.475821145E-02 
       912  3.277500000E+02  0.000000000E+00  2.476509203E-02 
       913  3.280000000E+02  0.000000000E+00  2.477180067E-02 
       914  3.282500000E+02  0.000000000E+00  2.477834084E-02 
       915  3.285000000E+02  0.000000000E+00  2.478471599E-02 
       916  3.287500000E+02  0.000000000E+00  2.479092949E-02 
       917  3.290000000E+02  0.000000000E+00  2.479698470E-02 
       918  3.292500000E+02  0.000000000E+00  2.480288489E-02 
       919  3.295000000E+02  0.000000000E+00  2.480863330E-02 
       920  3.297500000E+02  0.000000000E+00  2.481423313E-02 
       921  3.300000000E+02  0.000000000E+00  2.481968751E-02 
       922  3.302500000E+02  0.000000000E+00  2.482499954E-02 
       923  3.305000000E+02  0.000000000E+00  2.483017226E-02 
       924  3.307500000E+02  0.000000000E+00  2.483520866E-02 
       925  3.310000000E+02  0.000000000E+00  2.484011168E-02 
       926  3.312500000E+02  0.000000000E+00  2.484488422E-02 
       927  3.315000000E+02  0.000000000E+00  2.484952912E-02 
       928  3.317500000E+02  0.000000000E+00  2.485404919E-02 
       929  3.320000000E+02  0.000000000E+00  2.485844716E-02 
       930  3.322500000E+02  0.000000000E+00  2.486272576E-02 
       931  3.325000000E+02  0.000000000E+00  2.486688762E-02 
       932  3.327500000E+02  0.000000000E+00  2.487093536E-02 
       933  3.330000000E+02  0.000000000E+00  2.487487153E-02 
       934  3.332500000E+02  0.000000000E+00  2.487869864E-02 
       935  3.335000000E+02  0.000000000E+00  2.488241917E-02 
       936  3.337500000E+02  0.000000000E+00  2.488603554E-02 
       937  3.340000000E+02  0.000000000E+00  2.488955011E-02 
       938  3.342500000E+02  0.000000000E+00  2.489296521E-02 
       939  3.345000000E+02  0.000000000E+00  2.489628313E-02 
       940  3.347500000E+02  0.000000000E+00  2.489950610E-02 
       941  3.350000000E+02  0.000000000E+00  2.490263632E-02 
       942  3.352500000E+02  0.000000000E+00  2.490567593E-02 
       943  3.355000000E+02  0.000000000E+00  2.490862705E-02 
       944  3.357500000E+02  0.000000000E+00  2.491149173E-02 
       945  3.360000000E+02  0.000000000E+00  2.491427199E-02 
       946  3.362500000E+02  0.000000000E+00  2.491696980E-02 
       947  3.365000000E+02  0.000000000E+00  2.491958711E-02 
       948  3.367500000E+02  0.000000000E+00  2.492212579E-02 
       949  3.370000000E+02  0.000000000E+00  2.492458771E-02 
       950  3.372500000E+02  0.000000000E+00  2.492697467E-02 
       951  3.375000000E+02  0.000000000E+00  2.492928844E-02 
       952  3.377500000E+02  0.000000000E+00  2.493153074E-02 
       953  3.380000000E+02  0.000000000E+00  2.493370327E-02 
       954  3.382500000E+02  0.000000000E+00  2.493580768E-02 
       955  3.385000000E+02  0.000000000E+00  2.493784558E-02 
       956  3.387500000E+02  0.000000000E+00  2.493981853E-02 
       957  3.390000000E+02  0.000000000E+00  2.494172808E-02 
       958  3.392500000E+02  0.000000000E+00  2.494357572E-02 
       959  3.395000000E+02  0.000000000E+00  2.494536290E-02 
       960  3.397500000E+02  0.000000000E+00  2.494709106E-02 
       961  3.400000000E+02  0.000000000E+00  2.494876158E-02 
       962  3.402500000E+02  0.000000000E+00  2.495037580E-02 
       963  3.405000000E+02  0.000000000E+00  2.495193506E-02 
       964  3.407500000E+02  0.000000000E+00  2.495344061E-02 
       965  3.410000000E+02  0.000000000E+00  2.495489372E-02 
       966  3.412500000E+02  0.000000000E+00  2.495629560E-02 
       967  3.415000000E+02  0.000000000E+00  2.495764742E-02 
       968  3.417500000E+02  0.000000000E+00  2.495895032E-02 
       969  3.420000000E+02  0.000000000E+00  2.496020543E-02 
       970  3.422500000E+02  0.000000000E+00  2.496141382E-02 
       971  3.425000000E+02  0.000000000E+00  2.496257654E-02 
       972  3.427500000E+02  0.000000000E+00  2.496369460E-02 
       973  3.430000000E+02  0.000000000E+00  2.496476900E-02 
       974  3.432500000E+02  0.000000000E+00  2.496580069E-02 
       975  3.435000000E+02  0.000000000E+00  2.496679058E-02 
       976  3.437500000E+02  0.000000000E+00  2.496773959E-02 
       977  3.440000000E+02  0.000000000E+00  2.496864857E-02 
       978  3.442500000E+02  0.000000000E+00  2.496951836E-02 
       979  3.445000000E+02  0.000000000E+00  2.497034976E-02 
       980  3.447500000E+02  0.000000000E+00  2.497114356E-02 
       981  3.450000000E+02  0.000000000E+00  2.497190051E-02 
       982  3.452500000E+02  0.000000000E+00  2.497262133E-02 
       983  3.455000000E+02  0.000000000E+00  2.497330672E-02 
       984  3.457500000E+02  0.000000000E+00  2.497395735E-02 
       985  3.460000000E+02  0.000000000E+00  2.497457386E-02 
       986  3.462500000E+02  0.000000000E+00  2.497515686E-02 
       987  3.465000000E+02  0.000000000E+00  2.497570696E-02 
       988  3.467500000E+02  0.000000000E+00  2.497622471E-02 
       989  3.470000000E+02  0.000000000E+00  2.497671065E-02 
       990  3.472500000E+02  0.000000000E+00  2.497716531E-02 
       991  3.475000000E+02  0.000000000E+00  2.497758916E-02 
       992  3.477500000E+02  0.000000000E+00  2.497798269E-02 
       993  3.480000000E+02  0.000000000E+00  2.497834632E-02 
       994  3.482500000E+02  0.000000000E+00  2.497868048E-02 
       995  3.485000000E+02  0.000000000E+00  2.497898557E-02 
       996  3.487500000E+02  0.000000000E+00  2.497926195E-02 
       997  3.490000000E+02  0.000000000E+00  2.497950997E-02 
       998  3.492500000E+02  0.000000000E+00  2.497972997E-02 
       999  3.495000000E+02  0.000000000E+00  2.497992225E-02 
      1000  3.497500000E+02  0.000000000E+00  2.498008708E-02 
      1001  3.500000000E+02  0.000000000E+00  2.498022473E-02 
      1002  3.502500000E+02  0.000000000E+00  2.498033544E-02 
      1003  3.505000000E+02  0.000000000E+00  2.498041942E-02 
      1004  3.507500000E+02  0.000000000E+00  2.498047687E-02 
      1005  3.510000000E+02  0.000000000E+00  2.498050796E-02 
      1006  3.512500000E+02  0.000000000E+00  2.498051285E-02 
      1007  3.515000000E+02  0.000000000E+00  2.498049167E-02 
      1008  3.517500000E+02  0.000000000E+00  2.498044454E-02 
      1009  3.520000000E+02  0.000000000E+00  2.498037153E-02 
      1010  3.522500000E+02  0.000000000E+00  2.498027273E-02 
      1011  3.525000000E+02  0.000000000E+00  2.498014819E-02 
      1012  3.527500000E+02  0.000000000E+00  2.497999794E-02 
      1013  3.530000000E+02  0.000000000E+00  2.497982199E-02 
      1014  3.532500000E+02  0.000000000E+00  2.497962033E-02 
      1015  3.535000000E+02  0.000000000E+00  2.497939293E-02 
      1016  3.537500000E+02  0.000000000E+00  2.497913975E-02 
      1017  3.540000000E+02  0.000000000E+00  2.497886073E-02 
      1018  3.542500000E+02  0.000000000E+00  2.497855576E-02 
      1019  3.545000000E+02  0.000000000E+00  2.497822476E-02 
      1020  3.547500000E+02  0.000000000E+00  2.497786760E-02 
      1021  3.550000000E+02  0.000000000E+00  2.497748413E-02 
      1022  3.552500000E+02  0.000000000E+00  2.497707419E-02 
      1023  3.555000000E+02  0.000000000E+00  2.497663760E-02 
      1024  3.557500000E+02  0.000000000E+00  2.497617416E-02 
      1025  3.560000000E+02  0.000000000E+00  2.497568365E-02 
      1026  3.562500000E+02  0.000000000E+00  2.497516583E-02 
      1027  3.565000000E+02  0.000000000E+00  2.497462045E-02 
      1028  3.567500000E+02  0.000000000E+00  2.497404722E-02 
      1029  3.570000000E+02  0.000000000E+00  2.497344585E-02 
      1030  3.572500000E+02  0.000000000E+00  2.497281603E-02 
      1031  3.575000000E+02  0.000000000E+00  2.497215743E-02 
      1032  3.577500000E+02  0.000000000E+00  2.497146968E-02 
      1033  3.580000000E+02  0.000000000E+00  2.497075243E-02 
      1034  3.582500000E+02  0.000000000E+00  2.497000527E-02 
      1035  3.585000000E+02  0.000000000E+00  2.496922779E-02 
      1036  3.587500000E+02  0.000000000E+00  2.496841957E-02 
      1037  3.590000000E+02  0.000000000E+00  2.496758016E-02 
      1038  3.592500000E+02  0.000000000E+00  2.496670908E-02 
      1039  3.595000000E+02  0.000000000E+00  2.496580585E-02 
      1040  3.597500000E+02  0.000000000E+00  2.496486995E-02 
      1041  3.600000000E+02  0.000000000E+00  2.496390086E-02 
      1042  3.602500000E+02  0.000000000E+00  2.496289803E-02 
      1043  3.605000000E+02  0.000000000E+00  2.496186088E-02 
      1044  3.607500000E+02  0.000000000E+00  2.496078882E-02 
      1045  3.610000000E+02  0.000000000E+00  2.495968124E-02 
      1046  3.612500000E+02  0.000000000E+00  2.495853751E-02 
      1047  3.615000000E+02  0.000000000E+00  2.495735697E-02 
      1048  3.617500000E+02  0.000000000E+00  2.495613894E-02 
      1049  3.620000000E+02  0.000000000E+00  2.495488272E-02 
      1050  3.622500000E+02  0.000000000E+00  2.495358761E-02 
      1051  3.625000000E+02  0.000000000E+00  2.495225284E-02 
      1052  3.627500000E+02  0.000000000E+00  2.495087765E-02 
      1053  3.630000000E+02  0.000000000E+00  2.494946127E-02 
      1054  3.632500000E+02  0.000000000E+00  2.494800286E-02 
      1055  3.635000000E+02  0.000000000E+00  2.494650160E-02 
      1056  3.637500000E+02  0.000000000E+00  2.494495663E-02 
      1057  3.640000000E+02  0.000000000E+00  2.494336706E-02 
      1058  3.642500000E+02  0.000000000E+00  2.494173198E-02 
      1059  3.645000000E+02  0.000000000E+00  2.494005046E-02 
      1060  3.647500000E+02  0.000000000E+00  2.493832154E-02 
      1061  3.650000000E+02  0.000000000E+00  2.493654424E-02 
      1062  3.652500000E+02  0.000000000E+00  2.493471753E-02 
      1063  3.655000000E+02  0.000000000E+00  2.493284039E-02 
      1064  3.657500000E+02  0.000000000E+00  2.493091174E-02 
      1065  3.660000000E+02  0.000000000E+00  2.492893050E-02 
      1066  3.662500000E+02  0.000000000E+00  2.492689554E-02 
      1067  3.665000000E+02  0.000000000E+00  2.492480571E-02 
      1068  3.667500000E+02  0.000000000E+00  2.492265984E-02 
      1069  3.670000000E+02  0.000000000E+00  2.492045671E-02 
      1070  3.672500000E+02  0.000000000E+00  2.491819508E-02 
      1071  3.675000000E+02  0.000000000E+00  2.491587370E-02 
      1072  3.677500000E+02  0.000000000E+00  2.491349125E-02 
      1073  3.680000000E+02  0.000000000E+00  2.491104642E-02 
      1074  3.682500000E+02  0.000000000E+00  2.490853782E-02 
      1075  3.685000000E+02  0.000000000E+00  2.490596408E-02 
      1076  3.687500000E+02  0.000000000E+00  2.490332376E-02 
      1077  3.690000000E+02  0.000000000E+00  2.490061539E-02 
      1078  3.692500000E+02  0.000000000E+00  2.489783749E-02 
      1079  3.695000000E+02  0.000000000E+00  2.489498852E-02 
      1080  3.697500000E+02  0.000000000E+00  2.489206691E-02 
      1081  3.700000000E+02  0.000000000E+00  2.488907107E-02 
      1082  3.702500000E+02  0.000000000E+00  2.488599935E-02 
      1083  3.705000000E+02  0.000000000E+00  2.488285008E-02 
      1084  3.707500000E+02  0.000000000E+00  2.487962154E-02 
      1085  3.710000000E+02  0.000000000E+00  2.487631199E-02 
      1086  3.712500000E+02  0.000000000E+00  2.487291963E-02 
      1087  3.715000000E+02  0.000000000E+00  2.486944264E-02 
      1088  3.717500000E+02  0.000000000E+00  2.486587914E-02 
      1089  3.720000000E+02  0.000000000E+00  2.486222723E-02 
      1090  3.722500000E+02  0.000000000E+00  2.485848496E-02 
      1091  3.725000000E+02  0.000000000E+00  2.485465033E-02 
      1092  3.727500000E+02  0.000000000E+00  2.485072131E-02 
      1093  3.730000000E+02  0.000000000E+00  2.484669583E-02 
      1094  3.732500000E+02  0.000000000E+00  2.484257176E-02 
      1095  3.735000000E+02  0.000000000E+00  2.483834695E-02 
      1096  3.737500000E+02  0.000000000E+00  2.483401918E-02 
      1097  3.740000000E+02  0.000000000E+00  2.482958620E-02 
      1098  3.742500000E+02  0.000000000E+00  2.482504572E-02 
      1099  3.745000000E+02  0.000000000E+00  2.482039540E-02 
      1100  3.747500000E+02  0.000000000E+00  2.481563285E-02 
      1101  3.750000000E+02  0.000000000E+00  2.481075563E-02 
      1102  3.752500000E+02  0.000000000E+00  2.480576127E-02 
      1103  3.755000000E+02  0.000000000E+00  2.480064723E-02 
      1104  3.757500000E+02  0.000000000E+00  2.479541094E-02 
      1105  3.760000000E+02  0.000000000E+00  2.479004978E-02 
      1106  3.762500000E+02  0.000000000E+00  2.478456108E-02 
      1107  3.765000000E+02  0.000000000E+00  2.477894212E-02 
      1108  3.767500000E+02  0.000000000E+00  2.477319013E-02 
      1109  3.770000000E+02  0.000000000E+00  2.476730230E-02 
      1110  3.772500000E+02  0.000000000E+00  2.476127575E-02 
      1111  3.775000000E+02  0.000000000E+00  2.475510759E-02 
      1112  3.777500000E+02  0.000000000E+00  2.474879484E-02 
      1113  3.780000000E+02  0.000000000E+00  2.474233449E-02 
      1114  3.782500000E+02  0.000000000E+00  2.473572349E-02 
      1115  3.785000000E+02  0.000000000E+00  2.472895872E-02 
      1116  3.787500000E+02  0.000000000E+00  2.472203702E-02 
      1117  3.790000000E+02  0.000000000E+00  2.471495520E-02 
      1118  3.792500000E+02  0.000000000E+00  2.470770998E-02 
      1119  3.795000000E+02  0.000000000E+00  2.470029806E-02 
      1120  3.797500000E+02  0.000000000E+00  2.469271610E-02 
      1121  3.800000000E+02  0.000000000E+00  2.468496068E-02 
      1122  3.802500000E+02  0.000000000E+00  2.467702836E-02 
      1123  3.805000000E+02  0.000000000E+00  2.466891564E-02 
      1124  3.807500000E+02  0.000000000E+00  2.466061896E-02 
      1125  3.810000000E+02  0.000000000E+00  2.465213474E-02 
      1126  3.812500000E+02  0.000000000E+00  2.464345934E-02 
      1127  3.815000000E+02  0.000000000E+00  2.463458906E-02 
      1128  3.817500000E+02  0.000000000E+00  2.462552016E-02 
      1129  3.820000000E+02  0.000000000E+00  2.461624887E-02 
      1130  3.822500000E+02  0.000000000E+00  2.460677134E-02 
      1131  3.825000000E+02  0.000000000E+00  2.459708371E-02 
      1132  3.827500000E+02  0.000000000E+00  2.458718204E-02 
      1133  3.830000000E+02  0.000000000E+00  2.457706235E-02 
      1134  3.832500000E+02  0.000000000E+00  2.456672063E-02 
      1135  3.835000000E+02  0.000000000E+00  2.455615279E-02 
      1136  3.837500000E+02  0.000000000E+00  2.454535471E-02 
      1137  3.840000000E+02  0.000000000E+00  2.453432221E-02 
      1138  3.842500000E+02  0.000000000E+00  2.452305106E-02 
      1139  3.845000000E+02  0.000000000E+00  2.451153696E-02 
      1140  3.847500000E+02  0.000000000E+00  2.449977555E-02 
      1141  3.850000000E+02  0.000000000E+00  2.448776243E-02 
      1142  3.852500000E+02  0.000000000E+00  2.447549309E-02 
      1143  3.855000000E+02  0.000000000E+00  2.446296298E-02 
      1144  3.857500000E+02  0.000000000E+00  2.445016744E-02 
      1145  3.860000000E+02  0.000000000E+00  2.443710173E-02 
      1146  3.862500000E+02  0.000000000E+00  2.442376102E-02 
      1147  3.865000000E+02  0.000000000E+00  2.441014034E-02 
      1148  3.867500000E+02  0.000000000E+00  2.439623461E-02 
      1149  3.870000000E+02  0.000000000E+00  2.438203859E-02 
      1150  3.872500000E+02  0.000000000E+00  2.436754689E-02 
      1151  3.875000000E+02  0.000000000E+00  2.435275391E-02 
      1152  3.877500000E+02  0.000000000E+00  2.433765385E-02 
      1153  3.880000000E+02  0.000000000E+00  2.432224066E-02 
      1154  3.882500000E+02  0.000000000E+00  2.430650798E-02 
      1155  3.885000000E+02  0.000000000E+00  2.429044913E-02 
      1156  3.887500000E+02  0.000000000E+00  2.427405705E-02 
      1157  3.890000000E+02  0.000000000E+00  2.425732421E-02 
      1158  3.892500000E+02  0.000000000E+00  2.424024258E-02 
      1159  3.895000000E+02  0.000000000E+00  2.422280353E-02 
      1160  3.897500000E+02  0.000000000E+00  2.420499770E-02 
      1161  3.900000000E+02  0.000000000E+00  2.418681493E-02 
      1162  3.902500000E+02  0.000000000E+00  2.416824413E-02 
      1163  3.905000000E+02  0.000000000E+00  2.414927309E-02 
      1164  3.907500000E+02  0.000000000E+00  2.412988832E-02 
      1165  3.910000000E+02  0.000000000E+00  2.411007482E-02 
      1166  3.912500000E+02  0.000000000E+00  2.408981590E-02 
      1167  3.915000000E+02  0.000000000E+00  2.406909279E-02 
      1168  3.917500000E+02  0.000000000E+00  2.404788442E-02 
      1169  3.920000000E+02  0.000000000E+00  2.402616695E-02 
      1170  3.922500000E+02  0.000000000E+00  2.400391333E-02 
      1171  3.925000000E+02  0.000000000E+00  2.398109283E-02 
      1172  3.927500000E+02  0.000000000E+00  2.395767033E-02 
      1173  3.930000000E+02  0.000000000E+00  2.393360566E-02 
      1174  3.932500000E+02  0.000000000E+00  2.390885274E-02 
      1175  3.935000000E+02  0.000000000E+00  2.388335854E-02 
      1176  3.937500000E+02  0.000000000E+00  2.385706197E-02 
      1177  3.940000000E+02  0.000000000E+00  2.382989240E-02 
      1178  3.942500000E+02  0.000000000E+00  2.380176813E-02 
      1179  3.945000000E+02  0.000000000E+00  2.377259434E-02 
      1180  3.947500000E+02  0.000000000E+00  2.374226083E-02 
      1181  3.950000000E+02  0.000000000E+00  2.371063925E-02 
      1182  3.952500000E+02  0.000000000E+00  2.367757974E-02 
      1183  3.955000000E+02  0.000000000E+00  2.364290698E-02 
      1184  3.957500000E+02  0.000000000E+00  2.360641528E-02 
      1185  3.960000000E+02  0.000000000E+00  2.356786268E-02 
      1186  3.962500000E+02  0.000000000E+00  2.352696362E-02 
      1187  3.965000000E+02  0.000000000E+00  2.348337988E-02 
      1188  3.967500000E+02  0.000000000E+00  2.343670915E-02 
      1189  3.970000000E+02  0.000000000E+00  2.338647053E-02 
      1190  3.972500000E+02  0.000000000E+00  2.333208575E-02 
      1191  3.975000000E+02  0.000000000E+00  2.327285453E-02 
      1192  3.977500000E+02  0.000000000E+00  2.320792137E-02 
      1193  3.980000000E+02  0.000000000E+00  2.313622968E-02 
      1194  3.982500000E+02  0.000000000E+00  2.305645617E-02 
      1195  3.985000000E+02  0.000000000E+00  2.296691288E-02 
      1196  3.987500000E+02  0.000000000E+00  2.286539162E-02 
      1197  3.990000000E+02  0.000000000E+00  2.274889638E-02 
      1198  3.992500000E+02  0.000000000E+00  2.261312471E-02 
      1199  3.995000000E+02  0.000000000E+00  2.245128536E-02 
      1200  3.997500000E+02  0.000000000E+00  2.225080551E-02 
      1201  4.000000000E+02  0.000000000E+00  2.331301881E-02 
      1202  4.002000034E+02  0.000000000E+00  2.397799350E-02 
      1203  4.004016387E+02  0.000000000E+00  2.344175156E-02 
      1204  4.006049192E+02  0.000000000E+00  2.293446469E-02 
      1205  4.008098583E+02  0.000000000E+00  2.245463268E-02 
      1206  4.010164696E+02  0.000000000E+00  2.200082594E-02 
      1207  4.012247666E+02  0.000000000E+00  2.157168136E-02 
      1208  4.014347631E+02  0.000000000E+00  2.116589886E-02 
      1209  4.016464731E+02  0.000000000E+00  2.078223827E-02 
      1210  4.018599104E+02  0.000000000E+00  2.041951647E-02 
      1211  4.020750892E+02  0.000000000E+00  2.007660462E-02 
      1212  4.022920237E+02  0.000000000E+00  1.975242589E-02 
      1213  4.025107282E+02  0.000000000E+00  1.944277387E-02 
      1214  4.027312172E+02  0.000000000E+00  1.915057779E-02 
      1215  4.029535052E+02  0.000000000E+00  1.887806939E-02 
      1216  4.031776069E+02  0.000000000E+00  1.862032471E-02 
      1217  4.034035370E+02  0.000000000E+00  1.837650550E-02 
      1218  4.036313106E+02  0.000000000E+00  1.814581295E-02 
      1219  4.038609426E+02  0.000000000E+00  1.792748642E-02 
      1220  4.040924483E+02  0.000000000E+00  1.772080194E-02 
      1221  4.043258428E+02  0.000000000E+00  1.752585145E-02 
      1222  4.045611417E+02  0.000000000E+00  1.734155739E-02 
      1223  4.047983604E+02  0.000000000E+00  1.716646306E-02 
      1224  4.050375146E+02  0.000000000E+00  1.700036954E-02 
      1225  4.052786201E+02  0.000000000E+00  1.684272250E-02 
      1226  4.055216929E+02  0.000000000E+00  1.669491794E-02 
      1227  4.057667489E+02  0.000000000E+00  1.655822719E-02 
      1228  4.060138044E+02  0.000000000E+00  1.643073057E-02 
      1229  4.062628756E+02  0.000000000E+00  1.630817012E-02 
      1230  4.065139791E+02  0.000000000E+00  1.618970518E-02 
      1231  4.067671314E+02  0.000000000E+00  1.607754894E-02 
      1232  4.070223492E+02  0.000000000E+00  1.597086010E-02 
      1233  4.072796494E+02  0.000000000E+00  1.586925743E-02 
      1234  4.075390490E+02  0.000000000E+00  1.577215541E-02 
      1235  4.078005650E+02  0.000000000E+00  1.567840060E-02 
      1236  4.080642148E+02  0.000000000E+00  1.558827563E-02 
      1237  4.083300158E+02  0.000000000E+00  1.550131039E-02 
      1238  4.085979855E+02  0.000000000E+00  1.541724284E-02 
      1239  4.088681416E+02  0.000000000E+00  1.519767043E-02 
      1240  4.091405020E+02  0.000000000E+00  1.497977613E-02 
      1241  4.094150846E+02  0.000000000E+00  1.490433055E-02 
      1242  4.096919076E+02  0.000000000E+00  1.483158207E-02 
      1243  4.099709892E+02  0.000000000E+00  1.476130586E-02 
      1244  4.102523480E+02  0.000000000E+00  1.469329123E-02 
      1245  4.105360024E+02  0.000000000E+00  1.462734087E-02 
      1246  4.108219711E+02  0.000000000E+00  1.456327011E-02 
      1247  4.111102732E+02  0.000000000E+00  1.450090625E-02 
      1248  4.114009276E+02  0.000000000E+00  1.444008787E-02 
      1249  4.116939535E+02  0.000000000E+00  1.438066419E-02 
      1250  4.119893702E+02  0.000000000E+00  1.432249448E-02 
      1251  4.122871973E+02  0.000000000E+00  1.426544744E-02 
      1252  4.125874544E+02  0.000000000E+00  1.420940065E-02 
      1253  4.128901614E+02  0.000000000E+00  1.415424005E-02 
      1254  4.131953383E+02  0.000000000E+00  1.409985940E-02 
      1255  4.135030051E+02  0.000000000E+00  1.404615984E-02 
      1256  4.138131823E+02  0.000000000E+00  1.399304937E-02 
      1257  4.141258902E+02  0.000000000E+00  1.394044246E-02 
      1258  4.144411496E+02  0.000000000E+00  1.388825959E-02 
      1259  4.147589813E+02  0.000000000E+00  1.383642689E-02 
      1260  4.150794062E+02  0.000000000E+00  1.378487573E-02 
      1261  4.154024455E+02  0.000000000E+00  1.373354241E-02 
      1262  4.157281206E+02  0.000000000E+00  1.368236777E-02 
      1263  4.160564529E+02  0.000000000E+00  1.363129691E-02 
      1264  4.163874641E+02  0.000000000E+00  1.358027887E-02 
      1265  4.167211762E+02  0.000000000E+00  1.352926636E-02 
      1266  4.170576110E+02  0.000000000E+00  1.347821550E-02 
      1267  4.173967909E+02  0.000000000E+00  1.342708554E-02 
      1268  4.177387382E+02  0.000000000E+00  1.337583864E-02 
      1269  4.180834756E+02  0.000000000E+00  1.332443967E-02 
      1270  4.184310257E+02  0.000000000E+00  1.327285597E-02 
      1271  4.187814116E+02  0.000000000E+00  1.322105717E-02 
      1272  4.191346563E+02  0.000000000E+00  1.316901501E-02 
      1273  4.194907832E+02  0.000000000E+00  1.311670317E-02 
      1274  4.198498158E+02  0.000000000E+00  1.306409712E-02 
      1275  4.202117779E+02  0.000000000E+00  1.301117393E-02 
      1276  4.205766933E+02  0.000000000E+00  1.295791220E-02 
      1277  4.209445860E+02  0.000000000E+00  1.290429187E-02 
      1278  4.213154806E+02  0.000000000E+00  1.285029415E-02 
      1279  4.216894013E+02  0.000000000E+00  1.279590136E-02 
      1280  4.220663728E+02  0.000000000E+00  1.274109688E-02 
      1281  4.224464202E+02  0.000000000E+00  1.268586501E-02 
      1282  4.228295685E+02  0.000000000E+00  1.263019091E-02 
      1283  4.232158429E+02  0.000000000E+00  1.257406051E-02 
      1284  4.236052691E+02  0.000000000E+00  1.251746044E-02 
      1285  4.239978726E+02  0.000000000E+00  1.246037795E-02 
      1286  4.243936795E+02  0.000000000E+00  1.240280085E-02 
      1287  4.247927158E+02  0.000000000E+00  1.234471747E-02 
      1288  4.251950080E+02  0.000000000E+00  1.228611658E-02 
      1289  4.256005825E+02  0.000000000E+00  1.222698735E-02 
      1290  4.260094662E+02  0.000000000E+00  1.216731932E-02 
      1291  4.264216861E+02  0.000000000E+00  1.210710233E-02 
      1292  4.268372694E+02  0.000000000E+00  1.204632652E-02 
      1293  4.272562434E+02  0.000000000E+00  1.198498225E-02 
      1294  4.276786360E+02  0.000000000E+00  1.192306012E-02 
      1295  4.281044750E+02  0.000000000E+00  1.186055089E-02 
      1296  4.285337884E+02  0.000000000E+00  1.179744550E-02 
      1297  4.289666047E+02  0.000000000E+00  1.173373501E-02 
      1298  4.294029525E+02  0.000000000E+00  1.166941061E-02 
      1299  4.298428605E+02  0.000000000E+00  1.160446357E-02 
      1300  4.302863578E+02  0.000000000E+00  1.153888525E-02 
      1301  4.307334737E+02  0.000000000E+00  1.147266706E-02 
      1302  4.311842377E+02  0.000000000E+00  1.140580049E-02 
      1303  4.316386795E+02  0.000000000E+00  1.133827702E-02 
      1304  4.320968293E+02  0.000000000E+00  1.127008820E-02 
      1305  4.325587172E+02  0.000000000E+00  1.120122557E-02 
      1306  4.330243737E+02  0.000000000E+00  1.113168067E-02 
      1307  4.334938296E+02  0.000000000E+00  1.106144506E-02 
      1308  4.339671159E+02  0.000000000E+00  1.099051028E-02 
      1309  4.344442638E+02  0.000000000E+00  1.091886785E-02 
      1310  4.349253049E+02  0.000000000E+00  1.084650928E-02 
      1311  4.354102708E+02  0.000000000E+00  1.077342606E-02 
      1312  4.358991937E+02  0.000000000E+00  1.069960962E-02 
      1313  4.363921059E+02  0.000000000E+00  1.062505140E-02 
      1314  4.368890398E+02  0.000000000E+00  1.054974277E-02 
      1315  4.373900283E+02  0.000000000E+00  1.047367507E-02 
      1316  4.378951044E+02  0.000000000E+00  1.039683962E-02 
      1317  4.384043016E+02  0.000000000E+00  1.031922766E-02 
      1318  4.389176534E+02  0.000000000E+00  1.024083042E-02 
      1319  4.394351937E+02  0.000000000E+00  1.016163906E-02 
      1320  4.399569568E+02  0.000000000E+00  1.008164472E-02 
      1321  4.404829770E+02  0.000000000E+00  1.000083847E-02 
      1322  4.410132892E+02  0.000000000E+00  9.919211346E-03 
      1323  4.415479282E+02  0.000000000E+00  9.836754331E-03 
      1324  4.420869295E+02  0.000000000E+00  9.753458364E-03 
      1325  4.426303286E+02  0.000000000E+00  9.669314341E-03 
      1326  4.431781614E+02  0.000000000E+00  9.584313106E-03 
      1327  4.437304641E+02  0.000000000E+00  9.498445463E-03 
      1328  4.442872731E+02  0.000000000E+00  9.411702167E-03 
      1329  4.448486253E+02  0.000000000E+00  9.324073938E-03 
      1330  4.454145576E+02  0.000000000E+00  9.235551445E-03 
      1331  4.459851075E+02  0.000000000E+00  9.146125324E-03 
      1332  4.465603126E+02  0.000000000E+00  9.055786166E-03 
      1333  4.471402109E+02  0.000000000E+00  8.964524528E-03 
      1334  4.477248408E+02  0.000000000E+00  8.872330931E-03 
      1335  4.483142407E+02  0.000000000E+00  8.779195862E-03 
      1336  4.489084497E+02  0.000000000E+00  8.685109776E-03 
      1337  4.495075070E+02  0.000000000E+00  8.590063099E-03 
      1338  4.501114521E+02  0.000000000E+00  8.494046227E-03 
      1339  4.507203248E+02  0.000000000E+00  8.397049534E-03 
      1340  4.513341655E+02  0.000000000E+00  8.299063373E-03 
      1341  4.519530147E+02  0.000000000E+00  8.200078070E-03 
      1342  4.525769132E+02  0.000000000E+00  8.100083944E-03 
      1343  4.532059021E+02  0.000000000E+00  7.999071292E-03 
      1344  4.538400232E+02  0.000000000E+00  7.897030402E-03 
      1345  4.544793181E+02  0.000000000E+00  7.793951555E-03 
      1346  4.551238292E+02  0.000000000E+00  7.689825027E-03 
      1347  4.557735990E+02  0.000000000E+00  7.584641093E-03 
      1348  4.564286703E+02  0.000000000E+00  7.478390028E-03 
      1349  4.570890866E+02  0.000000000E+00  7.371062117E-03 
      1350  4.577548913E+02  0.000000000E+00  7.262647650E-03 
      1351  4.584261284E+02  0.000000000E+00  7.153136937E-03 
      1352  4.591028423E+02  0.000000000E+00  7.042520298E-03 
      1353  4.597850777E+02  0.000000000E+00  6.930788082E-03 
      1354  4.604728795E+02  0.000000000E+00  6.817930662E-03 
      1355  4.611662932E+02  0.000000000E+00  6.703938442E-03 
      1356  4.618653647E+02  0.000000000E+00  6.588801859E-03 
      1357  4.625701400E+02  0.000000000E+00  6.472511395E-03 
      1358  4.632806657E+02  0.000000000E+00  6.355057576E-03 
      1359  4.639969887E+02  0.000000000E+00  6.236430974E-03 
      1360  4.647191564E+02  0.000000000E+00  6.116622225E-03 
      1361  4.654472164E+02  0.000000000E+00  5.995622015E-03 
      1362  4.661812167E+02  0.000000000E+00  5.873421104E-03 
      1363  4.669212059E+02  0.000000000E+00  5.750010317E-03 
      1364  4.676672328E+02  0.000000000E+00  5.625380557E-03 
      1365  4.684193468E+02  0.000000000E+00  5.499522808E-03 
      1366  4.691775973E+02  0.000000000E+00  5.372428139E-03 
      1367  4.699420346E+02  0.000000000E+00  5.244087709E-03 
      1368  4.707127091E+02  0.000000000E+00  5.114492762E-03 
      1369  4.714896716E+02  0.000000000E+00  4.983634646E-03 
      1370  4.722729736E+02  0.000000000E+00  4.851504802E-03 
      1371  4.730626666E+02  0.000000000E+00  4.718094761E-03 
      1372  4.738588030E+02  0.000000000E+00  4.583396148E-03 
      1373  4.746614352E+02  0.000000000E+00  4.447400672E-03 
      1374  4.754706162E+02  0.000000000E+00  4.310100108E-03 
      1375  4.762863994E+02  0.000000000E+00  4.171486283E-03 
      1376  4.771088389E+02  0.000000000E+00  4.031551037E-03 
      1377  4.779379887E+02  0.000000000E+00  3.890286188E-03 
      1378  4.787739038E+02  0.000000000E+00  3.747683457E-03 
      1379  4.796166392E+02  0.000000000E+00  3.603734379E-03 
      1380  4.804662507E+02  0.000000000E+00  3.458430174E-03 
      1381  4.813227944E+02  0.000000000E+00  3.311761564E-03 
      1382  4.821863268E+02  0.000000000E+00  3.163718512E-03 
      1383  4.830569049E+02  0.000000000E+00  3.014289865E-03 
      1384  4.839345862E+02  0.000000000E+00  2.863462852E-03 
      1385  4.848194287E+02  0.000000000E+00  2.711222379E-03 
      1386  4.857114908E+02  0.000000000E+00  2.557550054E-03 
      1387  4.866108314E+02  0.000000000E+00  2.402422805E-03 
      1388  4.875175099E+02  0.000000000E+00  2.245810962E-03 
      1389  4.884315862E+02  0.000000000E+00  2.087675556E-03 
      1390  4.893531206E+02  0.000000000E+00  1.927964528E-03 
      1391  4.902821741E+02  0.000000000E+00  1.766607402E-03 
      1392  4.912188078E+02  0.000000000E+00  1.603507785E-03 
      1393  4.921630837E+02  0.000000000E+00  1.438532784E-03 
      1394  4.931150642E+02  0.000000000E+00  1.271498067E-03 
      1395  4.940748120E+02  0.000000000E+00  1.102146727E-03 
      1396  4.950423907E+02  0.000000000E+00  9.301193518E-04 
      1397  4.960178639E+02  0.000000000E+00  7.549115581E-04 
      1398  4.970012963E+02  0.000000000E+00  5.758136161E-04 
      1399  4.979927527E+02  0.000000000E+00  3.918288606E-04 
      1400  4.989922986E+02  0.000000000E+00  2.008495885E-04 
      1401  5.000000000E+02  0.000000000E+00  1.028220380E-04 
